a,b,dia_juliano,d,e,f,g,h
101,2023,103,2400.0,12.59,0.0,22.3,0.0
101,2023,103,1.0,12.59,0.0,22.32,0.0
101,2023,103,2.0,12.59,0.0,22.3,0.0
101,2023,103,3.0,12.59,0.0,22.29,0.0
101,2023,103,4.0,12.59,0.0,22.27,0.0
101,2023,103,5.0,12.59,0.0,22.27,0.0
101,2023,103,6.0,12.59,0.0,22.25,0.0
101,2023,103,7.0,12.59,0.0,22.23,0.0
101,2023,103,8.0,12.59,0.0,22.21,0.0
101,2023,103,9.0,12.59,0.0,22.19,0.0
101,2023,103,10.0,12.59,0.0,22.17,0.0
101,2023,103,11.0,12.59,0.0,22.15,0.0
101,2023,103,12.0,12.59,0.0,22.15,0.0
101,2023,103,13.0,12.59,0.0,22.14,0.0
101,2023,103,14.0,12.59,0.0,22.14,0.0
101,2023,103,15.0,12.58,0.0,22.15,0.0
101,2023,103,16.0,12.59,0.0,22.13,0.0
101,2023,103,17.0,12.58,0.0,22.13,0.0
101,2023,103,18.0,12.58,0.0,22.14,0.0
101,2023,103,19.0,12.59,0.0,22.19,0.0
101,2023,103,20.0,12.58,0.0,22.18,0.0
101,2023,103,21.0,12.58,0.0,22.18,0.0
101,2023,103,22.0,12.58,0.0,22.16,0.0
101,2023,103,23.0,12.59,0.0,22.19,0.0
101,2023,103,24.0,12.58,0.0,22.2,0.0
101,2023,103,25.0,12.59,0.0,22.22,0.0
101,2023,103,26.0,12.58,0.0,22.24,0.0
101,2023,103,27.0,12.58,0.0,22.21,0.0
101,2023,103,28.0,12.58,0.0,22.22,0.0
101,2023,103,29.0,12.58,0.0,22.28,0.0
101,2023,103,30.0,12.58,0.0,22.27,0.0
101,2023,103,31.0,12.58,0.0,22.29,0.0
101,2023,103,32.0,12.58,0.0,22.28,0.0
101,2023,103,33.0,12.58,0.0,22.28,0.0
101,2023,103,34.0,12.58,0.0,22.3,0.0
101,2023,103,35.0,12.58,0.0,22.31,0.0
101,2023,103,36.0,12.58,0.0,22.32,0.0
101,2023,103,37.0,12.58,0.0,22.32,0.0
101,2023,103,38.0,12.58,0.0,22.36,0.0
101,2023,103,39.0,12.58,0.0,22.37,0.0
101,2023,103,40.0,12.58,0.0,22.36,0.0
101,2023,103,41.0,12.58,0.0,22.33,0.0
101,2023,103,42.0,12.58,0.0,22.34,0.0
101,2023,103,43.0,12.58,0.0,22.35,0.0
101,2023,103,44.0,12.58,0.0,22.35,0.0
101,2023,103,45.0,12.58,0.0,22.35,0.0
101,2023,103,46.0,12.58,0.0,22.36,0.0
101,2023,103,47.0,12.58,0.0,22.34,0.0
101,2023,103,48.0,12.58,0.0,22.35,0.0
101,2023,103,49.0,12.58,0.0,22.36,0.0
101,2023,103,50.0,12.58,0.0,22.35,0.0
101,2023,103,51.0,12.58,0.0,22.36,0.0
101,2023,103,52.0,12.58,0.0,22.37,0.0
101,2023,103,53.0,12.58,0.0,22.35,0.0
101,2023,103,54.0,12.58,0.0,22.36,0.0
101,2023,103,55.0,12.58,0.0,22.38,0.0
101,2023,103,56.0,12.58,0.0,22.41,0.0
101,2023,103,57.0,12.58,0.0,22.44,0.0
101,2023,103,58.0,12.58,0.0,22.44,0.0
101,2023,103,59.0,12.58,0.0,22.46,0.0
101,2023,103,100.0,12.58,0.0,22.47,0.0
101,2023,103,101.0,12.58,0.0,22.47,0.0
101,2023,103,102.0,12.57,0.0,22.48,0.0
101,2023,103,103.0,12.57,0.0,22.48,0.0
101,2023,103,104.0,12.57,0.0,22.5,0.0
101,2023,103,105.0,12.57,0.0,22.52,0.0
101,2023,103,106.0,12.58,0.0,22.54,0.0
101,2023,103,107.0,12.58,0.0,22.54,0.0
101,2023,103,108.0,12.57,0.0,22.54,0.0
101,2023,103,109.0,12.57,0.0,22.54,0.0
101,2023,103,110.0,12.57,0.0,22.54,0.0
101,2023,103,111.0,12.57,0.0,22.52,0.0
101,2023,103,112.0,12.57,0.0,22.52,0.0
101,2023,103,113.0,12.57,0.0,22.51,0.0
101,2023,103,114.0,12.57,0.0,22.49,0.0
101,2023,103,115.0,12.57,0.0,22.48,0.0
101,2023,103,116.0,12.57,0.0,22.47,0.0
101,2023,103,117.0,12.57,0.0,22.46,0.0
101,2023,103,118.0,12.57,0.0,22.46,0.0
101,2023,103,119.0,12.57,0.0,22.45,0.0
101,2023,103,120.0,12.57,0.0,22.45,0.0
101,2023,103,121.0,12.57,0.0,22.47,0.0
101,2023,103,122.0,12.57,0.0,22.48,0.0
101,2023,103,123.0,12.57,0.0,22.49,0.0
101,2023,103,124.0,12.57,0.0,22.49,0.0
101,2023,103,125.0,12.57,0.0,22.51,0.0
101,2023,103,126.0,12.57,0.0,22.52,0.0
101,2023,103,127.0,12.57,0.0,22.52,0.0
101,2023,103,128.0,12.57,0.0,22.52,0.0
101,2023,103,129.0,12.57,0.0,22.52,0.0
101,2023,103,130.0,12.57,0.0,22.52,0.0
101,2023,103,131.0,12.57,0.0,22.52,0.0
101,2023,103,132.0,12.57,0.0,22.51,0.0
101,2023,103,133.0,12.57,0.0,22.5,0.0
101,2023,103,134.0,12.57,0.0,22.49,0.0
101,2023,103,135.0,12.57,0.0,22.49,0.0
101,2023,103,136.0,12.57,0.0,22.49,0.0
101,2023,103,137.0,12.57,0.0,22.49,0.0
101,2023,103,138.0,12.57,0.0,22.49,0.0
101,2023,103,139.0,12.57,0.0,22.47,0.0
101,2023,103,140.0,12.57,0.0,22.49,0.0
101,2023,103,141.0,12.57,0.0,22.49,0.0
101,2023,103,142.0,12.57,0.0,22.49,0.0
101,2023,103,143.0,12.57,0.0,22.49,0.0
101,2023,103,144.0,12.57,0.0,22.49,0.0
101,2023,103,145.0,12.57,0.0,22.49,0.0
101,2023,103,146.0,12.57,0.0,22.5,0.0
101,2023,103,147.0,12.56,0.0,22.51,0.0
101,2023,103,148.0,12.57,0.0,22.52,0.0
101,2023,103,149.0,12.56,0.0,22.52,0.0
101,2023,103,150.0,12.56,0.0,22.52,0.0
101,2023,103,151.0,12.56,0.0,22.52,0.0
101,2023,103,152.0,12.56,0.0,22.53,0.0
101,2023,103,153.0,12.56,0.0,22.62,0.0
101,2023,103,154.0,12.56,0.0,22.71,0.0
101,2023,103,155.0,12.56,0.0,22.79,0.0
101,2023,103,156.0,12.56,0.0,22.86,0.0
101,2023,103,157.0,12.56,0.0,22.89,0.0
101,2023,103,158.0,12.56,0.0,22.96,0.0
101,2023,103,159.0,12.56,0.0,22.98,0.0
101,2023,103,200.0,12.56,0.0,22.98,0.0
101,2023,103,201.0,12.56,0.0,23.0,0.0
101,2023,103,202.0,12.56,0.0,23.03,0.0
101,2023,103,203.0,12.56,0.0,23.03,0.0
101,2023,103,204.0,12.56,0.0,23.02,0.0
101,2023,103,205.0,12.56,0.0,23.01,0.0
101,2023,103,206.0,12.56,0.0,23.01,0.0
101,2023,103,207.0,12.56,0.0,23.01,0.0
101,2023,103,208.0,12.56,0.0,23.03,0.0
101,2023,103,209.0,12.56,0.0,23.05,0.0
101,2023,103,210.0,12.56,0.0,23.05,0.0
101,2023,103,211.0,12.56,0.0,23.07,0.0
101,2023,103,212.0,12.56,0.0,23.08,0.0
101,2023,103,213.0,12.56,0.0,23.08,0.0
101,2023,103,214.0,12.56,0.0,23.08,0.0
101,2023,103,215.0,12.56,0.0,23.09,0.0
101,2023,103,216.0,12.56,0.0,23.09,0.0
101,2023,103,217.0,12.56,0.0,23.08,0.0
101,2023,103,218.0,12.56,0.0,23.08,0.0
101,2023,103,219.0,12.56,0.0,23.08,0.0
101,2023,103,220.0,12.56,0.0,23.07,0.0
101,2023,103,221.0,12.55,0.0,23.07,0.0
101,2023,103,222.0,12.56,0.0,23.03,0.0
101,2023,103,223.0,12.56,0.0,22.99,0.0
101,2023,103,224.0,12.55,0.0,22.97,0.0
101,2023,103,225.0,12.56,0.0,22.91,0.0
101,2023,103,226.0,12.55,0.0,22.87,0.0
101,2023,103,227.0,12.55,0.0,22.86,0.0
101,2023,103,228.0,12.55,0.0,22.85,0.0
101,2023,103,229.0,12.55,0.0,22.87,0.0
101,2023,103,230.0,12.55,0.0,22.86,0.0
101,2023,103,231.0,12.55,0.0,22.85,0.0
101,2023,103,232.0,12.55,0.0,22.82,0.0
101,2023,103,233.0,12.55,0.0,22.79,0.0
101,2023,103,234.0,12.55,0.0,22.77,0.0
101,2023,103,235.0,12.55,0.0,22.76,0.0
101,2023,103,236.0,12.55,0.0,22.75,0.0
101,2023,103,237.0,12.55,0.0,22.74,0.0
101,2023,103,238.0,12.55,0.0,22.73,0.0
101,2023,103,239.0,12.55,0.0,22.74,0.0
101,2023,103,240.0,12.55,0.0,22.74,0.0
101,2023,103,241.0,12.55,0.0,22.74,0.0
101,2023,103,242.0,12.55,0.0,22.73,0.0
101,2023,103,243.0,12.55,0.0,22.73,0.0
101,2023,103,244.0,12.55,0.0,22.74,0.0
101,2023,103,245.0,12.55,0.0,22.74,0.0
101,2023,103,246.0,12.55,0.0,22.73,0.0
101,2023,103,247.0,12.54,0.0,22.75,0.0
101,2023,103,248.0,12.55,0.0,22.76,0.0
101,2023,103,249.0,12.55,0.0,22.76,0.0
101,2023,103,250.0,12.55,0.0,22.75,0.0
101,2023,103,251.0,12.55,0.0,22.75,0.0
101,2023,103,252.0,12.55,0.0,22.75,0.0
101,2023,103,253.0,12.54,0.0,22.75,0.0
101,2023,103,254.0,12.55,0.0,22.77,0.0
101,2023,103,255.0,12.54,0.0,22.76,0.0
101,2023,103,256.0,12.55,0.0,22.77,0.0
101,2023,103,257.0,12.55,0.0,22.78,0.0
101,2023,103,258.0,12.54,0.0,22.77,0.0
101,2023,103,259.0,12.54,0.0,22.77,0.0
101,2023,103,300.0,12.54,0.0,22.77,0.0
101,2023,103,301.0,12.54,0.0,22.77,0.0
101,2023,103,302.0,12.54,0.0,22.77,0.0
101,2023,103,303.0,12.54,0.0,22.77,0.0
101,2023,103,304.0,12.54,0.0,22.79,0.0
101,2023,103,305.0,12.54,0.0,22.77,0.0
101,2023,103,306.0,12.54,0.0,22.77,0.0
101,2023,103,307.0,12.54,0.0,22.77,0.0
101,2023,103,308.0,12.54,0.0,22.76,0.0
101,2023,103,309.0,12.54,0.0,22.74,0.0
101,2023,103,310.0,12.54,0.0,22.73,0.0
101,2023,103,311.0,12.54,0.0,22.74,0.0
101,2023,103,312.0,12.54,0.0,22.72,0.0
101,2023,103,313.0,12.54,0.0,22.71,0.0
101,2023,103,314.0,12.54,0.0,22.71,0.0
101,2023,103,315.0,12.54,0.0,22.7,0.0
101,2023,103,316.0,12.54,0.0,22.71,0.0
101,2023,103,317.0,12.54,0.0,22.69,0.0
101,2023,103,318.0,12.54,0.0,22.69,0.0
101,2023,103,319.0,12.54,0.0,22.66,0.0
101,2023,103,320.0,12.54,0.0,22.6,0.0
101,2023,103,321.0,12.54,0.0,22.58,0.0
101,2023,103,322.0,12.54,0.0,22.58,0.0
101,2023,103,323.0,12.54,0.0,22.58,0.0
101,2023,103,324.0,12.53,0.0,22.61,0.0
101,2023,103,325.0,12.53,0.0,22.64,0.0
101,2023,103,326.0,12.53,0.0,22.65,0.0
101,2023,103,327.0,12.53,0.0,22.65,0.0
101,2023,103,328.0,12.53,0.0,22.67,0.0
101,2023,103,329.0,12.53,0.0,22.69,0.0
101,2023,103,330.0,12.53,0.0,22.68,0.0
101,2023,103,331.0,12.53,0.0,22.68,0.0
101,2023,103,332.0,12.53,0.0,22.67,0.0
101,2023,103,333.0,12.53,0.0,22.64,0.0
101,2023,103,334.0,12.53,0.0,22.64,0.0
101,2023,103,335.0,12.53,0.0,22.63,0.0
101,2023,103,336.0,12.53,0.0,22.63,0.0
101,2023,103,337.0,12.53,0.0,22.62,0.0
101,2023,103,338.0,12.53,0.0,22.6,0.0
101,2023,103,339.0,12.53,0.0,22.6,0.0
101,2023,103,340.0,12.53,0.0,22.58,0.0
101,2023,103,341.0,12.53,0.0,22.56,0.0
101,2023,103,342.0,12.53,0.0,22.53,0.0
101,2023,103,343.0,12.53,0.0,22.53,0.0
101,2023,103,344.0,12.53,0.0,22.53,0.0
101,2023,103,345.0,12.53,0.0,22.53,0.0
101,2023,103,346.0,12.53,0.0,22.52,0.0
101,2023,103,347.0,12.53,0.0,22.51,0.0
101,2023,103,348.0,12.53,0.0,22.51,0.0
101,2023,103,349.0,12.53,0.0,22.5,0.0
101,2023,103,350.0,12.53,0.0,22.49,0.0
101,2023,103,351.0,12.53,0.0,22.48,0.0
101,2023,103,352.0,12.53,0.0,22.46,0.0
101,2023,103,353.0,12.52,0.0,22.45,0.0
101,2023,103,354.0,12.53,0.0,22.45,0.0
101,2023,103,355.0,12.52,0.0,22.44,0.0
101,2023,103,356.0,12.52,0.0,22.43,0.0
101,2023,103,357.0,12.52,0.0,22.43,0.0
101,2023,103,358.0,12.52,0.0,22.44,0.0
101,2023,103,359.0,12.52,0.0,22.44,0.0
101,2023,103,400.0,12.52,0.0,22.42,0.0
101,2023,103,401.0,12.52,0.0,22.39,0.0
101,2023,103,402.0,12.52,0.0,22.35,0.0
101,2023,103,403.0,12.52,0.0,22.33,0.0
101,2023,103,404.0,12.52,0.0,22.33,0.0
101,2023,103,405.0,12.52,0.0,22.33,0.0
101,2023,103,406.0,12.52,0.0,22.34,0.0
101,2023,103,407.0,12.52,0.0,22.36,0.0
101,2023,103,408.0,12.52,0.0,22.36,0.0
101,2023,103,409.0,12.52,0.0,22.37,0.0
101,2023,103,410.0,12.52,0.0,22.36,0.0
101,2023,103,411.0,12.52,0.0,22.35,0.0
101,2023,103,412.0,12.52,0.0,22.35,0.0
101,2023,103,413.0,12.52,0.0,22.35,0.0
101,2023,103,414.0,12.52,0.0,22.36,0.0
101,2023,103,415.0,12.52,0.0,22.36,0.0
101,2023,103,416.0,12.52,0.0,22.37,0.0
101,2023,103,417.0,12.52,0.0,22.38,0.0
101,2023,103,418.0,12.52,0.0,22.38,0.0
101,2023,103,419.0,12.52,0.0,22.38,0.0
101,2023,103,420.0,12.52,0.0,22.41,0.0
101,2023,103,421.0,12.52,0.0,22.42,0.0
101,2023,103,422.0,12.52,0.0,22.43,0.0
101,2023,103,423.0,12.52,0.0,22.43,0.0
101,2023,103,424.0,12.52,0.0,22.42,0.0
101,2023,103,425.0,12.52,0.0,22.43,0.0
101,2023,103,426.0,12.52,0.0,22.43,0.0
101,2023,103,427.0,12.52,0.0,22.51,0.0
101,2023,103,428.0,12.51,0.0,22.63,0.0
101,2023,103,429.0,12.52,0.0,22.7,0.0
101,2023,103,430.0,12.51,0.0,22.74,0.0
101,2023,103,431.0,12.52,0.0,22.72,0.0
101,2023,103,432.0,12.51,0.0,22.7,0.0
101,2023,103,433.0,12.51,0.0,22.68,0.0
101,2023,103,434.0,12.52,0.0,22.68,0.0
101,2023,103,435.0,12.51,0.0,22.68,0.0
101,2023,103,436.0,12.51,0.0,22.68,0.0
101,2023,103,437.0,12.51,0.0,22.68,0.0
101,2023,103,438.0,12.51,0.0,22.68,0.0
101,2023,103,439.0,12.51,0.0,22.68,0.0
101,2023,103,440.0,12.51,0.0,22.7,0.0
101,2023,103,441.0,12.51,0.0,22.72,0.0
101,2023,103,442.0,12.51,0.0,22.73,0.0
101,2023,103,443.0,12.51,0.0,22.75,0.0
101,2023,103,444.0,12.51,0.0,22.79,0.0
101,2023,103,445.0,12.51,0.0,22.8,0.0
101,2023,103,446.0,12.51,0.0,22.8,0.0
101,2023,103,447.0,12.52,0.0,22.77,0.0
101,2023,103,448.0,12.51,0.0,22.77,0.0
101,2023,103,449.0,12.51,0.0,22.82,0.0
101,2023,103,450.0,12.51,0.0,22.81,0.0
101,2023,103,451.0,12.51,0.0,22.78,0.0
101,2023,103,452.0,12.51,0.0,22.77,0.0
101,2023,103,453.0,12.51,0.0,22.77,0.0
101,2023,103,454.0,12.51,0.0,22.77,0.0
101,2023,103,455.0,12.51,0.0,22.75,0.0
101,2023,103,456.0,12.51,0.0,22.75,0.0
101,2023,103,457.0,12.51,0.0,22.76,0.0
101,2023,103,458.0,12.51,0.0,22.74,0.0
101,2023,103,459.0,12.51,0.0,22.75,0.0
101,2023,103,500.0,12.51,0.0,22.75,0.0
101,2023,103,501.0,12.51,0.0,22.75,0.0
101,2023,103,502.0,12.51,0.0,22.75,0.0
101,2023,103,503.0,12.51,0.0,22.77,0.0
101,2023,103,504.0,12.51,0.0,22.77,0.0
101,2023,103,505.0,12.51,0.0,22.77,0.0
101,2023,103,506.0,12.51,0.0,22.77,0.0
101,2023,103,507.0,12.51,0.0,22.77,0.0
101,2023,103,508.0,12.51,0.0,22.77,0.0
101,2023,103,509.0,12.51,0.0,22.76,0.0
101,2023,103,510.0,12.51,0.0,22.78,0.0
101,2023,103,511.0,12.51,0.0,22.77,0.0
101,2023,103,512.0,12.51,0.0,22.77,0.0
101,2023,103,513.0,12.51,0.0,22.77,0.0
101,2023,103,514.0,12.51,0.0,22.78,0.0
101,2023,103,515.0,12.51,0.987,22.78,0.0
101,2023,103,516.0,12.51,1.015,22.78,0.0
101,2023,103,517.0,12.51,1.241,22.76,0.0
101,2023,103,518.0,12.51,1.382,22.77,0.0
101,2023,103,519.0,12.51,1.636,22.79,0.0
101,2023,103,520.0,12.51,1.833,22.79,0.0
101,2023,103,521.0,12.51,2.2,22.79,0.0
101,2023,103,522.0,12.51,2.566,22.78,0.0
101,2023,103,523.0,12.51,2.961,22.79,0.0
101,2023,103,524.0,12.51,3.13,22.8,0.0
101,2023,103,525.0,12.51,3.384,22.8,0.0
101,2023,103,526.0,12.51,3.722,22.8,0.0
101,2023,103,527.0,12.51,3.976,22.81,0.0
101,2023,103,528.0,12.51,4.089,22.81,0.0
101,2023,103,529.0,12.51,4.371,22.81,0.0
101,2023,103,530.0,12.51,5.019,22.83,0.0
101,2023,103,531.0,12.51,5.809,22.82,0.0
101,2023,103,532.0,12.51,6.57,22.82,0.0
101,2023,103,533.0,12.51,7.28,22.83,0.0
101,2023,103,534.0,12.51,7.95,22.82,0.0
101,2023,103,535.0,12.51,8.8,22.81,0.0
101,2023,103,536.0,12.51,9.67,22.82,0.0
101,2023,103,537.0,12.51,10.69,22.82,0.0
101,2023,103,538.0,12.51,11.65,22.82,0.0
101,2023,103,539.0,12.51,12.6,22.81,0.0
101,2023,103,540.0,12.51,13.62,22.83,0.0
101,2023,103,541.0,12.51,14.72,22.84,0.0
101,2023,103,542.0,12.51,15.76,22.83,0.0
101,2023,103,543.0,12.52,16.81,22.83,0.0
101,2023,103,544.0,12.52,17.45,22.83,0.0
101,2023,103,545.0,12.53,18.24,22.84,0.0
101,2023,103,546.0,12.53,19.46,22.84,0.0
101,2023,103,547.0,12.54,20.95,22.85,0.0
101,2023,103,548.0,12.56,22.93,22.86,0.0
101,2023,103,549.0,12.57,25.32,22.85,0.0
101,2023,103,550.0,12.59,27.58,22.84,0.0
101,2023,103,551.0,12.61,29.41,22.84,0.0
101,2023,103,552.0,12.62,31.16,22.84,0.0
101,2023,103,553.0,12.65,33.25,22.86,0.0
101,2023,103,554.0,12.67,35.98,22.86,0.0
101,2023,103,555.0,12.7,39.05,22.84,0.0
101,2023,103,556.0,12.74,42.44,22.84,0.0
101,2023,103,557.0,12.78,46.22,22.86,0.0
101,2023,103,558.0,12.84,50.7,22.87,0.0
101,2023,103,559.0,12.89,55.47,22.86,0.0
101,2023,103,600.0,12.94,60.04,22.89,0.0
101,2023,103,601.0,12.99,64.12,22.93,0.0
101,2023,103,602.0,13.04,67.59,22.94,0.0
101,2023,103,603.0,13.09,70.7,22.96,0.0
101,2023,103,604.0,13.13,73.2,22.96,0.0
101,2023,103,605.0,13.17,75.1,23.02,0.0
101,2023,103,606.0,13.19,76.4,23.05,0.0
101,2023,103,607.0,13.23,77.9,23.09,0.0
101,2023,103,608.0,13.23,79.9,23.12,0.0
101,2023,103,609.0,13.23,83.4,23.1,0.0
101,2023,103,610.0,13.23,90.9,23.05,0.0
101,2023,103,611.0,13.23,105.6,23.08,0.0
101,2023,103,612.0,13.23,102.1,23.14,0.0
101,2023,103,613.0,13.23,101.0,23.23,0.0
101,2023,103,614.0,13.23,104.9,23.24,0.0
101,2023,103,615.0,13.23,108.4,23.22,0.0
101,2023,103,616.0,13.23,109.6,23.31,0.0
101,2023,103,617.0,13.23,108.2,23.36,0.0
101,2023,103,618.0,13.23,106.0,23.34,0.0
101,2023,103,619.0,13.23,103.1,23.35,0.0
101,2023,103,620.0,13.23,101.2,23.36,0.0
101,2023,103,621.0,13.23,101.2,23.38,0.0
101,2023,103,622.0,13.23,104.2,23.37,0.0
101,2023,103,623.0,13.23,108.6,23.43,0.0
101,2023,103,624.0,13.23,111.3,23.44,0.0
101,2023,103,625.0,13.23,110.9,23.46,0.0
101,2023,103,626.0,13.22,110.3,23.41,0.0
101,2023,103,627.0,13.22,116.3,23.41,0.0
101,2023,103,628.0,13.22,141.9,23.51,0.0
101,2023,103,629.0,13.23,154.9,23.53,0.0
101,2023,103,630.0,13.22,163.2,23.6,0.0
101,2023,103,631.0,13.22,151.0,23.67,0.0
101,2023,103,632.0,13.22,185.7,23.71,0.0
101,2023,103,633.0,13.22,192.3,23.78,0.0
101,2023,103,634.0,13.22,185.8,23.87,0.0
101,2023,103,635.0,13.22,181.4,23.95,0.0
101,2023,103,636.0,13.22,124.3,23.95,0.0
101,2023,103,637.0,13.22,92.8,23.86,0.0
101,2023,103,638.0,13.22,88.5,23.89,0.0
101,2023,103,639.0,13.22,92.2,23.91,0.0
101,2023,103,640.0,13.22,113.1,23.88,0.0
101,2023,103,641.0,13.22,125.4,23.85,0.0
101,2023,103,642.0,13.22,143.7,23.85,0.0
101,2023,103,643.0,13.22,126.2,23.93,0.0
101,2023,103,644.0,13.22,135.6,23.96,0.0
101,2023,103,645.0,13.22,181.4,23.98,0.0
101,2023,103,646.0,13.22,243.4,24.06,0.0
101,2023,103,647.0,13.22,253.4,24.15,0.0
101,2023,103,648.0,13.21,253.5,24.21,0.0
101,2023,103,649.0,13.22,279.2,24.19,0.0
101,2023,103,650.0,13.21,287.1,24.36,0.0
101,2023,103,651.0,13.21,301.9,24.42,0.0
101,2023,103,652.0,13.21,310.2,24.39,0.0
101,2023,103,653.0,13.21,248.7,24.51,0.0
101,2023,103,654.0,13.21,217.3,24.45,0.0
101,2023,103,655.0,13.21,166.4,24.48,0.0
101,2023,103,656.0,13.21,154.4,24.41,0.0
101,2023,103,657.0,13.21,150.1,24.36,0.0
101,2023,103,658.0,13.21,143.9,24.34,0.0
101,2023,103,659.0,13.2,132.4,24.31,0.0
101,2023,103,700.0,13.21,121.5,24.33,0.0
101,2023,103,701.0,13.2,113.4,24.39,0.0
101,2023,103,702.0,13.21,109.6,24.36,0.0
101,2023,103,703.0,13.2,110.1,24.29,0.0
101,2023,103,704.0,13.2,111.0,24.31,0.0
101,2023,103,705.0,13.2,109.7,24.3,0.0
101,2023,103,706.0,13.19,104.1,24.36,0.0
101,2023,103,707.0,13.15,95.4,24.37,0.0
101,2023,103,708.0,13.11,81.9,24.33,0.0
101,2023,103,709.0,13.07,64.72,24.36,0.0
101,2023,103,710.0,13.03,50.08,24.38,0.0
101,2023,103,711.0,13.01,38.15,24.37,0.0
101,2023,103,712.0,12.98,31.24,24.35,0.0
101,2023,103,713.0,12.96,28.82,24.31,0.0
101,2023,103,714.0,12.95,25.07,24.33,0.0
101,2023,103,715.0,12.94,23.6,24.24,0.0
101,2023,103,716.0,12.95,25.55,24.14,0.0
101,2023,103,717.0,12.96,32.94,24.05,0.0
101,2023,103,718.0,12.99,46.98,23.99,0.0
101,2023,103,719.0,13.03,69.0,23.94,0.0
101,2023,103,720.0,13.08,86.9,23.92,0.0
101,2023,103,721.0,13.15,111.3,23.83,0.0
101,2023,103,722.0,13.21,127.8,23.81,0.0
101,2023,103,723.0,13.21,152.3,23.77,0.0
101,2023,103,724.0,13.21,171.3,23.68,0.0
101,2023,103,725.0,13.21,189.9,23.67,0.0
101,2023,103,726.0,13.21,204.8,23.68,0.0
101,2023,103,727.0,13.21,209.9,23.56,0.0
101,2023,103,728.0,13.21,205.4,23.51,0.0
101,2023,103,729.0,13.21,198.8,23.52,0.0
101,2023,103,730.0,13.21,193.9,23.45,0.0
101,2023,103,731.0,13.21,192.3,23.46,0.0
101,2023,103,732.0,13.21,193.9,23.43,0.0
101,2023,103,733.0,13.21,195.4,23.43,0.0
101,2023,103,734.0,13.21,198.1,23.44,0.0
101,2023,103,735.0,13.21,202.5,23.39,0.0
101,2023,103,736.0,13.21,211.7,23.44,0.0
101,2023,103,737.0,13.21,223.3,23.52,0.0
101,2023,103,738.0,13.21,233.9,23.52,0.0
101,2023,103,739.0,13.21,240.4,23.58,0.0
101,2023,103,740.0,13.21,244.0,23.6,0.0
101,2023,103,741.0,13.21,245.3,23.65,0.0
101,2023,103,742.0,13.21,244.7,23.74,0.0
101,2023,103,743.0,13.21,244.8,23.81,0.0
101,2023,103,744.0,13.21,247.5,23.95,0.0
101,2023,103,745.0,13.21,252.7,24.07,0.0
101,2023,103,746.0,13.21,259.3,24.11,0.0
101,2023,103,747.0,13.21,267.6,24.16,0.0
101,2023,103,748.0,13.21,276.7,24.26,0.0
101,2023,103,749.0,13.21,285.0,24.29,0.0
101,2023,103,750.0,13.21,295.1,24.25,0.0
101,2023,103,751.0,13.21,310.2,24.17,0.0
101,2023,103,752.0,13.21,330.2,24.09,0.0
101,2023,103,753.0,13.2,354.2,24.19,0.0
101,2023,103,754.0,13.21,379.2,24.18,0.0
101,2023,103,755.0,13.21,401.5,24.19,0.0
101,2023,103,756.0,13.2,429.2,24.27,0.0
101,2023,103,757.0,13.2,460.2,24.31,0.0
101,2023,103,758.0,13.2,466.2,24.43,0.0
101,2023,103,759.0,13.2,469.7,24.54,0.0
101,2023,103,800.0,13.2,488.1,24.65,0.0
101,2023,103,801.0,13.2,466.0,24.89,0.0
101,2023,103,802.0,13.2,454.4,24.98,0.0
101,2023,103,803.0,13.19,444.8,25.06,0.0
101,2023,103,804.0,13.19,474.2,25.18,0.0
101,2023,103,805.0,13.19,488.1,25.27,0.0
101,2023,103,806.0,13.19,468.7,25.34,0.0
101,2023,103,807.0,13.18,546.3,25.46,0.0
101,2023,103,808.0,13.18,616.0,25.58,0.0
101,2023,103,809.0,13.18,711.0,25.73,0.0
101,2023,103,810.0,13.18,739.0,25.74,0.0
101,2023,103,811.0,13.18,725.0,25.79,0.0
101,2023,103,812.0,13.17,733.0,25.85,0.0
101,2023,103,813.0,13.17,628.5,25.88,0.0
101,2023,103,814.0,13.17,584.8,25.92,0.0
101,2023,103,815.0,13.17,570.7,26.11,0.0
101,2023,103,816.0,13.16,547.9,26.27,0.0
101,2023,103,817.0,13.16,515.9,26.38,0.0
101,2023,103,818.0,13.16,493.5,26.38,0.0
101,2023,103,819.0,13.16,565.7,26.43,0.0
101,2023,103,820.0,13.16,586.4,26.49,0.0
101,2023,103,821.0,13.15,529.2,26.7,0.0
101,2023,103,822.0,13.15,570.2,26.83,0.0
101,2023,103,823.0,13.15,570.1,26.88,0.0
101,2023,103,824.0,13.15,487.8,26.99,0.0
101,2023,103,825.0,13.15,484.5,26.84,0.0
101,2023,103,826.0,13.15,493.2,26.75,0.0
101,2023,103,827.0,13.15,435.7,26.68,0.0
101,2023,103,828.0,13.15,428.4,26.63,0.0
101,2023,103,829.0,13.15,503.3,26.64,0.0
101,2023,103,830.0,13.15,494.9,26.63,0.0
101,2023,103,831.0,13.14,481.3,26.67,0.0
101,2023,103,832.0,13.14,502.7,26.76,0.0
101,2023,103,833.0,13.15,543.0,26.87,0.0
101,2023,103,834.0,13.14,572.5,26.87,0.0
101,2023,103,835.0,13.14,539.5,26.89,0.0
101,2023,103,836.0,13.14,596.2,27.01,0.0
101,2023,103,837.0,13.14,717.0,27.16,0.0
101,2023,103,838.0,13.14,760.0,27.39,0.0
101,2023,103,839.0,13.14,728.0,27.56,0.0
101,2023,103,840.0,13.14,619.5,27.62,0.0
101,2023,103,841.0,13.14,507.9,27.62,0.0
101,2023,103,842.0,13.13,544.2,27.43,0.0
101,2023,103,843.0,13.13,544.1,27.4,0.0
101,2023,103,844.0,13.13,512.4,27.41,0.0
101,2023,103,845.0,13.13,489.2,27.38,0.0
101,2023,103,846.0,13.13,485.1,27.31,0.0
101,2023,103,847.0,13.13,520.6,27.38,0.0
101,2023,103,848.0,13.13,617.2,27.34,0.0
101,2023,103,849.0,13.13,651.1,27.31,0.0
101,2023,103,850.0,13.12,703.0,27.28,0.0
101,2023,103,851.0,13.12,689.1,27.3,0.0
101,2023,103,852.0,13.12,734.0,27.26,0.0
101,2023,103,853.0,13.12,761.0,27.23,0.0
101,2023,103,854.0,13.12,616.5,27.32,0.0
101,2023,103,855.0,13.12,569.7,27.45,0.0
101,2023,103,856.0,13.12,486.0,27.56,0.0
101,2023,103,857.0,13.12,605.8,27.71,0.0
101,2023,103,858.0,13.12,688.6,27.71,0.0
101,2023,103,859.0,13.12,825.0,27.69,0.0
101,2023,103,900.0,13.12,850.0,27.74,0.0
101,2023,103,901.0,13.11,873.0,27.89,0.0
101,2023,103,902.0,13.11,879.0,27.9,0.0
101,2023,103,903.0,13.11,783.0,27.74,0.0
101,2023,103,904.0,13.11,653.8,27.68,0.0
101,2023,103,905.0,13.11,572.9,27.73,0.0
101,2023,103,906.0,13.1,541.5,27.79,0.0
101,2023,103,907.0,13.1,647.8,27.82,0.0
101,2023,103,908.0,13.1,735.0,27.85,0.0
101,2023,103,909.0,13.11,861.0,27.84,0.0
101,2023,103,910.0,13.1,747.0,27.81,0.0
101,2023,103,911.0,13.1,675.1,27.76,0.0
101,2023,103,912.0,13.1,644.2,27.78,0.0
101,2023,103,913.0,13.1,688.7,27.76,0.0
101,2023,103,914.0,13.1,771.0,27.75,0.0
101,2023,103,915.0,13.1,814.0,27.79,0.0
101,2023,103,916.0,13.1,854.0,27.92,0.0
101,2023,103,917.0,13.1,772.0,27.94,0.0
101,2023,103,918.0,13.1,698.9,28.04,0.0
101,2023,103,919.0,13.1,649.8,28.12,0.0
101,2023,103,920.0,13.1,616.4,28.1,0.0
101,2023,103,921.0,13.1,622.0,27.92,0.0
101,2023,103,922.0,13.1,661.4,27.8,0.0
101,2023,103,923.0,13.1,722.0,27.74,0.0
101,2023,103,924.0,13.1,758.0,27.79,0.0
101,2023,103,925.0,13.1,858.0,27.89,0.0
101,2023,103,926.0,13.1,938.0,28.13,0.0
101,2023,103,927.0,13.1,811.0,28.22,0.0
101,2023,103,928.0,13.1,660.3,28.22,0.0
101,2023,103,929.0,13.1,622.3,28.06,0.0
101,2023,103,930.0,13.1,722.0,28.08,0.0
101,2023,103,931.0,13.1,658.0,28.11,0.0
101,2023,103,932.0,13.1,645.6,28.05,0.0
101,2023,103,933.0,13.1,650.6,27.97,0.0
101,2023,103,934.0,13.1,672.7,27.94,0.0
101,2023,103,935.0,13.1,605.7,28.04,0.0
101,2023,103,936.0,13.1,693.8,28.14,0.0
101,2023,103,937.0,13.1,733.0,28.13,0.0
101,2023,103,938.0,13.1,651.5,28.13,0.0
101,2023,103,939.0,13.1,624.0,28.19,0.0
101,2023,103,940.0,13.1,578.6,28.15,0.0
101,2023,103,941.0,13.1,614.8,28.09,0.0
101,2023,103,942.0,13.1,649.5,27.97,0.0
101,2023,103,943.0,13.1,677.2,27.94,0.0
101,2023,103,944.0,13.1,1029.0,28.04,0.0
101,2023,103,945.0,13.1,1112.0,28.31,0.0
101,2023,103,946.0,13.1,1078.0,28.6,0.0
101,2023,103,947.0,13.1,814.0,28.76,0.0
101,2023,103,948.0,13.1,923.0,28.7,0.0
101,2023,103,949.0,13.1,954.0,28.57,0.0
101,2023,103,950.0,13.1,849.0,28.68,0.0
101,2023,103,951.0,13.1,908.0,28.54,0.0
101,2023,103,952.0,13.1,954.0,28.56,0.0
101,2023,103,953.0,13.1,1036.0,28.73,0.0
101,2023,103,954.0,13.1,1078.0,28.87,0.0
101,2023,103,955.0,13.1,853.0,28.94,0.0
101,2023,103,956.0,13.1,467.5,28.93,0.0
101,2023,103,957.0,13.1,461.1,28.77,0.0
101,2023,103,958.0,13.1,641.6,28.65,0.0
101,2023,103,959.0,13.1,783.0,28.66,0.0
101,2023,103,1000.0,13.1,666.3,28.75,0.0
101,2023,103,1001.0,13.1,1151.0,28.81,0.0
101,2023,103,1002.0,13.1,1182.0,28.97,0.0
101,2023,103,1003.0,13.1,972.0,29.07,0.0
101,2023,103,1004.0,13.1,597.0,29.25,0.0
101,2023,103,1005.0,13.1,528.0,29.22,0.0
101,2023,103,1006.0,13.1,701.0,29.23,0.0
101,2023,103,1007.0,13.1,422.4,29.21,0.0
101,2023,103,1008.0,13.1,299.9,29.01,0.0
101,2023,103,1009.0,13.1,258.3,28.92,0.0
101,2023,103,1010.0,13.1,231.2,28.77,0.0
101,2023,103,1011.0,13.1,213.3,28.69,0.0
101,2023,103,1012.0,13.1,210.1,28.6,0.0
101,2023,103,1013.0,13.1,224.2,28.5,0.0
101,2023,103,1014.0,13.1,243.5,28.36,0.0
101,2023,103,1015.0,13.1,247.7,28.37,0.0
101,2023,103,1016.0,13.1,225.2,28.28,0.0
101,2023,103,1017.0,13.11,190.6,27.85,0.0
101,2023,103,1018.0,13.1,176.1,27.4,0.0
101,2023,103,1019.0,13.11,183.9,27.0,0.0
101,2023,103,1020.0,13.11,197.2,26.67,0.0
101,2023,103,1021.0,13.11,208.8,26.28,0.0
101,2023,103,1022.0,13.11,230.8,25.85,0.0
101,2023,103,1023.0,13.11,271.9,25.63,0.0
101,2023,103,1024.0,13.11,335.9,25.63,0.0
101,2023,103,1025.0,13.12,366.6,25.62,0.0
101,2023,103,1026.0,13.12,383.6,25.6,0.0
101,2023,103,1027.0,13.12,395.3,25.58,0.0
101,2023,103,1028.0,13.12,417.1,25.61,0.0
101,2023,103,1029.0,13.12,452.4,25.54,0.0
101,2023,103,1030.0,13.12,515.2,25.57,0.0
101,2023,103,1031.0,13.12,632.5,25.56,0.0
101,2023,103,1032.0,13.12,660.5,25.54,0.0
101,2023,103,1033.0,13.12,656.1,25.54,0.0
101,2023,103,1034.0,13.12,602.8,25.72,0.0
101,2023,103,1035.0,13.12,558.7,25.92,0.0
101,2023,103,1036.0,13.13,780.0,26.12,0.0
101,2023,103,1037.0,13.13,894.0,26.16,0.0
101,2023,103,1038.0,13.13,900.0,26.24,0.0
101,2023,103,1039.0,13.12,970.0,26.34,0.0
101,2023,103,1040.0,13.12,1165.0,26.54,0.0
101,2023,103,1041.0,13.12,1193.0,26.87,0.0
101,2023,103,1042.0,13.13,904.0,27.04,0.0
101,2023,103,1043.0,13.12,1110.0,27.12,0.0
101,2023,103,1044.0,13.13,1200.0,27.26,0.0
101,2023,103,1045.0,13.12,683.3,27.24,0.0
101,2023,103,1046.0,13.12,652.7,27.17,0.0
101,2023,103,1047.0,13.12,583.8,27.26,0.0
101,2023,103,1048.0,13.12,1193.0,27.3,0.0
101,2023,103,1049.0,13.12,1145.0,27.31,0.0
101,2023,103,1050.0,13.12,1182.0,27.42,0.0
101,2023,103,1051.0,13.12,1183.0,27.78,0.0
101,2023,103,1052.0,13.12,612.5,27.86,0.0
101,2023,103,1053.0,13.12,454.4,27.81,0.0
101,2023,103,1054.0,13.11,411.7,27.59,0.0
101,2023,103,1055.0,13.11,519.8,27.61,0.0
101,2023,103,1056.0,13.11,892.0,27.74,0.0
101,2023,103,1057.0,13.11,570.9,27.82,0.0
101,2023,103,1058.0,13.12,755.0,27.81,0.0
101,2023,103,1059.0,13.11,1040.0,27.82,0.0
101,2023,103,1100.0,13.11,778.0,28.03,0.0
101,2023,103,1101.0,13.11,408.4,28.06,0.0
101,2023,103,1102.0,13.11,403.7,27.87,0.0
101,2023,103,1103.0,13.11,352.2,27.75,0.0
101,2023,103,1104.0,13.11,358.6,27.79,0.0
101,2023,103,1105.0,13.11,510.8,27.83,0.0
101,2023,103,1106.0,13.11,568.5,27.99,0.0
101,2023,103,1107.0,13.11,356.4,28.14,0.0
101,2023,103,1108.0,13.11,314.1,28.11,0.0
101,2023,103,1109.0,13.11,321.7,27.99,0.0
101,2023,103,1110.0,13.11,331.4,27.97,0.0
101,2023,103,1111.0,13.11,396.8,27.86,0.0
101,2023,103,1112.0,13.11,790.0,27.82,0.0
101,2023,103,1113.0,13.11,966.0,27.95,0.0
101,2023,103,1114.0,13.11,544.8,28.16,0.0
101,2023,103,1115.0,13.11,373.6,28.11,0.0
101,2023,103,1116.0,13.11,480.4,28.09,0.0
101,2023,103,1117.0,13.11,398.2,27.99,0.0
101,2023,103,1118.0,13.11,366.0,27.92,0.0
101,2023,103,1119.0,13.11,370.4,27.86,0.0
101,2023,103,1120.0,13.11,390.9,27.75,0.0
101,2023,103,1121.0,13.11,467.3,27.73,0.0
101,2023,103,1122.0,13.11,473.7,27.78,0.0
101,2023,103,1123.0,13.11,693.7,27.85,0.0
101,2023,103,1124.0,13.11,796.0,27.94,0.0
101,2023,103,1125.0,13.11,649.5,27.98,0.0
101,2023,103,1126.0,13.11,527.6,28.14,0.0
101,2023,103,1127.0,13.11,762.0,28.18,0.0
101,2023,103,1128.0,13.11,636.9,28.22,0.0
101,2023,103,1129.0,13.11,641.8,28.3,0.0
101,2023,103,1130.0,13.11,777.0,28.3,0.0
101,2023,103,1131.0,13.11,711.0,28.35,0.0
101,2023,103,1132.0,13.11,897.0,28.45,0.0
101,2023,103,1133.0,13.11,919.0,28.56,0.0
101,2023,103,1134.0,13.11,784.0,28.66,0.0
101,2023,103,1135.0,13.11,915.0,28.77,0.0
101,2023,103,1136.0,13.11,1050.0,28.79,0.0
101,2023,103,1137.0,13.11,1236.0,28.89,0.0
101,2023,103,1138.0,13.11,1115.0,28.94,0.0
101,2023,103,1139.0,13.11,1041.0,29.17,0.0
101,2023,103,1140.0,13.11,849.0,29.37,0.0
101,2023,103,1141.0,13.11,608.5,29.27,0.0
101,2023,103,1142.0,13.11,653.1,29.22,0.0
101,2023,103,1143.0,13.11,630.8,29.3,0.0
101,2023,103,1144.0,13.11,521.7,29.28,0.0
101,2023,103,1145.0,13.11,515.9,29.08,0.0
101,2023,103,1146.0,13.11,602.8,28.84,0.0
101,2023,103,1147.0,13.1,758.0,28.68,0.0
101,2023,103,1148.0,13.11,793.0,28.65,0.0
101,2023,103,1149.0,13.11,716.0,28.69,0.0
101,2023,103,1150.0,13.1,669.6,28.72,0.0
101,2023,103,1151.0,13.11,708.0,28.68,0.0
101,2023,103,1152.0,13.11,620.4,28.66,0.0
101,2023,103,1153.0,13.11,572.8,28.6,0.0
101,2023,103,1154.0,13.11,555.0,28.58,0.0
101,2023,103,1155.0,13.11,614.5,28.54,0.0
101,2023,103,1156.0,13.1,822.0,28.49,0.0
101,2023,103,1157.0,13.11,1020.0,28.53,0.0
101,2023,103,1158.0,13.1,808.0,28.53,0.0
101,2023,103,1159.0,13.11,758.0,28.58,0.0
101,2023,103,1200.0,13.11,686.1,28.71,0.0
101,2023,103,1201.0,13.11,653.9,28.74,0.0
101,2023,103,1202.0,13.1,695.1,28.76,0.0
101,2023,103,1203.0,13.1,677.5,28.73,0.0
101,2023,103,1204.0,13.11,722.0,28.67,0.0
101,2023,103,1205.0,13.1,693.2,28.76,0.0
101,2023,103,1206.0,13.11,744.0,28.86,0.0
101,2023,103,1207.0,13.1,784.0,28.92,0.0
101,2023,103,1208.0,13.1,827.0,28.94,0.0
101,2023,103,1209.0,13.1,714.0,28.98,0.0
101,2023,103,1210.0,13.1,594.0,29.15,0.0
101,2023,103,1211.0,13.1,909.0,29.23,0.0
101,2023,103,1212.0,13.1,1188.0,29.13,0.0
101,2023,103,1213.0,13.1,1030.0,29.08,0.0
101,2023,103,1214.0,13.1,598.6,29.24,0.0
101,2023,103,1215.0,13.1,812.0,29.26,0.0
101,2023,103,1216.0,13.1,473.6,29.33,0.0
101,2023,103,1217.0,13.1,427.7,29.03,0.0
101,2023,103,1218.0,13.1,434.8,28.92,0.0
101,2023,103,1219.0,13.1,462.8,28.96,0.0
101,2023,103,1220.0,13.1,421.1,28.98,0.0
101,2023,103,1221.0,13.1,402.3,28.79,0.0
101,2023,103,1222.0,13.1,444.9,28.69,0.0
101,2023,103,1223.0,13.1,501.5,28.65,0.0
101,2023,103,1224.0,13.1,613.7,28.67,0.0
101,2023,103,1225.0,13.1,644.9,28.65,0.0
101,2023,103,1226.0,13.1,604.9,28.77,0.0
101,2023,103,1227.0,13.1,743.0,28.85,0.0
101,2023,103,1228.0,13.1,739.0,28.81,0.0
101,2023,103,1229.0,13.1,695.7,28.86,0.0
101,2023,103,1230.0,13.1,669.2,28.91,0.0
101,2023,103,1231.0,13.1,664.2,28.91,0.0
101,2023,103,1232.0,13.1,815.0,29.0,0.0
101,2023,103,1233.0,13.1,812.0,28.95,0.0
101,2023,103,1234.0,13.1,844.0,29.05,0.0
101,2023,103,1235.0,13.1,808.0,29.21,0.0
101,2023,103,1236.0,13.1,556.1,29.21,0.0
101,2023,103,1237.0,13.09,510.8,29.09,0.0
101,2023,103,1238.0,13.09,591.8,29.02,0.0
101,2023,103,1239.0,13.1,571.8,28.96,0.0
101,2023,103,1240.0,13.1,675.6,28.97,0.0
101,2023,103,1241.0,13.09,793.0,29.07,0.0
101,2023,103,1242.0,13.09,557.9,29.24,0.0
101,2023,103,1243.0,13.09,973.0,29.27,0.0
101,2023,103,1244.0,13.09,539.7,29.17,0.0
101,2023,103,1245.0,13.09,403.2,29.12,0.0
101,2023,103,1246.0,13.09,376.0,29.03,0.0
101,2023,103,1247.0,13.09,382.6,28.79,0.0
101,2023,103,1248.0,13.09,390.9,28.56,0.0
101,2023,103,1249.0,13.09,384.7,28.46,0.0
101,2023,103,1250.0,13.09,370.9,28.35,0.0
101,2023,103,1251.0,13.09,344.9,28.22,0.0
101,2023,103,1252.0,13.1,321.2,28.06,0.0
101,2023,103,1253.0,13.1,340.3,27.92,0.0
101,2023,103,1254.0,13.1,430.8,27.85,0.0
101,2023,103,1255.0,13.1,768.0,27.83,0.0
101,2023,103,1256.0,13.1,634.7,27.85,0.0
101,2023,103,1257.0,13.1,538.3,27.91,0.0
101,2023,103,1258.0,13.1,476.9,27.87,0.0
101,2023,103,1259.0,13.1,455.8,27.89,0.0
101,2023,103,1300.0,13.1,455.1,27.83,0.0
101,2023,103,1301.0,13.1,460.0,27.79,0.0
101,2023,103,1302.0,13.1,460.4,27.78,0.0
101,2023,103,1303.0,13.1,484.6,27.77,0.0
101,2023,103,1304.0,13.1,633.6,27.78,0.0
101,2023,103,1305.0,13.1,739.0,27.88,0.0
101,2023,103,1306.0,13.1,655.4,27.95,0.0
101,2023,103,1307.0,13.1,592.0,28.09,0.0
101,2023,103,1308.0,13.1,997.0,28.29,0.0
101,2023,103,1309.0,13.1,1149.0,28.56,0.0
101,2023,103,1310.0,13.1,1151.0,28.78,0.0
101,2023,103,1311.0,13.1,1163.0,28.85,0.0
101,2023,103,1312.0,13.1,1179.0,28.98,0.0
101,2023,103,1313.0,13.1,890.0,29.11,0.0
101,2023,103,1314.0,13.09,856.0,29.05,0.0
101,2023,103,1315.0,13.09,1078.0,29.04,0.0
101,2023,103,1316.0,13.09,1069.0,29.2,0.0
101,2023,103,1317.0,13.09,1065.0,29.18,0.0
101,2023,103,1318.0,13.09,1074.0,29.32,0.0
101,2023,103,1319.0,13.09,1057.0,29.38,0.0
101,2023,103,1320.0,13.09,1078.0,29.47,0.0
101,2023,103,1321.0,13.09,734.0,29.44,0.0
101,2023,103,1322.0,13.08,763.0,29.38,0.0
101,2023,103,1323.0,13.08,755.0,29.41,0.0
101,2023,103,1324.0,13.08,679.7,29.44,0.0
101,2023,103,1325.0,13.08,837.0,29.49,0.0
101,2023,103,1326.0,13.08,767.0,29.58,0.0
101,2023,103,1327.0,13.08,748.0,29.51,0.0
101,2023,103,1328.0,13.08,877.0,29.26,0.0
101,2023,103,1329.0,13.08,877.0,29.16,0.0
101,2023,103,1330.0,13.08,881.0,29.23,0.0
101,2023,103,1331.0,13.08,1003.0,29.22,0.0
101,2023,103,1332.0,13.08,769.0,29.24,0.0
101,2023,103,1333.0,13.08,590.2,29.24,0.0
101,2023,103,1334.0,13.08,971.0,29.13,0.0
101,2023,103,1335.0,13.08,1128.0,29.17,0.0
101,2023,103,1336.0,13.08,664.9,29.33,0.0
101,2023,103,1337.0,13.08,387.2,29.0,0.0
101,2023,103,1338.0,13.08,378.6,28.79,0.0
101,2023,103,1339.0,13.08,369.9,28.48,0.0
101,2023,103,1340.0,13.08,372.5,28.49,0.0
101,2023,103,1341.0,13.08,383.4,28.27,0.0
101,2023,103,1342.0,13.08,386.4,28.06,0.0
101,2023,103,1343.0,13.08,351.4,28.08,0.0
101,2023,103,1344.0,13.08,358.1,28.14,0.0
101,2023,103,1345.0,13.09,365.4,28.0,0.0
101,2023,103,1346.0,13.08,378.5,27.87,0.0
101,2023,103,1347.0,13.09,387.0,27.91,0.0
101,2023,103,1348.0,13.09,376.2,28.05,0.0
101,2023,103,1349.0,13.09,343.6,28.13,0.0
101,2023,103,1350.0,13.09,296.1,28.21,0.0
101,2023,103,1351.0,13.09,278.7,28.07,0.0
101,2023,103,1352.0,13.09,289.6,27.86,0.0
101,2023,103,1353.0,13.09,320.0,27.75,0.0
101,2023,103,1354.0,13.09,374.4,27.81,0.0
101,2023,103,1355.0,13.09,319.1,27.88,0.0
101,2023,103,1356.0,13.09,337.5,27.85,0.0
101,2023,103,1357.0,13.09,446.2,27.82,0.0
101,2023,103,1358.0,13.09,814.0,27.84,0.0
101,2023,103,1359.0,13.1,976.0,27.95,0.0
101,2023,103,1400.0,13.09,949.0,28.18,0.0
101,2023,103,1401.0,13.09,934.0,28.3,0.0
101,2023,103,1402.0,13.09,840.0,28.46,0.0
101,2023,103,1403.0,13.09,863.0,28.53,0.0
101,2023,103,1404.0,13.09,839.0,28.71,0.0
101,2023,103,1405.0,13.09,846.0,28.7,0.0
101,2023,103,1406.0,13.09,832.0,28.6,0.0
101,2023,103,1407.0,13.09,818.0,28.55,0.0
101,2023,103,1408.0,13.09,816.0,28.46,0.0
101,2023,103,1409.0,13.09,826.0,28.57,0.0
101,2023,103,1410.0,13.09,852.0,28.68,0.0
101,2023,103,1411.0,13.09,762.0,28.73,0.0
101,2023,103,1412.0,13.09,351.9,28.8,0.0
101,2023,103,1413.0,13.08,556.5,28.66,0.0
101,2023,103,1414.0,13.09,657.1,28.51,0.0
101,2023,103,0.0,13.09,301.0,28.46,0.0
101,2023,103,1416.0,13.08,715.0,28.43,0.0
101,2023,103,1417.0,13.09,748.0,28.39,0.0
101,2023,103,1418.0,13.08,759.0,28.5,0.0
101,2023,103,1419.0,13.09,762.0,28.53,0.0
101,2023,103,1420.0,13.09,753.0,28.49,0.0
101,2023,103,1421.0,13.09,748.0,28.53,0.0
101,2023,103,1422.0,13.09,749.0,28.49,0.0
101,2023,103,1423.0,13.08,748.0,28.52,0.0
101,2023,103,1424.0,13.08,744.0,28.74,0.0
101,2023,103,1425.0,13.09,737.0,28.87,0.0
101,2023,103,1426.0,13.09,731.0,28.85,0.0
101,2023,103,1427.0,13.08,729.0,28.82,0.0
101,2023,103,1428.0,13.08,725.0,28.87,0.0
101,2023,103,1429.0,13.09,724.0,28.91,0.0
101,2023,103,1430.0,13.09,721.0,28.91,0.0
101,2023,103,1431.0,13.08,718.0,28.8,0.0
101,2023,103,1432.0,13.09,719.0,28.86,0.0
101,2023,103,1433.0,13.08,717.0,28.84,0.0
101,2023,103,1434.0,13.08,714.0,28.96,0.0
101,2023,103,1435.0,13.09,708.0,29.03,0.0
101,2023,103,1436.0,13.08,701.0,29.07,0.0
101,2023,103,1437.0,13.08,686.5,28.97,0.0
101,2023,103,1438.0,13.08,631.7,29.02,0.0
101,2023,103,1439.0,13.08,720.0,28.84,0.0
101,2023,103,1440.0,13.09,452.3,28.79,0.0
101,2023,103,1441.0,13.08,223.3,28.73,0.0
101,2023,103,1442.0,13.08,212.3,28.63,0.0
101,2023,103,1443.0,13.08,308.2,28.56,0.0
101,2023,103,1444.0,13.08,457.0,28.58,0.0
101,2023,103,1445.0,13.08,331.5,28.53,0.0
101,2023,103,1446.0,13.08,452.1,28.47,0.0
101,2023,103,1447.0,13.08,345.2,28.43,0.0
101,2023,103,1448.0,13.09,563.7,28.36,0.0
101,2023,103,1449.0,13.08,643.1,28.34,0.0
101,2023,103,1450.0,13.09,695.9,28.46,0.0
101,2023,103,1451.0,13.09,701.0,28.48,0.0
101,2023,103,1452.0,13.09,706.0,28.5,0.0
101,2023,103,1453.0,13.09,702.0,28.64,0.0
101,2023,103,1454.0,13.09,718.0,28.76,0.0
101,2023,103,1455.0,13.09,656.4,28.84,0.0
101,2023,103,1456.0,13.09,307.6,28.79,0.0
101,2023,103,1457.0,13.09,208.8,28.49,0.0
101,2023,103,1458.0,13.09,184.9,28.26,0.0
101,2023,103,1459.0,13.08,175.2,28.23,0.0
101,2023,103,1500.0,13.09,200.4,28.13,0.0
101,2023,103,1501.0,13.09,539.1,28.0,0.0
101,2023,103,1502.0,13.09,582.6,28.1,0.0
101,2023,103,1503.0,13.09,575.8,28.21,0.0
101,2023,103,1504.0,13.09,565.3,28.31,0.0
101,2023,103,1505.0,13.09,556.3,28.32,0.0
101,2023,103,1506.0,13.09,552.7,28.25,0.0
101,2023,103,1507.0,13.09,550.3,28.2,0.0
101,2023,103,1508.0,13.09,547.8,28.18,0.0
101,2023,103,1509.0,13.09,543.4,28.19,0.0
101,2023,103,1510.0,13.09,540.0,28.29,0.0
101,2023,103,1511.0,13.09,536.8,28.32,0.0
101,2023,103,1512.0,13.1,529.7,28.26,0.0
101,2023,103,1513.0,13.09,527.0,28.21,0.0
101,2023,103,1514.0,13.09,525.2,28.19,0.0
101,2023,103,1515.0,13.09,523.4,28.22,0.0
101,2023,103,1516.0,13.09,519.1,28.29,0.0
101,2023,103,1517.0,13.1,513.7,28.32,0.0
101,2023,103,1518.0,13.09,509.1,28.32,0.0
101,2023,103,1519.0,13.09,517.6,28.27,0.0
101,2023,103,1520.0,13.09,511.5,28.22,0.0
101,2023,103,1521.0,13.1,503.8,28.22,0.0
101,2023,103,1522.0,13.1,497.1,28.25,0.0
101,2023,103,1523.0,13.1,490.3,28.32,0.0
101,2023,103,1524.0,13.1,483.6,28.28,0.0
101,2023,103,1525.0,13.1,479.0,28.3,0.0
101,2023,103,1526.0,13.09,470.3,28.26,0.0
101,2023,103,1527.0,13.09,463.6,28.18,0.0
101,2023,103,1528.0,13.1,459.5,28.18,0.0
101,2023,103,1529.0,13.1,454.3,28.18,0.0
101,2023,103,1530.0,13.1,448.8,28.14,0.0
101,2023,103,1531.0,13.09,437.0,28.13,0.0
101,2023,103,1532.0,13.1,431.0,28.11,0.0
101,2023,103,1533.0,13.1,423.6,28.12,0.0
101,2023,103,1534.0,13.1,415.4,28.1,0.0
101,2023,103,1535.0,13.1,410.0,28.16,0.0
101,2023,103,1536.0,13.1,406.9,28.18,0.0
101,2023,103,1537.0,13.1,405.5,28.14,0.0
101,2023,103,1538.0,13.1,402.7,28.11,0.0
101,2023,103,1539.0,13.1,399.8,28.1,0.0
101,2023,103,1540.0,13.1,395.3,28.08,0.0
101,2023,103,1541.0,13.1,391.7,28.08,0.0
101,2023,103,1542.0,13.1,384.3,28.08,0.0
101,2023,103,1543.0,13.1,378.7,28.09,0.0
101,2023,103,1544.0,13.1,371.1,28.08,0.0
101,2023,103,1545.0,13.1,369.6,28.08,0.0
101,2023,103,1546.0,13.11,368.5,28.14,0.0
101,2023,103,1547.0,13.1,367.2,28.18,0.0
101,2023,103,1548.0,13.11,364.4,28.24,0.0
101,2023,103,1549.0,13.11,356.4,28.22,0.0
101,2023,103,1550.0,13.11,352.5,28.18,0.0
101,2023,103,1551.0,13.11,351.0,28.12,0.0
101,2023,103,1552.0,13.1,348.0,28.04,0.0
101,2023,103,1553.0,13.11,344.8,28.02,0.0
101,2023,103,1554.0,13.11,341.3,28.01,0.0
101,2023,103,1555.0,13.11,337.2,27.92,0.0
101,2023,103,1556.0,13.11,334.2,27.86,0.0
101,2023,103,1557.0,13.11,333.4,27.84,0.0
101,2023,103,1558.0,13.11,330.3,27.83,0.0
101,2023,103,1559.0,13.11,324.8,27.8,0.0
101,2023,103,1600.0,13.11,316.6,27.78,0.0
101,2023,103,1601.0,13.11,309.0,27.76,0.0
101,2023,103,1602.0,13.11,301.3,27.76,0.0
101,2023,103,1603.0,13.11,297.7,27.75,0.0
101,2023,103,1604.0,13.11,294.0,27.74,0.0
101,2023,103,1605.0,13.11,290.6,27.73,0.0
101,2023,103,1606.0,13.11,286.2,27.77,0.0
101,2023,103,1607.0,13.11,282.1,27.78,0.0
101,2023,103,1608.0,13.11,275.7,27.73,0.0
101,2023,103,1609.0,13.11,268.0,27.7,0.0
101,2023,103,1610.0,13.11,264.7,27.7,0.0
101,2023,103,1611.0,13.11,266.0,27.67,0.0
101,2023,103,1612.0,13.11,267.4,27.65,0.0
101,2023,103,1613.0,13.12,265.4,27.63,0.0
101,2023,103,1614.0,13.12,262.9,27.62,0.0
101,2023,103,1615.0,13.11,259.6,27.64,0.0
101,2023,103,1616.0,13.12,254.7,27.62,0.0
101,2023,103,1617.0,13.12,250.2,27.57,0.0
101,2023,103,1618.0,13.12,242.8,27.55,0.0
101,2023,103,1619.0,13.12,235.3,27.54,0.0
101,2023,103,1620.0,13.11,231.3,27.56,0.0
101,2023,103,1621.0,13.11,230.7,27.54,0.0
101,2023,103,1622.0,13.11,229.4,27.53,0.0
101,2023,103,1623.0,13.11,226.2,27.51,0.0
101,2023,103,1624.0,13.11,222.8,27.52,0.0
101,2023,103,1625.0,13.1,217.2,27.52,0.0
101,2023,103,1626.0,13.11,213.1,27.5,0.0
101,2023,103,1627.0,13.1,210.7,27.49,0.0
101,2023,103,1628.0,13.1,210.7,27.45,0.0
101,2023,103,1629.0,13.1,207.8,27.42,0.0
101,2023,103,1630.0,13.1,201.6,27.41,0.0
101,2023,103,1631.0,13.1,193.1,27.4,0.0
101,2023,103,1632.0,13.09,185.2,27.39,0.0
101,2023,103,1633.0,13.09,177.9,27.37,0.0
101,2023,103,1634.0,13.08,171.0,27.36,0.0
101,2023,103,1635.0,13.08,169.6,27.33,0.0
101,2023,103,1636.0,13.08,170.2,27.31,0.0
101,2023,103,1637.0,13.08,166.6,27.29,0.0
101,2023,103,1638.0,13.07,161.2,27.26,0.0
101,2023,103,1639.0,13.07,158.4,27.28,0.0
101,2023,103,1640.0,13.07,154.5,27.26,0.0
101,2023,103,1641.0,13.07,152.8,27.21,0.0
101,2023,103,1642.0,13.06,147.3,27.18,0.0
101,2023,103,1643.0,13.05,137.9,27.16,0.0
101,2023,103,1644.0,13.05,126.7,27.12,0.0
101,2023,103,1645.0,13.04,116.9,27.12,0.0
101,2023,103,1646.0,13.03,113.4,27.1,0.0
101,2023,103,1647.0,13.02,112.0,27.1,0.0
101,2023,103,1648.0,13.02,108.6,27.08,0.0
101,2023,103,1649.0,13.01,102.8,27.07,0.0
101,2023,103,1650.0,13.0,93.4,27.06,0.0
101,2023,103,1651.0,12.99,85.1,27.0,0.0
101,2023,103,1652.0,12.98,80.5,26.98,0.0
101,2023,103,1653.0,12.97,78.6,26.95,0.0
101,2023,103,1654.0,12.96,79.9,26.89,0.0
101,2023,103,1655.0,12.95,80.4,26.84,0.0
101,2023,103,1656.0,12.94,78.3,26.8,0.0
101,2023,103,1657.0,12.94,75.2,26.75,0.0
101,2023,103,1658.0,12.93,74.1,26.71,0.0
101,2023,103,1659.0,12.92,72.9,26.71,0.0
101,2023,103,1700.0,12.92,69.9,26.69,0.0
101,2023,103,1701.0,12.91,65.14,26.67,0.0
101,2023,103,1702.0,12.9,58.8,26.62,0.0
101,2023,103,1703.0,12.89,52.68,26.58,0.0
101,2023,103,1704.0,12.88,47.24,26.55,0.0
101,2023,103,1705.0,12.87,43.46,26.5,0.0
101,2023,103,1706.0,12.86,39.32,26.48,0.0
101,2023,103,1707.0,12.85,34.22,26.43,0.0
101,2023,103,1708.0,12.84,29.54,26.39,0.0
101,2023,103,1709.0,12.83,26.16,26.34,0.0
101,2023,103,1710.0,12.83,23.54,26.31,0.0
101,2023,103,1711.0,12.82,21.05,26.27,0.0
101,2023,103,1712.0,12.82,18.49,26.25,0.0
101,2023,103,1713.0,12.81,16.26,26.2,0.0
101,2023,103,1714.0,12.81,14.35,26.16,0.0
101,2023,103,1715.0,12.81,12.74,26.11,0.0
101,2023,103,1716.0,12.8,11.39,26.05,0.0
101,2023,103,1717.0,12.8,9.98,26.0,0.0
101,2023,103,1718.0,12.79,8.68,25.95,0.0
101,2023,103,1719.0,12.79,7.67,25.93,0.0
101,2023,103,1720.0,12.79,6.652,25.9,0.0
101,2023,103,1721.0,12.79,5.75,25.86,0.0
101,2023,103,1722.0,12.79,4.876,25.8,0.0
101,2023,103,1723.0,12.78,4.059,25.75,0.0
101,2023,103,1724.0,12.78,3.692,25.71,0.0
101,2023,103,1725.0,12.78,3.157,25.66,0.0
101,2023,103,1726.0,12.78,2.875,25.63,0.0
101,2023,103,1727.0,12.77,2.396,25.59,0.0
101,2023,103,1728.0,12.78,2.255,25.54,0.0
101,2023,103,1729.0,12.77,1.719,25.51,0.0
101,2023,103,1730.0,12.77,1.663,25.47,0.0
101,2023,103,1731.0,12.77,1.099,25.42,0.0
101,2023,103,1732.0,12.77,1.015,25.38,0.0
101,2023,103,1733.0,12.77,1.015,25.34,0.0
101,2023,103,1734.0,12.77,0.0,25.32,0.0
101,2023,103,1735.0,12.76,0.0,25.29,0.0
101,2023,103,1736.0,12.76,0.0,25.26,0.0
101,2023,103,1737.0,12.76,0.0,25.22,0.0
101,2023,103,1738.0,12.76,0.0,25.18,0.0
101,2023,103,1739.0,12.75,0.0,25.15,0.0
101,2023,103,1740.0,12.76,0.0,25.13,0.0
101,2023,103,1741.0,12.76,0.0,25.11,0.0
101,2023,103,1742.0,12.75,0.0,25.09,0.0
101,2023,103,1743.0,12.75,0.0,25.05,0.0
101,2023,103,1744.0,12.75,0.0,25.02,0.0
101,2023,103,1745.0,12.75,0.0,25.0,0.0
101,2023,103,1746.0,12.75,0.0,24.97,0.0
101,2023,103,1747.0,12.75,0.0,24.94,0.0
101,2023,103,1748.0,12.75,0.0,24.92,0.0
101,2023,103,1749.0,12.75,0.0,24.89,0.0
101,2023,103,1750.0,12.74,0.0,24.88,0.0
101,2023,103,1751.0,12.74,0.0,24.88,0.0
101,2023,103,1752.0,12.74,0.0,24.86,0.0
101,2023,103,1753.0,12.74,0.0,24.85,0.0
101,2023,103,1754.0,12.74,0.0,24.83,0.0
101,2023,103,1755.0,12.74,0.0,24.8,0.0
101,2023,103,1756.0,12.74,0.0,24.78,0.0
101,2023,103,1757.0,12.74,0.0,24.77,0.0
101,2023,103,1758.0,12.74,0.0,24.76,0.0
101,2023,103,1759.0,12.74,0.0,24.73,0.0
101,2023,103,1800.0,12.74,0.0,24.71,0.0
101,2023,103,1801.0,12.74,0.0,24.71,0.0
101,2023,103,1802.0,12.73,0.0,24.67,0.0
101,2023,103,1803.0,12.73,0.0,24.66,0.0
101,2023,103,1804.0,12.73,0.0,24.64,0.0
101,2023,103,1805.0,12.73,0.0,24.61,0.0
101,2023,103,1806.0,12.73,0.0,24.6,0.0
101,2023,103,1807.0,12.73,0.0,24.58,0.0
101,2023,103,1808.0,12.73,0.0,24.56,0.0
101,2023,103,1809.0,12.73,0.0,24.53,0.0
101,2023,103,1810.0,12.73,0.0,24.51,0.0
101,2023,103,1811.0,12.73,0.0,24.5,0.0
101,2023,103,1812.0,12.73,0.0,24.5,0.0
101,2023,103,1813.0,12.72,0.0,24.48,0.0
101,2023,103,1814.0,12.73,0.0,24.47,0.0
101,2023,103,1815.0,12.72,0.0,24.46,0.0
101,2023,103,1816.0,12.72,0.0,24.45,0.0
101,2023,103,1817.0,12.72,0.0,24.43,0.0
101,2023,103,1818.0,12.72,0.0,24.41,0.0
101,2023,103,1819.0,12.72,0.0,24.39,0.0
101,2023,103,1820.0,12.72,0.0,24.38,0.0
101,2023,103,1821.0,12.72,0.0,24.37,0.0
101,2023,103,1822.0,12.72,0.0,24.34,0.0
101,2023,103,1823.0,12.72,0.0,24.34,0.0
101,2023,103,1824.0,12.72,0.0,24.35,0.0
101,2023,103,1825.0,12.72,0.0,24.35,0.0
101,2023,103,1826.0,12.71,0.0,24.35,0.0
101,2023,103,1827.0,12.72,0.0,24.35,0.0
101,2023,103,1828.0,12.72,0.0,24.34,0.0
101,2023,103,1829.0,12.71,0.0,24.33,0.0
101,2023,103,1830.0,12.71,0.0,24.33,0.0
101,2023,103,1831.0,12.71,0.0,24.33,0.0
101,2023,103,1832.0,12.71,0.0,24.31,0.0
101,2023,103,1833.0,12.71,0.0,24.29,0.0
101,2023,103,1834.0,12.71,0.0,24.28,0.0
101,2023,103,1835.0,12.71,0.0,24.25,0.0
101,2023,103,1836.0,12.71,0.0,24.26,0.0
101,2023,103,1837.0,12.71,0.0,24.25,0.0
101,2023,103,1838.0,12.71,0.0,24.25,0.0
101,2023,103,1839.0,12.71,0.0,24.25,0.0
101,2023,103,1840.0,12.7,0.0,24.29,0.0
101,2023,103,1841.0,12.71,0.0,24.32,0.0
101,2023,103,1842.0,12.7,0.0,24.33,0.0
101,2023,103,1843.0,12.7,0.0,24.32,0.0
101,2023,103,1844.0,12.7,0.0,24.3,0.0
101,2023,103,1845.0,12.7,0.0,24.3,0.0
101,2023,103,1846.0,12.7,0.0,24.3,0.0
101,2023,103,1847.0,12.7,0.0,24.29,0.0
101,2023,103,1848.0,12.7,0.0,24.28,0.0
101,2023,103,1849.0,12.7,0.0,24.27,0.0
101,2023,103,1850.0,12.7,0.0,24.27,0.0
101,2023,103,1851.0,12.7,0.0,24.26,0.0
101,2023,103,1852.0,12.7,0.0,24.24,0.0
101,2023,103,1853.0,12.7,0.0,24.22,0.0
101,2023,103,1854.0,12.7,0.0,24.2,0.0
101,2023,103,1855.0,12.7,0.0,24.18,0.0
101,2023,103,1856.0,12.7,0.0,24.18,0.0
101,2023,103,1857.0,12.7,0.0,24.18,0.0
101,2023,103,1858.0,12.7,0.0,24.16,0.0
101,2023,103,1859.0,12.69,0.0,24.15,0.0
101,2023,103,1900.0,12.7,0.0,24.13,0.0
101,2023,103,1901.0,12.69,0.0,24.11,0.0
101,2023,103,1902.0,12.69,0.0,24.1,0.0
101,2023,103,1903.0,12.69,0.0,24.09,0.0
101,2023,103,1904.0,12.69,0.0,24.08,0.0
101,2023,103,1905.0,12.69,0.0,24.08,0.0
101,2023,103,1906.0,12.69,0.0,24.07,0.0
101,2023,103,1907.0,12.69,0.0,24.07,0.0
101,2023,103,1908.0,12.69,0.0,24.07,0.0
101,2023,103,1909.0,12.69,0.0,24.05,0.0
101,2023,103,1910.0,12.69,0.0,24.04,0.0
101,2023,103,1911.0,12.69,0.0,24.03,0.0
101,2023,103,1912.0,12.69,0.0,24.02,0.0
101,2023,103,1913.0,12.69,0.0,24.01,0.0
101,2023,103,1914.0,12.69,0.0,24.0,0.0
101,2023,103,1915.0,12.68,0.0,23.98,0.0
101,2023,103,1916.0,12.69,0.0,23.95,0.0
101,2023,103,1917.0,12.69,0.0,23.93,0.0
101,2023,103,1918.0,12.69,0.0,23.91,0.0
101,2023,103,1919.0,12.69,0.0,23.9,0.0
101,2023,103,1920.0,12.68,0.0,23.9,0.0
101,2023,103,1921.0,12.68,0.0,23.9,0.0
101,2023,103,1922.0,12.68,0.0,23.89,0.0
101,2023,103,1923.0,12.68,0.0,23.86,0.0
101,2023,103,1924.0,12.68,0.0,23.84,0.0
101,2023,103,1925.0,12.68,0.0,23.82,0.0
101,2023,103,1926.0,12.68,0.0,23.8,0.0
101,2023,103,1927.0,12.68,0.0,23.75,0.0
101,2023,103,1928.0,12.68,0.0,23.7,0.0
101,2023,103,1929.0,12.68,0.0,23.65,0.0
101,2023,103,1930.0,12.68,0.0,23.61,0.0
101,2023,103,1931.0,12.68,0.0,23.59,0.0
101,2023,103,1932.0,12.68,0.0,23.59,0.0
101,2023,103,1933.0,12.68,0.0,23.6,0.0
101,2023,103,1934.0,12.68,0.0,23.61,0.0
101,2023,103,1935.0,12.68,0.0,23.62,0.0
101,2023,103,1936.0,12.68,0.0,23.62,0.0
101,2023,103,1937.0,12.68,0.0,23.62,0.0
101,2023,103,1938.0,12.68,0.0,23.6,0.0
101,2023,103,1939.0,12.67,0.0,23.58,0.0
101,2023,103,1940.0,12.68,0.0,23.55,0.0
101,2023,103,1941.0,12.67,0.0,23.48,0.0
101,2023,103,1942.0,12.67,0.0,23.41,0.0
101,2023,103,1943.0,12.67,0.0,23.35,0.0
101,2023,103,1944.0,12.67,0.0,23.31,0.0
101,2023,103,1945.0,12.67,0.0,23.28,0.0
101,2023,103,1946.0,12.67,0.0,23.25,0.0
101,2023,103,1947.0,12.67,0.0,23.23,0.0
101,2023,103,1948.0,12.67,0.0,23.21,0.0
101,2023,103,1949.0,12.67,0.0,23.19,0.0
101,2023,103,1950.0,12.67,0.0,23.17,0.0
101,2023,103,1951.0,12.67,0.0,23.15,0.0
101,2023,103,1952.0,12.67,0.0,23.12,0.0
101,2023,103,1953.0,12.67,0.0,23.11,0.0
101,2023,103,1954.0,12.67,0.0,23.12,0.0
101,2023,103,1955.0,12.67,0.0,23.11,0.0
101,2023,103,1956.0,12.67,0.0,23.1,0.0
101,2023,103,1957.0,12.67,0.0,23.09,0.0
101,2023,103,1958.0,12.67,0.0,23.07,0.0
101,2023,103,1959.0,12.67,0.0,23.07,0.0
101,2023,103,2000.0,12.67,0.0,23.06,0.0
101,2023,103,2001.0,12.66,0.0,23.04,0.0
101,2023,103,2002.0,12.66,0.0,23.0,0.0
101,2023,103,2003.0,12.66,0.0,22.96,0.0
101,2023,103,2004.0,12.66,0.0,22.92,0.0
101,2023,103,2005.0,12.66,0.0,22.89,0.0
101,2023,103,2006.0,12.66,0.0,22.87,0.0
101,2023,103,2007.0,12.66,0.0,22.84,0.0
101,2023,103,2008.0,12.66,0.0,22.83,0.0
101,2023,103,2009.0,12.66,0.0,22.82,0.0
101,2023,103,2010.0,12.66,0.0,22.86,0.0
101,2023,103,2011.0,12.66,0.0,22.89,0.0
101,2023,103,2012.0,12.66,0.0,22.89,0.0
101,2023,103,2013.0,12.66,0.0,22.9,0.0
101,2023,103,2014.0,12.66,0.0,22.95,0.0
101,2023,103,2015.0,12.66,0.0,23.0,0.0
101,2023,103,2016.0,12.66,0.0,23.05,0.0
101,2023,103,2017.0,12.66,0.0,23.08,0.0
101,2023,103,2018.0,12.66,0.0,23.08,0.0
101,2023,103,2019.0,12.65,0.0,23.0,0.0
101,2023,103,2020.0,12.65,0.0,22.91,0.0
101,2023,103,2021.0,12.65,0.0,22.84,0.0
101,2023,103,2022.0,12.65,0.0,22.78,0.0
101,2023,103,2023.0,12.65,0.0,22.74,0.0
101,2023,103,2024.0,12.65,0.0,22.72,0.0
101,2023,103,2025.0,12.65,0.0,22.7,0.0
101,2023,103,2026.0,12.65,0.0,22.71,0.0
101,2023,103,2027.0,12.65,0.0,22.72,0.0
101,2023,103,2028.0,12.65,0.0,22.72,0.0
101,2023,103,2029.0,12.65,0.0,22.71,0.0
101,2023,103,2030.0,12.65,0.0,22.7,0.0
101,2023,103,2031.0,12.65,0.0,22.66,0.0
101,2023,103,2032.0,12.65,0.0,22.65,0.0
101,2023,103,2033.0,12.65,0.0,22.64,0.0
101,2023,103,2034.0,12.65,0.0,22.64,0.0
101,2023,103,2035.0,12.65,0.0,22.61,0.0
101,2023,103,2036.0,12.65,0.0,22.6,0.0
101,2023,103,2037.0,12.64,0.0,22.6,0.0
101,2023,103,2038.0,12.65,0.0,22.6,0.0
101,2023,103,2039.0,12.64,0.0,22.59,0.0
101,2023,103,2040.0,12.65,0.0,22.57,0.0
101,2023,103,2041.0,12.65,0.0,22.55,0.0
101,2023,103,2042.0,12.65,0.0,22.55,0.0
101,2023,103,2043.0,12.65,0.0,22.55,0.0
101,2023,103,2044.0,12.65,0.0,22.53,0.0
101,2023,103,2045.0,12.65,0.0,22.51,0.0
101,2023,103,2046.0,12.64,0.0,22.49,0.0
101,2023,103,2047.0,12.65,0.0,22.48,0.0
101,2023,103,2048.0,12.65,0.0,22.46,0.0
101,2023,103,2049.0,12.65,0.0,22.46,0.0
101,2023,103,2050.0,12.64,0.0,22.47,0.0
101,2023,103,2051.0,12.64,0.0,22.5,0.0
101,2023,103,2052.0,12.64,0.0,22.51,0.0
101,2023,103,2053.0,12.64,0.0,22.53,0.0
101,2023,103,2054.0,12.64,0.0,22.55,0.0
101,2023,103,2055.0,12.64,0.0,22.56,0.0
101,2023,103,2056.0,12.64,0.0,22.56,0.0
101,2023,103,2057.0,12.64,0.0,22.58,0.0
101,2023,103,2058.0,12.64,0.0,22.6,0.0
101,2023,103,2059.0,12.64,0.0,22.63,0.0
101,2023,103,2100.0,12.64,0.0,22.62,0.0
101,2023,103,2101.0,12.64,0.0,22.58,0.0
101,2023,103,2102.0,12.64,0.0,22.54,0.0
101,2023,103,2103.0,12.64,0.0,22.51,0.0
101,2023,103,2104.0,12.64,0.0,22.48,0.0
101,2023,103,2105.0,12.64,0.0,22.44,0.0
101,2023,103,2106.0,12.64,0.0,22.42,0.0
101,2023,103,2107.0,12.64,0.0,22.4,0.0
101,2023,103,2108.0,12.64,0.0,22.4,0.0
101,2023,103,2109.0,12.64,0.0,22.4,0.0
101,2023,103,2110.0,12.63,0.0,22.4,0.0
101,2023,103,2111.0,12.63,0.0,22.43,0.0
101,2023,103,2112.0,12.64,0.0,22.48,0.0
101,2023,103,2113.0,12.63,0.0,22.5,0.0
101,2023,103,2114.0,12.63,0.0,22.52,0.0
101,2023,103,2115.0,12.63,0.0,22.52,0.0
101,2023,103,2116.0,12.63,0.0,22.5,0.0
101,2023,103,2117.0,12.64,0.0,22.48,0.0
101,2023,103,2118.0,12.63,0.0,22.49,0.0
101,2023,103,2119.0,12.63,0.0,22.48,0.0
101,2023,103,2120.0,12.63,0.0,22.47,0.0
101,2023,103,2121.0,12.63,0.0,22.44,0.0
101,2023,103,2122.0,12.63,0.0,22.4,0.0
101,2023,103,2123.0,12.63,0.0,22.36,0.0
101,2023,103,2124.0,12.63,0.0,22.35,0.0
101,2023,103,2125.0,12.63,0.0,22.35,0.0
101,2023,103,2126.0,12.63,0.0,22.35,0.0
101,2023,103,2127.0,12.63,0.0,22.34,0.0
101,2023,103,2128.0,12.63,0.0,22.35,0.0
101,2023,103,2129.0,12.63,0.0,22.36,0.0
101,2023,103,2130.0,12.63,0.0,22.39,0.0
101,2023,103,2131.0,12.63,0.0,22.38,0.0
101,2023,103,2132.0,12.63,0.0,22.36,0.0
101,2023,103,2133.0,12.63,0.0,22.37,0.0
101,2023,103,2134.0,12.63,0.0,22.4,0.0
101,2023,103,2135.0,12.63,0.0,22.4,0.0
101,2023,103,2136.0,12.63,0.0,22.38,0.0
101,2023,103,2137.0,12.63,0.0,22.37,0.0
101,2023,103,2138.0,12.63,0.0,22.34,0.0
101,2023,103,2139.0,12.62,0.0,22.3,0.0
101,2023,103,2140.0,12.63,0.0,22.26,0.0
101,2023,103,2141.0,12.63,0.0,22.23,0.0
101,2023,103,2142.0,12.63,0.0,22.22,0.0
101,2023,103,2143.0,12.62,0.0,22.17,0.0
101,2023,103,2144.0,12.63,0.0,22.12,0.0
101,2023,103,2145.0,12.63,0.0,22.1,0.0
101,2023,103,2146.0,12.62,0.0,22.1,0.0
101,2023,103,2147.0,12.62,0.0,22.11,0.0
101,2023,103,2148.0,12.62,0.0,22.09,0.0
101,2023,103,2149.0,12.62,0.0,22.06,0.0
101,2023,103,2150.0,12.62,0.0,22.02,0.0
101,2023,103,2151.0,12.62,0.0,21.99,0.0
101,2023,103,2152.0,12.62,0.0,21.97,0.0
101,2023,103,2153.0,12.62,0.0,21.94,0.0
101,2023,103,2154.0,12.62,0.0,21.92,0.0
101,2023,103,2155.0,12.62,0.0,21.89,0.0
101,2023,103,2156.0,12.62,0.0,21.87,0.0
101,2023,103,2157.0,12.62,0.0,21.87,0.0
101,2023,103,2158.0,12.62,0.0,21.89,0.0
101,2023,103,2159.0,12.62,0.0,21.89,0.0
101,2023,103,2200.0,12.62,0.0,21.9,0.0
101,2023,103,2201.0,12.62,0.0,21.91,0.0
101,2023,103,2202.0,12.62,0.0,21.9,0.0
101,2023,103,2203.0,12.62,0.0,21.87,0.0
101,2023,103,2204.0,12.62,0.0,21.83,0.0
101,2023,103,2205.0,12.62,0.0,21.81,0.0
101,2023,103,2206.0,12.62,0.0,21.78,0.0
101,2023,103,2207.0,12.62,0.0,21.77,0.0
101,2023,103,2208.0,12.62,0.0,21.76,0.0
101,2023,103,2209.0,12.62,0.0,21.77,0.0
101,2023,103,2210.0,12.62,0.0,21.75,0.0
101,2023,103,2211.0,12.62,0.0,21.74,0.0
101,2023,103,2212.0,12.62,0.0,21.74,0.0
101,2023,103,2213.0,12.62,0.0,21.76,0.0
101,2023,103,2214.0,12.62,0.0,21.81,0.0
101,2023,103,2215.0,12.62,0.0,21.84,0.0
101,2023,103,2216.0,12.62,0.0,21.85,0.0
101,2023,103,2217.0,12.61,0.0,21.86,0.0
101,2023,103,2218.0,12.61,0.0,21.86,0.0
101,2023,103,2219.0,12.61,0.0,21.88,0.0
101,2023,103,2220.0,12.61,0.0,21.88,0.0
101,2023,103,2221.0,12.61,0.0,21.86,0.0
101,2023,103,2222.0,12.62,0.0,21.84,0.0
101,2023,103,2223.0,12.61,0.0,21.84,0.0
101,2023,103,2224.0,12.61,0.0,21.82,0.0
101,2023,103,2225.0,12.61,0.0,21.8,0.0
101,2023,103,2226.0,12.61,0.0,21.82,0.0
101,2023,103,2227.0,12.61,0.0,21.82,0.0
101,2023,103,2228.0,12.61,0.0,21.8,0.0
101,2023,103,2229.0,12.61,0.0,21.82,0.0
101,2023,103,2230.0,12.61,0.0,21.83,0.0
101,2023,103,2231.0,12.61,0.0,21.83,0.0
101,2023,103,2232.0,12.61,0.0,21.81,0.0
101,2023,103,2233.0,12.61,0.0,21.81,0.0
101,2023,103,2234.0,12.61,0.0,21.81,0.0
101,2023,103,2235.0,12.61,0.0,21.77,0.0
101,2023,103,2236.0,12.61,0.0,21.74,0.0
101,2023,103,2237.0,12.61,0.0,21.71,0.0
101,2023,103,2238.0,12.61,0.0,21.72,0.0
101,2023,103,2239.0,12.61,0.0,21.69,0.0
101,2023,103,2240.0,12.61,0.0,21.68,0.0
101,2023,103,2241.0,12.61,0.0,21.68,0.0
101,2023,103,2242.0,12.61,0.0,21.67,0.0
101,2023,103,2243.0,12.61,0.0,21.65,0.0
101,2023,103,2244.0,12.61,0.0,21.63,0.0
101,2023,103,2245.0,12.61,0.0,21.6,0.0
101,2023,103,2246.0,12.61,0.0,21.6,0.0
101,2023,103,2247.0,12.6,0.0,21.58,0.0
101,2023,103,2248.0,12.6,0.0,21.57,0.0
101,2023,103,2249.0,12.6,0.0,21.55,0.0
101,2023,103,2250.0,12.61,0.0,21.52,0.0
101,2023,103,2251.0,12.61,0.0,21.5,0.0
101,2023,103,2252.0,12.6,0.0,21.48,0.0
101,2023,103,2253.0,12.6,0.0,21.46,0.0
101,2023,103,2254.0,12.6,0.0,21.43,0.0
101,2023,103,2255.0,12.6,0.0,21.42,0.0
101,2023,103,2256.0,12.6,0.0,21.42,0.0
101,2023,103,2257.0,12.6,0.0,21.41,0.0
101,2023,103,2258.0,12.6,0.0,21.42,0.0
101,2023,103,2259.0,12.6,0.0,21.45,0.0
101,2023,103,2300.0,12.6,0.0,21.46,0.0
101,2023,103,2301.0,12.6,0.0,21.49,0.0
101,2023,103,2302.0,12.6,0.0,21.5,0.0
101,2023,103,2303.0,12.6,0.0,21.5,0.0
101,2023,103,2304.0,12.6,0.0,21.49,0.0
101,2023,103,2305.0,12.6,0.0,21.48,0.0
101,2023,103,2306.0,12.6,0.0,21.5,0.0
101,2023,103,2307.0,12.6,0.0,21.52,0.0
101,2023,103,2308.0,12.6,0.0,21.53,0.0
101,2023,103,2309.0,12.6,0.0,21.51,0.0
101,2023,103,2310.0,12.6,0.0,21.49,0.0
101,2023,103,2311.0,12.6,0.0,21.47,0.0
101,2023,103,2312.0,12.6,0.0,21.44,0.0
101,2023,103,2313.0,12.6,0.0,21.42,0.0
101,2023,103,2314.0,12.6,0.0,21.41,0.0
101,2023,103,2315.0,12.6,0.0,21.41,0.0
101,2023,103,2316.0,12.6,0.0,21.5,0.0
101,2023,103,2317.0,12.6,0.0,21.55,0.0
101,2023,103,2318.0,12.6,0.0,21.57,0.0
101,2023,103,2319.0,12.6,0.0,21.56,0.0
101,2023,103,2320.0,12.6,0.0,21.52,0.0
101,2023,103,2321.0,12.6,0.0,21.5,0.0
101,2023,103,2322.0,12.6,0.0,21.48,0.0
101,2023,103,2323.0,12.6,0.0,21.47,0.0
101,2023,103,2324.0,12.6,0.0,21.48,0.0
101,2023,103,2325.0,12.6,0.0,21.49,0.0
101,2023,103,2326.0,12.6,0.0,21.48,0.0
101,2023,103,2327.0,12.59,0.0,21.48,0.0
101,2023,103,2328.0,12.6,0.0,21.47,0.0
101,2023,103,2329.0,12.6,0.0,21.43,0.0
101,2023,103,2330.0,12.6,0.0,21.41,0.0
101,2023,103,2331.0,12.59,0.0,21.43,0.0
101,2023,103,2332.0,12.6,0.0,21.47,0.0
101,2023,103,2333.0,12.6,0.0,21.5,0.0
101,2023,103,2334.0,12.59,0.0,21.51,0.0
101,2023,103,2335.0,12.59,0.0,21.53,0.0
101,2023,103,2336.0,12.59,0.0,21.53,0.0
101,2023,103,2337.0,12.59,0.0,21.53,0.0
101,2023,103,2338.0,12.59,0.0,21.5,0.0
101,2023,103,2339.0,12.59,0.0,21.49,0.0
101,2023,103,2340.0,12.59,0.0,21.46,0.0
101,2023,103,2341.0,12.59,0.0,21.44,0.0
101,2023,103,2342.0,12.59,0.0,21.41,0.0
101,2023,103,2343.0,12.6,0.0,21.41,0.0
101,2023,103,2344.0,12.59,0.0,21.4,0.0
101,2023,103,2345.0,12.59,0.0,21.38,0.0
101,2023,103,2346.0,12.59,0.0,21.38,0.0
101,2023,103,2347.0,12.59,0.0,21.37,0.0
101,2023,103,2348.0,12.59,0.0,21.36,0.0
101,2023,103,2349.0,12.59,0.0,21.35,0.0
101,2023,103,2350.0,12.59,0.0,21.32,0.0
101,2023,103,2351.0,12.59,0.0,21.3,0.0
101,2023,103,2352.0,12.59,0.0,21.29,0.0
101,2023,103,2353.0,12.59,0.0,21.33,0.0
101,2023,103,2354.0,12.59,0.0,21.42,0.0
101,2023,103,2355.0,12.59,0.0,21.43,0.0
101,2023,103,2356.0,12.59,0.0,21.45,0.0
101,2023,103,2357.0,12.59,0.0,21.46,0.0
101,2023,103,2358.0,12.59,0.0,21.44,0.0
101,2023,103,2359.0,12.59,0.0,21.44,0.0
