a,b,dia_juliano,d,e,f,g,h
101,2023,126,2400.0,12.55,0.0,22.95,0.0
101,2023,126,1.0,12.55,0.0,22.95,0.0
101,2023,126,2.0,12.55,0.0,22.91,0.0
101,2023,126,3.0,12.55,0.0,22.87,0.0
101,2023,126,4.0,12.55,0.0,22.87,0.0
101,2023,126,5.0,12.55,0.0,22.9,0.0
101,2023,126,6.0,12.55,0.0,22.88,0.0
101,2023,126,7.0,12.55,0.0,22.86,0.0
101,2023,126,8.0,12.55,0.0,22.87,0.0
101,2023,126,9.0,12.55,0.0,22.89,0.0
101,2023,126,10.0,12.55,0.0,22.88,0.0
101,2023,126,11.0,12.55,0.0,22.82,0.0
101,2023,126,12.0,12.55,0.0,22.84,0.0
101,2023,126,13.0,12.55,0.0,22.88,0.0
101,2023,126,14.0,12.54,0.0,22.9,0.0
101,2023,126,15.0,12.54,0.0,22.88,0.0
101,2023,126,16.0,12.54,0.0,22.88,0.0
101,2023,126,17.0,12.54,0.0,22.81,0.0
101,2023,126,18.0,12.55,0.0,22.75,0.0
101,2023,126,19.0,12.54,0.0,22.72,0.0
101,2023,126,20.0,12.54,0.0,22.71,0.0
101,2023,126,21.0,12.54,0.0,22.73,0.0
101,2023,126,22.0,12.54,0.0,22.75,0.0
101,2023,126,23.0,12.54,0.0,22.73,0.0
101,2023,126,24.0,12.54,0.0,22.74,0.0
101,2023,126,25.0,12.54,0.0,22.77,0.0
101,2023,126,26.0,12.54,0.0,22.78,0.0
101,2023,126,27.0,12.54,0.0,22.82,0.0
101,2023,126,28.0,12.54,0.0,22.81,0.0
101,2023,126,29.0,12.54,0.0,22.8,0.0
101,2023,126,30.0,12.54,0.0,22.8,0.0
101,2023,126,31.0,12.54,0.0,22.78,0.0
101,2023,126,32.0,12.54,0.0,22.76,0.0
101,2023,126,33.0,12.54,0.0,22.73,0.0
101,2023,126,34.0,12.54,0.0,22.7,0.0
101,2023,126,35.0,12.54,0.0,22.67,0.0
101,2023,126,36.0,12.54,0.0,22.66,0.0
101,2023,126,37.0,12.53,0.0,22.66,0.0
101,2023,126,38.0,12.54,0.0,22.65,0.0
101,2023,126,39.0,12.53,0.0,22.64,0.0
101,2023,126,40.0,12.53,0.0,22.62,0.0
101,2023,126,41.0,12.53,0.0,22.61,0.0
101,2023,126,42.0,12.53,0.0,22.58,0.0
101,2023,126,43.0,12.53,0.0,22.56,0.0
101,2023,126,44.0,12.53,0.0,22.52,0.0
101,2023,126,45.0,12.53,0.0,22.49,0.0
101,2023,126,46.0,12.53,0.0,22.47,0.0
101,2023,126,47.0,12.53,0.0,22.45,0.0
101,2023,126,48.0,12.53,0.0,22.44,0.0
101,2023,126,49.0,12.53,0.0,22.44,0.0
101,2023,126,50.0,12.53,0.0,22.48,0.0
101,2023,126,51.0,12.53,0.0,22.54,0.0
101,2023,126,52.0,12.53,0.0,22.6,0.0
101,2023,126,53.0,12.53,0.0,22.64,0.0
101,2023,126,54.0,12.53,0.0,22.66,0.0
101,2023,126,55.0,12.53,0.0,22.66,0.0
101,2023,126,56.0,12.52,0.0,22.64,0.0
101,2023,126,57.0,12.52,0.0,22.65,0.0
101,2023,126,58.0,12.52,0.0,22.66,0.0
101,2023,126,59.0,12.52,0.0,22.62,0.0
101,2023,126,100.0,12.52,0.0,22.59,0.0
101,2023,126,101.0,12.52,0.0,22.57,0.0
101,2023,126,102.0,12.52,0.0,22.56,0.0
101,2023,126,103.0,12.52,0.0,22.56,0.0
101,2023,126,104.0,12.52,0.0,22.58,0.0
101,2023,126,105.0,12.52,0.0,22.58,0.0
101,2023,126,106.0,12.52,0.0,22.56,0.0
101,2023,126,107.0,12.52,0.0,22.54,0.0
101,2023,126,108.0,12.52,0.0,22.54,0.0
101,2023,126,109.0,12.52,0.0,22.53,0.0
101,2023,126,110.0,12.52,0.0,22.5,0.0
101,2023,126,111.0,12.52,0.0,22.49,0.0
101,2023,126,112.0,12.52,0.0,22.49,0.0
101,2023,126,113.0,12.52,0.0,22.49,0.0
101,2023,126,114.0,12.52,0.0,22.53,0.0
101,2023,126,115.0,12.52,0.0,22.57,0.0
101,2023,126,116.0,12.52,0.0,22.57,0.0
101,2023,126,117.0,12.52,0.0,22.57,0.0
101,2023,126,118.0,12.52,0.0,22.57,0.0
101,2023,126,119.0,12.51,0.0,22.57,0.0
101,2023,126,120.0,12.52,0.0,22.56,0.0
101,2023,126,121.0,12.51,0.0,22.52,0.0
101,2023,126,122.0,12.52,0.0,22.5,0.0
101,2023,126,123.0,12.51,0.0,22.49,0.0
101,2023,126,124.0,12.51,0.0,22.48,0.0
101,2023,126,125.0,12.51,0.0,22.47,0.0
101,2023,126,126.0,12.51,0.0,22.47,0.0
101,2023,126,127.0,12.51,0.0,22.47,0.0
101,2023,126,128.0,12.51,0.0,22.5,0.0
101,2023,126,129.0,12.51,0.0,22.52,0.0
101,2023,126,130.0,12.51,0.0,22.51,0.0
101,2023,126,131.0,12.51,0.0,22.48,0.0
101,2023,126,132.0,12.51,0.0,22.47,0.0
101,2023,126,133.0,12.51,0.0,22.46,0.0
101,2023,126,134.0,12.51,0.0,22.45,0.0
101,2023,126,135.0,12.51,0.0,22.44,0.0
101,2023,126,136.0,12.51,0.0,22.42,0.0
101,2023,126,137.0,12.5,0.0,22.4,0.0
101,2023,126,138.0,12.5,0.0,22.38,0.0
101,2023,126,139.0,12.5,0.0,22.37,0.0
101,2023,126,140.0,12.5,0.0,22.37,0.0
101,2023,126,141.0,12.5,0.0,22.37,0.0
101,2023,126,142.0,12.5,0.0,22.38,0.0
101,2023,126,143.0,12.5,0.0,22.45,0.0
101,2023,126,144.0,12.5,0.0,22.53,0.0
101,2023,126,145.0,12.5,0.0,22.54,0.0
101,2023,126,146.0,12.5,0.0,22.52,0.0
101,2023,126,147.0,12.5,0.0,22.5,0.0
101,2023,126,148.0,12.5,0.0,22.5,0.0
101,2023,126,149.0,12.5,0.0,22.53,0.0
101,2023,126,150.0,12.5,0.0,22.53,0.0
101,2023,126,151.0,12.5,0.0,22.52,0.0
101,2023,126,152.0,12.5,0.0,22.52,0.0
101,2023,126,153.0,12.5,0.0,22.51,0.0
101,2023,126,154.0,12.5,0.0,22.5,0.0
101,2023,126,155.0,12.49,0.0,22.47,0.0
101,2023,126,156.0,12.49,0.0,22.47,0.0
101,2023,126,157.0,12.5,0.0,22.46,0.0
101,2023,126,158.0,12.49,0.0,22.46,0.0
101,2023,126,159.0,12.49,0.0,22.47,0.0
101,2023,126,200.0,12.49,0.0,22.47,0.0
101,2023,126,201.0,12.49,0.0,22.49,0.0
101,2023,126,202.0,12.49,0.0,22.52,0.0
101,2023,126,203.0,12.49,0.0,22.56,0.0
101,2023,126,204.0,12.49,0.0,22.57,0.0
101,2023,126,205.0,12.49,0.0,22.58,0.0
101,2023,126,206.0,12.49,0.0,22.56,0.0
101,2023,126,207.0,12.49,0.0,22.56,0.0
101,2023,126,208.0,12.49,0.0,22.54,0.0
101,2023,126,209.0,12.49,0.0,22.53,0.0
101,2023,126,210.0,12.49,0.0,22.51,0.0
101,2023,126,211.0,12.49,0.0,22.49,0.0
101,2023,126,212.0,12.49,0.0,22.48,0.0
101,2023,126,213.0,12.49,0.0,22.47,0.0
101,2023,126,214.0,12.49,0.0,22.45,0.0
101,2023,126,215.0,12.48,0.0,22.44,0.0
101,2023,126,216.0,12.49,0.0,22.42,0.0
101,2023,126,217.0,12.49,0.0,22.42,0.0
101,2023,126,218.0,12.48,0.0,22.47,0.0
101,2023,126,219.0,12.48,0.0,22.53,0.0
101,2023,126,220.0,12.48,0.0,22.56,0.0
101,2023,126,221.0,12.48,0.0,22.57,0.0
101,2023,126,222.0,12.48,0.0,22.56,0.0
101,2023,126,223.0,12.48,0.0,22.55,0.0
101,2023,126,224.0,12.48,0.0,22.54,0.0
101,2023,126,225.0,12.48,0.0,22.54,0.0
101,2023,126,226.0,12.48,0.0,22.56,0.0
101,2023,126,227.0,12.48,0.0,22.57,0.0
101,2023,126,228.0,12.48,0.0,22.57,0.0
101,2023,126,229.0,12.48,0.0,22.59,0.0
101,2023,126,230.0,12.48,0.0,22.59,0.0
101,2023,126,231.0,12.48,0.0,22.61,0.0
101,2023,126,232.0,12.48,0.0,22.62,0.0
101,2023,126,233.0,12.48,0.0,22.6,0.0
101,2023,126,234.0,12.48,0.0,22.56,0.0
101,2023,126,235.0,12.48,0.0,22.52,0.0
101,2023,126,236.0,12.48,0.0,22.51,0.0
101,2023,126,237.0,12.48,0.0,22.47,0.0
101,2023,126,238.0,12.48,0.0,22.4,0.0
101,2023,126,239.0,12.47,0.0,22.38,0.0
101,2023,126,240.0,12.47,0.0,22.41,0.0
101,2023,126,241.0,12.47,0.0,22.4,0.0
101,2023,126,242.0,12.47,0.0,22.37,0.0
101,2023,126,243.0,12.47,0.0,22.33,0.0
101,2023,126,244.0,12.47,0.0,22.3,0.0
101,2023,126,245.0,12.47,0.0,22.34,0.0
101,2023,126,246.0,12.47,0.0,22.35,0.0
101,2023,126,247.0,12.47,0.0,22.33,0.0
101,2023,126,248.0,12.47,0.0,22.32,0.0
101,2023,126,249.0,12.47,0.0,22.29,0.0
101,2023,126,250.0,12.47,0.0,22.29,0.0
101,2023,126,251.0,12.47,0.0,22.31,0.0
101,2023,126,252.0,12.47,0.0,22.34,0.0
101,2023,126,253.0,12.47,0.0,22.38,0.0
101,2023,126,254.0,12.47,0.0,22.4,0.0
101,2023,126,255.0,12.47,0.0,22.42,0.0
101,2023,126,256.0,12.46,0.0,22.42,0.0
101,2023,126,257.0,12.47,0.0,22.41,0.0
101,2023,126,258.0,12.47,0.0,22.43,0.0
101,2023,126,259.0,12.46,0.0,22.46,0.0
101,2023,126,300.0,12.46,0.0,22.46,0.0
101,2023,126,301.0,12.46,0.0,22.45,0.0
101,2023,126,302.0,12.46,0.0,22.45,0.0
101,2023,126,303.0,12.46,0.0,22.45,0.0
101,2023,126,304.0,12.46,0.0,22.44,0.0
101,2023,126,305.0,12.46,0.0,22.44,0.0
101,2023,126,306.0,12.46,0.0,22.45,0.0
101,2023,126,307.0,12.46,0.0,22.48,0.0
101,2023,126,308.0,12.46,0.0,22.53,0.0
101,2023,126,309.0,12.46,0.0,22.56,0.0
101,2023,126,310.0,12.46,0.0,22.55,0.0
101,2023,126,311.0,12.46,0.0,22.53,0.0
101,2023,126,312.0,12.46,0.0,22.53,0.0
101,2023,126,313.0,12.46,0.0,22.54,0.0
101,2023,126,314.0,12.46,0.0,22.52,0.0
101,2023,126,315.0,12.46,0.0,22.53,0.0
101,2023,126,316.0,12.46,0.0,22.54,0.0
101,2023,126,317.0,12.46,0.0,22.54,0.0
101,2023,126,318.0,12.46,0.0,22.55,0.0
101,2023,126,319.0,12.46,0.0,22.58,0.0
101,2023,126,320.0,12.46,0.0,22.59,0.0
101,2023,126,321.0,12.46,0.0,22.59,0.0
101,2023,126,322.0,12.46,0.0,22.58,0.0
101,2023,126,323.0,12.45,0.0,22.53,0.0
101,2023,126,324.0,12.46,0.0,22.48,0.0
101,2023,126,325.0,12.46,0.0,22.43,0.0
101,2023,126,326.0,12.46,0.0,22.42,0.0
101,2023,126,327.0,12.45,0.0,22.42,0.0
101,2023,126,328.0,12.45,0.0,22.4,0.0
101,2023,126,329.0,12.45,0.0,22.4,0.0
101,2023,126,330.0,12.45,0.0,22.4,0.0
101,2023,126,331.0,12.45,0.0,22.42,0.0
101,2023,126,332.0,12.45,0.0,22.43,0.0
101,2023,126,333.0,12.45,0.0,22.44,0.0
101,2023,126,334.0,12.45,0.0,22.45,0.0
101,2023,126,335.0,12.45,0.0,22.47,0.0
101,2023,126,336.0,12.45,0.0,22.47,0.0
101,2023,126,337.0,12.45,0.0,22.47,0.0
101,2023,126,338.0,12.45,0.0,22.47,0.0
101,2023,126,339.0,12.45,0.0,22.49,0.0
101,2023,126,340.0,12.45,0.0,22.5,0.0
101,2023,126,341.0,12.45,0.0,22.51,0.0
101,2023,126,342.0,12.45,0.0,22.52,0.0
101,2023,126,343.0,12.45,0.0,22.52,0.0
101,2023,126,344.0,12.45,0.0,22.51,0.0
101,2023,126,345.0,12.45,0.0,22.49,0.0
101,2023,126,346.0,12.45,0.0,22.48,0.0
101,2023,126,347.0,12.45,0.0,22.47,0.0
101,2023,126,348.0,12.45,0.0,22.47,0.0
101,2023,126,349.0,12.45,0.0,22.44,0.0
101,2023,126,350.0,12.45,0.0,22.42,0.0
101,2023,126,351.0,12.44,0.0,22.41,0.0
101,2023,126,352.0,12.44,0.0,22.39,0.0
101,2023,126,353.0,12.45,0.0,22.38,0.0
101,2023,126,354.0,12.44,0.0,22.37,0.0
101,2023,126,355.0,12.45,0.0,22.36,0.0
101,2023,126,356.0,12.45,0.0,22.36,0.0
101,2023,126,357.0,12.44,0.0,22.35,0.0
101,2023,126,358.0,12.44,0.0,22.35,0.0
101,2023,126,359.0,12.44,0.0,22.33,0.0
101,2023,126,400.0,12.44,0.0,22.32,0.0
101,2023,126,401.0,12.44,0.0,22.32,0.0
101,2023,126,402.0,12.44,0.0,22.3,0.0
101,2023,126,403.0,12.44,0.0,22.31,0.0
101,2023,126,404.0,12.44,0.0,22.32,0.0
101,2023,126,405.0,12.44,0.0,22.32,0.0
101,2023,126,406.0,12.44,0.0,22.32,0.0
101,2023,126,407.0,12.44,0.0,22.31,0.0
101,2023,126,408.0,12.44,0.0,22.32,0.0
101,2023,126,409.0,12.44,0.0,22.36,0.0
101,2023,126,410.0,12.44,0.0,22.4,0.0
101,2023,126,411.0,12.44,0.0,22.44,0.0
101,2023,126,412.0,12.44,0.0,22.45,0.0
101,2023,126,413.0,12.44,0.0,22.47,0.0
101,2023,126,414.0,12.44,0.0,22.47,0.0
101,2023,126,415.0,12.44,0.0,22.5,0.0
101,2023,126,416.0,12.44,0.0,22.5,0.0
101,2023,126,417.0,12.44,0.0,22.52,0.0
101,2023,126,418.0,12.44,0.0,22.53,0.0
101,2023,126,419.0,12.44,0.0,22.52,0.0
101,2023,126,420.0,12.44,0.0,22.51,0.0
101,2023,126,421.0,12.44,0.0,22.49,0.0
101,2023,126,422.0,12.44,0.0,22.49,0.0
101,2023,126,423.0,12.44,0.0,22.49,0.0
101,2023,126,424.0,12.44,0.0,22.49,0.0
101,2023,126,425.0,12.44,0.0,22.49,0.0
101,2023,126,426.0,12.44,0.0,22.47,0.0
101,2023,126,427.0,12.44,0.0,22.46,0.0
101,2023,126,428.0,12.44,0.0,22.43,0.0
101,2023,126,429.0,12.44,0.0,22.42,0.0
101,2023,126,430.0,12.44,0.0,22.41,0.0
101,2023,126,431.0,12.44,0.0,22.4,0.0
101,2023,126,432.0,12.44,0.0,22.43,0.0
101,2023,126,433.0,12.44,0.0,22.44,0.0
101,2023,126,434.0,12.44,0.0,22.42,0.0
101,2023,126,435.0,12.44,0.0,22.4,0.0
101,2023,126,436.0,12.44,0.0,22.4,0.0
101,2023,126,437.0,12.44,0.0,22.39,0.0
101,2023,126,438.0,12.44,0.0,22.37,0.0
101,2023,126,439.0,12.44,0.0,22.36,0.0
101,2023,126,440.0,12.44,0.0,22.35,0.0
101,2023,126,441.0,12.44,0.0,22.36,0.0
101,2023,126,442.0,12.44,0.0,22.35,0.0
101,2023,126,443.0,12.44,0.0,22.35,0.0
101,2023,126,444.0,12.44,0.0,22.35,0.0
101,2023,126,445.0,12.44,0.0,22.33,0.0
101,2023,126,446.0,12.44,0.0,22.32,0.0
101,2023,126,447.0,12.44,0.0,22.3,0.0
101,2023,126,448.0,12.44,0.0,22.3,0.0
101,2023,126,449.0,12.44,0.0,22.29,0.0
101,2023,126,450.0,12.44,0.0,22.3,0.0
101,2023,126,451.0,12.44,0.0,22.31,0.0
101,2023,126,452.0,12.44,0.0,22.33,0.0
101,2023,126,453.0,12.44,0.0,22.35,0.0
101,2023,126,454.0,12.44,0.0,22.35,0.0
101,2023,126,455.0,12.44,0.0,22.32,0.0
101,2023,126,456.0,12.44,0.0,22.3,0.0
101,2023,126,457.0,12.44,0.0,22.28,0.0
101,2023,126,458.0,12.44,0.0,22.28,0.0
101,2023,126,459.0,12.44,0.0,22.26,0.0
101,2023,126,500.0,12.44,0.0,22.25,0.0
101,2023,126,501.0,12.44,0.0,22.22,0.0
101,2023,126,502.0,12.44,0.0,22.2,0.0
101,2023,126,503.0,12.44,0.0,22.23,0.0
101,2023,126,504.0,12.44,0.0,22.25,0.0
101,2023,126,505.0,12.44,0.0,22.25,0.0
101,2023,126,506.0,12.44,0.0,22.19,0.0
101,2023,126,507.0,12.44,0.0,22.18,0.0
101,2023,126,508.0,12.44,0.0,22.17,0.0
101,2023,126,509.0,12.44,0.0,22.12,0.0
101,2023,126,510.0,12.44,0.0,22.12,0.0
101,2023,126,511.0,12.44,0.0,22.1,0.0
101,2023,126,512.0,12.44,0.0,22.12,0.0
101,2023,126,513.0,12.44,0.0,22.18,0.0
101,2023,126,514.0,12.44,0.0,22.27,0.0
101,2023,126,515.0,12.44,0.0,22.37,0.0
101,2023,126,516.0,12.44,0.0,22.33,0.0
101,2023,126,517.0,12.44,0.0,22.34,0.0
101,2023,126,518.0,12.44,0.0,22.32,0.0
101,2023,126,519.0,12.44,0.0,22.3,0.0
101,2023,126,520.0,12.44,0.0,22.29,0.0
101,2023,126,521.0,12.44,0.0,22.34,0.0
101,2023,126,522.0,12.44,0.0,22.43,0.0
101,2023,126,523.0,12.44,0.0,22.52,0.0
101,2023,126,524.0,12.44,0.0,22.51,0.0
101,2023,126,525.0,12.44,0.0,22.4,0.0
101,2023,126,526.0,12.44,1.015,22.34,0.0
101,2023,126,527.0,12.44,1.41,22.32,0.0
101,2023,126,528.0,12.44,1.833,22.37,0.0
101,2023,126,529.0,12.43,2.228,22.45,0.0
101,2023,126,530.0,12.44,2.454,22.53,0.0
101,2023,126,531.0,12.44,3.018,22.5,0.0
101,2023,126,532.0,12.44,3.78,22.42,0.0
101,2023,126,533.0,12.44,4.711,22.42,0.0
101,2023,126,534.0,12.44,6.206,22.44,0.0
101,2023,126,535.0,12.45,7.93,22.44,0.0
101,2023,126,536.0,12.46,10.15,22.42,0.0
101,2023,126,537.0,12.48,13.4,22.42,0.0
101,2023,126,538.0,12.5,17.12,22.42,0.0
101,2023,126,539.0,12.52,20.45,22.43,0.0
101,2023,126,540.0,12.55,23.05,22.42,0.0
101,2023,126,541.0,12.57,24.6,22.42,0.0
101,2023,126,542.0,12.6,25.89,22.43,0.0
101,2023,126,543.0,12.64,27.59,22.45,0.0
101,2023,126,544.0,12.67,30.29,22.47,0.0
101,2023,126,545.0,12.72,35.32,22.48,0.0
101,2023,126,546.0,12.76,39.35,22.49,0.0
101,2023,126,547.0,12.84,41.32,22.5,0.0
101,2023,126,548.0,12.95,41.72,22.51,0.0
101,2023,126,549.0,13.07,41.27,22.54,0.0
101,2023,126,550.0,13.22,43.83,22.57,0.0
101,2023,126,551.0,13.26,48.32,22.6,0.0
101,2023,126,552.0,13.26,53.11,22.62,0.0
101,2023,126,553.0,13.26,56.92,22.65,0.0
101,2023,126,554.0,13.26,60.59,22.73,0.0
101,2023,126,555.0,13.26,64.34,22.81,0.0
101,2023,126,556.0,13.26,67.92,22.84,0.0
101,2023,126,557.0,13.26,71.2,22.82,0.0
101,2023,126,558.0,13.26,73.6,22.85,0.0
101,2023,126,559.0,13.26,75.7,22.88,0.0
101,2023,126,600.0,13.26,77.7,22.98,0.0
101,2023,126,601.0,13.26,80.1,23.16,0.0
101,2023,126,602.0,13.26,82.5,23.38,0.0
101,2023,126,603.0,13.26,84.9,23.57,0.0
101,2023,126,604.0,13.26,87.3,23.64,0.0
101,2023,126,605.0,13.25,89.6,23.58,0.0
101,2023,126,606.0,13.26,91.9,23.58,0.0
101,2023,126,607.0,13.25,94.1,23.37,0.0
101,2023,126,608.0,13.26,95.8,23.3,0.0
101,2023,126,609.0,13.25,97.9,23.41,0.0
101,2023,126,610.0,13.25,100.9,23.42,0.0
101,2023,126,611.0,13.25,103.7,23.37,0.0
101,2023,126,612.0,13.25,106.5,23.49,0.0
101,2023,126,613.0,13.25,110.1,23.6,0.0
101,2023,126,614.0,13.25,113.1,23.68,0.0
101,2023,126,615.0,13.25,116.2,23.7,0.0
101,2023,126,616.0,13.25,119.7,23.85,0.0
101,2023,126,617.0,13.25,124.2,23.78,0.0
101,2023,126,618.0,13.25,128.0,23.79,0.0
101,2023,126,619.0,13.25,131.6,23.8,0.0
101,2023,126,620.0,13.25,135.2,23.68,0.0
101,2023,126,621.0,13.25,139.2,23.7,0.0
101,2023,126,622.0,13.24,142.7,23.77,0.0
101,2023,126,623.0,13.25,146.1,23.8,0.0
101,2023,126,624.0,13.25,150.3,23.86,0.0
101,2023,126,625.0,13.24,154.7,23.89,0.0
101,2023,126,626.0,13.25,158.3,24.03,0.0
101,2023,126,627.0,13.24,162.5,24.09,0.0
101,2023,126,628.0,13.24,166.8,24.11,0.0
101,2023,126,629.0,13.24,170.4,24.12,0.0
101,2023,126,630.0,13.24,174.1,24.13,0.0
101,2023,126,631.0,13.24,177.0,24.14,0.0
101,2023,126,632.0,13.24,181.1,24.24,0.0
101,2023,126,633.0,13.24,185.0,24.28,0.0
101,2023,126,634.0,13.24,187.7,24.39,0.0
101,2023,126,635.0,13.24,190.7,24.4,0.0
101,2023,126,636.0,13.24,193.9,24.41,0.0
101,2023,126,637.0,13.24,197.5,24.37,0.0
101,2023,126,638.0,13.24,201.9,24.41,0.0
101,2023,126,639.0,13.24,206.0,24.54,0.0
101,2023,126,640.0,13.23,210.1,24.45,0.0
101,2023,126,641.0,13.24,213.5,24.45,0.0
101,2023,126,642.0,13.24,217.4,24.49,0.0
101,2023,126,643.0,13.23,221.7,24.51,0.0
101,2023,126,644.0,13.23,226.3,24.5,0.0
101,2023,126,645.0,13.23,230.8,24.73,0.0
101,2023,126,646.0,13.23,234.6,24.78,0.0
101,2023,126,647.0,13.23,238.8,24.86,0.0
101,2023,126,648.0,13.23,243.4,24.76,0.0
101,2023,126,649.0,13.23,246.3,24.81,0.0
101,2023,126,650.0,13.23,249.8,24.92,0.0
101,2023,126,651.0,13.23,252.6,24.89,0.0
101,2023,126,652.0,13.23,256.2,25.02,0.0
101,2023,126,653.0,13.23,258.3,25.22,0.0
101,2023,126,654.0,13.23,263.7,25.25,0.0
101,2023,126,655.0,13.23,269.9,25.19,0.0
101,2023,126,656.0,13.23,276.0,25.14,0.0
101,2023,126,657.0,13.23,279.2,25.12,0.0
101,2023,126,658.0,13.23,283.8,25.42,0.0
101,2023,126,659.0,13.23,284.4,25.55,0.0
101,2023,126,700.0,13.23,276.5,25.46,0.0
101,2023,126,701.0,13.23,297.1,25.51,0.0
101,2023,126,702.0,13.23,300.0,25.5,0.0
101,2023,126,703.0,13.23,308.6,25.82,0.0
101,2023,126,704.0,13.23,309.8,25.96,0.0
101,2023,126,705.0,13.22,311.1,26.14,0.0
101,2023,126,706.0,13.22,312.1,26.37,0.0
101,2023,126,707.0,13.22,314.7,26.55,0.0
101,2023,126,708.0,13.22,318.5,26.62,0.0
101,2023,126,709.0,13.22,324.5,26.77,0.0
101,2023,126,710.0,13.22,335.3,26.88,0.0
101,2023,126,711.0,13.22,342.2,26.94,0.0
101,2023,126,712.0,13.22,340.9,26.92,0.0
101,2023,126,713.0,13.22,343.0,26.98,0.0
101,2023,126,714.0,13.22,345.9,26.9,0.0
101,2023,126,715.0,13.22,330.0,26.77,0.0
101,2023,126,716.0,13.22,334.7,26.6,0.0
101,2023,126,717.0,13.22,365.7,26.36,0.0
101,2023,126,718.0,13.22,359.2,26.29,0.0
101,2023,126,719.0,13.22,378.4,26.34,0.0
101,2023,126,720.0,13.21,384.2,26.41,0.0
101,2023,126,721.0,13.21,379.3,26.34,0.0
101,2023,126,722.0,13.22,382.7,26.16,0.0
101,2023,126,723.0,13.21,380.0,26.14,0.0
101,2023,126,724.0,13.21,378.0,26.11,0.0
101,2023,126,725.0,13.21,384.4,26.0,0.0
101,2023,126,726.0,13.21,383.1,25.91,0.0
101,2023,126,727.0,13.21,393.1,25.83,0.0
101,2023,126,728.0,13.21,403.7,25.86,0.0
101,2023,126,729.0,13.21,307.8,25.91,0.0
101,2023,126,730.0,13.21,404.0,26.09,0.0
101,2023,126,731.0,13.21,440.3,26.12,0.0
101,2023,126,732.0,13.2,449.5,26.11,0.0
101,2023,126,733.0,13.21,468.1,26.24,0.0
101,2023,126,734.0,13.2,445.0,26.45,0.0
101,2023,126,735.0,13.2,329.0,26.52,0.0
101,2023,126,736.0,13.2,492.6,26.36,0.0
101,2023,126,737.0,13.2,542.0,26.45,0.0
101,2023,126,738.0,13.2,549.6,26.47,0.0
101,2023,126,739.0,13.2,557.1,26.64,0.0
101,2023,126,740.0,13.19,559.6,26.71,0.0
101,2023,126,741.0,13.2,557.1,26.81,0.0
101,2023,126,742.0,13.19,556.8,26.85,0.0
101,2023,126,743.0,13.19,555.2,26.67,0.0
101,2023,126,744.0,13.19,550.2,26.65,0.0
101,2023,126,745.0,13.19,545.3,26.66,0.0
101,2023,126,746.0,13.18,540.3,26.68,0.0
101,2023,126,747.0,13.18,537.4,26.68,0.0
101,2023,126,748.0,13.18,528.7,26.84,0.0
101,2023,126,749.0,13.18,532.3,26.92,0.0
101,2023,126,750.0,13.18,531.3,27.2,0.0
101,2023,126,751.0,13.18,483.8,27.3,0.0
101,2023,126,752.0,13.18,523.9,27.1,0.0
101,2023,126,753.0,13.17,535.3,27.04,0.0
101,2023,126,754.0,13.18,533.1,26.99,0.0
101,2023,126,755.0,13.17,522.7,27.01,0.0
101,2023,126,756.0,13.17,502.9,27.03,0.0
101,2023,126,757.0,13.17,418.1,27.08,0.0
101,2023,126,758.0,13.17,503.1,27.15,0.0
101,2023,126,759.0,13.17,539.1,27.19,0.0
101,2023,126,800.0,13.17,537.8,27.14,0.0
101,2023,126,801.0,13.17,533.5,27.13,0.0
101,2023,126,802.0,13.17,527.1,27.03,0.0
101,2023,126,803.0,13.17,524.5,27.0,0.0
101,2023,126,804.0,13.16,523.9,26.98,0.0
101,2023,126,805.0,13.16,529.6,27.06,0.0
101,2023,126,806.0,13.16,323.0,27.2,0.0
101,2023,126,807.0,13.16,386.2,27.19,0.0
101,2023,126,808.0,13.16,588.9,27.26,0.0
101,2023,126,809.0,13.16,584.6,27.28,0.0
101,2023,126,810.0,13.16,578.1,27.16,0.0
101,2023,126,811.0,13.16,573.7,27.19,0.0
101,2023,126,812.0,13.16,567.3,27.34,0.0
101,2023,126,813.0,13.15,568.3,27.47,0.0
101,2023,126,814.0,13.15,578.5,27.42,0.0
101,2023,126,815.0,13.15,581.5,27.7,0.0
101,2023,126,816.0,13.15,603.7,27.66,0.0
101,2023,126,817.0,13.15,421.3,27.72,0.0
101,2023,126,818.0,13.15,514.0,27.61,0.0
101,2023,126,819.0,13.15,427.4,27.55,0.0
101,2023,126,820.0,13.15,651.3,27.47,0.0
101,2023,126,821.0,13.15,700.0,27.59,0.0
101,2023,126,822.0,13.15,671.0,27.73,0.0
101,2023,126,823.0,13.15,573.9,27.76,0.0
101,2023,126,824.0,13.15,665.0,27.7,0.0
101,2023,126,825.0,13.15,678.8,27.65,0.0
101,2023,126,826.0,13.14,450.0,27.62,0.0
101,2023,126,827.0,13.14,211.2,27.77,0.0
101,2023,126,828.0,13.14,207.9,27.81,0.0
101,2023,126,829.0,13.14,231.2,27.72,0.0
101,2023,126,830.0,13.14,280.5,27.65,0.0
101,2023,126,831.0,13.14,376.4,27.5,0.0
101,2023,126,832.0,13.14,340.4,27.46,0.0
101,2023,126,833.0,13.14,557.9,27.48,0.0
101,2023,126,834.0,13.14,780.0,27.6,0.0
101,2023,126,835.0,13.14,729.0,27.79,0.0
101,2023,126,836.0,13.14,346.3,27.89,0.0
101,2023,126,837.0,13.14,429.6,27.92,0.0
101,2023,126,838.0,13.14,745.0,28.01,0.0
101,2023,126,839.0,13.14,758.0,28.1,0.0
101,2023,126,840.0,13.14,517.0,28.09,0.0
101,2023,126,841.0,13.14,520.6,27.94,0.0
101,2023,126,842.0,13.14,715.0,27.85,0.0
101,2023,126,843.0,13.14,540.5,27.93,0.0
101,2023,126,844.0,13.14,557.8,27.98,0.0
101,2023,126,845.0,13.14,769.0,27.91,0.0
101,2023,126,846.0,13.14,772.0,27.92,0.0
101,2023,126,847.0,13.13,761.0,27.97,0.0
101,2023,126,848.0,13.13,770.0,27.95,0.0
101,2023,126,849.0,13.13,781.0,28.12,0.0
101,2023,126,850.0,13.13,789.0,28.2,0.0
101,2023,126,851.0,13.13,790.0,28.23,0.0
101,2023,126,852.0,13.13,684.0,28.37,0.0
101,2023,126,853.0,13.13,767.0,28.46,0.0
101,2023,126,854.0,13.13,782.0,28.48,0.0
101,2023,126,855.0,13.13,772.0,28.41,0.0
101,2023,126,856.0,13.13,766.0,28.48,0.0
101,2023,126,857.0,13.12,757.0,28.52,0.0
101,2023,126,858.0,13.12,749.0,28.49,0.0
101,2023,126,859.0,13.12,745.0,28.5,0.0
101,2023,126,900.0,13.12,748.0,28.43,0.0
101,2023,126,901.0,13.12,753.0,28.48,0.0
101,2023,126,902.0,13.12,753.0,28.45,0.0
101,2023,126,903.0,13.12,755.0,28.42,0.0
101,2023,126,904.0,13.12,757.0,28.32,0.0
101,2023,126,905.0,13.12,761.0,28.38,0.0
101,2023,126,906.0,13.12,765.0,28.29,0.0
101,2023,126,907.0,13.12,766.0,28.21,0.0
101,2023,126,908.0,13.12,768.0,28.18,0.0
101,2023,126,909.0,13.12,771.0,28.15,0.0
101,2023,126,910.0,13.11,775.0,28.28,0.0
101,2023,126,911.0,13.11,778.0,28.25,0.0
101,2023,126,912.0,13.11,785.0,28.18,0.0
101,2023,126,913.0,13.11,588.7,28.26,0.0
101,2023,126,914.0,13.11,639.1,28.29,0.0
101,2023,126,915.0,13.11,764.0,28.37,0.0
101,2023,126,916.0,13.11,781.0,28.4,0.0
101,2023,126,917.0,13.11,778.0,28.44,0.0
101,2023,126,918.0,13.11,783.0,28.35,0.0
101,2023,126,919.0,13.11,765.0,28.49,0.0
101,2023,126,920.0,13.11,478.4,28.55,0.0
101,2023,126,921.0,13.11,727.0,28.39,0.0
101,2023,126,922.0,13.11,351.5,28.35,0.0
101,2023,126,923.0,13.11,758.0,28.18,0.0
101,2023,126,924.0,13.11,397.2,28.2,0.0
101,2023,126,925.0,13.11,293.6,28.09,0.0
101,2023,126,926.0,13.11,552.0,27.98,0.0
101,2023,126,927.0,13.11,287.0,28.06,0.0
101,2023,126,928.0,13.11,224.5,27.93,0.0
101,2023,126,929.0,13.11,335.9,27.83,0.0
101,2023,126,930.0,13.11,832.0,27.82,0.0
101,2023,126,931.0,13.11,869.0,27.93,0.0
101,2023,126,932.0,13.11,628.3,28.21,0.0
101,2023,126,933.0,13.11,887.0,28.41,0.0
101,2023,126,934.0,13.11,737.0,28.62,0.0
101,2023,126,935.0,13.11,690.5,28.74,0.0
101,2023,126,936.0,13.11,771.0,28.64,0.0
101,2023,126,937.0,13.11,924.0,28.58,0.0
101,2023,126,938.0,13.11,900.0,28.72,0.0
101,2023,126,939.0,13.11,849.0,28.87,0.0
101,2023,126,940.0,13.11,710.0,28.92,0.0
101,2023,126,941.0,13.11,792.0,28.88,0.0
101,2023,126,942.0,13.1,911.0,28.94,0.0
101,2023,126,943.0,13.1,353.8,28.9,0.0
101,2023,126,944.0,13.1,193.3,28.77,0.0
101,2023,126,945.0,13.1,181.0,28.63,0.0
101,2023,126,946.0,13.1,313.1,28.52,0.0
101,2023,126,947.0,13.11,423.0,28.41,0.0
101,2023,126,948.0,13.11,205.3,28.31,0.0
101,2023,126,949.0,13.11,172.5,28.25,0.0
101,2023,126,950.0,13.11,164.6,28.18,0.0
101,2023,126,951.0,13.11,180.4,28.05,0.0
101,2023,126,952.0,13.11,197.3,27.92,0.0
101,2023,126,953.0,13.11,227.7,27.89,0.0
101,2023,126,954.0,13.11,553.4,27.88,0.0
101,2023,126,955.0,13.11,515.6,28.0,0.0
101,2023,126,956.0,13.11,602.2,28.16,0.0
101,2023,126,957.0,13.11,729.0,28.22,0.0
101,2023,126,958.0,13.11,743.0,28.29,0.0
101,2023,126,959.0,13.11,649.3,28.41,0.0
101,2023,126,1000.0,13.11,467.9,28.37,0.0
101,2023,126,1001.0,13.12,476.1,28.47,0.0
101,2023,126,1002.0,13.11,775.0,28.61,0.0
101,2023,126,1003.0,13.12,945.0,28.6,0.0
101,2023,126,1004.0,13.11,961.0,28.7,0.0
101,2023,126,1005.0,13.12,931.0,28.84,0.0
101,2023,126,1006.0,13.11,794.0,29.01,0.0
101,2023,126,1007.0,13.11,866.0,29.07,0.0
101,2023,126,1008.0,13.11,1010.0,28.97,0.0
101,2023,126,1009.0,13.11,1020.0,29.13,0.0
101,2023,126,1010.0,13.11,915.0,29.25,0.0
101,2023,126,1011.0,13.11,635.6,29.13,0.0
101,2023,126,1012.0,13.11,681.7,29.08,0.0
101,2023,126,1013.0,13.11,850.0,29.15,0.0
101,2023,126,1014.0,13.11,901.0,29.18,0.0
101,2023,126,1015.0,13.11,897.0,29.36,0.0
101,2023,126,1016.0,13.11,942.0,29.56,0.0
101,2023,126,1017.0,13.11,659.0,29.46,0.0
101,2023,126,1018.0,13.11,810.0,29.47,0.0
101,2023,126,1019.0,13.11,966.0,29.5,0.0
101,2023,126,1020.0,13.11,856.0,29.43,0.0
101,2023,126,1021.0,13.11,840.0,29.46,0.0
101,2023,126,1022.0,13.11,864.0,29.53,0.0
101,2023,126,1023.0,13.11,1044.0,29.59,0.0
101,2023,126,1024.0,13.11,972.0,29.48,0.0
101,2023,126,1025.0,13.11,576.9,29.59,0.0
101,2023,126,1026.0,13.1,761.0,29.7,0.0
101,2023,126,1027.0,13.1,637.0,29.85,0.0
101,2023,126,1028.0,13.1,328.7,29.76,0.0
101,2023,126,1029.0,13.1,282.8,29.45,0.0
101,2023,126,1030.0,13.1,263.2,29.2,0.0
101,2023,126,1031.0,13.1,256.7,28.96,0.0
101,2023,126,1032.0,13.11,264.6,28.87,0.0
101,2023,126,1033.0,13.11,437.2,28.66,0.0
101,2023,126,1034.0,13.1,764.0,28.7,0.0
101,2023,126,1035.0,13.11,1023.0,28.84,0.0
101,2023,126,1036.0,13.11,1024.0,29.09,0.0
101,2023,126,1037.0,13.11,803.0,29.28,0.0
101,2023,126,1038.0,13.11,661.0,29.28,0.0
101,2023,126,1039.0,13.11,270.2,29.31,0.0
101,2023,126,1040.0,13.11,260.6,29.25,0.0
101,2023,126,1041.0,13.11,333.6,29.11,0.0
101,2023,126,1042.0,13.11,726.0,29.03,0.0
101,2023,126,1043.0,13.11,504.4,29.09,0.0
101,2023,126,1044.0,13.11,288.7,29.14,0.0
101,2023,126,1045.0,13.1,333.0,29.09,0.0
101,2023,126,1046.0,13.1,326.9,29.06,0.0
101,2023,126,1047.0,13.11,355.2,29.01,0.0
101,2023,126,1048.0,13.11,757.0,28.88,0.0
101,2023,126,1049.0,13.11,1045.0,28.97,0.0
101,2023,126,1050.0,13.11,1052.0,29.13,0.0
101,2023,126,1051.0,13.1,1042.0,29.26,0.0
101,2023,126,1052.0,13.11,1035.0,29.33,0.0
101,2023,126,1053.0,13.11,576.1,29.45,0.0
101,2023,126,1054.0,13.1,224.1,29.43,0.0
101,2023,126,1055.0,13.1,206.3,29.33,0.0
101,2023,126,1056.0,13.1,221.9,29.12,0.0
101,2023,126,1057.0,13.1,287.9,28.85,0.0
101,2023,126,1058.0,13.1,949.0,28.71,0.0
101,2023,126,1059.0,13.1,1094.0,28.86,0.0
101,2023,126,1100.0,13.1,1096.0,29.02,0.0
101,2023,126,1101.0,13.1,995.0,29.36,0.0
101,2023,126,1102.0,13.1,924.0,29.46,0.0
101,2023,126,1103.0,13.1,1058.0,29.64,0.0
101,2023,126,1104.0,13.1,1044.0,29.58,0.0
101,2023,126,1105.0,13.1,1023.0,29.51,0.0
101,2023,126,1106.0,13.1,1027.0,29.73,0.0
101,2023,126,1107.0,13.1,1021.0,29.76,0.0
101,2023,126,1108.0,13.09,1013.0,29.92,0.0
101,2023,126,1109.0,13.09,999.0,29.87,0.0
101,2023,126,1110.0,13.09,998.0,29.9,0.0
101,2023,126,1111.0,13.09,1004.0,29.93,0.0
101,2023,126,1112.0,13.09,991.0,30.03,0.0
101,2023,126,1113.0,13.09,989.0,30.12,0.0
101,2023,126,1114.0,13.08,571.6,30.17,0.0
101,2023,126,1115.0,13.08,426.2,29.84,0.0
101,2023,126,1116.0,13.09,1006.0,29.63,0.0
101,2023,126,1117.0,13.08,1056.0,29.75,0.0
101,2023,126,1118.0,13.08,1066.0,29.9,0.0
101,2023,126,1119.0,13.08,1061.0,29.89,0.0
101,2023,126,1120.0,13.08,1043.0,29.97,0.0
101,2023,126,1121.0,13.08,965.0,29.91,0.0
101,2023,126,1122.0,13.08,1033.0,29.99,0.0
101,2023,126,1123.0,13.08,878.0,30.22,0.0
101,2023,126,1124.0,13.08,275.6,30.0,0.0
101,2023,126,1125.0,13.07,270.1,29.68,0.0
101,2023,126,1126.0,13.07,901.0,29.37,0.0
101,2023,126,1127.0,13.08,1010.0,29.39,0.0
101,2023,126,1128.0,13.07,991.0,29.56,0.0
101,2023,126,1129.0,13.07,991.0,29.71,0.0
101,2023,126,1130.0,13.07,990.0,29.77,0.0
101,2023,126,1131.0,13.08,993.0,29.78,0.0
101,2023,126,1132.0,13.07,999.0,29.67,0.0
101,2023,126,1133.0,13.07,1011.0,29.68,0.0
101,2023,126,1134.0,13.07,1019.0,29.82,0.0
101,2023,126,1135.0,13.07,629.5,29.99,0.0
101,2023,126,1136.0,13.07,270.0,29.86,0.0
101,2023,126,1137.0,13.07,284.3,29.77,0.0
101,2023,126,1138.0,13.07,343.9,29.63,0.0
101,2023,126,1139.0,13.07,968.0,29.44,0.0
101,2023,126,1140.0,13.07,1007.0,29.53,0.0
101,2023,126,1141.0,13.07,1046.0,29.66,0.0
101,2023,126,1142.0,13.07,1053.0,29.61,0.0
101,2023,126,1143.0,13.07,1026.0,29.81,0.0
101,2023,126,1144.0,13.07,1044.0,29.89,0.0
101,2023,126,1145.0,13.07,1050.0,30.03,0.0
101,2023,126,1146.0,13.07,1056.0,30.03,0.0
101,2023,126,1147.0,13.07,1072.0,30.15,0.0
101,2023,126,1148.0,13.07,1100.0,30.34,0.0
101,2023,126,1149.0,13.07,689.0,30.36,0.0
101,2023,126,1150.0,13.06,531.0,30.37,0.0
101,2023,126,1151.0,13.07,874.0,30.4,0.0
101,2023,126,1152.0,13.07,786.0,30.29,0.0
101,2023,126,1153.0,13.07,1002.0,30.11,0.0
101,2023,126,1154.0,13.07,626.4,30.04,0.0
101,2023,126,1155.0,13.07,344.4,29.89,0.0
101,2023,126,1156.0,13.06,303.7,29.8,0.0
101,2023,126,1157.0,13.07,430.6,29.68,0.0
101,2023,126,1158.0,13.07,617.3,29.68,0.0
101,2023,126,1159.0,13.07,1046.0,29.72,0.0
101,2023,126,1200.0,13.07,1064.0,29.88,0.0
101,2023,126,1201.0,13.07,942.0,29.84,0.0
101,2023,126,1202.0,13.07,977.0,29.83,0.0
101,2023,126,1203.0,13.07,906.0,29.83,0.0
101,2023,126,1204.0,13.07,1021.0,29.95,0.0
101,2023,126,1205.0,13.07,1051.0,30.02,0.0
101,2023,126,1206.0,13.07,1037.0,29.98,0.0
101,2023,126,1207.0,13.06,789.0,30.09,0.0
101,2023,126,1208.0,13.06,265.9,30.19,0.0
101,2023,126,1209.0,13.06,294.2,29.92,0.0
101,2023,126,1210.0,13.06,872.0,29.82,0.0
101,2023,126,1211.0,13.06,957.0,29.88,0.0
101,2023,126,1212.0,13.06,976.0,29.9,0.0
101,2023,126,1213.0,13.07,976.0,30.05,0.0
101,2023,126,1214.0,13.06,977.0,30.07,0.0
101,2023,126,1215.0,13.06,983.0,30.18,0.0
101,2023,126,1216.0,13.06,987.0,30.2,0.0
101,2023,126,1217.0,13.06,985.0,30.01,0.0
101,2023,126,1218.0,13.06,991.0,29.91,0.0
101,2023,126,1219.0,13.06,998.0,29.84,0.0
101,2023,126,1220.0,13.06,1006.0,29.93,0.0
101,2023,126,1221.0,13.06,1007.0,30.17,0.0
101,2023,126,1222.0,13.06,988.0,30.19,0.0
101,2023,126,1223.0,13.06,368.0,30.31,0.0
101,2023,126,1224.0,13.06,662.7,30.02,0.0
101,2023,126,1225.0,13.06,980.0,29.89,0.0
101,2023,126,1226.0,13.05,983.0,29.93,0.0
101,2023,126,1227.0,13.06,982.0,30.07,0.0
101,2023,126,1228.0,13.06,972.0,30.3,0.0
101,2023,126,1229.0,13.06,952.0,30.32,0.0
101,2023,126,1230.0,13.05,424.9,30.24,0.0
101,2023,126,1231.0,13.06,933.0,30.16,0.0
101,2023,126,1232.0,13.05,958.0,30.09,0.0
101,2023,126,1233.0,13.05,960.0,30.11,0.0
101,2023,126,1234.0,13.06,963.0,30.03,0.0
101,2023,126,1235.0,13.05,969.0,30.04,0.0
101,2023,126,1236.0,13.05,976.0,30.06,0.0
101,2023,126,1237.0,13.05,987.0,30.16,0.0
101,2023,126,1238.0,13.05,1002.0,30.27,0.0
101,2023,126,1239.0,13.05,1010.0,30.19,0.0
101,2023,126,1240.0,13.05,943.0,30.15,0.0
101,2023,126,1241.0,13.05,418.3,30.15,0.0
101,2023,126,1242.0,13.05,353.8,30.07,0.0
101,2023,126,1243.0,13.05,261.3,29.97,0.0
101,2023,126,1244.0,13.05,308.2,29.85,0.0
101,2023,126,1245.0,13.05,252.9,29.77,0.0
101,2023,126,1246.0,13.06,316.6,29.51,0.0
101,2023,126,1247.0,13.05,672.4,29.39,0.0
101,2023,126,1248.0,13.06,938.0,29.53,0.0
101,2023,126,1249.0,13.06,929.0,29.77,0.0
101,2023,126,1250.0,13.06,923.0,29.86,0.0
101,2023,126,1251.0,13.06,922.0,29.9,0.0
101,2023,126,1252.0,13.06,920.0,29.98,0.0
101,2023,126,1253.0,13.06,928.0,29.98,0.0
101,2023,126,1254.0,13.06,939.0,30.14,0.0
101,2023,126,1255.0,13.06,768.0,30.29,0.0
101,2023,126,1256.0,13.06,424.6,30.25,0.0
101,2023,126,1257.0,13.06,374.8,30.0,0.0
101,2023,126,1258.0,13.06,224.1,29.88,0.0
101,2023,126,1259.0,13.06,454.3,29.74,0.0
101,2023,126,1300.0,13.06,905.0,29.52,0.0
101,2023,126,1301.0,13.06,902.0,29.52,0.0
101,2023,126,1302.0,13.06,897.0,29.72,0.0
101,2023,126,1303.0,13.06,899.0,29.76,0.0
101,2023,126,1304.0,13.06,900.0,29.81,0.0
101,2023,126,1305.0,13.06,900.0,29.95,0.0
101,2023,126,1306.0,13.06,906.0,29.97,0.0
101,2023,126,1307.0,13.06,905.0,30.07,0.0
101,2023,126,1308.0,13.06,897.0,30.08,0.0
101,2023,126,1309.0,13.06,890.0,30.04,0.0
101,2023,126,1310.0,13.05,881.0,30.02,0.0
101,2023,126,1311.0,13.06,878.0,30.03,0.0
101,2023,126,1312.0,13.06,878.0,30.16,0.0
101,2023,126,1313.0,13.06,881.0,30.3,0.0
101,2023,126,1314.0,13.05,880.0,30.16,0.0
101,2023,126,1315.0,13.05,879.0,30.2,0.0
101,2023,126,1316.0,13.05,875.0,30.37,0.0
101,2023,126,1317.0,13.05,871.0,30.26,0.0
101,2023,126,1318.0,13.05,866.0,30.33,0.0
101,2023,126,1319.0,13.05,858.0,30.48,0.0
101,2023,126,1320.0,13.05,855.0,30.48,0.0
101,2023,126,1321.0,13.05,855.0,30.4,0.0
101,2023,126,1322.0,13.05,857.0,30.35,0.0
101,2023,126,1323.0,13.05,856.0,30.36,0.0
101,2023,126,1324.0,13.05,854.0,30.35,0.0
101,2023,126,1325.0,13.05,858.0,30.41,0.0
101,2023,126,1326.0,13.05,861.0,30.5,0.0
101,2023,126,1327.0,13.05,862.0,30.49,0.0
101,2023,126,1328.0,13.05,865.0,30.6,0.0
101,2023,126,1329.0,13.05,867.0,30.44,0.0
101,2023,126,1330.0,13.05,866.0,30.36,0.0
101,2023,126,1331.0,13.05,861.0,30.33,0.0
101,2023,126,1332.0,13.05,849.0,30.44,0.0
101,2023,126,1333.0,13.05,860.0,30.43,0.0
101,2023,126,1334.0,13.05,858.0,30.52,0.0
101,2023,126,1335.0,13.05,861.0,30.52,0.0
101,2023,126,1336.0,13.05,861.0,30.33,0.0
101,2023,126,1337.0,13.05,852.0,30.29,0.0
101,2023,126,1338.0,13.05,848.0,30.19,0.0
101,2023,126,1339.0,13.05,846.0,30.28,0.0
101,2023,126,1340.0,13.05,842.0,30.27,0.0
101,2023,126,1341.0,13.05,844.0,30.12,0.0
101,2023,126,1342.0,13.05,845.0,30.1,0.0
101,2023,126,1343.0,13.05,847.0,30.12,0.0
101,2023,126,1344.0,13.04,852.0,30.03,0.0
101,2023,126,1345.0,13.05,852.0,29.99,0.0
101,2023,126,1346.0,13.05,564.2,30.21,0.0
101,2023,126,1347.0,13.05,294.2,30.12,0.0
101,2023,126,1348.0,13.04,217.0,29.89,0.0
101,2023,126,1349.0,13.04,142.7,29.7,0.0
101,2023,126,1350.0,13.05,358.0,29.48,0.0
101,2023,126,1351.0,13.05,767.0,29.57,0.0
101,2023,126,1352.0,13.05,773.0,29.66,0.0
101,2023,126,1353.0,13.06,769.0,29.77,0.0
101,2023,126,1354.0,13.06,764.0,29.82,0.0
101,2023,126,1355.0,13.06,758.0,29.88,0.0
101,2023,126,1356.0,13.06,755.0,29.92,0.0
101,2023,126,1357.0,13.05,755.0,29.96,0.0
101,2023,126,1358.0,13.06,760.0,29.85,0.0
101,2023,126,1359.0,13.06,759.0,29.91,0.0
101,2023,126,1400.0,13.06,763.0,29.83,0.0
101,2023,126,1401.0,13.06,778.0,29.74,0.0
101,2023,126,1402.0,13.06,706.0,29.87,0.0
101,2023,126,1403.0,13.06,476.3,30.04,0.0
101,2023,126,1404.0,13.06,324.3,30.02,0.0
101,2023,126,1405.0,13.06,730.0,29.9,0.0
101,2023,126,1406.0,13.06,733.0,29.82,0.0
101,2023,126,1407.0,13.06,731.0,29.85,0.0
101,2023,126,1408.0,13.06,728.0,29.94,0.0
101,2023,126,1409.0,13.06,725.0,30.0,0.0
101,2023,126,1410.0,13.06,725.0,29.79,0.0
101,2023,126,1411.0,13.06,728.0,29.73,0.0
101,2023,126,1412.0,13.06,725.0,29.79,0.0
101,2023,126,1413.0,13.06,718.0,29.81,0.0
101,2023,126,1414.0,13.06,716.0,29.84,0.0
101,2023,126,0.0,13.06,713.0,29.84,0.0
101,2023,126,1416.0,13.06,708.0,29.96,0.0
101,2023,126,1417.0,13.06,703.0,30.13,0.0
101,2023,126,1418.0,13.06,698.1,30.12,0.0
101,2023,126,1419.0,13.06,692.8,30.01,0.0
101,2023,126,1420.0,13.06,689.1,29.95,0.0
101,2023,126,1421.0,13.06,687.6,29.83,0.0
101,2023,126,1422.0,13.06,687.4,29.7,0.0
101,2023,126,1423.0,13.06,682.6,29.8,0.0
101,2023,126,1424.0,13.06,678.6,29.71,0.0
101,2023,126,1425.0,13.06,675.2,29.76,0.0
101,2023,126,1426.0,13.06,672.1,29.75,0.0
101,2023,126,1427.0,13.06,668.1,29.82,0.0
101,2023,126,1428.0,13.06,668.3,29.81,0.0
101,2023,126,1429.0,13.06,665.8,29.83,0.0
101,2023,126,1430.0,13.06,662.0,29.78,0.0
101,2023,126,1431.0,13.06,659.2,29.62,0.0
101,2023,126,1432.0,13.06,660.2,29.58,0.0
101,2023,126,1433.0,13.06,663.5,29.57,0.0
101,2023,126,1434.0,13.06,657.3,29.47,0.0
101,2023,126,1435.0,13.06,653.8,29.55,0.0
101,2023,126,1436.0,13.06,652.3,29.6,0.0
101,2023,126,1437.0,13.06,646.1,29.58,0.0
101,2023,126,1438.0,13.06,635.1,29.38,0.0
101,2023,126,1439.0,13.06,626.6,29.3,0.0
101,2023,126,1440.0,13.06,618.0,29.43,0.0
101,2023,126,1441.0,13.06,611.4,29.38,0.0
101,2023,126,1442.0,13.06,607.9,29.33,0.0
101,2023,126,1443.0,13.07,604.3,29.38,0.0
101,2023,126,1444.0,13.07,599.4,29.29,0.0
101,2023,126,1445.0,13.07,595.3,29.12,0.0
101,2023,126,1446.0,13.07,591.9,29.08,0.0
101,2023,126,1447.0,13.07,587.9,29.09,0.0
101,2023,126,1448.0,13.07,583.7,29.0,0.0
101,2023,126,1449.0,13.07,579.7,28.95,0.0
101,2023,126,1450.0,13.07,574.9,29.02,0.0
101,2023,126,1451.0,13.07,570.7,29.07,0.0
101,2023,126,1452.0,13.07,565.8,29.05,0.0
101,2023,126,1453.0,13.07,561.0,29.06,0.0
101,2023,126,1454.0,13.07,557.6,29.1,0.0
101,2023,126,1455.0,13.07,553.0,29.07,0.0
101,2023,126,1456.0,13.07,549.8,29.12,0.0
101,2023,126,1457.0,13.08,548.7,29.15,0.0
101,2023,126,1458.0,13.08,548.6,29.03,0.0
101,2023,126,1459.0,13.08,548.6,28.96,0.0
101,2023,126,1500.0,13.08,549.6,29.01,0.0
101,2023,126,1501.0,13.08,554.8,29.08,0.0
101,2023,126,1502.0,13.08,517.2,29.0,0.0
101,2023,126,1503.0,13.08,569.9,28.88,0.0
101,2023,126,1504.0,13.08,575.8,28.85,0.0
101,2023,126,1505.0,13.08,575.0,28.93,0.0
101,2023,126,1506.0,13.08,568.8,28.99,0.0
101,2023,126,1507.0,13.08,566.4,29.06,0.0
101,2023,126,1508.0,13.08,559.7,29.19,0.0
101,2023,126,1509.0,13.08,452.8,29.21,0.0
101,2023,126,1510.0,13.04,206.4,29.17,0.0
101,2023,126,1511.0,13.03,167.4,29.05,0.0
101,2023,126,1512.0,13.05,429.4,28.96,0.0
101,2023,126,1513.0,13.06,490.9,28.83,0.0
101,2023,126,1514.0,13.07,486.4,28.82,0.0
101,2023,126,1515.0,13.07,483.2,28.78,0.0
101,2023,126,1516.0,13.07,477.8,28.8,0.0
101,2023,126,1517.0,13.07,470.1,28.69,0.0
101,2023,126,1518.0,13.07,465.4,28.68,0.0
101,2023,126,1519.0,13.07,465.1,28.66,0.0
101,2023,126,1520.0,13.07,459.8,28.71,0.0
101,2023,126,1521.0,13.07,439.3,28.76,0.0
101,2023,126,1522.0,13.06,444.8,28.73,0.0
101,2023,126,1523.0,13.07,448.2,28.66,0.0
101,2023,126,1524.0,13.06,448.4,28.62,0.0
101,2023,126,1525.0,13.07,446.6,28.69,0.0
101,2023,126,1526.0,13.07,439.5,28.66,0.0
101,2023,126,1527.0,13.06,433.7,28.66,0.0
101,2023,126,1528.0,13.06,430.8,28.66,0.0
101,2023,126,1529.0,13.06,427.7,28.64,0.0
101,2023,126,1530.0,13.06,424.6,28.6,0.0
101,2023,126,1531.0,13.05,420.6,28.65,0.0
101,2023,126,1532.0,13.05,414.8,28.65,0.0
101,2023,126,1533.0,13.05,407.1,28.64,0.0
101,2023,126,1534.0,13.05,401.7,28.57,0.0
101,2023,126,1535.0,13.05,397.7,28.44,0.0
101,2023,126,1536.0,13.05,394.4,28.36,0.0
101,2023,126,1537.0,13.05,391.4,28.35,0.0
101,2023,126,1538.0,13.04,387.4,28.31,0.0
101,2023,126,1539.0,13.04,382.6,28.28,0.0
101,2023,126,1540.0,13.04,379.8,28.26,0.0
101,2023,126,1541.0,13.04,377.0,28.29,0.0
101,2023,126,1542.0,13.04,374.5,28.27,0.0
101,2023,126,1543.0,13.04,370.8,28.25,0.0
101,2023,126,1544.0,13.04,365.6,28.24,0.0
101,2023,126,1545.0,13.04,360.3,28.21,0.0
101,2023,126,1546.0,13.04,356.1,28.22,0.0
101,2023,126,1547.0,13.04,351.6,28.23,0.0
101,2023,126,1548.0,13.04,347.7,28.22,0.0
101,2023,126,1549.0,13.04,342.4,28.18,0.0
101,2023,126,1550.0,13.04,336.8,28.16,0.0
101,2023,126,1551.0,13.04,334.6,28.2,0.0
101,2023,126,1552.0,13.04,332.5,28.2,0.0
101,2023,126,1553.0,13.04,328.1,28.16,0.0
101,2023,126,1554.0,13.04,322.5,28.14,0.0
101,2023,126,1555.0,13.04,317.9,28.19,0.0
101,2023,126,1556.0,13.05,312.2,28.26,0.0
101,2023,126,1557.0,13.05,307.2,28.23,0.0
101,2023,126,1558.0,13.05,302.7,28.32,0.0
101,2023,126,1559.0,13.05,298.6,28.35,0.0
101,2023,126,1600.0,13.05,294.2,28.32,0.0
101,2023,126,1601.0,13.05,291.2,28.37,0.0
101,2023,126,1602.0,13.06,289.3,28.39,0.0
101,2023,126,1603.0,13.06,285.2,28.37,0.0
101,2023,126,1604.0,13.07,282.6,28.35,0.0
101,2023,126,1605.0,13.08,280.3,28.34,0.0
101,2023,126,1606.0,13.09,276.4,28.35,0.0
101,2023,126,1607.0,13.09,272.6,28.34,0.0
101,2023,126,1608.0,13.1,268.7,28.38,0.0
101,2023,126,1609.0,13.11,264.6,28.51,0.0
101,2023,126,1610.0,13.12,262.0,28.43,0.0
101,2023,126,1611.0,13.12,261.2,28.34,0.0
101,2023,126,1612.0,13.12,264.9,28.39,0.0
101,2023,126,1613.0,13.12,273.2,28.5,0.0
101,2023,126,1614.0,13.12,276.2,28.48,0.0
101,2023,126,1615.0,13.12,272.3,28.46,0.0
101,2023,126,1616.0,13.12,264.3,28.49,0.0
101,2023,126,1617.0,13.12,257.6,28.53,0.0
101,2023,126,1618.0,13.12,250.3,28.52,0.0
101,2023,126,1619.0,13.12,243.7,28.45,0.0
101,2023,126,1620.0,13.12,235.6,28.39,0.0
101,2023,126,1621.0,13.12,225.0,28.26,0.0
101,2023,126,1622.0,13.11,213.4,28.23,0.0
101,2023,126,1623.0,13.09,204.1,28.26,0.0
101,2023,126,1624.0,13.08,195.7,28.21,0.0
101,2023,126,1625.0,13.06,187.5,28.17,0.0
101,2023,126,1626.0,13.04,180.4,28.06,0.0
101,2023,126,1627.0,13.03,174.6,27.97,0.0
101,2023,126,1628.0,13.02,169.8,27.86,0.0
101,2023,126,1629.0,13.0,164.8,27.82,0.0
101,2023,126,1630.0,12.99,159.1,27.85,0.0
101,2023,126,1631.0,12.97,152.4,27.86,0.0
101,2023,126,1632.0,12.96,140.9,27.77,0.0
101,2023,126,1633.0,12.96,136.3,27.67,0.0
101,2023,126,1634.0,12.94,133.5,27.63,0.0
101,2023,126,1635.0,12.94,128.7,27.6,0.0
101,2023,126,1636.0,12.93,123.7,27.64,0.0
101,2023,126,1637.0,12.92,120.9,27.62,0.0
101,2023,126,1638.0,12.92,118.0,27.61,0.0
101,2023,126,1639.0,12.91,114.3,27.59,0.0
101,2023,126,1640.0,12.9,110.2,27.53,0.0
101,2023,126,1641.0,12.9,106.0,27.5,0.0
101,2023,126,1642.0,12.89,102.1,27.46,0.0
101,2023,126,1643.0,12.89,98.3,27.4,0.0
101,2023,126,1644.0,12.88,94.2,27.37,0.0
101,2023,126,1645.0,12.88,89.5,27.29,0.0
101,2023,126,1646.0,12.87,85.2,27.25,0.0
101,2023,126,1647.0,12.87,81.3,27.19,0.0
101,2023,126,1648.0,12.86,77.0,27.15,0.0
101,2023,126,1649.0,12.85,72.7,27.12,0.0
101,2023,126,1650.0,12.85,68.52,27.11,0.0
101,2023,126,1651.0,12.84,64.18,27.11,0.0
101,2023,126,1652.0,12.83,59.81,27.11,0.0
101,2023,126,1653.0,12.83,55.81,27.04,0.0
101,2023,126,1654.0,12.82,51.72,26.99,0.0
101,2023,126,1655.0,12.82,47.47,26.94,0.0
101,2023,126,1656.0,12.81,43.13,26.9,0.0
101,2023,126,1657.0,12.8,35.88,26.88,0.0
101,2023,126,1658.0,12.8,31.32,26.87,0.0
101,2023,126,1659.0,12.79,28.64,26.83,0.0
101,2023,126,1700.0,12.78,24.61,26.78,0.0
101,2023,126,1701.0,12.78,21.82,26.72,0.0
101,2023,126,1702.0,12.77,19.36,26.68,0.0
101,2023,126,1703.0,12.77,16.97,26.67,0.0
101,2023,126,1704.0,12.77,14.91,26.61,0.0
101,2023,126,1705.0,12.77,12.97,26.59,0.0
101,2023,126,1706.0,12.76,11.16,26.55,0.0
101,2023,126,1707.0,12.76,9.87,26.51,0.0
101,2023,126,1708.0,12.76,8.65,26.45,0.0
101,2023,126,1709.0,12.75,7.61,26.44,0.0
101,2023,126,1710.0,12.75,6.708,26.41,0.0
101,2023,126,1711.0,12.75,6.032,26.35,0.0
101,2023,126,1712.0,12.75,5.496,26.31,0.0
101,2023,126,1713.0,12.75,4.933,26.28,0.0
101,2023,126,1714.0,12.75,4.482,26.26,0.0
101,2023,126,1715.0,12.74,4.059,26.25,0.0
101,2023,126,1716.0,12.74,3.721,26.24,0.0
101,2023,126,1717.0,12.74,3.551,26.24,0.0
101,2023,126,1718.0,12.74,3.129,26.21,0.0
101,2023,126,1719.0,12.74,2.819,26.19,0.0
101,2023,126,1720.0,12.74,2.396,26.18,0.0
101,2023,126,1721.0,12.74,2.311,26.15,0.0
101,2023,126,1722.0,12.74,2.001,26.12,0.0
101,2023,126,1723.0,12.74,1.748,26.1,0.0
101,2023,126,1724.0,12.73,1.635,26.07,0.0
101,2023,126,1725.0,12.73,1.381,26.05,0.0
101,2023,126,1726.0,12.73,1.156,26.03,0.0
101,2023,126,1727.0,12.73,1.015,25.99,0.0
101,2023,126,1728.0,12.73,1.015,25.96,0.0
101,2023,126,1729.0,12.73,0.0,25.93,0.0
101,2023,126,1730.0,12.72,0.0,25.9,0.0
101,2023,126,1731.0,12.72,0.0,25.88,0.0
101,2023,126,1732.0,12.72,0.0,25.85,0.0
101,2023,126,1733.0,12.72,0.0,25.82,0.0
101,2023,126,1734.0,12.72,0.0,25.8,0.0
101,2023,126,1735.0,12.72,0.0,25.76,0.0
101,2023,126,1736.0,12.72,0.0,25.73,0.0
101,2023,126,1737.0,12.72,0.0,25.71,0.0
101,2023,126,1738.0,12.72,0.0,25.7,0.0
101,2023,126,1739.0,12.72,0.0,25.66,0.0
101,2023,126,1740.0,12.72,0.0,25.63,0.0
101,2023,126,1741.0,12.71,0.0,25.61,0.0
101,2023,126,1742.0,12.71,0.0,25.58,0.0
101,2023,126,1743.0,12.71,0.0,25.55,0.0
101,2023,126,1744.0,12.71,0.0,25.52,0.0
101,2023,126,1745.0,12.71,0.0,25.51,0.0
101,2023,126,1746.0,12.71,0.0,25.5,0.0
101,2023,126,1747.0,12.71,0.0,25.49,0.0
101,2023,126,1748.0,12.71,0.0,25.47,0.0
101,2023,126,1749.0,12.71,0.0,25.47,0.0
101,2023,126,1750.0,12.7,0.0,25.47,0.0
101,2023,126,1751.0,12.71,0.0,25.45,0.0
101,2023,126,1752.0,12.7,0.0,25.44,0.0
101,2023,126,1753.0,12.7,0.0,25.42,0.0
101,2023,126,1754.0,12.7,0.0,25.41,0.0
101,2023,126,1755.0,12.7,0.0,25.39,0.0
101,2023,126,1756.0,12.7,0.0,25.37,0.0
101,2023,126,1757.0,12.7,0.0,25.36,0.0
101,2023,126,1758.0,12.7,0.0,25.36,0.0
101,2023,126,1759.0,12.7,0.0,25.38,0.0
101,2023,126,1800.0,12.69,0.0,25.39,0.0
101,2023,126,1801.0,12.69,0.0,25.39,0.0
101,2023,126,1802.0,12.69,0.0,25.39,0.0
101,2023,126,1803.0,12.69,0.0,25.38,0.0
101,2023,126,1804.0,12.7,0.0,25.36,0.0
101,2023,126,1805.0,12.69,0.0,25.34,0.0
101,2023,126,1806.0,12.69,0.0,25.33,0.0
101,2023,126,1807.0,12.69,0.0,25.33,0.0
101,2023,126,1808.0,12.69,0.0,25.32,0.0
101,2023,126,1809.0,12.69,0.0,25.33,0.0
101,2023,126,1810.0,12.69,0.0,25.33,0.0
101,2023,126,1811.0,12.69,0.0,25.34,0.0
101,2023,126,1812.0,12.69,0.0,25.35,0.0
101,2023,126,1813.0,12.69,0.0,25.35,0.0
101,2023,126,1814.0,12.69,0.0,25.34,0.0
101,2023,126,1815.0,12.69,0.0,25.34,0.0
101,2023,126,1816.0,12.69,0.0,25.33,0.0
101,2023,126,1817.0,12.68,0.0,25.34,0.0
101,2023,126,1818.0,12.68,0.0,25.31,0.0
101,2023,126,1819.0,12.68,0.0,25.29,0.0
101,2023,126,1820.0,12.68,0.0,25.27,0.0
101,2023,126,1821.0,12.68,0.0,25.26,0.0
101,2023,126,1822.0,12.68,0.0,25.23,0.0
101,2023,126,1823.0,12.68,0.0,25.2,0.0
101,2023,126,1824.0,12.68,0.0,25.18,0.0
101,2023,126,1825.0,12.68,0.0,25.16,0.0
101,2023,126,1826.0,12.68,0.0,25.14,0.0
101,2023,126,1827.0,12.68,0.0,25.12,0.0
101,2023,126,1828.0,12.67,0.0,25.11,0.0
101,2023,126,1829.0,12.67,0.0,25.09,0.0
101,2023,126,1830.0,12.68,0.0,25.08,0.0
101,2023,126,1831.0,12.67,0.0,25.06,0.0
101,2023,126,1832.0,12.67,0.0,25.07,0.0
101,2023,126,1833.0,12.67,0.0,25.06,0.0
101,2023,126,1834.0,12.67,0.0,25.05,0.0
101,2023,126,1835.0,12.67,0.0,25.05,0.0
101,2023,126,1836.0,12.67,0.0,25.05,0.0
101,2023,126,1837.0,12.67,0.0,25.05,0.0
101,2023,126,1838.0,12.67,0.0,25.04,0.0
101,2023,126,1839.0,12.67,0.0,25.03,0.0
101,2023,126,1840.0,12.67,0.0,25.01,0.0
101,2023,126,1841.0,12.67,0.0,24.98,0.0
101,2023,126,1842.0,12.67,0.0,24.96,0.0
101,2023,126,1843.0,12.67,0.0,24.95,0.0
101,2023,126,1844.0,12.66,0.0,24.95,0.0
101,2023,126,1845.0,12.66,0.0,24.95,0.0
101,2023,126,1846.0,12.66,0.0,24.94,0.0
101,2023,126,1847.0,12.67,0.0,24.95,0.0
101,2023,126,1848.0,12.66,0.0,24.93,0.0
101,2023,126,1849.0,12.66,0.0,24.92,0.0
101,2023,126,1850.0,12.66,0.0,24.94,0.0
101,2023,126,1851.0,12.66,0.0,24.95,0.0
101,2023,126,1852.0,12.66,0.0,24.95,0.0
101,2023,126,1853.0,12.66,0.0,24.96,0.0
101,2023,126,1854.0,12.66,0.0,24.97,0.0
101,2023,126,1855.0,12.66,0.0,24.96,0.0
101,2023,126,1856.0,12.66,0.0,24.95,0.0
101,2023,126,1857.0,12.66,0.0,24.95,0.0
101,2023,126,1858.0,12.66,0.0,24.95,0.0
101,2023,126,1859.0,12.66,0.0,24.95,0.0
101,2023,126,1900.0,12.65,0.0,24.95,0.0
101,2023,126,1901.0,12.65,0.0,24.94,0.0
101,2023,126,1902.0,12.65,0.0,24.93,0.0
101,2023,126,1903.0,12.65,0.0,24.93,0.0
101,2023,126,1904.0,12.65,0.0,24.91,0.0
101,2023,126,1905.0,12.65,0.0,24.88,0.0
101,2023,126,1906.0,12.65,0.0,24.87,0.0
101,2023,126,1907.0,12.65,0.0,24.85,0.0
101,2023,126,1908.0,12.65,0.0,24.81,0.0
101,2023,126,1909.0,12.65,0.0,24.77,0.0
101,2023,126,1910.0,12.65,0.0,24.72,0.0
101,2023,126,1911.0,12.65,0.0,24.67,0.0
101,2023,126,1912.0,12.65,0.0,24.63,0.0
101,2023,126,1913.0,12.65,0.0,24.6,0.0
101,2023,126,1914.0,12.65,0.0,24.56,0.0
101,2023,126,1915.0,12.65,0.0,24.51,0.0
101,2023,126,1916.0,12.65,0.0,24.46,0.0
101,2023,126,1917.0,12.64,0.0,24.44,0.0
101,2023,126,1918.0,12.65,0.0,24.4,0.0
101,2023,126,1919.0,12.65,0.0,24.38,0.0
101,2023,126,1920.0,12.64,0.0,24.34,0.0
101,2023,126,1921.0,12.64,0.0,24.31,0.0
101,2023,126,1922.0,12.64,0.0,24.28,0.0
101,2023,126,1923.0,12.64,0.0,24.26,0.0
101,2023,126,1924.0,12.64,0.0,24.22,0.0
101,2023,126,1925.0,12.64,0.0,24.2,0.0
101,2023,126,1926.0,12.64,0.0,24.17,0.0
101,2023,126,1927.0,12.64,0.0,24.13,0.0
101,2023,126,1928.0,12.64,0.0,24.09,0.0
101,2023,126,1929.0,12.64,0.0,24.02,0.0
101,2023,126,1930.0,12.64,0.0,23.97,0.0
101,2023,126,1931.0,12.64,0.0,23.94,0.0
101,2023,126,1932.0,12.64,0.0,23.92,0.0
101,2023,126,1933.0,12.64,0.0,23.89,0.0
101,2023,126,1934.0,12.63,0.0,23.87,0.0
101,2023,126,1935.0,12.63,0.0,23.85,0.0
101,2023,126,1936.0,12.63,0.0,23.83,0.0
101,2023,126,1937.0,12.63,0.0,23.81,0.0
101,2023,126,1938.0,12.63,0.0,23.79,0.0
101,2023,126,1939.0,12.63,0.0,23.78,0.0
101,2023,126,1940.0,12.63,0.0,23.77,0.0
101,2023,126,1941.0,12.63,0.0,23.75,0.0
101,2023,126,1942.0,12.63,0.0,23.73,0.0
101,2023,126,1943.0,12.63,0.0,23.7,0.0
101,2023,126,1944.0,12.63,0.0,23.69,0.0
101,2023,126,1945.0,12.63,0.0,23.67,0.0
101,2023,126,1946.0,12.63,0.0,23.59,0.0
101,2023,126,1947.0,12.63,0.0,23.55,0.0
101,2023,126,1948.0,12.63,0.0,23.53,0.0
101,2023,126,1949.0,12.63,0.0,23.5,0.0
101,2023,126,1950.0,12.63,0.0,23.45,0.0
101,2023,126,1951.0,12.63,0.0,23.41,0.0
101,2023,126,1952.0,12.62,0.0,23.38,0.0
101,2023,126,1953.0,12.63,0.0,23.35,0.0
101,2023,126,1954.0,12.62,0.0,23.34,0.0
101,2023,126,1955.0,12.62,0.0,23.32,0.0
101,2023,126,1956.0,12.62,0.0,23.29,0.0
101,2023,126,1957.0,12.62,0.0,23.24,0.0
101,2023,126,1958.0,12.62,0.0,23.22,0.0
101,2023,126,1959.0,12.62,0.0,23.2,0.0
101,2023,126,2000.0,12.62,0.0,23.19,0.0
101,2023,126,2001.0,12.62,0.0,23.19,0.0
101,2023,126,2002.0,12.62,0.0,23.18,0.0
101,2023,126,2003.0,12.62,0.0,23.16,0.0
101,2023,126,2004.0,12.62,0.0,23.15,0.0
101,2023,126,2005.0,12.62,0.0,23.14,0.0
101,2023,126,2006.0,12.62,0.0,23.12,0.0
101,2023,126,2007.0,12.62,0.0,23.11,0.0
101,2023,126,2008.0,12.62,0.0,23.1,0.0
101,2023,126,2009.0,12.62,0.0,23.09,0.0
101,2023,126,2010.0,12.62,0.0,23.09,0.0
101,2023,126,2011.0,12.61,0.0,23.1,0.0
101,2023,126,2012.0,12.61,0.0,23.12,0.0
101,2023,126,2013.0,12.61,0.0,23.12,0.0
101,2023,126,2014.0,12.61,0.0,23.13,0.0
101,2023,126,2015.0,12.61,0.0,23.1,0.0
101,2023,126,2016.0,12.61,0.0,23.02,0.0
101,2023,126,2017.0,12.61,0.0,22.94,0.0
101,2023,126,2018.0,12.61,0.0,22.86,0.0
101,2023,126,2019.0,12.61,0.0,22.84,0.0
101,2023,126,2020.0,12.61,0.0,22.83,0.0
101,2023,126,2021.0,12.61,0.0,22.81,0.0
101,2023,126,2022.0,12.61,0.0,22.91,0.0
101,2023,126,2023.0,12.61,0.0,22.95,0.0
101,2023,126,2024.0,12.6,0.0,22.96,0.0
101,2023,126,2025.0,12.6,0.0,22.92,0.0
101,2023,126,2026.0,12.6,0.0,22.9,0.0
101,2023,126,2027.0,12.6,0.0,22.89,0.0
101,2023,126,2028.0,12.6,0.0,22.91,0.0
101,2023,126,2029.0,12.6,0.0,22.98,0.0
101,2023,126,2030.0,12.6,0.0,22.99,0.0
101,2023,126,2031.0,12.6,0.0,22.99,0.0
101,2023,126,2032.0,12.6,0.0,22.99,0.0
101,2023,126,2033.0,12.6,0.0,22.98,0.0
101,2023,126,2034.0,12.6,0.0,22.95,0.0
101,2023,126,2035.0,12.6,0.0,22.93,0.0
101,2023,126,2036.0,12.6,0.0,22.89,0.0
101,2023,126,2037.0,12.6,0.0,22.87,0.0
101,2023,126,2038.0,12.6,0.0,22.86,0.0
101,2023,126,2039.0,12.6,0.0,22.83,0.0
101,2023,126,2040.0,12.6,0.0,22.82,0.0
101,2023,126,2041.0,12.59,0.0,22.81,0.0
101,2023,126,2042.0,12.59,0.0,22.8,0.0
101,2023,126,2043.0,12.59,0.0,22.8,0.0
101,2023,126,2044.0,12.59,0.0,22.8,0.0
101,2023,126,2045.0,12.59,0.0,22.8,0.0
101,2023,126,2046.0,12.59,0.0,22.79,0.0
101,2023,126,2047.0,12.59,0.0,22.78,0.0
101,2023,126,2048.0,12.59,0.0,22.77,0.0
101,2023,126,2049.0,12.59,0.0,22.79,0.0
101,2023,126,2050.0,12.59,0.0,22.8,0.0
101,2023,126,2051.0,12.59,0.0,22.79,0.0
101,2023,126,2052.0,12.59,0.0,22.78,0.0
101,2023,126,2053.0,12.59,0.0,22.82,0.0
101,2023,126,2054.0,12.59,0.0,22.86,0.0
101,2023,126,2055.0,12.59,0.0,22.87,0.0
101,2023,126,2056.0,12.59,0.0,22.84,0.0
101,2023,126,2057.0,12.58,0.0,22.82,0.0
101,2023,126,2058.0,12.58,0.0,22.8,0.0
101,2023,126,2059.0,12.59,0.0,22.82,0.0
101,2023,126,2100.0,12.58,0.0,22.84,0.0
101,2023,126,2101.0,12.59,0.0,22.83,0.0
101,2023,126,2102.0,12.58,0.0,22.84,0.0
101,2023,126,2103.0,12.58,0.0,22.85,0.0
101,2023,126,2104.0,12.58,0.0,22.86,0.0
101,2023,126,2105.0,12.58,0.0,22.87,0.0
101,2023,126,2106.0,12.58,0.0,22.85,0.0
101,2023,126,2107.0,12.58,0.0,22.85,0.0
101,2023,126,2108.0,12.58,0.0,22.87,0.0
101,2023,126,2109.0,12.58,0.0,22.86,0.0
101,2023,126,2110.0,12.58,0.0,22.84,0.0
101,2023,126,2111.0,12.58,0.0,22.86,0.0
101,2023,126,2112.0,12.58,0.0,22.89,0.0
101,2023,126,2113.0,12.58,0.0,22.86,0.0
101,2023,126,2114.0,12.58,0.0,22.76,0.0
101,2023,126,2115.0,12.58,0.0,22.68,0.0
101,2023,126,2116.0,12.57,0.0,22.68,0.0
101,2023,126,2117.0,12.58,0.0,22.68,0.0
101,2023,126,2118.0,12.58,0.0,22.68,0.0
101,2023,126,2119.0,12.58,0.0,22.7,0.0
101,2023,126,2120.0,12.57,0.0,22.72,0.0
101,2023,126,2121.0,12.57,0.0,22.72,0.0
101,2023,126,2122.0,12.57,0.0,22.75,0.0
101,2023,126,2123.0,12.57,0.0,22.79,0.0
101,2023,126,2124.0,12.57,0.0,22.82,0.0
101,2023,126,2125.0,12.57,0.0,22.84,0.0
101,2023,126,2126.0,12.57,0.0,22.82,0.0
101,2023,126,2127.0,12.57,0.0,22.8,0.0
101,2023,126,2128.0,12.57,0.0,22.78,0.0
101,2023,126,2129.0,12.57,0.0,22.77,0.0
101,2023,126,2130.0,12.57,0.0,22.77,0.0
101,2023,126,2131.0,12.57,0.0,22.78,0.0
101,2023,126,2132.0,12.57,0.0,22.76,0.0
101,2023,126,2133.0,12.57,0.0,22.75,0.0
101,2023,126,2134.0,12.57,0.0,22.75,0.0
101,2023,126,2135.0,12.57,0.0,22.78,0.0
101,2023,126,2136.0,12.57,0.0,22.82,0.0
101,2023,126,2137.0,12.57,0.0,22.81,0.0
101,2023,126,2138.0,12.57,0.0,22.84,0.0
101,2023,126,2139.0,12.57,0.0,22.89,0.0
101,2023,126,2140.0,12.57,0.0,22.89,0.0
101,2023,126,2141.0,12.57,0.0,22.9,0.0
101,2023,126,2142.0,12.57,0.0,22.94,0.0
101,2023,126,2143.0,12.57,0.0,23.0,0.0
101,2023,126,2144.0,12.57,0.0,23.02,0.0
101,2023,126,2145.0,12.57,0.0,23.01,0.0
101,2023,126,2146.0,12.56,0.0,22.98,0.0
101,2023,126,2147.0,12.57,0.0,22.98,0.0
101,2023,126,2148.0,12.56,0.0,23.0,0.0
101,2023,126,2149.0,12.57,0.0,23.0,0.0
101,2023,126,2150.0,12.56,0.0,23.0,0.0
101,2023,126,2151.0,12.56,0.0,23.02,0.0
101,2023,126,2152.0,12.56,0.0,23.02,0.0
101,2023,126,2153.0,12.56,0.0,23.0,0.0
101,2023,126,2154.0,12.56,0.0,23.0,0.0
101,2023,126,2155.0,12.56,0.0,22.98,0.0
101,2023,126,2156.0,12.56,0.0,23.0,0.0
101,2023,126,2157.0,12.56,0.0,23.02,0.0
101,2023,126,2158.0,12.56,0.0,23.01,0.0
101,2023,126,2159.0,12.56,0.0,23.02,0.0
101,2023,126,2200.0,12.56,0.0,23.02,0.0
101,2023,126,2201.0,12.56,0.0,23.0,0.0
101,2023,126,2202.0,12.56,0.0,23.01,0.0
101,2023,126,2203.0,12.56,0.0,23.05,0.0
101,2023,126,2204.0,12.56,0.0,23.04,0.0
101,2023,126,2205.0,12.56,0.0,23.02,0.0
101,2023,126,2206.0,12.56,0.0,23.0,0.0
101,2023,126,2207.0,12.56,0.0,22.96,0.0
101,2023,126,2208.0,12.56,0.0,22.93,0.0
101,2023,126,2209.0,12.56,0.0,22.9,0.0
101,2023,126,2210.0,12.56,0.0,22.85,0.0
101,2023,126,2211.0,12.56,0.0,22.81,0.0
101,2023,126,2212.0,12.56,0.0,22.81,0.0
101,2023,126,2213.0,12.56,0.0,22.8,0.0
101,2023,126,2214.0,12.56,0.0,22.77,0.0
101,2023,126,2215.0,12.56,0.0,22.73,0.0
101,2023,126,2216.0,12.56,0.0,22.69,0.0
101,2023,126,2217.0,12.55,0.0,22.65,0.0
101,2023,126,2218.0,12.56,0.0,22.64,0.0
101,2023,126,2219.0,12.55,0.0,22.63,0.0
101,2023,126,2220.0,12.55,0.0,22.63,0.0
101,2023,126,2221.0,12.55,0.0,22.63,0.0
101,2023,126,2222.0,12.55,0.0,22.61,0.0
101,2023,126,2223.0,12.55,0.0,22.6,0.0
101,2023,126,2224.0,12.55,0.0,22.64,0.0
101,2023,126,2225.0,12.55,0.0,22.68,0.0
101,2023,126,2226.0,12.55,0.0,22.68,0.0
101,2023,126,2227.0,12.55,0.0,22.67,0.0
101,2023,126,2228.0,12.55,0.0,22.63,0.0
101,2023,126,2229.0,12.55,0.0,22.59,0.0
101,2023,126,2230.0,12.55,0.0,22.57,0.0
101,2023,126,2231.0,12.55,0.0,22.53,0.0
101,2023,126,2232.0,12.55,0.0,22.44,0.0
101,2023,126,2233.0,12.55,0.0,22.37,0.0
101,2023,126,2234.0,12.55,0.0,22.33,0.0
101,2023,126,2235.0,12.55,0.0,22.32,0.0
101,2023,126,2236.0,12.55,0.0,22.31,0.0
101,2023,126,2237.0,12.55,0.0,22.35,0.0
101,2023,126,2238.0,12.55,0.0,22.46,0.0
101,2023,126,2239.0,12.55,0.0,22.47,0.0
101,2023,126,2240.0,12.55,0.0,22.4,0.0
101,2023,126,2241.0,12.55,0.0,22.33,0.0
101,2023,126,2242.0,12.55,0.0,22.26,0.0
101,2023,126,2243.0,12.55,0.0,22.21,0.0
101,2023,126,2244.0,12.55,0.0,22.21,0.0
101,2023,126,2245.0,12.55,0.0,22.16,0.0
101,2023,126,2246.0,12.55,0.0,22.13,0.0
101,2023,126,2247.0,12.54,0.0,22.15,0.0
101,2023,126,2248.0,12.55,0.0,22.25,0.0
101,2023,126,2249.0,12.54,0.0,22.29,0.0
101,2023,126,2250.0,12.54,0.0,22.31,0.0
101,2023,126,2251.0,12.54,0.0,22.29,0.0
101,2023,126,2252.0,12.54,0.0,22.23,0.0
101,2023,126,2253.0,12.54,0.0,22.21,0.0
101,2023,126,2254.0,12.54,0.0,22.2,0.0
101,2023,126,2255.0,12.54,0.0,22.2,0.0
101,2023,126,2256.0,12.54,0.0,22.19,0.0
101,2023,126,2257.0,12.54,0.0,22.18,0.0
101,2023,126,2258.0,12.54,0.0,22.2,0.0
101,2023,126,2259.0,12.54,0.0,22.22,0.0
101,2023,126,2300.0,12.54,0.0,22.25,0.0
101,2023,126,2301.0,12.54,0.0,22.25,0.0
101,2023,126,2302.0,12.54,0.0,22.25,0.0
101,2023,126,2303.0,12.54,0.0,22.26,0.0
101,2023,126,2304.0,12.54,0.0,22.31,0.0
101,2023,126,2305.0,12.54,0.0,22.32,0.0
101,2023,126,2306.0,12.54,0.0,22.32,0.0
101,2023,126,2307.0,12.54,0.0,22.34,0.0
101,2023,126,2308.0,12.54,0.0,22.37,0.0
101,2023,126,2309.0,12.54,0.0,22.37,0.0
101,2023,126,2310.0,12.54,0.0,22.38,0.0
101,2023,126,2311.0,12.54,0.0,22.45,0.0
101,2023,126,2312.0,12.54,0.0,22.52,0.0
101,2023,126,2313.0,12.54,0.0,22.58,0.0
101,2023,126,2314.0,12.54,0.0,22.61,0.0
101,2023,126,2315.0,12.54,0.0,22.64,0.0
101,2023,126,2316.0,12.54,0.0,22.67,0.0
101,2023,126,2317.0,12.54,0.0,22.71,0.0
101,2023,126,2318.0,12.53,0.0,22.75,0.0
101,2023,126,2319.0,12.53,0.0,22.76,0.0
101,2023,126,2320.0,12.54,0.0,22.88,0.0
101,2023,126,2321.0,12.53,0.0,22.84,0.0
101,2023,126,2322.0,12.54,0.0,22.92,0.0
101,2023,126,2323.0,12.54,0.0,22.92,0.0
101,2023,126,2324.0,12.53,0.0,22.9,0.0
101,2023,126,2325.0,12.53,0.0,22.92,0.0
101,2023,126,2326.0,12.53,0.0,22.96,0.0
101,2023,126,2327.0,12.53,0.0,22.95,0.0
101,2023,126,2328.0,12.53,0.0,22.95,0.0
101,2023,126,2329.0,12.53,0.0,22.94,0.0
101,2023,126,2330.0,12.53,0.0,22.93,0.0
101,2023,126,2331.0,12.53,0.0,22.93,0.0
101,2023,126,2332.0,12.53,0.0,22.92,0.0
101,2023,126,2333.0,12.53,0.0,22.93,0.0
101,2023,126,2334.0,12.53,0.0,22.93,0.0
101,2023,126,2335.0,12.53,0.0,22.93,0.0
101,2023,126,2336.0,12.53,0.0,22.93,0.0
101,2023,126,2337.0,12.53,0.0,22.92,0.0
101,2023,126,2338.0,12.53,0.0,22.91,0.0
101,2023,126,2339.0,12.53,0.0,22.91,0.0
101,2023,126,2340.0,12.53,0.0,22.91,0.0
101,2023,126,2341.0,12.53,0.0,22.89,0.0
101,2023,126,2342.0,12.53,0.0,22.88,0.0
101,2023,126,2343.0,12.53,0.0,22.88,0.0
101,2023,126,2344.0,12.53,0.0,22.88,0.0
101,2023,126,2345.0,12.53,0.0,22.9,0.0
101,2023,126,2346.0,12.53,0.0,22.9,0.0
101,2023,126,2347.0,12.53,0.0,22.86,0.0
101,2023,126,2348.0,12.53,0.0,22.83,0.0
101,2023,126,2349.0,12.53,0.0,22.83,0.0
101,2023,126,2350.0,12.53,0.0,22.81,0.0
101,2023,126,2351.0,12.53,0.0,22.81,0.0
101,2023,126,2352.0,12.53,0.0,22.8,0.0
101,2023,126,2353.0,12.53,0.0,22.79,0.0
101,2023,126,2354.0,12.53,0.0,22.78,0.0
101,2023,126,2355.0,12.53,0.0,22.76,0.0
101,2023,126,2356.0,12.52,0.0,22.76,0.0
101,2023,126,2357.0,12.52,0.0,22.76,0.0
101,2023,126,2358.0,12.53,0.0,22.75,0.0
101,2023,126,2359.0,12.53,0.0,22.73,0.0
