a,b,dia_juliano,d,e,f,g,h
101,2023,68,0.0,12.57,0.0,23.11,0.0
101,2023,68,1.0,12.57,0.0,23.09,0.0
101,2023,68,2.0,12.57,0.0,23.11,0.0
101,2023,68,3.0,12.57,0.0,23.13,0.0
101,2023,68,4.0,12.57,0.0,23.17,0.0
101,2023,68,5.0,12.57,0.0,23.18,0.0
101,2023,68,6.0,12.57,0.0,23.18,0.0
101,2023,68,7.0,12.57,0.0,23.17,0.0
101,2023,68,8.0,12.57,0.0,23.16,0.0
101,2023,68,9.0,12.57,0.0,23.17,0.0
101,2023,68,10.0,12.56,0.0,23.2,0.0
101,2023,68,11.0,12.56,0.0,23.21,0.0
101,2023,68,12.0,12.56,0.0,23.18,0.0
101,2023,68,13.0,12.57,0.0,23.17,0.0
101,2023,68,14.0,12.56,0.0,23.16,0.0
101,2023,68,15.0,12.57,0.0,23.14,0.0
101,2023,68,16.0,12.56,0.0,23.12,0.0
101,2023,68,17.0,12.56,0.0,23.11,0.0
101,2023,68,18.0,12.56,0.0,23.1,0.0
101,2023,68,19.0,12.56,0.0,23.1,0.0
101,2023,68,20.0,12.56,0.0,23.1,0.0
101,2023,68,21.0,12.56,0.0,23.12,0.0
101,2023,68,22.0,12.56,0.0,23.13,0.0
101,2023,68,23.0,12.56,0.0,23.11,0.0
101,2023,68,24.0,12.56,0.0,23.1,0.0
101,2023,68,25.0,12.56,0.0,23.09,0.0
101,2023,68,26.0,12.56,0.0,23.09,0.0
101,2023,68,27.0,12.56,0.0,23.08,0.0
101,2023,68,28.0,12.56,0.0,23.07,0.0
101,2023,68,29.0,12.56,0.0,23.06,0.0
101,2023,68,30.0,12.56,0.0,23.04,0.0
101,2023,68,31.0,12.56,0.0,23.03,0.0
101,2023,68,32.0,12.56,0.0,23.06,0.0
101,2023,68,33.0,12.55,0.0,23.15,0.0
101,2023,68,34.0,12.55,0.0,23.21,0.0
101,2023,68,35.0,12.55,0.0,23.23,0.0
101,2023,68,36.0,12.55,0.0,23.23,0.0
101,2023,68,37.0,12.55,0.0,23.23,0.0
101,2023,68,38.0,12.55,0.0,23.23,0.0
101,2023,68,39.0,12.55,0.0,23.21,0.0
101,2023,68,40.0,12.55,0.0,23.13,0.0
101,2023,68,41.0,12.55,0.0,23.08,0.0
101,2023,68,42.0,12.55,0.0,23.08,0.0
101,2023,68,43.0,12.55,0.0,23.05,0.0
101,2023,68,44.0,12.55,0.0,23.01,0.0
101,2023,68,45.0,12.55,0.0,23.0,0.0
101,2023,68,46.0,12.55,0.0,22.99,0.0
101,2023,68,47.0,12.55,0.0,22.98,0.0
101,2023,68,48.0,12.55,0.0,22.96,0.0
101,2023,68,49.0,12.55,0.0,22.95,0.0
101,2023,68,50.0,12.55,0.0,22.94,0.0
101,2023,68,51.0,12.55,0.0,22.92,0.0
101,2023,68,52.0,12.55,0.0,22.91,0.0
101,2023,68,53.0,12.55,0.0,22.89,0.0
101,2023,68,54.0,12.55,0.0,22.86,0.0
101,2023,68,55.0,12.54,0.0,22.85,0.0
101,2023,68,56.0,12.55,0.0,22.84,0.0
101,2023,68,57.0,12.55,0.0,22.82,0.0
101,2023,68,58.0,12.54,0.0,22.81,0.0
101,2023,68,59.0,12.54,0.0,22.81,0.0
101,2023,68,100.0,12.54,0.0,22.82,0.0
101,2023,68,101.0,12.54,0.0,22.82,0.0
101,2023,68,102.0,12.54,0.0,22.81,0.0
101,2023,68,103.0,12.54,0.0,22.8,0.0
101,2023,68,104.0,12.54,0.0,22.77,0.0
101,2023,68,105.0,12.54,0.0,22.74,0.0
101,2023,68,106.0,12.54,0.0,22.74,0.0
101,2023,68,107.0,12.54,0.0,22.75,0.0
101,2023,68,108.0,12.54,0.0,22.75,0.0
101,2023,68,109.0,12.54,0.0,22.77,0.0
101,2023,68,110.0,12.54,0.0,22.79,0.0
101,2023,68,111.0,12.54,0.0,22.79,0.0
101,2023,68,112.0,12.54,0.0,22.77,0.0
101,2023,68,113.0,12.54,0.0,22.74,0.0
101,2023,68,114.0,12.54,0.0,22.72,0.0
101,2023,68,115.0,12.54,0.0,22.7,0.0
101,2023,68,116.0,12.54,0.0,22.69,0.0
101,2023,68,117.0,12.54,0.0,22.68,0.0
101,2023,68,118.0,12.54,0.0,22.66,0.0
101,2023,68,119.0,12.54,0.0,22.64,0.0
101,2023,68,120.0,12.53,0.0,22.63,0.0
101,2023,68,121.0,12.54,0.0,22.62,0.0
101,2023,68,122.0,12.54,0.0,22.68,0.0
101,2023,68,123.0,12.53,0.0,22.67,0.0
101,2023,68,124.0,12.54,0.0,22.67,0.0
101,2023,68,125.0,12.53,0.0,22.69,0.0
101,2023,68,126.0,12.53,0.0,22.69,0.0
101,2023,68,127.0,12.54,0.0,22.68,0.0
101,2023,68,128.0,12.53,0.0,22.67,0.0
101,2023,68,129.0,12.53,0.0,22.65,0.0
101,2023,68,130.0,12.54,0.0,22.65,0.0
101,2023,68,131.0,12.53,0.0,22.64,0.0
101,2023,68,132.0,12.53,0.0,22.63,0.0
101,2023,68,133.0,12.53,0.0,22.62,0.0
101,2023,68,134.0,12.53,0.0,22.6,0.0
101,2023,68,135.0,12.53,0.0,22.59,0.0
101,2023,68,136.0,12.53,0.0,22.59,0.0
101,2023,68,137.0,12.53,0.0,22.59,0.0
101,2023,68,138.0,12.53,0.0,22.57,0.0
101,2023,68,139.0,12.53,0.0,22.56,0.0
101,2023,68,140.0,12.53,0.0,22.54,0.0
101,2023,68,141.0,12.53,0.0,22.54,0.0
101,2023,68,142.0,12.53,0.0,22.55,0.0
101,2023,68,143.0,12.53,0.0,22.55,0.0
101,2023,68,144.0,12.53,0.0,22.52,0.0
101,2023,68,145.0,12.53,0.0,22.48,0.0
101,2023,68,146.0,12.53,0.0,22.45,0.0
101,2023,68,147.0,12.53,0.0,22.42,0.0
101,2023,68,148.0,12.53,0.0,22.42,0.0
101,2023,68,149.0,12.53,0.0,22.41,0.0
101,2023,68,150.0,12.53,0.0,22.4,0.0
101,2023,68,151.0,12.53,0.0,22.4,0.0
101,2023,68,152.0,12.52,0.0,22.4,0.0
101,2023,68,153.0,12.52,0.0,22.39,0.0
101,2023,68,154.0,12.52,0.0,22.4,0.0
101,2023,68,155.0,12.52,0.0,22.42,0.0
101,2023,68,156.0,12.52,0.0,22.46,0.0
101,2023,68,157.0,12.52,0.0,22.52,0.0
101,2023,68,158.0,12.52,0.0,22.55,0.0
101,2023,68,159.0,12.52,0.0,22.58,0.0
101,2023,68,200.0,12.52,0.0,22.58,0.0
101,2023,68,201.0,12.52,0.0,22.58,0.0
101,2023,68,202.0,12.52,0.0,22.62,0.0
101,2023,68,203.0,12.52,0.0,22.67,0.0
101,2023,68,204.0,12.52,0.0,22.69,0.0
101,2023,68,205.0,12.52,0.0,22.71,0.0
101,2023,68,206.0,12.52,0.0,22.71,0.0
101,2023,68,207.0,12.52,0.0,22.7,0.0
101,2023,68,208.0,12.52,0.0,22.69,0.0
101,2023,68,209.0,12.52,0.0,22.69,0.0
101,2023,68,210.0,12.52,0.0,22.68,0.0
101,2023,68,211.0,12.52,0.0,22.67,0.0
101,2023,68,212.0,12.52,0.0,22.66,0.0
101,2023,68,213.0,12.52,0.0,22.66,0.0
101,2023,68,214.0,12.52,0.0,22.67,0.0
101,2023,68,215.0,12.52,0.0,22.66,0.0
101,2023,68,216.0,12.52,0.0,22.65,0.0
101,2023,68,217.0,12.52,0.0,22.64,0.0
101,2023,68,218.0,12.52,0.0,22.63,0.0
101,2023,68,219.0,12.52,0.0,22.62,0.0
101,2023,68,220.0,12.52,0.0,22.61,0.0
101,2023,68,221.0,12.52,0.0,22.6,0.0
101,2023,68,222.0,12.52,0.0,22.62,0.0
101,2023,68,223.0,12.51,0.0,22.63,0.0
101,2023,68,224.0,12.52,0.0,22.64,0.0
101,2023,68,225.0,12.52,0.0,22.62,0.0
101,2023,68,226.0,12.52,0.0,22.6,0.0
101,2023,68,227.0,12.52,0.0,22.54,0.0
101,2023,68,228.0,12.52,0.0,22.5,0.0
101,2023,68,229.0,12.52,0.0,22.47,0.0
101,2023,68,230.0,12.52,0.0,22.45,0.0
101,2023,68,231.0,12.52,0.0,22.45,0.0
101,2023,68,232.0,12.52,0.0,22.46,0.0
101,2023,68,233.0,12.52,0.0,22.47,0.0
101,2023,68,234.0,12.52,0.0,22.47,0.0
101,2023,68,235.0,12.52,0.0,22.46,0.0
101,2023,68,236.0,12.51,0.0,22.49,0.0
101,2023,68,237.0,12.51,0.0,22.57,0.0
101,2023,68,238.0,12.51,0.0,22.59,0.0
101,2023,68,239.0,12.52,0.0,22.63,0.0
101,2023,68,240.0,12.52,0.0,22.66,0.0
101,2023,68,241.0,12.51,0.0,22.68,0.0
101,2023,68,242.0,12.52,0.0,22.7,0.0
101,2023,68,243.0,12.52,0.0,22.71,0.0
101,2023,68,244.0,12.51,0.0,22.72,0.0
101,2023,68,245.0,12.51,0.0,22.74,0.0
101,2023,68,246.0,12.52,0.0,22.74,0.0
101,2023,68,247.0,12.52,0.0,22.75,0.0
101,2023,68,248.0,12.51,0.0,22.81,0.0
101,2023,68,249.0,12.51,0.0,22.81,0.0
101,2023,68,250.0,12.51,0.0,22.81,0.0
101,2023,68,251.0,12.51,0.0,22.81,0.0
101,2023,68,252.0,12.51,0.0,22.81,0.0
101,2023,68,253.0,12.51,0.0,22.81,0.0
101,2023,68,254.0,12.51,0.0,22.79,0.0
101,2023,68,255.0,12.52,0.0,22.76,0.0
101,2023,68,256.0,12.51,0.0,22.73,0.0
101,2023,68,257.0,12.51,0.0,22.69,0.0
101,2023,68,258.0,12.51,0.0,22.67,0.0
101,2023,68,259.0,12.51,0.0,22.69,0.0
101,2023,68,300.0,12.51,0.0,22.73,0.0
101,2023,68,301.0,12.51,0.0,22.76,0.0
101,2023,68,302.0,12.51,0.0,22.77,0.0
101,2023,68,303.0,12.51,0.0,22.77,0.0
101,2023,68,304.0,12.51,0.0,22.75,0.0
101,2023,68,305.0,12.51,0.0,22.74,0.0
101,2023,68,306.0,12.51,0.0,22.75,0.0
101,2023,68,307.0,12.51,0.0,22.76,0.0
101,2023,68,308.0,12.51,0.0,22.78,0.0
101,2023,68,309.0,12.51,0.0,22.82,0.0
101,2023,68,310.0,12.51,0.0,22.84,0.0
101,2023,68,311.0,12.51,0.0,22.82,0.0
101,2023,68,312.0,12.51,0.0,22.82,0.0
101,2023,68,313.0,12.51,0.0,22.84,0.0
101,2023,68,314.0,12.51,0.0,22.84,0.0
101,2023,68,315.0,12.51,0.0,22.84,0.0
101,2023,68,316.0,12.51,0.0,22.85,0.0
101,2023,68,317.0,12.51,0.0,22.87,0.0
101,2023,68,318.0,12.51,0.0,22.87,0.0
101,2023,68,319.0,12.51,0.0,22.87,0.0
101,2023,68,320.0,12.51,0.0,22.86,0.0
101,2023,68,321.0,12.51,0.0,22.85,0.0
101,2023,68,322.0,12.51,0.0,22.84,0.0
101,2023,68,323.0,12.51,0.0,22.84,0.0
101,2023,68,324.0,12.51,0.0,22.84,0.0
101,2023,68,325.0,12.51,0.0,22.82,0.0
101,2023,68,326.0,12.51,0.0,22.8,0.0
101,2023,68,327.0,12.51,0.0,22.79,0.0
101,2023,68,328.0,12.51,0.0,22.81,0.0
101,2023,68,329.0,12.51,0.0,22.87,0.0
101,2023,68,330.0,12.51,0.0,22.94,0.0
101,2023,68,331.0,12.51,0.0,22.94,0.0
101,2023,68,332.0,12.51,0.0,22.93,0.0
101,2023,68,333.0,12.51,0.0,22.91,0.0
101,2023,68,334.0,12.51,0.0,22.89,0.0
101,2023,68,335.0,12.51,0.0,22.88,0.0
101,2023,68,336.0,12.51,0.0,22.89,0.0
101,2023,68,337.0,12.51,0.0,22.89,0.0
101,2023,68,338.0,12.51,0.0,22.88,0.0
101,2023,68,339.0,12.51,0.0,22.87,0.0
101,2023,68,340.0,12.51,0.0,22.86,0.0
101,2023,68,341.0,12.51,0.0,22.87,0.0
101,2023,68,342.0,12.51,0.0,22.84,0.0
101,2023,68,343.0,12.51,0.0,22.8,0.0
101,2023,68,344.0,12.51,0.0,22.84,0.0
101,2023,68,345.0,12.51,0.0,22.81,0.0
101,2023,68,346.0,12.51,0.0,22.78,0.0
101,2023,68,347.0,12.51,0.0,22.76,0.0
101,2023,68,348.0,12.51,0.0,22.74,0.0
101,2023,68,349.0,12.51,0.0,22.73,0.0
101,2023,68,350.0,12.51,0.0,22.74,0.0
101,2023,68,351.0,12.51,0.0,22.75,0.0
101,2023,68,352.0,12.51,0.0,22.76,0.0
101,2023,68,353.0,12.51,0.0,22.77,0.0
101,2023,68,354.0,12.51,0.0,22.76,0.0
101,2023,68,355.0,12.51,0.0,22.76,0.0
101,2023,68,356.0,12.51,0.0,22.74,0.0
101,2023,68,357.0,12.51,0.0,22.74,0.0
101,2023,68,358.0,12.51,0.0,22.74,0.0
101,2023,68,359.0,12.51,0.0,22.73,0.0
101,2023,68,400.0,12.51,0.0,22.73,0.0
101,2023,68,401.0,12.51,0.0,22.75,0.0
101,2023,68,402.0,12.51,0.0,22.77,0.0
101,2023,68,403.0,12.51,0.0,22.77,0.0
101,2023,68,404.0,12.51,0.0,22.79,0.0
101,2023,68,405.0,12.51,0.0,22.8,0.0
101,2023,68,406.0,12.51,0.0,22.77,0.0
101,2023,68,407.0,12.51,0.0,22.74,0.0
101,2023,68,408.0,12.51,0.0,22.74,0.0
101,2023,68,409.0,12.51,0.0,22.73,0.0
101,2023,68,410.0,12.51,0.0,22.7,0.0
101,2023,68,411.0,12.51,0.0,22.61,0.0
101,2023,68,412.0,12.51,0.0,22.38,0.0
101,2023,68,413.0,12.51,0.0,22.25,0.0
101,2023,68,414.0,12.51,0.0,22.24,0.0
101,2023,68,415.0,12.51,0.0,22.25,0.0
101,2023,68,416.0,12.51,0.0,22.27,0.0
101,2023,68,417.0,12.51,0.0,22.26,0.0
101,2023,68,418.0,12.5,0.0,22.21,0.0
101,2023,68,419.0,12.51,0.0,22.21,0.0
101,2023,68,420.0,12.51,0.0,22.27,0.0
101,2023,68,421.0,12.5,0.0,22.29,0.0
101,2023,68,422.0,12.51,0.0,22.29,0.0
101,2023,68,423.0,12.51,0.0,22.28,0.0
101,2023,68,424.0,12.51,0.0,22.27,0.0
101,2023,68,425.0,12.51,0.0,22.29,0.0
101,2023,68,426.0,12.51,0.0,22.29,0.0
101,2023,68,427.0,12.51,0.0,22.26,0.0
101,2023,68,428.0,12.5,0.0,22.21,0.0
101,2023,68,429.0,12.51,0.0,22.19,0.0
101,2023,68,430.0,12.51,0.0,22.18,0.0
101,2023,68,431.0,12.5,0.0,22.18,0.0
101,2023,68,432.0,12.51,0.0,22.21,0.0
101,2023,68,433.0,12.51,0.0,22.23,0.0
101,2023,68,434.0,12.51,0.0,22.25,0.0
101,2023,68,435.0,12.5,0.0,22.26,0.0
101,2023,68,436.0,12.51,0.0,22.24,0.0
101,2023,68,437.0,12.5,0.0,22.23,0.0
101,2023,68,438.0,12.51,0.0,22.27,0.0
101,2023,68,439.0,12.5,0.0,22.32,0.0
101,2023,68,440.0,12.5,0.0,22.31,0.0
101,2023,68,441.0,12.51,0.0,22.35,0.0
101,2023,68,442.0,12.5,0.0,22.34,0.0
101,2023,68,443.0,12.5,0.0,22.34,0.0
101,2023,68,444.0,12.5,0.0,22.32,0.0
101,2023,68,445.0,12.5,0.0,22.31,0.0
101,2023,68,446.0,12.5,0.0,22.29,0.0
101,2023,68,447.0,12.5,0.0,22.28,0.0
101,2023,68,448.0,12.5,0.0,22.26,0.0
101,2023,68,449.0,12.5,0.0,22.25,0.0
101,2023,68,450.0,12.5,0.0,22.25,0.0
101,2023,68,451.0,12.5,0.0,22.23,0.0
101,2023,68,452.0,12.5,0.0,22.21,0.0
101,2023,68,453.0,12.5,0.0,22.22,0.0
101,2023,68,454.0,12.5,0.0,22.23,0.0
101,2023,68,455.0,12.5,0.0,22.25,0.0
101,2023,68,456.0,12.5,0.0,22.27,0.0
101,2023,68,457.0,12.5,0.0,22.27,0.0
101,2023,68,458.0,12.5,0.0,22.24,0.0
101,2023,68,459.0,12.5,0.0,22.23,0.0
101,2023,68,500.0,12.5,0.0,22.22,0.0
101,2023,68,501.0,12.5,0.0,22.23,0.0
101,2023,68,502.0,12.5,0.0,22.28,0.0
101,2023,68,503.0,12.5,0.0,22.32,0.0
101,2023,68,504.0,12.5,0.0,22.27,0.0
101,2023,68,505.0,12.5,0.0,22.2,0.0
101,2023,68,506.0,12.5,0.0,22.21,0.0
101,2023,68,507.0,12.5,0.0,22.27,0.0
101,2023,68,508.0,12.5,0.0,22.28,0.0
101,2023,68,509.0,12.5,0.0,22.26,0.0
101,2023,68,510.0,12.5,0.0,22.25,0.0
101,2023,68,511.0,12.5,0.0,22.26,0.0
101,2023,68,512.0,12.5,0.0,22.28,0.0
101,2023,68,513.0,12.5,0.0,22.28,0.0
101,2023,68,514.0,12.5,0.0,22.29,0.0
101,2023,68,515.0,12.5,0.0,22.28,0.0
101,2023,68,516.0,12.5,0.0,22.27,0.0
101,2023,68,517.0,12.5,0.0,22.26,0.0
101,2023,68,518.0,12.5,0.0,22.24,0.0
101,2023,68,519.0,12.5,0.0,22.2,0.0
101,2023,68,520.0,12.5,0.0,22.18,0.0
101,2023,68,521.0,12.5,0.0,22.19,0.0
101,2023,68,522.0,12.5,1.1,22.23,0.0
101,2023,68,523.0,12.5,1.325,22.27,0.0
101,2023,68,524.0,12.5,1.41,22.28,0.0
101,2023,68,525.0,12.5,1.889,22.26,0.0
101,2023,68,526.0,12.5,2.143,22.26,0.0
101,2023,68,527.0,12.5,2.594,22.28,0.0
101,2023,68,528.0,12.5,2.707,22.3,0.0
101,2023,68,529.0,12.5,2.876,22.31,0.0
101,2023,68,530.0,12.5,3.299,22.33,0.0
101,2023,68,531.0,12.5,3.694,22.38,0.0
101,2023,68,532.0,12.5,4.061,22.41,0.0
101,2023,68,533.0,12.5,4.061,22.46,0.0
101,2023,68,534.0,12.5,4.399,22.49,0.0
101,2023,68,535.0,12.5,4.399,22.46,0.0
101,2023,68,536.0,12.5,4.399,22.46,0.0
101,2023,68,537.0,12.5,4.399,22.35,0.0
101,2023,68,538.0,12.5,4.089,22.33,0.0
101,2023,68,539.0,12.5,4.032,22.47,0.0
101,2023,68,540.0,12.5,4.061,22.49,0.0
101,2023,68,541.0,12.5,5.245,22.54,0.0
101,2023,68,542.0,12.5,7.3,22.53,0.0
101,2023,68,543.0,12.5,8.49,22.46,0.0
101,2023,68,544.0,12.5,9.16,22.47,0.0
101,2023,68,545.0,12.5,10.29,22.44,0.0
101,2023,68,546.0,12.51,11.87,22.41,0.0
101,2023,68,547.0,12.51,13.31,22.38,0.0
101,2023,68,548.0,12.52,14.35,22.36,0.0
101,2023,68,549.0,12.52,15.06,22.35,0.0
101,2023,68,550.0,12.53,15.62,22.37,0.0
101,2023,68,551.0,12.53,16.19,22.37,0.0
101,2023,68,552.0,12.53,16.81,22.38,0.0
101,2023,68,553.0,12.54,17.54,22.38,0.0
101,2023,68,554.0,12.54,18.41,22.39,0.0
101,2023,68,555.0,12.54,19.57,22.37,0.0
101,2023,68,556.0,12.55,20.67,22.39,0.0
101,2023,68,557.0,12.56,21.77,22.42,0.0
101,2023,68,558.0,12.56,22.53,22.4,0.0
101,2023,68,559.0,12.56,23.32,22.42,0.0
101,2023,68,600.0,12.57,24.7,22.42,0.0
101,2023,68,601.0,12.58,26.31,22.42,0.0
101,2023,68,602.0,12.58,27.72,22.42,0.0
101,2023,68,603.0,12.59,28.28,22.42,0.0
101,2023,68,604.0,12.59,27.92,22.42,0.0
101,2023,68,605.0,12.59,27.27,22.43,0.0
101,2023,68,606.0,12.59,26.76,22.45,0.0
101,2023,68,607.0,12.58,26.14,22.46,0.0
101,2023,68,608.0,12.57,25.49,22.5,0.0
101,2023,68,609.0,12.56,24.33,22.54,0.0
101,2023,68,610.0,12.55,22.47,22.56,0.0
101,2023,68,611.0,12.54,22.08,22.54,0.0
101,2023,68,612.0,12.54,23.83,22.43,0.0
101,2023,68,613.0,12.55,25.35,22.29,0.0
101,2023,68,614.0,12.55,26.53,22.28,0.0
101,2023,68,615.0,12.56,28.17,22.31,0.0
101,2023,68,616.0,12.57,30.2,22.34,0.0
101,2023,68,617.0,12.59,33.39,22.35,0.0
101,2023,68,618.0,12.61,37.67,22.42,0.0
101,2023,68,619.0,12.63,42.83,22.51,0.0
101,2023,68,620.0,12.65,47.71,22.56,0.0
101,2023,68,621.0,12.68,53.24,22.62,0.0
101,2023,68,622.0,12.71,59.69,22.65,0.0
101,2023,68,623.0,12.74,66.12,22.67,0.0
101,2023,68,624.0,12.78,71.0,22.69,0.0
101,2023,68,625.0,12.8,74.1,22.71,0.0
101,2023,68,626.0,12.81,78.1,22.75,0.0
101,2023,68,627.0,12.83,81.7,22.79,0.0
101,2023,68,628.0,12.83,82.1,22.83,0.0
101,2023,68,629.0,12.84,79.9,22.85,0.0
101,2023,68,630.0,12.84,76.6,22.89,0.0
101,2023,68,631.0,12.84,74.2,22.94,0.0
101,2023,68,632.0,12.84,73.9,22.97,0.0
101,2023,68,633.0,12.84,72.6,23.0,0.0
101,2023,68,634.0,12.83,68.3,23.02,0.0
101,2023,68,635.0,12.81,58.68,23.04,0.0
101,2023,68,636.0,12.79,46.92,23.06,0.0
101,2023,68,637.0,12.76,41.28,23.07,0.0
101,2023,68,638.0,12.75,37.79,23.1,0.0
101,2023,68,639.0,12.73,35.64,23.12,0.0
101,2023,68,640.0,12.74,37.76,23.17,0.0
101,2023,68,641.0,12.75,44.16,23.19,0.0
101,2023,68,642.0,12.79,55.86,23.18,0.0
101,2023,68,643.0,12.82,70.9,23.23,0.0
101,2023,68,644.0,12.87,85.2,23.26,0.0
101,2023,68,645.0,12.93,97.7,23.27,0.0
101,2023,68,646.0,12.99,105.7,23.25,0.0
101,2023,68,647.0,13.05,106.3,23.25,0.0
101,2023,68,648.0,13.09,103.9,23.28,0.0
101,2023,68,649.0,13.12,103.7,23.32,0.0
101,2023,68,650.0,13.15,104.0,23.3,0.0
101,2023,68,651.0,13.18,105.1,23.3,0.0
101,2023,68,652.0,13.2,105.3,23.3,0.0
101,2023,68,653.0,13.21,106.5,23.27,0.0
101,2023,68,654.0,13.22,108.6,23.27,0.0
101,2023,68,655.0,13.24,113.2,23.26,0.0
101,2023,68,656.0,13.24,119.5,23.26,0.0
101,2023,68,657.0,13.23,125.1,23.26,0.0
101,2023,68,658.0,13.24,129.6,23.26,0.0
101,2023,68,659.0,13.24,136.1,23.28,0.0
101,2023,68,700.0,13.24,143.6,23.31,0.0
101,2023,68,701.0,13.23,149.2,23.33,0.0
101,2023,68,702.0,13.23,154.2,23.32,0.0
101,2023,68,703.0,13.23,159.5,23.34,0.0
101,2023,68,704.0,13.23,165.2,23.37,0.0
101,2023,68,705.0,13.23,171.9,23.4,0.0
101,2023,68,706.0,13.23,181.9,23.45,0.0
101,2023,68,707.0,13.23,198.2,23.48,0.0
101,2023,68,708.0,13.22,228.9,23.53,0.0
101,2023,68,709.0,13.22,261.9,23.64,0.0
101,2023,68,710.0,13.22,241.2,23.73,0.0
101,2023,68,711.0,13.22,218.7,23.68,0.0
101,2023,68,712.0,13.22,199.9,23.65,0.0
101,2023,68,713.0,13.22,197.1,23.69,0.0
101,2023,68,714.0,13.21,201.5,23.66,0.0
101,2023,68,715.0,13.22,208.6,23.71,0.0
101,2023,68,716.0,13.22,214.3,23.77,0.0
101,2023,68,717.0,13.21,216.2,23.8,0.0
101,2023,68,718.0,13.21,215.3,23.77,0.0
101,2023,68,719.0,13.21,204.7,23.88,0.0
101,2023,68,720.0,13.21,189.2,23.89,0.0
101,2023,68,721.0,13.21,176.6,23.86,0.0
101,2023,68,722.0,13.21,172.7,23.89,0.0
101,2023,68,723.0,13.21,175.6,23.96,0.0
101,2023,68,724.0,13.21,181.0,23.97,0.0
101,2023,68,725.0,13.21,183.7,24.01,0.0
101,2023,68,726.0,13.21,185.5,24.03,0.0
101,2023,68,727.0,13.21,190.3,24.01,0.0
101,2023,68,728.0,13.21,198.7,24.03,0.0
101,2023,68,729.0,13.2,208.8,24.12,0.0
101,2023,68,730.0,13.2,218.1,24.17,0.0
101,2023,68,731.0,13.21,233.3,24.25,0.0
101,2023,68,732.0,13.21,260.9,24.38,0.0
101,2023,68,733.0,13.21,289.9,24.41,0.0
101,2023,68,734.0,13.2,304.3,24.41,0.0
101,2023,68,735.0,13.2,265.9,24.55,0.0
101,2023,68,736.0,13.2,239.1,24.59,0.0
101,2023,68,737.0,13.19,227.7,24.57,0.0
101,2023,68,738.0,13.2,227.6,24.62,0.0
101,2023,68,739.0,13.19,235.8,24.65,0.0
101,2023,68,740.0,13.2,245.7,24.71,0.0
101,2023,68,741.0,13.19,253.4,24.78,0.0
101,2023,68,742.0,13.19,274.3,24.81,0.0
101,2023,68,743.0,13.19,244.0,24.88,0.0
101,2023,68,744.0,13.19,197.4,24.89,0.0
101,2023,68,745.0,13.19,210.2,24.95,0.0
101,2023,68,746.0,13.19,272.6,25.02,0.0
101,2023,68,747.0,13.19,392.8,25.1,0.0
101,2023,68,748.0,13.19,479.5,25.23,0.0
101,2023,68,749.0,13.19,495.5,25.38,0.0
101,2023,68,750.0,13.18,540.8,25.42,0.0
101,2023,68,751.0,13.18,578.8,25.47,0.0
101,2023,68,752.0,13.18,509.9,25.66,0.0
101,2023,68,753.0,13.17,450.3,25.83,0.0
101,2023,68,754.0,13.17,418.0,25.9,0.0
101,2023,68,755.0,13.17,416.9,26.07,0.0
101,2023,68,756.0,13.17,380.7,26.13,0.0
101,2023,68,757.0,13.16,366.4,26.25,0.0
101,2023,68,758.0,13.16,425.5,26.32,0.0
101,2023,68,759.0,13.16,659.0,26.31,0.0
101,2023,68,800.0,13.16,634.7,26.48,0.0
101,2023,68,801.0,13.15,404.9,26.73,0.0
101,2023,68,802.0,13.15,386.2,26.87,0.0
101,2023,68,803.0,13.15,395.4,26.87,0.0
101,2023,68,804.0,13.15,412.3,26.78,0.0
101,2023,68,805.0,13.15,425.4,26.83,0.0
101,2023,68,806.0,13.15,433.4,26.88,0.0
101,2023,68,807.0,13.14,475.3,26.94,0.0
101,2023,68,808.0,13.14,509.4,27.02,0.0
101,2023,68,809.0,13.14,560.2,27.04,0.0
101,2023,68,810.0,13.14,633.5,27.15,0.0
101,2023,68,811.0,13.14,592.0,27.33,0.0
101,2023,68,812.0,13.14,538.7,27.51,0.0
101,2023,68,813.0,13.13,504.5,27.49,0.0
101,2023,68,814.0,13.13,545.9,27.43,0.0
101,2023,68,815.0,13.13,601.0,27.52,0.0
101,2023,68,816.0,13.13,712.0,27.55,0.0
101,2023,68,817.0,13.12,736.0,27.6,0.0
101,2023,68,818.0,13.12,730.0,27.78,0.0
101,2023,68,819.0,13.12,730.0,27.97,0.0
101,2023,68,820.0,13.12,732.0,27.85,0.0
101,2023,68,821.0,13.12,664.4,27.96,0.0
101,2023,68,822.0,13.12,685.2,28.08,0.0
101,2023,68,823.0,13.11,407.6,28.08,0.0
101,2023,68,824.0,13.11,353.8,28.07,0.0
101,2023,68,825.0,13.11,666.3,28.15,0.0
101,2023,68,826.0,13.11,604.7,28.29,0.0
101,2023,68,827.0,13.11,307.5,28.47,0.0
101,2023,68,828.0,13.11,491.6,28.34,0.0
101,2023,68,829.0,13.11,297.7,28.34,0.0
101,2023,68,830.0,13.11,291.0,28.42,0.0
101,2023,68,831.0,13.11,266.7,28.4,0.0
101,2023,68,832.0,13.11,230.2,28.46,0.0
101,2023,68,833.0,13.11,222.0,28.47,0.0
101,2023,68,834.0,13.11,254.0,28.46,0.0
101,2023,68,835.0,13.11,489.5,28.24,0.0
101,2023,68,836.0,13.11,662.3,28.29,0.0
101,2023,68,837.0,13.11,706.0,28.41,0.0
101,2023,68,838.0,13.11,668.2,28.56,0.0
101,2023,68,839.0,13.11,672.7,28.62,0.0
101,2023,68,840.0,13.11,699.1,28.66,0.0
101,2023,68,841.0,13.11,612.3,28.51,0.0
101,2023,68,842.0,13.1,277.5,28.39,0.0
101,2023,68,843.0,13.1,517.5,28.18,0.0
101,2023,68,844.0,13.1,333.0,28.28,0.0
101,2023,68,845.0,13.1,337.6,28.18,0.0
101,2023,68,846.0,13.1,628.3,28.12,0.0
101,2023,68,847.0,13.1,777.0,28.22,0.0
101,2023,68,848.0,13.1,426.6,28.35,0.0
101,2023,68,849.0,13.1,508.9,28.45,0.0
101,2023,68,850.0,13.1,358.7,28.51,0.0
101,2023,68,851.0,13.1,375.0,28.56,0.0
101,2023,68,852.0,13.1,330.1,28.57,0.0
101,2023,68,853.0,13.1,278.3,28.5,0.0
101,2023,68,854.0,13.1,464.5,28.38,0.0
101,2023,68,855.0,13.1,816.0,28.47,0.0
101,2023,68,856.0,13.1,820.0,28.73,0.0
101,2023,68,857.0,13.1,825.0,28.8,0.0
101,2023,68,858.0,13.1,811.0,29.05,0.0
101,2023,68,859.0,13.1,833.0,29.14,0.0
101,2023,68,900.0,13.1,820.0,29.32,0.0
101,2023,68,901.0,13.1,704.0,29.33,0.0
101,2023,68,902.0,13.09,682.0,29.54,0.0
101,2023,68,903.0,13.09,670.0,29.61,0.0
101,2023,68,904.0,13.09,762.0,29.61,0.0
101,2023,68,905.0,13.09,814.0,29.51,0.0
101,2023,68,906.0,13.09,835.0,29.66,0.0
101,2023,68,907.0,13.08,853.0,29.94,0.0
101,2023,68,908.0,13.08,843.0,29.99,0.0
101,2023,68,909.0,13.08,834.0,29.99,0.0
101,2023,68,910.0,13.08,826.0,30.17,0.0
101,2023,68,911.0,13.08,821.0,30.01,0.0
101,2023,68,912.0,13.08,760.0,30.15,0.0
101,2023,68,913.0,13.07,649.3,30.06,0.0
101,2023,68,914.0,13.07,477.1,29.7,0.0
101,2023,68,915.0,13.07,697.1,29.62,0.0
101,2023,68,916.0,13.07,720.0,29.68,0.0
101,2023,68,917.0,13.07,706.0,29.78,0.0
101,2023,68,918.0,13.07,780.0,29.59,0.0
101,2023,68,919.0,13.07,653.2,29.79,0.0
101,2023,68,920.0,13.07,278.2,29.94,0.0
101,2023,68,921.0,13.07,830.0,30.0,0.0
101,2023,68,922.0,13.07,903.0,29.9,0.0
101,2023,68,923.0,13.07,843.0,29.83,0.0
101,2023,68,924.0,13.07,608.4,29.72,0.0
101,2023,68,925.0,13.07,915.0,29.56,0.0
101,2023,68,926.0,13.07,852.0,29.64,0.0
101,2023,68,927.0,13.07,927.0,29.74,0.0
101,2023,68,928.0,13.07,914.0,29.74,0.0
101,2023,68,929.0,13.06,910.0,29.92,0.0
101,2023,68,930.0,13.07,653.5,30.16,0.0
101,2023,68,931.0,13.07,583.8,30.25,0.0
101,2023,68,932.0,13.07,394.9,29.9,0.0
101,2023,68,933.0,13.07,733.0,29.74,0.0
101,2023,68,934.0,13.07,739.0,29.92,0.0
101,2023,68,935.0,13.07,284.3,30.19,0.0
101,2023,68,936.0,13.07,901.0,30.1,0.0
101,2023,68,937.0,13.07,916.0,30.07,0.0
101,2023,68,938.0,13.07,917.0,30.27,0.0
101,2023,68,939.0,13.08,913.0,30.12,0.0
101,2023,68,940.0,13.08,918.0,30.35,0.0
101,2023,68,941.0,13.08,928.0,30.42,0.0
101,2023,68,942.0,13.08,863.0,30.36,0.0
101,2023,68,943.0,13.08,283.2,30.41,0.0
101,2023,68,944.0,13.07,550.0,30.43,0.0
101,2023,68,945.0,13.08,951.0,30.45,0.0
101,2023,68,946.0,13.08,962.0,30.51,0.0
101,2023,68,947.0,13.08,857.0,30.33,0.0
101,2023,68,948.0,13.08,938.0,30.18,0.0
101,2023,68,949.0,13.08,905.0,30.23,0.0
101,2023,68,950.0,13.08,859.0,30.22,0.0
101,2023,68,951.0,13.08,902.0,30.24,0.0
101,2023,68,952.0,13.08,910.0,30.07,0.0
101,2023,68,953.0,13.08,817.0,30.23,0.0
101,2023,68,954.0,13.08,477.1,30.46,0.0
101,2023,68,955.0,13.08,957.0,30.51,0.0
101,2023,68,956.0,13.08,970.0,30.5,0.0
101,2023,68,957.0,13.08,725.0,30.67,0.0
101,2023,68,958.0,13.08,848.0,30.59,0.0
101,2023,68,959.0,13.08,929.0,30.5,0.0
101,2023,68,1000.0,13.08,944.0,30.72,0.0
101,2023,68,1001.0,13.08,892.0,30.58,0.0
101,2023,68,1002.0,13.08,958.0,30.61,0.0
101,2023,68,1003.0,13.08,959.0,30.85,0.0
101,2023,68,1004.0,13.08,957.0,30.77,0.0
101,2023,68,1005.0,13.08,974.0,30.69,0.0
101,2023,68,1006.0,13.08,973.0,30.74,0.0
101,2023,68,1007.0,13.08,804.0,30.82,0.0
101,2023,68,1008.0,13.08,376.8,30.58,0.0
101,2023,68,1009.0,13.08,745.0,30.46,0.0
101,2023,68,1010.0,13.08,998.0,30.42,0.0
101,2023,68,1011.0,13.07,995.0,30.53,0.0
101,2023,68,1012.0,13.08,989.0,30.39,0.0
101,2023,68,1013.0,13.07,974.0,30.44,0.0
101,2023,68,1014.0,13.08,961.0,30.72,0.0
101,2023,68,1015.0,13.08,966.0,30.7,0.0
101,2023,68,1016.0,13.07,639.4,30.6,0.0
101,2023,68,1017.0,13.07,937.0,30.93,0.0
101,2023,68,1018.0,13.08,986.0,31.06,0.0
101,2023,68,1019.0,13.08,941.0,30.96,0.0
101,2023,68,1020.0,13.08,980.0,30.81,0.0
101,2023,68,1021.0,13.08,972.0,30.83,0.0
101,2023,68,1022.0,13.08,1014.0,31.01,0.0
101,2023,68,1023.0,13.08,1042.0,31.28,0.0
101,2023,68,1024.0,13.08,1044.0,31.38,0.0
101,2023,68,1025.0,13.07,396.9,31.12,0.0
101,2023,68,1026.0,13.08,530.2,30.77,0.0
101,2023,68,1027.0,13.07,989.0,30.72,0.0
101,2023,68,1028.0,13.07,1041.0,30.57,0.0
101,2023,68,1029.0,13.08,472.4,30.73,0.0
101,2023,68,1030.0,13.08,423.5,30.54,0.0
101,2023,68,1031.0,13.08,232.0,30.3,0.0
101,2023,68,1032.0,13.07,214.1,30.04,0.0
101,2023,68,1033.0,13.07,210.7,29.83,0.0
101,2023,68,1034.0,13.08,239.3,29.66,0.0
101,2023,68,1035.0,13.08,881.0,29.7,0.0
101,2023,68,1036.0,13.08,1037.0,29.96,0.0
101,2023,68,1037.0,13.08,1037.0,30.1,0.0
101,2023,68,1038.0,13.08,1040.0,30.39,0.0
101,2023,68,1039.0,13.07,1065.0,30.41,0.0
101,2023,68,1040.0,13.08,534.2,30.45,0.0
101,2023,68,1041.0,13.08,824.0,30.4,0.0
101,2023,68,1042.0,13.08,255.8,30.39,0.0
101,2023,68,1043.0,13.08,219.7,30.34,0.0
101,2023,68,1044.0,13.08,213.4,30.14,0.0
101,2023,68,1045.0,13.08,223.3,29.98,0.0
101,2023,68,1046.0,13.08,861.0,29.97,0.0
101,2023,68,1047.0,13.08,1062.0,30.11,0.0
101,2023,68,1048.0,13.08,1055.0,30.48,0.0
101,2023,68,1049.0,13.08,1062.0,30.94,0.0
101,2023,68,1050.0,13.08,893.0,31.19,0.0
101,2023,68,1051.0,13.08,805.0,31.18,0.0
101,2023,68,1052.0,13.08,832.0,30.99,0.0
101,2023,68,1053.0,13.08,932.0,30.84,0.0
101,2023,68,1054.0,13.08,1008.0,30.83,0.0
101,2023,68,1055.0,13.08,1040.0,30.64,0.0
101,2023,68,1056.0,13.08,366.0,30.64,0.0
101,2023,68,1057.0,13.08,911.0,30.57,0.0
101,2023,68,1058.0,13.08,1128.0,30.52,0.0
101,2023,68,1059.0,13.08,917.0,30.6,0.0
101,2023,68,1100.0,13.07,330.2,30.65,0.0
101,2023,68,1101.0,13.08,324.5,30.43,0.0
101,2023,68,1102.0,13.08,668.0,30.22,0.0
101,2023,68,1103.0,13.08,577.0,30.29,0.0
101,2023,68,1104.0,13.08,955.0,30.24,0.0
101,2023,68,1105.0,13.08,1130.0,30.59,0.0
101,2023,68,1106.0,13.08,1081.0,30.77,0.0
101,2023,68,1107.0,13.08,548.6,30.69,0.0
101,2023,68,1108.0,13.07,977.0,30.5,0.0
101,2023,68,1109.0,13.08,1053.0,30.48,0.0
101,2023,68,1110.0,13.08,1116.0,30.72,0.0
101,2023,68,1111.0,13.07,1056.0,30.66,0.0
101,2023,68,1112.0,13.08,340.2,30.46,0.0
101,2023,68,1113.0,13.08,330.5,30.39,0.0
101,2023,68,1114.0,13.08,943.0,30.36,0.0
101,2023,68,1115.0,13.08,1172.0,30.59,0.0
101,2023,68,1116.0,13.07,838.0,30.89,0.0
101,2023,68,1117.0,13.07,923.0,30.92,0.0
101,2023,68,1118.0,13.07,662.7,30.93,0.0
101,2023,68,1119.0,13.08,1076.0,30.98,0.0
101,2023,68,1120.0,13.07,1067.0,31.17,0.0
101,2023,68,1121.0,13.07,1062.0,31.08,0.0
101,2023,68,1122.0,13.07,1058.0,31.17,0.0
101,2023,68,1123.0,13.08,1072.0,31.42,0.0
101,2023,68,1124.0,13.07,1004.0,31.44,0.0
101,2023,68,1125.0,13.08,312.6,31.45,0.0
101,2023,68,1126.0,13.07,286.1,31.3,0.0
101,2023,68,1127.0,13.07,280.0,31.23,0.0
101,2023,68,1128.0,13.07,273.5,30.83,0.0
101,2023,68,1129.0,13.07,381.0,30.5,0.0
101,2023,68,1130.0,13.07,829.0,30.57,0.0
101,2023,68,1131.0,13.07,1085.0,30.45,0.0
101,2023,68,1132.0,13.07,1096.0,30.42,0.0
101,2023,68,1133.0,13.07,1103.0,30.81,0.0
101,2023,68,1134.0,13.08,780.0,31.37,0.0
101,2023,68,1135.0,13.07,295.1,31.29,0.0
101,2023,68,1136.0,13.07,570.0,30.9,0.0
101,2023,68,1137.0,13.07,1082.0,30.73,0.0
101,2023,68,1138.0,13.07,489.1,31.07,0.0
101,2023,68,1139.0,13.07,339.4,31.03,0.0
101,2023,68,1140.0,13.07,424.0,30.96,0.0
101,2023,68,1141.0,13.07,697.4,30.89,0.0
101,2023,68,1142.0,13.07,695.6,30.9,0.0
101,2023,68,1143.0,13.07,541.1,30.99,0.0
101,2023,68,1144.0,13.07,285.0,30.94,0.0
101,2023,68,1145.0,13.07,291.5,30.86,0.0
101,2023,68,1146.0,13.07,377.9,30.83,0.0
101,2023,68,1147.0,13.07,966.0,30.69,0.0
101,2023,68,1148.0,13.07,562.0,30.88,0.0
101,2023,68,1149.0,13.07,445.5,30.85,0.0
101,2023,68,1150.0,13.07,1013.0,30.77,0.0
101,2023,68,1151.0,13.07,567.0,31.09,0.0
101,2023,68,1152.0,13.07,998.0,31.16,0.0
101,2023,68,1153.0,13.07,1081.0,31.08,0.0
101,2023,68,1154.0,13.07,379.3,30.79,0.0
101,2023,68,1155.0,13.07,626.9,30.67,0.0
101,2023,68,1156.0,13.07,773.0,30.79,0.0
101,2023,68,1157.0,13.07,282.6,30.65,0.0
101,2023,68,1158.0,13.07,258.4,30.48,0.0
101,2023,68,1159.0,13.07,356.5,30.38,0.0
101,2023,68,1200.0,13.07,721.0,30.34,0.0
101,2023,68,1201.0,13.07,801.0,30.44,0.0
101,2023,68,1202.0,13.07,827.0,30.68,0.0
101,2023,68,1203.0,13.08,632.0,30.72,0.0
101,2023,68,1204.0,13.07,334.3,30.82,0.0
101,2023,68,1205.0,13.07,301.8,30.88,0.0
101,2023,68,1206.0,13.08,536.2,30.66,0.0
101,2023,68,1207.0,13.08,1032.0,30.61,0.0
101,2023,68,1208.0,13.08,1008.0,30.72,0.0
101,2023,68,1209.0,13.07,1003.0,30.9,0.0
101,2023,68,1210.0,13.08,1003.0,30.69,0.0
101,2023,68,1211.0,13.08,1007.0,30.84,0.0
101,2023,68,1212.0,13.08,1026.0,30.99,0.0
101,2023,68,1213.0,13.07,1036.0,31.37,0.0
101,2023,68,1214.0,13.07,1036.0,31.58,0.0
101,2023,68,1215.0,13.07,1042.0,31.61,0.0
101,2023,68,1216.0,13.07,1055.0,31.94,0.0
101,2023,68,1217.0,13.08,1058.0,31.67,0.0
101,2023,68,1218.0,13.08,799.0,31.85,0.0
101,2023,68,1219.0,13.08,374.4,31.68,0.0
101,2023,68,1220.0,13.07,681.9,31.09,0.0
101,2023,68,1221.0,13.07,926.0,30.99,0.0
101,2023,68,1222.0,13.07,1055.0,31.05,0.0
101,2023,68,1223.0,13.07,910.0,31.01,0.0
101,2023,68,1224.0,13.07,284.2,30.96,0.0
101,2023,68,1225.0,13.07,241.6,30.71,0.0
101,2023,68,1226.0,13.07,329.9,30.67,0.0
101,2023,68,1227.0,13.07,1027.0,30.62,0.0
101,2023,68,1228.0,13.07,1064.0,30.92,0.0
101,2023,68,1229.0,13.07,812.0,30.82,0.0
101,2023,68,1230.0,13.07,1057.0,30.99,0.0
101,2023,68,1231.0,13.07,511.0,31.15,0.0
101,2023,68,1232.0,13.07,347.7,30.78,0.0
101,2023,68,1233.0,13.07,545.5,30.72,0.0
101,2023,68,1234.0,13.07,991.0,30.8,0.0
101,2023,68,1235.0,13.07,991.0,30.82,0.0
101,2023,68,1236.0,13.07,997.0,30.96,0.0
101,2023,68,1237.0,13.07,673.2,31.17,0.0
101,2023,68,1238.0,13.07,798.0,30.92,0.0
101,2023,68,1239.0,13.07,955.0,30.94,0.0
101,2023,68,1240.0,13.07,951.0,31.3,0.0
101,2023,68,1241.0,13.07,942.0,31.38,0.0
101,2023,68,1242.0,13.07,937.0,31.4,0.0
101,2023,68,1243.0,13.07,938.0,31.02,0.0
101,2023,68,1244.0,13.07,934.0,31.08,0.0
101,2023,68,1245.0,13.07,935.0,31.12,0.0
101,2023,68,1246.0,13.07,931.0,31.01,0.0
101,2023,68,1247.0,13.07,930.0,31.42,0.0
101,2023,68,1248.0,13.07,938.0,31.52,0.0
101,2023,68,1249.0,13.07,952.0,31.4,0.0
101,2023,68,1250.0,13.07,971.0,31.19,0.0
101,2023,68,1251.0,13.07,863.0,31.3,0.0
101,2023,68,1252.0,13.07,282.0,31.49,0.0
101,2023,68,1253.0,13.07,254.7,31.38,0.0
101,2023,68,1254.0,13.07,284.4,31.08,0.0
101,2023,68,1255.0,13.07,865.0,30.78,0.0
101,2023,68,1256.0,13.07,987.0,30.85,0.0
101,2023,68,1257.0,13.07,1014.0,30.98,0.0
101,2023,68,1258.0,13.07,1028.0,31.33,0.0
101,2023,68,1259.0,13.07,989.0,31.66,0.0
101,2023,68,1300.0,13.07,395.6,31.88,0.0
101,2023,68,1301.0,13.07,360.3,31.38,0.0
101,2023,68,1302.0,13.07,402.0,30.87,0.0
101,2023,68,1303.0,13.07,366.6,30.75,0.0
101,2023,68,1304.0,13.07,646.4,30.86,0.0
101,2023,68,1305.0,13.07,421.6,30.85,0.0
101,2023,68,1306.0,13.07,382.9,30.49,0.0
101,2023,68,1307.0,13.07,762.0,30.53,0.0
101,2023,68,1308.0,13.07,675.2,30.77,0.0
101,2023,68,1309.0,13.07,395.1,30.84,0.0
101,2023,68,1310.0,13.07,879.0,30.58,0.0
101,2023,68,1311.0,13.07,1004.0,30.49,0.0
101,2023,68,1312.0,13.07,991.0,30.91,0.0
101,2023,68,1313.0,13.07,973.0,31.1,0.0
101,2023,68,1314.0,13.07,993.0,31.08,0.0
101,2023,68,1315.0,13.07,897.0,30.75,0.0
101,2023,68,1316.0,13.07,881.0,31.01,0.0
101,2023,68,1317.0,13.07,729.0,30.99,0.0
101,2023,68,1318.0,13.07,894.0,30.88,0.0
101,2023,68,1319.0,13.07,731.0,30.98,0.0
101,2023,68,1320.0,13.07,405.0,30.67,0.0
101,2023,68,1321.0,13.07,353.3,30.65,0.0
101,2023,68,1322.0,13.07,812.0,30.82,0.0
101,2023,68,1323.0,13.07,456.7,30.76,0.0
101,2023,68,1324.0,13.07,285.2,30.69,0.0
101,2023,68,1325.0,13.07,278.5,30.64,0.0
101,2023,68,1326.0,13.07,269.2,30.42,0.0
101,2023,68,1327.0,13.07,272.6,30.32,0.0
101,2023,68,1328.0,13.07,330.4,30.26,0.0
101,2023,68,1329.0,13.07,579.6,30.4,0.0
101,2023,68,1330.0,13.07,393.6,30.57,0.0
101,2023,68,1331.0,13.07,245.5,30.5,0.0
101,2023,68,1332.0,13.07,219.4,30.4,0.0
101,2023,68,1333.0,13.07,206.7,30.36,0.0
101,2023,68,1334.0,13.07,204.5,30.06,0.0
101,2023,68,1335.0,13.07,202.6,29.87,0.0
101,2023,68,1336.0,13.07,226.5,29.82,0.0
101,2023,68,1337.0,13.07,605.9,29.88,0.0
101,2023,68,1338.0,13.07,883.0,30.04,0.0
101,2023,68,1339.0,13.07,896.0,30.13,0.0
101,2023,68,1340.0,13.08,908.0,30.09,0.0
101,2023,68,1341.0,13.07,915.0,30.27,0.0
101,2023,68,1342.0,13.07,594.1,30.48,0.0
101,2023,68,1343.0,13.07,350.2,30.47,0.0
101,2023,68,1344.0,13.07,290.6,30.47,0.0
101,2023,68,1345.0,13.07,696.8,30.33,0.0
101,2023,68,1346.0,13.07,913.0,30.29,0.0
101,2023,68,1347.0,13.07,832.0,30.55,0.0
101,2023,68,1348.0,13.07,347.1,30.78,0.0
101,2023,68,1349.0,13.07,687.2,30.65,0.0
101,2023,68,1350.0,13.08,895.0,30.59,0.0
101,2023,68,1351.0,13.07,575.8,30.78,0.0
101,2023,68,1352.0,13.08,735.0,30.71,0.0
101,2023,68,1353.0,13.07,668.3,30.4,0.0
101,2023,68,1354.0,13.08,504.6,30.16,0.0
101,2023,68,1355.0,13.07,724.0,30.24,0.0
101,2023,68,1356.0,13.07,810.0,30.43,0.0
101,2023,68,1357.0,13.07,833.0,30.25,0.0
101,2023,68,1358.0,13.07,674.3,30.33,0.0
101,2023,68,1359.0,13.07,755.0,30.16,0.0
101,2023,68,1400.0,13.07,803.0,30.25,0.0
101,2023,68,1401.0,13.07,800.0,30.31,0.0
101,2023,68,1402.0,13.07,751.0,30.1,0.0
101,2023,68,1403.0,13.07,765.0,30.25,0.0
101,2023,68,1404.0,13.07,773.0,30.39,0.0
101,2023,68,1405.0,13.07,763.0,30.51,0.0
101,2023,68,1406.0,13.08,762.0,30.56,0.0
101,2023,68,1407.0,13.07,768.0,30.71,0.0
101,2023,68,1408.0,13.07,777.0,30.65,0.0
101,2023,68,1409.0,13.07,763.0,30.68,0.0
101,2023,68,1410.0,13.07,529.5,30.63,0.0
101,2023,68,1411.0,13.07,489.9,30.59,0.0
101,2023,68,1412.0,13.07,727.0,30.38,0.0
101,2023,68,1413.0,13.08,816.0,30.4,0.0
101,2023,68,1414.0,13.08,656.6,30.51,0.0
101,2023,68,0.0,13.07,804.0,30.79,0.0
101,2023,68,1416.0,13.07,659.2,30.89,0.0
101,2023,68,1417.0,13.07,316.0,30.99,0.0
101,2023,68,1418.0,13.08,195.3,30.63,0.0
101,2023,68,1419.0,13.07,202.9,30.36,0.0
101,2023,68,1420.0,13.07,242.9,30.15,0.0
101,2023,68,1421.0,13.08,686.7,30.18,0.0
101,2023,68,1422.0,13.08,734.0,30.2,0.0
101,2023,68,1423.0,13.07,636.5,30.12,0.0
101,2023,68,1424.0,13.08,644.6,30.02,0.0
101,2023,68,1425.0,13.08,680.1,30.13,0.0
101,2023,68,1426.0,13.07,668.1,30.4,0.0
101,2023,68,1427.0,13.07,656.7,30.53,0.0
101,2023,68,1428.0,13.07,653.9,30.58,0.0
101,2023,68,1429.0,13.06,231.5,30.64,0.0
101,2023,68,1430.0,13.07,540.0,30.54,0.0
101,2023,68,1431.0,13.08,633.9,30.39,0.0
101,2023,68,1432.0,13.07,623.3,30.29,0.0
101,2023,68,1433.0,13.07,626.8,30.43,0.0
101,2023,68,1434.0,13.07,616.4,30.61,0.0
101,2023,68,1435.0,13.07,609.2,30.75,0.0
101,2023,68,1436.0,13.07,611.9,30.82,0.0
101,2023,68,1437.0,13.07,614.6,30.96,0.0
101,2023,68,1438.0,13.07,613.4,30.8,0.0
101,2023,68,1439.0,13.07,596.2,30.52,0.0
101,2023,68,1440.0,13.07,520.1,30.47,0.0
101,2023,68,1441.0,13.07,432.3,30.35,0.0
101,2023,68,1442.0,13.07,623.4,30.27,0.0
101,2023,68,1443.0,13.07,586.9,30.28,0.0
101,2023,68,1444.0,13.06,432.2,30.42,0.0
101,2023,68,1445.0,13.04,170.1,30.41,0.0
101,2023,68,1446.0,13.03,158.4,30.26,0.0
101,2023,68,1447.0,13.03,166.8,30.11,0.0
101,2023,68,1448.0,13.05,491.7,29.97,0.0
101,2023,68,1449.0,13.07,593.2,30.14,0.0
101,2023,68,1450.0,13.07,582.6,30.25,0.0
101,2023,68,1451.0,13.07,573.2,30.4,0.0
101,2023,68,1452.0,13.07,570.2,30.34,0.0
101,2023,68,1453.0,13.07,570.8,30.46,0.0
101,2023,68,1454.0,13.07,568.2,30.56,0.0
101,2023,68,1455.0,13.07,563.9,30.65,0.0
101,2023,68,1456.0,13.07,554.6,30.69,0.0
101,2023,68,1457.0,13.07,544.0,30.53,0.0
101,2023,68,1458.0,13.07,539.0,30.45,0.0
101,2023,68,1459.0,13.06,534.1,30.59,0.0
101,2023,68,1500.0,13.07,535.8,30.51,0.0
101,2023,68,1501.0,13.07,534.5,30.6,0.0
101,2023,68,1502.0,13.06,520.1,30.66,0.0
101,2023,68,1503.0,13.06,514.8,30.7,0.0
101,2023,68,1504.0,13.06,517.9,30.88,0.0
101,2023,68,1505.0,13.07,514.6,30.62,0.0
101,2023,68,1506.0,13.07,514.0,30.38,0.0
101,2023,68,1507.0,13.07,510.6,30.15,0.0
101,2023,68,1508.0,13.06,490.0,30.01,0.0
101,2023,68,1509.0,13.07,485.5,30.04,0.0
101,2023,68,1510.0,13.07,477.9,30.14,0.0
101,2023,68,1511.0,13.07,476.5,30.12,0.0
101,2023,68,1512.0,13.06,481.7,30.06,0.0
101,2023,68,1513.0,13.06,483.0,29.97,0.0
101,2023,68,1514.0,13.07,482.5,29.84,0.0
101,2023,68,1515.0,13.06,479.9,29.73,0.0
101,2023,68,1516.0,13.06,470.7,30.06,0.0
101,2023,68,1517.0,13.06,464.3,30.25,0.0
101,2023,68,1518.0,13.05,454.3,30.27,0.0
101,2023,68,1519.0,13.05,446.7,30.21,0.0
101,2023,68,1520.0,13.05,445.8,30.17,0.0
101,2023,68,1521.0,13.05,436.1,30.08,0.0
101,2023,68,1522.0,13.05,424.5,30.04,0.0
101,2023,68,1523.0,13.05,413.7,29.98,0.0
101,2023,68,1524.0,13.04,406.1,30.12,0.0
101,2023,68,1525.0,13.04,414.0,30.16,0.0
101,2023,68,1526.0,13.04,409.4,29.96,0.0
101,2023,68,1527.0,13.04,420.2,30.11,0.0
101,2023,68,1528.0,13.04,417.9,30.25,0.0
101,2023,68,1529.0,13.04,422.3,30.26,0.0
101,2023,68,1530.0,13.04,427.3,30.2,0.0
101,2023,68,1531.0,13.04,428.6,29.97,0.0
101,2023,68,1532.0,13.04,427.1,29.89,0.0
101,2023,68,1533.0,13.04,423.7,29.81,0.0
101,2023,68,1534.0,13.04,421.9,29.81,0.0
101,2023,68,1535.0,13.04,419.7,29.85,0.0
101,2023,68,1536.0,13.04,416.9,29.76,0.0
101,2023,68,1537.0,13.04,414.9,29.84,0.0
101,2023,68,1538.0,13.04,412.3,29.88,0.0
101,2023,68,1539.0,13.04,410.6,29.84,0.0
101,2023,68,1540.0,13.04,409.0,29.79,0.0
101,2023,68,1541.0,13.04,407.0,29.86,0.0
101,2023,68,1542.0,13.04,409.5,29.97,0.0
101,2023,68,1543.0,13.04,406.9,29.89,0.0
101,2023,68,1544.0,13.04,398.8,29.83,0.0
101,2023,68,1545.0,13.04,402.9,29.89,0.0
101,2023,68,1546.0,13.04,395.1,29.78,0.0
101,2023,68,1547.0,13.04,398.5,29.87,0.0
101,2023,68,1548.0,13.04,318.4,29.89,0.0
101,2023,68,1549.0,13.01,175.5,29.87,0.0
101,2023,68,1550.0,13.0,142.4,29.68,0.0
101,2023,68,1551.0,13.0,202.3,29.48,0.0
101,2023,68,1552.0,13.0,255.2,29.4,0.0
101,2023,68,1553.0,12.99,167.8,29.4,0.0
101,2023,68,1554.0,12.98,134.0,29.22,0.0
101,2023,68,1555.0,12.98,171.3,29.2,0.0
101,2023,68,1556.0,12.99,316.3,29.22,0.0
101,2023,68,1557.0,13.0,326.9,29.32,0.0
101,2023,68,1558.0,12.99,202.6,29.28,0.0
101,2023,68,1559.0,12.98,164.4,29.23,0.0
101,2023,68,1600.0,12.98,200.4,29.11,0.0
101,2023,68,1601.0,12.98,201.4,28.99,0.0
101,2023,68,1602.0,12.97,188.8,29.01,0.0
101,2023,68,1603.0,12.97,175.3,28.99,0.0
101,2023,68,1604.0,12.98,267.1,29.04,0.0
101,2023,68,1605.0,12.98,306.7,29.03,0.0
101,2023,68,1606.0,12.98,214.9,28.99,0.0
101,2023,68,1607.0,12.97,191.4,28.83,0.0
101,2023,68,1608.0,12.97,234.1,28.81,0.0
101,2023,68,1609.0,12.97,257.7,28.86,0.0
101,2023,68,1610.0,12.99,306.6,28.92,0.0
101,2023,68,1611.0,12.99,311.0,28.88,0.0
101,2023,68,1612.0,12.99,311.2,28.88,0.0
101,2023,68,1613.0,12.99,312.3,28.96,0.0
101,2023,68,1614.0,12.99,264.0,28.91,0.0
101,2023,68,1615.0,12.98,259.1,28.91,0.0
101,2023,68,1616.0,12.98,242.7,28.9,0.0
101,2023,68,1617.0,12.98,264.6,28.95,0.0
101,2023,68,1618.0,12.97,207.1,28.94,0.0
101,2023,68,1619.0,12.98,286.2,28.9,0.0
101,2023,68,1620.0,12.98,293.7,28.9,0.0
101,2023,68,1621.0,12.99,297.5,28.96,0.0
101,2023,68,1622.0,12.99,295.4,28.83,0.0
101,2023,68,1623.0,12.99,289.5,28.85,0.0
101,2023,68,1624.0,12.99,281.0,28.91,0.0
101,2023,68,1625.0,12.99,271.1,28.97,0.0
101,2023,68,1626.0,12.98,260.2,28.99,0.0
101,2023,68,1627.0,12.99,254.1,29.07,0.0
101,2023,68,1628.0,12.98,251.0,29.1,0.0
101,2023,68,1629.0,12.98,241.7,28.99,0.0
101,2023,68,1630.0,12.98,250.0,28.93,0.0
101,2023,68,1631.0,12.99,248.4,28.9,0.0
101,2023,68,1632.0,12.99,246.1,28.89,0.0
101,2023,68,1633.0,12.99,240.4,28.9,0.0
101,2023,68,1634.0,12.99,238.3,28.94,0.0
101,2023,68,1635.0,12.99,238.1,29.0,0.0
101,2023,68,1636.0,12.99,238.6,28.9,0.0
101,2023,68,1637.0,13.0,233.1,28.77,0.0
101,2023,68,1638.0,12.99,226.6,28.79,0.0
101,2023,68,1639.0,12.99,219.6,28.76,0.0
101,2023,68,1640.0,12.99,207.6,28.8,0.0
101,2023,68,1641.0,12.98,195.8,28.81,0.0
101,2023,68,1642.0,12.97,126.5,28.85,0.0
101,2023,68,1643.0,12.96,109.4,28.71,0.0
101,2023,68,1644.0,12.95,84.0,28.51,0.0
101,2023,68,1645.0,12.94,74.5,28.5,0.0
101,2023,68,1646.0,12.93,74.8,28.4,0.0
101,2023,68,1647.0,12.92,85.1,28.35,0.0
101,2023,68,1648.0,12.91,79.6,28.3,0.0
101,2023,68,1649.0,12.9,66.07,28.29,0.0
101,2023,68,1650.0,12.89,58.04,28.25,0.0
101,2023,68,1651.0,12.89,53.56,28.25,0.0
101,2023,68,1652.0,12.88,54.41,28.25,0.0
101,2023,68,1653.0,12.88,63.03,28.16,0.0
101,2023,68,1654.0,12.87,59.09,28.09,0.0
101,2023,68,1655.0,12.87,61.12,28.03,0.0
101,2023,68,1656.0,12.88,106.1,27.99,0.0
101,2023,68,1657.0,12.87,92.8,27.93,0.0
101,2023,68,1658.0,12.87,70.5,27.92,0.0
101,2023,68,1659.0,12.86,61.9,27.91,0.0
101,2023,68,1700.0,12.86,56.19,27.89,0.0
101,2023,68,1701.0,12.85,52.8,27.86,0.0
101,2023,68,1702.0,12.85,50.55,27.85,0.0
101,2023,68,1703.0,12.85,46.55,27.8,0.0
101,2023,68,1704.0,12.84,43.14,27.74,0.0
101,2023,68,1705.0,12.83,41.73,27.7,0.0
101,2023,68,1706.0,12.83,41.65,27.63,0.0
101,2023,68,1707.0,12.83,46.3,27.61,0.0
101,2023,68,1708.0,12.83,52.75,27.59,0.0
101,2023,68,1709.0,12.83,56.33,27.57,0.0
101,2023,68,1710.0,12.83,64.7,27.52,0.0
101,2023,68,1711.0,12.83,79.8,27.49,0.0
101,2023,68,1712.0,12.83,81.5,27.49,0.0
101,2023,68,1713.0,12.83,79.5,27.44,0.0
101,2023,68,1714.0,12.83,75.0,27.41,0.0
101,2023,68,1715.0,12.83,71.1,27.44,0.0
101,2023,68,1716.0,12.82,67.32,27.42,0.0
101,2023,68,1717.0,12.82,61.85,27.41,0.0
101,2023,68,1718.0,12.81,42.94,27.38,0.0
101,2023,68,1719.0,12.8,29.05,27.33,0.0
101,2023,68,1720.0,12.8,32.52,27.3,0.0
101,2023,68,1721.0,12.8,31.87,27.27,0.0
101,2023,68,1722.0,12.8,23.08,27.22,0.0
101,2023,68,1723.0,12.79,19.08,27.21,0.0
101,2023,68,1724.0,12.79,17.53,27.18,0.0
101,2023,68,1725.0,12.79,16.2,27.14,0.0
101,2023,68,1726.0,12.79,15.05,27.1,0.0
101,2023,68,1727.0,12.79,13.98,27.08,0.0
101,2023,68,1728.0,12.79,13.13,27.06,0.0
101,2023,68,1729.0,12.78,12.29,27.03,0.0
101,2023,68,1730.0,12.78,11.67,26.99,0.0
101,2023,68,1731.0,12.78,10.96,26.97,0.0
101,2023,68,1732.0,12.78,9.97,26.95,0.0
101,2023,68,1733.0,12.78,8.96,26.94,0.0
101,2023,68,1734.0,12.78,7.92,26.9,0.0
101,2023,68,1735.0,12.77,7.07,26.86,0.0
101,2023,68,1736.0,12.78,6.284,26.83,0.0
101,2023,68,1737.0,12.77,5.607,26.81,0.0
101,2023,68,1738.0,12.77,4.959,26.79,0.0
101,2023,68,1739.0,12.77,4.311,26.76,0.0
101,2023,68,1740.0,12.77,3.832,26.72,0.0
101,2023,68,1741.0,12.77,3.663,26.7,0.0
101,2023,68,1742.0,12.77,3.1,26.69,0.0
101,2023,68,1743.0,12.77,2.874,26.65,0.0
101,2023,68,1744.0,12.76,2.395,26.62,0.0
101,2023,68,1745.0,12.76,2.254,26.6,0.0
101,2023,68,1746.0,12.76,1.803,26.58,0.0
101,2023,68,1747.0,12.76,1.691,26.53,0.0
101,2023,68,1748.0,12.76,1.522,26.49,0.0
101,2023,68,1749.0,12.76,1.184,26.46,0.0
101,2023,68,1750.0,12.76,1.014,26.45,0.0
101,2023,68,1751.0,12.76,0.0,26.42,0.0
101,2023,68,1752.0,12.76,0.0,26.39,0.0
101,2023,68,1753.0,12.76,0.0,26.32,0.0
101,2023,68,1754.0,12.75,0.0,26.29,0.0
101,2023,68,1755.0,12.76,0.0,26.27,0.0
101,2023,68,1756.0,12.75,0.0,26.26,0.0
101,2023,68,1757.0,12.75,0.0,26.24,0.0
101,2023,68,1758.0,12.75,0.0,26.22,0.0
101,2023,68,1759.0,12.75,0.0,26.2,0.0
101,2023,68,1800.0,12.75,0.0,26.18,0.0
101,2023,68,1801.0,12.75,0.0,26.18,0.0
101,2023,68,1802.0,12.75,0.0,26.14,0.0
101,2023,68,1803.0,12.75,0.0,26.12,0.0
101,2023,68,1804.0,12.75,0.0,26.1,0.0
101,2023,68,1805.0,12.74,0.0,26.07,0.0
101,2023,68,1806.0,12.74,0.0,26.06,0.0
101,2023,68,1807.0,12.74,0.0,26.05,0.0
101,2023,68,1808.0,12.74,0.0,26.03,0.0
101,2023,68,1809.0,12.74,0.0,26.02,0.0
101,2023,68,1810.0,12.74,0.0,25.99,0.0
101,2023,68,1811.0,12.74,0.0,25.97,0.0
101,2023,68,1812.0,12.74,0.0,25.96,0.0
101,2023,68,1813.0,12.74,0.0,25.95,0.0
101,2023,68,1814.0,12.74,0.0,25.93,0.0
101,2023,68,1815.0,12.74,0.0,25.91,0.0
101,2023,68,1816.0,12.73,0.0,25.87,0.0
101,2023,68,1817.0,12.73,0.0,25.85,0.0
101,2023,68,1818.0,12.73,0.0,25.84,0.0
101,2023,68,1819.0,12.73,0.0,25.83,0.0
101,2023,68,1820.0,12.73,0.0,25.8,0.0
101,2023,68,1821.0,12.73,0.0,25.78,0.0
101,2023,68,1822.0,12.73,0.0,25.76,0.0
101,2023,68,1823.0,12.73,0.0,25.75,0.0
101,2023,68,1824.0,12.73,0.0,25.72,0.0
101,2023,68,1825.0,12.72,0.0,25.71,0.0
101,2023,68,1826.0,12.73,0.0,25.71,0.0
101,2023,68,1827.0,12.72,0.0,25.7,0.0
101,2023,68,1828.0,12.72,0.0,25.69,0.0
101,2023,68,1829.0,12.72,0.0,25.67,0.0
101,2023,68,1830.0,12.72,0.0,25.67,0.0
101,2023,68,1831.0,12.72,0.0,25.65,0.0
101,2023,68,1832.0,12.72,0.0,25.63,0.0
101,2023,68,1833.0,12.72,0.0,25.63,0.0
101,2023,68,1834.0,12.72,0.0,25.63,0.0
101,2023,68,1835.0,12.72,0.0,25.63,0.0
101,2023,68,1836.0,12.72,0.0,25.64,0.0
101,2023,68,1837.0,12.72,0.0,25.65,0.0
101,2023,68,1838.0,12.72,0.0,25.65,0.0
101,2023,68,1839.0,12.72,0.0,25.65,0.0
101,2023,68,1840.0,12.72,0.0,25.66,0.0
101,2023,68,1841.0,12.71,0.0,25.68,0.0
101,2023,68,1842.0,12.71,0.0,25.69,0.0
101,2023,68,1843.0,12.72,0.0,25.7,0.0
101,2023,68,1844.0,12.71,0.0,25.7,0.0
101,2023,68,1845.0,12.71,0.0,25.69,0.0
101,2023,68,1846.0,12.71,0.0,25.69,0.0
101,2023,68,1847.0,12.71,0.0,25.67,0.0
101,2023,68,1848.0,12.71,0.0,25.63,0.0
101,2023,68,1849.0,12.71,0.0,25.63,0.0
101,2023,68,1850.0,12.71,0.0,25.6,0.0
101,2023,68,1851.0,12.71,0.0,25.59,0.0
101,2023,68,1852.0,12.71,0.0,25.58,0.0
101,2023,68,1853.0,12.71,0.0,25.58,0.0
101,2023,68,1854.0,12.71,0.0,25.58,0.0
101,2023,68,1855.0,12.7,0.0,25.58,0.0
101,2023,68,1856.0,12.7,0.0,25.59,0.0
101,2023,68,1857.0,12.7,0.0,25.59,0.0
101,2023,68,1858.0,12.7,0.0,25.59,0.0
101,2023,68,1859.0,12.7,0.0,25.61,0.0
101,2023,68,1900.0,12.7,0.0,25.59,0.0
101,2023,68,1901.0,12.7,0.0,25.59,0.0
101,2023,68,1902.0,12.7,0.0,25.6,0.0
101,2023,68,1903.0,12.7,0.0,25.62,0.0
101,2023,68,1904.0,12.7,0.0,25.62,0.0
101,2023,68,1905.0,12.7,0.0,25.62,0.0
101,2023,68,1906.0,12.7,0.0,25.62,0.0
101,2023,68,1907.0,12.7,0.0,25.62,0.0
101,2023,68,1908.0,12.7,0.0,25.62,0.0
101,2023,68,1909.0,12.7,0.0,25.6,0.0
101,2023,68,1910.0,12.7,0.0,25.6,0.0
101,2023,68,1911.0,12.7,0.0,25.59,0.0
101,2023,68,1912.0,12.7,0.0,25.59,0.0
101,2023,68,1913.0,12.69,0.0,25.59,0.0
101,2023,68,1914.0,12.69,0.0,25.57,0.0
101,2023,68,1915.0,12.69,0.0,25.57,0.0
101,2023,68,1916.0,12.69,0.0,25.58,0.0
101,2023,68,1917.0,12.69,0.0,25.59,0.0
101,2023,68,1918.0,12.69,0.0,25.57,0.0
101,2023,68,1919.0,12.69,0.0,25.56,0.0
101,2023,68,1920.0,12.69,0.0,25.56,0.0
101,2023,68,1921.0,12.69,0.0,25.56,0.0
101,2023,68,1922.0,12.69,0.0,25.56,0.0
101,2023,68,1923.0,12.69,0.0,25.54,0.0
101,2023,68,1924.0,12.69,0.0,25.53,0.0
101,2023,68,1925.0,12.69,0.0,25.51,0.0
101,2023,68,1926.0,12.69,0.0,25.52,0.0
101,2023,68,1927.0,12.69,0.0,25.52,0.0
101,2023,68,1928.0,12.69,0.0,25.5,0.0
101,2023,68,1929.0,12.68,0.0,25.46,0.0
101,2023,68,1930.0,12.69,0.0,25.44,0.0
101,2023,68,1931.0,12.69,0.0,25.44,0.0
101,2023,68,1932.0,12.69,0.0,25.43,0.0
101,2023,68,1933.0,12.68,0.0,25.41,0.0
101,2023,68,1934.0,12.68,0.0,25.41,0.0
101,2023,68,1935.0,12.68,0.0,25.39,0.0
101,2023,68,1936.0,12.68,0.0,25.39,0.0
101,2023,68,1937.0,12.68,0.0,25.38,0.0
101,2023,68,1938.0,12.68,0.0,25.38,0.0
101,2023,68,1939.0,12.68,0.0,25.4,0.0
101,2023,68,1940.0,12.68,0.0,25.41,0.0
101,2023,68,1941.0,12.68,0.0,25.43,0.0
101,2023,68,1942.0,12.68,0.0,25.41,0.0
101,2023,68,1943.0,12.68,0.0,25.4,0.0
101,2023,68,1944.0,12.68,0.0,25.38,0.0
101,2023,68,1945.0,12.68,0.0,25.38,0.0
101,2023,68,1946.0,12.68,0.0,25.37,0.0
101,2023,68,1947.0,12.68,0.0,25.36,0.0
101,2023,68,1948.0,12.68,0.0,25.36,0.0
101,2023,68,1949.0,12.67,0.0,25.35,0.0
101,2023,68,1950.0,12.68,0.0,25.34,0.0
101,2023,68,1951.0,12.67,0.0,25.35,0.0
101,2023,68,1952.0,12.67,0.0,25.33,0.0
101,2023,68,1953.0,12.67,0.0,25.32,0.0
101,2023,68,1954.0,12.67,0.0,25.3,0.0
101,2023,68,1955.0,12.67,0.0,25.3,0.0
101,2023,68,1956.0,12.67,0.0,25.3,0.0
101,2023,68,1957.0,12.67,0.0,25.31,0.0
101,2023,68,1958.0,12.67,0.0,25.3,0.0
101,2023,68,1959.0,12.67,0.0,25.28,0.0
101,2023,68,2000.0,12.67,0.0,25.27,0.0
101,2023,68,2001.0,12.67,0.0,25.27,0.0
101,2023,68,2002.0,12.67,0.0,25.28,0.0
101,2023,68,2003.0,12.67,0.0,25.29,0.0
101,2023,68,2004.0,12.67,0.0,25.3,0.0
101,2023,68,2005.0,12.67,0.0,25.29,0.0
101,2023,68,2006.0,12.67,0.0,25.28,0.0
101,2023,68,2007.0,12.67,0.0,25.27,0.0
101,2023,68,2008.0,12.67,0.0,25.28,0.0
101,2023,68,2009.0,12.67,0.0,25.28,0.0
101,2023,68,2010.0,12.67,0.0,25.29,0.0
101,2023,68,2011.0,12.66,0.0,25.28,0.0
101,2023,68,2012.0,12.67,0.0,25.26,0.0
101,2023,68,2013.0,12.66,0.0,25.25,0.0
101,2023,68,2014.0,12.66,0.0,25.25,0.0
101,2023,68,2015.0,12.66,0.0,25.22,0.0
101,2023,68,2016.0,12.66,0.0,25.22,0.0
101,2023,68,2017.0,12.66,0.0,25.2,0.0
101,2023,68,2018.0,12.66,0.0,25.2,0.0
101,2023,68,2019.0,12.66,0.0,25.19,0.0
101,2023,68,2020.0,12.66,0.0,25.18,0.0
101,2023,68,2021.0,12.66,0.0,25.19,0.0
101,2023,68,2022.0,12.66,0.0,25.18,0.0
101,2023,68,2023.0,12.66,0.0,25.17,0.0
101,2023,68,2024.0,12.66,0.0,25.17,0.0
101,2023,68,2025.0,12.66,0.0,25.16,0.0
101,2023,68,2026.0,12.66,0.0,25.17,0.0
101,2023,68,2027.0,12.66,0.0,25.16,0.0
101,2023,68,2028.0,12.66,0.0,25.14,0.0
101,2023,68,2029.0,12.66,0.0,25.12,0.0
101,2023,68,2030.0,12.66,0.0,25.11,0.0
101,2023,68,2031.0,12.66,0.0,25.1,0.0
101,2023,68,2032.0,12.66,0.0,25.09,0.0
101,2023,68,2033.0,12.65,0.0,25.09,0.0
101,2023,68,2034.0,12.65,0.0,25.09,0.0
101,2023,68,2035.0,12.65,0.0,25.08,0.0
101,2023,68,2036.0,12.65,0.0,25.07,0.0
101,2023,68,2037.0,12.65,0.0,25.07,0.0
101,2023,68,2038.0,12.65,0.0,25.05,0.0
101,2023,68,2039.0,12.65,0.0,25.04,0.0
101,2023,68,2040.0,12.65,0.0,25.04,0.0
101,2023,68,2041.0,12.65,0.0,25.04,0.0
101,2023,68,2042.0,12.65,0.0,25.03,0.0
101,2023,68,2043.0,12.65,0.0,25.01,0.0
101,2023,68,2044.0,12.65,0.0,24.99,0.0
101,2023,68,2045.0,12.65,0.0,24.98,0.0
101,2023,68,2046.0,12.65,0.0,24.96,0.0
101,2023,68,2047.0,12.65,0.0,24.94,0.0
101,2023,68,2048.0,12.65,0.0,24.92,0.0
101,2023,68,2049.0,12.65,0.0,24.91,0.0
101,2023,68,2050.0,12.65,0.0,24.9,0.0
101,2023,68,2051.0,12.65,0.0,24.89,0.0
101,2023,68,2052.0,12.65,0.0,24.86,0.0
101,2023,68,2053.0,12.65,0.0,24.84,0.0
101,2023,68,2054.0,12.65,0.0,24.82,0.0
101,2023,68,2055.0,12.65,0.0,24.81,0.0
101,2023,68,2056.0,12.65,0.0,24.79,0.0
101,2023,68,2057.0,12.64,0.0,24.77,0.0
101,2023,68,2058.0,12.64,0.0,24.76,0.0
101,2023,68,2059.0,12.65,0.0,24.75,0.0
101,2023,68,2100.0,12.65,0.0,24.72,0.0
101,2023,68,2101.0,12.65,0.0,24.69,0.0
101,2023,68,2102.0,12.64,0.0,24.65,0.0
101,2023,68,2103.0,12.65,0.0,24.62,0.0
101,2023,68,2104.0,12.64,0.0,24.62,0.0
101,2023,68,2105.0,12.64,0.0,24.6,0.0
101,2023,68,2106.0,12.64,0.0,24.59,0.0
101,2023,68,2107.0,12.64,0.0,24.58,0.0
101,2023,68,2108.0,12.64,0.0,24.56,0.0
101,2023,68,2109.0,12.64,0.0,24.53,0.0
101,2023,68,2110.0,12.64,0.0,24.51,0.0
101,2023,68,2111.0,12.64,0.0,24.5,0.0
101,2023,68,2112.0,12.64,0.0,24.47,0.0
101,2023,68,2113.0,12.64,0.0,24.45,0.0
101,2023,68,2114.0,12.64,0.0,24.44,0.0
101,2023,68,2115.0,12.64,0.0,24.42,0.0
101,2023,68,2116.0,12.64,0.0,24.4,0.0
101,2023,68,2117.0,12.64,0.0,24.39,0.0
101,2023,68,2118.0,12.64,0.0,24.37,0.0
101,2023,68,2119.0,12.64,0.0,24.35,0.0
101,2023,68,2120.0,12.64,0.0,24.33,0.0
101,2023,68,2121.0,12.64,0.0,24.3,0.0
101,2023,68,2122.0,12.64,0.0,24.28,0.0
101,2023,68,2123.0,12.64,0.0,24.25,0.0
101,2023,68,2124.0,12.64,0.0,24.22,0.0
101,2023,68,2125.0,12.63,0.0,24.19,0.0
101,2023,68,2126.0,12.64,0.0,24.17,0.0
101,2023,68,2127.0,12.63,0.0,24.13,0.0
101,2023,68,2128.0,12.63,0.0,24.09,0.0
101,2023,68,2129.0,12.63,0.0,24.08,0.0
101,2023,68,2130.0,12.64,0.0,24.07,0.0
101,2023,68,2131.0,12.63,0.0,24.06,0.0
101,2023,68,2132.0,12.63,0.0,24.05,0.0
101,2023,68,2133.0,12.63,0.0,24.04,0.0
101,2023,68,2134.0,12.63,0.0,24.02,0.0
101,2023,68,2135.0,12.63,0.0,23.98,0.0
101,2023,68,2136.0,12.63,0.0,23.94,0.0
101,2023,68,2137.0,12.63,0.0,23.92,0.0
101,2023,68,2138.0,12.63,0.0,23.89,0.0
101,2023,68,2139.0,12.63,0.0,23.85,0.0
101,2023,68,2140.0,12.63,0.0,23.84,0.0
101,2023,68,2141.0,12.63,0.0,23.8,0.0
101,2023,68,2142.0,12.63,0.0,23.73,0.0
101,2023,68,2143.0,12.63,0.0,23.67,0.0
101,2023,68,2144.0,12.63,0.0,23.64,0.0
101,2023,68,2145.0,12.63,0.0,23.63,0.0
101,2023,68,2146.0,12.63,0.0,23.58,0.0
101,2023,68,2147.0,12.63,0.0,23.46,0.0
101,2023,68,2148.0,12.63,0.0,23.39,0.0
101,2023,68,2149.0,12.62,0.0,23.44,0.0
101,2023,68,2150.0,12.62,0.0,23.45,0.0
101,2023,68,2151.0,12.62,0.0,23.39,0.0
101,2023,68,2152.0,12.62,0.0,23.29,0.0
101,2023,68,2153.0,12.62,0.0,23.24,0.0
101,2023,68,2154.0,12.62,0.0,23.21,0.0
101,2023,68,2155.0,12.62,0.0,23.19,0.0
101,2023,68,2156.0,12.62,0.0,23.17,0.0
101,2023,68,2157.0,12.62,0.0,23.15,0.0
101,2023,68,2158.0,12.62,0.0,23.14,0.0
101,2023,68,2159.0,12.62,0.0,23.13,0.0
101,2023,68,2200.0,12.62,0.0,23.11,0.0
101,2023,68,2201.0,12.62,0.0,23.1,0.0
101,2023,68,2202.0,12.62,0.0,23.08,0.0
101,2023,68,2203.0,12.62,0.0,23.08,0.0
101,2023,68,2204.0,12.62,0.0,23.09,0.0
101,2023,68,2205.0,12.62,0.0,23.07,0.0
101,2023,68,2206.0,12.62,0.0,23.05,0.0
101,2023,68,2207.0,12.62,0.0,23.03,0.0
101,2023,68,2208.0,12.62,0.0,23.04,0.0
101,2023,68,2209.0,12.61,0.0,23.12,0.0
101,2023,68,2210.0,12.62,0.0,23.12,0.0
101,2023,68,2211.0,12.61,0.0,23.11,0.0
101,2023,68,2212.0,12.61,0.0,23.09,0.0
101,2023,68,2213.0,12.61,0.0,23.06,0.0
101,2023,68,2214.0,12.61,0.0,23.03,0.0
101,2023,68,2215.0,12.61,0.0,23.01,0.0
101,2023,68,2216.0,12.61,0.0,22.99,0.0
101,2023,68,2217.0,12.61,0.0,22.98,0.0
101,2023,68,2218.0,12.61,0.0,23.0,0.0
101,2023,68,2219.0,12.61,0.0,23.0,0.0
101,2023,68,2220.0,12.61,0.0,23.03,0.0
101,2023,68,2221.0,12.61,0.0,23.06,0.0
101,2023,68,2222.0,12.61,0.0,23.07,0.0
101,2023,68,2223.0,12.61,0.0,23.1,0.0
101,2023,68,2224.0,12.61,0.0,23.12,0.0
101,2023,68,2225.0,12.61,0.0,23.14,0.0
101,2023,68,2226.0,12.61,0.0,23.15,0.0
101,2023,68,2227.0,12.61,0.0,23.18,0.0
101,2023,68,2228.0,12.61,0.0,23.2,0.0
101,2023,68,2229.0,12.61,0.0,23.2,0.0
101,2023,68,2230.0,12.61,0.0,23.22,0.0
101,2023,68,2231.0,12.61,0.0,23.26,0.0
101,2023,68,2232.0,12.61,0.0,23.29,0.0
101,2023,68,2233.0,12.61,0.0,23.31,0.0
101,2023,68,2234.0,12.61,0.0,23.31,0.0
101,2023,68,2235.0,12.6,0.0,23.31,0.0
101,2023,68,2236.0,12.6,0.0,23.31,0.0
101,2023,68,2237.0,12.6,0.0,23.32,0.0
101,2023,68,2238.0,12.6,0.0,23.33,0.0
101,2023,68,2239.0,12.6,0.0,23.34,0.0
101,2023,68,2240.0,12.6,0.0,23.36,0.0
101,2023,68,2241.0,12.6,0.0,23.36,0.0
101,2023,68,2242.0,12.6,0.0,23.35,0.0
101,2023,68,2243.0,12.6,0.0,23.36,0.0
101,2023,68,2244.0,12.6,0.0,23.34,0.0
101,2023,68,2245.0,12.6,0.0,23.33,0.0
101,2023,68,2246.0,12.6,0.0,23.3,0.0
101,2023,68,2247.0,12.6,0.0,23.28,0.0
101,2023,68,2248.0,12.6,0.0,23.26,0.0
101,2023,68,2249.0,12.6,0.0,23.26,0.0
101,2023,68,2250.0,12.6,0.0,23.25,0.0
101,2023,68,2251.0,12.6,0.0,23.27,0.0
101,2023,68,2252.0,12.6,0.0,23.27,0.0
101,2023,68,2253.0,12.59,0.0,23.26,0.0
101,2023,68,2254.0,12.59,0.0,23.26,0.0
101,2023,68,2255.0,12.59,0.0,23.25,0.0
101,2023,68,2256.0,12.59,0.0,23.24,0.0
101,2023,68,2257.0,12.6,0.0,23.23,0.0
101,2023,68,2258.0,12.6,0.0,23.21,0.0
101,2023,68,2259.0,12.59,0.0,23.2,0.0
101,2023,68,2300.0,12.59,0.0,23.19,0.0
101,2023,68,2301.0,12.59,0.0,23.19,0.0
101,2023,68,2302.0,12.59,0.0,23.2,0.0
101,2023,68,2303.0,12.59,0.0,23.2,0.0
101,2023,68,2304.0,12.59,0.0,23.25,0.0
101,2023,68,2305.0,12.59,0.0,23.27,0.0
101,2023,68,2306.0,12.59,0.0,23.29,0.0
101,2023,68,2307.0,12.59,0.0,23.3,0.0
101,2023,68,2308.0,12.59,0.0,23.32,0.0
101,2023,68,2309.0,12.59,0.0,23.31,0.0
101,2023,68,2310.0,12.59,0.0,23.32,0.0
101,2023,68,2311.0,12.59,0.0,23.34,0.0
101,2023,68,2312.0,12.58,0.0,23.34,0.0
101,2023,68,2313.0,12.59,0.0,23.33,0.0
101,2023,68,2314.0,12.59,0.0,23.34,0.0
101,2023,68,2315.0,12.59,0.0,23.33,0.0
101,2023,68,2316.0,12.58,0.0,23.34,0.0
101,2023,68,2317.0,12.58,0.0,23.35,0.0
101,2023,68,2318.0,12.59,0.0,23.34,0.0
101,2023,68,2319.0,12.58,0.0,23.31,0.0
101,2023,68,2320.0,12.58,0.0,23.31,0.0
101,2023,68,2321.0,12.58,0.0,23.3,0.0
101,2023,68,2322.0,12.58,0.0,23.29,0.0
101,2023,68,2323.0,12.58,0.0,23.28,0.0
101,2023,68,2324.0,12.58,0.0,23.28,0.0
101,2023,68,2325.0,12.58,0.0,23.25,0.0
101,2023,68,2326.0,12.58,0.0,23.22,0.0
101,2023,68,2327.0,12.58,0.0,23.18,0.0
101,2023,68,2328.0,12.58,0.0,23.13,0.0
101,2023,68,2329.0,12.58,0.0,23.05,0.0
101,2023,68,2330.0,12.58,0.0,22.94,0.0
101,2023,68,2331.0,12.58,0.0,22.96,0.0
101,2023,68,2332.0,12.57,0.0,22.96,0.0
101,2023,68,2333.0,12.58,0.0,22.96,0.0
101,2023,68,2334.0,12.58,0.0,22.94,0.0
101,2023,68,2335.0,12.57,0.0,22.91,0.0
101,2023,68,2336.0,12.57,0.0,22.9,0.0
101,2023,68,2337.0,12.57,0.0,22.86,0.0
101,2023,68,2338.0,12.57,0.0,22.84,0.0
101,2023,68,2339.0,12.57,0.0,22.78,0.0
101,2023,68,2340.0,12.57,0.0,22.75,0.0
101,2023,68,2341.0,12.57,0.0,22.8,0.0
101,2023,68,2342.0,12.58,0.0,22.89,0.0
101,2023,68,2343.0,12.57,0.0,22.91,0.0
101,2023,68,2344.0,12.57,0.0,22.9,0.0
101,2023,68,2345.0,12.57,0.0,22.89,0.0
101,2023,68,2346.0,12.57,0.0,22.91,0.0
101,2023,68,2347.0,12.57,0.0,22.89,0.0
101,2023,68,2348.0,12.57,0.0,22.89,0.0
101,2023,68,2349.0,12.57,0.0,22.9,0.0
101,2023,68,2350.0,12.57,0.0,22.88,0.0
101,2023,68,2351.0,12.57,0.0,22.87,0.0
101,2023,68,2352.0,12.57,0.0,22.85,0.0
101,2023,68,2353.0,12.57,0.0,22.83,0.0
101,2023,68,2354.0,12.57,0.0,22.81,0.0
101,2023,68,2355.0,12.56,0.0,22.79,0.0
101,2023,68,2356.0,12.57,0.0,22.78,0.0
101,2023,68,2357.0,12.56,0.0,22.77,0.0
101,2023,68,2358.0,12.57,0.0,22.76,0.0
101,2023,68,2359.0,12.56,0.0,22.74,0.0
