a,b,dia_juliano,d,e,f,g,h
101,2023,114,2400.0,12.59,0.0,22.4,0.0
101,2023,114,1.0,12.59,0.0,22.39,0.0
101,2023,114,2.0,12.59,0.0,22.37,0.0
101,2023,114,3.0,12.59,0.0,22.38,0.0
101,2023,114,4.0,12.59,0.0,22.39,0.0
101,2023,114,5.0,12.58,0.0,22.4,0.0
101,2023,114,6.0,12.58,0.0,22.4,0.0
101,2023,114,7.0,12.58,0.0,22.4,0.0
101,2023,114,8.0,12.59,0.0,22.38,0.0
101,2023,114,9.0,12.58,0.0,22.37,0.0
101,2023,114,10.0,12.58,0.0,22.36,0.0
101,2023,114,11.0,12.58,0.0,22.37,0.0
101,2023,114,12.0,12.58,0.0,22.37,0.0
101,2023,114,13.0,12.58,0.0,22.4,0.0
101,2023,114,14.0,12.58,0.0,22.41,0.0
101,2023,114,15.0,12.57,0.0,22.4,0.0
101,2023,114,16.0,12.57,0.0,22.39,0.0
101,2023,114,17.0,12.56,0.0,22.37,0.0
101,2023,114,18.0,12.56,0.0,22.37,0.0
101,2023,114,19.0,12.49,0.0,22.39,0.0
101,2023,114,20.0,12.55,0.0,22.4,0.0
101,2023,114,21.0,12.56,0.0,22.39,0.0
101,2023,114,22.0,12.55,0.0,22.37,0.0
101,2023,114,23.0,12.54,0.0,22.36,0.0
101,2023,114,24.0,12.58,0.0,22.35,0.0
101,2023,114,25.0,12.58,0.0,22.35,0.0
101,2023,114,26.0,12.58,0.0,22.35,0.0
101,2023,114,27.0,12.58,0.0,22.35,0.0
101,2023,114,28.0,12.58,0.0,22.36,0.0
101,2023,114,29.0,12.57,0.0,22.37,0.0
101,2023,114,30.0,12.55,0.0,22.37,0.0
101,2023,114,31.0,12.55,0.0,22.39,0.0
101,2023,114,33.0,12.53,0.0,22.4,47.57
101,2023,114,34.0,12.57,0.0,22.38,0.0
101,2023,114,35.0,12.56,0.0,22.38,0.0
101,2023,114,36.0,12.63,0.0,22.39,0.0
101,2023,114,37.0,12.62,0.0,22.38,0.0
101,2023,114,38.0,12.62,0.0,22.42,0.0
101,2023,114,39.0,12.57,0.0,22.44,0.0
101,2023,114,40.0,12.57,0.0,22.48,0.0
101,2023,114,41.0,12.57,0.0,22.49,0.0
101,2023,114,42.0,12.6,0.0,22.47,0.0
101,2023,114,43.0,12.61,0.0,22.43,0.0
101,2023,114,44.0,12.6,0.0,22.36,0.0
101,2023,114,45.0,12.6,0.0,22.35,0.0
101,2023,114,46.0,12.6,0.0,22.34,0.0
101,2023,114,47.0,12.6,0.0,22.33,0.0
101,2023,114,48.0,12.6,0.0,22.34,0.0
101,2023,114,49.0,12.6,0.0,22.36,0.0
101,2023,114,50.0,12.59,0.0,22.37,0.0
101,2023,114,51.0,12.58,0.0,22.36,0.0
101,2023,114,52.0,12.54,0.0,22.33,0.0
101,2023,114,53.0,12.55,0.0,22.33,0.0
101,2023,114,54.0,12.61,0.0,22.32,0.0
101,2023,114,55.0,12.61,0.0,22.34,0.0
101,2023,114,56.0,12.6,0.0,22.35,0.0
101,2023,114,57.0,12.59,0.0,22.35,0.0
101,2023,114,58.0,12.58,0.0,22.35,0.0
101,2023,114,59.0,12.57,0.0,22.33,0.0
101,2023,114,100.0,12.57,0.0,22.32,0.0
101,2023,114,101.0,12.55,0.0,22.31,0.0
101,2023,114,102.0,12.52,0.0,22.3,0.0
101,2023,114,103.0,12.61,0.0,22.3,0.0
101,2023,114,104.0,12.6,0.0,22.3,0.0
101,2023,114,105.0,12.57,0.0,22.28,0.0
101,2023,114,106.0,12.49,0.0,22.27,0.0
101,2023,114,107.0,12.55,0.0,22.27,0.0
101,2023,114,108.0,12.6,0.0,22.26,0.0
101,2023,114,109.0,12.59,0.0,22.25,0.0
101,2023,114,110.0,12.59,0.0,22.25,0.0
101,2023,114,111.0,12.56,0.0,22.24,0.0
101,2023,114,112.0,12.54,0.0,22.23,0.0
101,2023,114,113.0,12.62,0.0,22.21,0.0
101,2023,114,114.0,12.62,0.0,22.2,0.0
101,2023,114,115.0,12.62,0.0,22.2,0.0
101,2023,114,116.0,12.61,0.0,22.18,0.0
101,2023,114,117.0,12.62,0.0,22.16,0.0
101,2023,114,118.0,12.61,0.0,22.14,0.0
101,2023,114,119.0,12.61,0.0,22.09,0.0
101,2023,114,120.0,12.62,0.0,22.04,0.0
101,2023,114,121.0,12.61,0.0,22.05,0.0
101,2023,114,122.0,12.61,0.0,22.06,0.0
101,2023,114,123.0,12.61,0.0,22.08,0.0
101,2023,114,124.0,12.61,0.0,22.08,0.0
101,2023,114,125.0,12.61,0.0,22.09,0.0
101,2023,114,126.0,12.61,0.0,22.1,0.0
101,2023,114,127.0,12.61,0.0,22.1,0.0
101,2023,114,128.0,12.61,0.0,22.1,0.0
101,2023,114,129.0,12.61,0.0,22.09,0.0
101,2023,114,130.0,12.6,0.0,22.12,0.0
101,2023,114,131.0,12.6,0.0,22.15,0.0
101,2023,114,132.0,12.61,0.0,22.2,0.0
101,2023,114,133.0,12.6,0.0,22.22,0.0
101,2023,114,134.0,12.6,0.0,22.21,0.0
101,2023,114,135.0,12.6,0.0,22.2,0.0
101,2023,114,136.0,12.6,0.0,22.18,0.0
101,2023,114,137.0,12.6,0.0,22.18,0.0
101,2023,114,138.0,12.6,0.0,22.18,0.0
101,2023,114,139.0,12.6,0.0,22.16,0.0
101,2023,114,140.0,12.6,0.0,22.16,0.0
101,2023,114,141.0,12.6,0.0,22.17,0.0
101,2023,114,142.0,12.6,0.0,22.16,0.0
101,2023,114,143.0,12.6,0.0,22.15,0.0
101,2023,114,144.0,12.6,0.0,22.15,0.0
101,2023,114,145.0,12.6,0.0,22.15,0.0
101,2023,114,146.0,12.6,0.0,22.15,0.0
101,2023,114,147.0,12.6,0.0,22.15,0.0
101,2023,114,148.0,12.59,0.0,22.13,0.0
101,2023,114,149.0,12.6,0.0,22.15,0.0
101,2023,114,150.0,12.6,0.0,22.14,0.0
101,2023,114,151.0,12.6,0.0,22.13,0.0
101,2023,114,152.0,12.6,0.0,22.1,0.0
101,2023,114,153.0,12.59,0.0,22.08,0.0
101,2023,114,154.0,12.59,0.0,22.04,0.0
101,2023,114,155.0,12.59,0.0,22.01,0.0
101,2023,114,156.0,12.59,0.0,22.0,0.0
101,2023,114,157.0,12.6,0.0,22.01,0.0
101,2023,114,158.0,12.59,0.0,22.03,0.0
101,2023,114,159.0,12.59,0.0,22.08,0.0
101,2023,114,200.0,12.59,0.0,22.12,0.0
101,2023,114,201.0,12.59,0.0,22.15,0.0
101,2023,114,202.0,12.59,0.0,22.16,0.0
101,2023,114,203.0,12.59,0.0,22.14,0.0
101,2023,114,204.0,12.59,0.0,22.13,0.0
101,2023,114,205.0,12.59,0.0,22.1,0.0
101,2023,114,206.0,12.59,0.0,22.09,0.0
101,2023,114,207.0,12.59,0.0,22.09,0.0
101,2023,114,208.0,12.59,0.0,22.12,0.0
101,2023,114,209.0,12.59,0.0,22.14,0.0
101,2023,114,210.0,12.59,0.0,22.16,0.0
101,2023,114,211.0,12.59,0.0,22.17,0.0
101,2023,114,212.0,12.59,0.0,22.17,0.0
101,2023,114,213.0,12.58,0.0,22.15,0.0
101,2023,114,214.0,12.58,0.0,22.14,0.0
101,2023,114,215.0,12.58,0.0,22.15,0.0
101,2023,114,216.0,12.58,0.0,22.15,0.0
101,2023,114,217.0,12.58,0.0,22.15,0.0
101,2023,114,218.0,12.58,0.0,22.14,0.0
101,2023,114,219.0,12.58,0.0,22.13,0.0
101,2023,114,220.0,12.58,0.0,22.13,0.0
101,2023,114,221.0,12.58,0.0,22.15,0.0
101,2023,114,222.0,12.58,0.0,22.18,0.0
101,2023,114,223.0,12.57,0.0,22.17,0.0
101,2023,114,224.0,12.57,0.0,22.15,0.0
101,2023,114,225.0,12.57,0.0,22.13,0.0
101,2023,114,226.0,12.51,0.0,22.11,0.0
101,2023,114,227.0,12.52,0.0,22.1,0.0
101,2023,114,228.0,12.58,0.0,22.07,0.0
101,2023,114,229.0,12.57,0.0,22.05,0.0
101,2023,114,230.0,12.48,0.0,22.04,0.0
101,2023,114,231.0,12.58,0.0,22.03,0.0
101,2023,114,232.0,12.57,0.0,22.04,0.0
101,2023,114,233.0,12.57,0.0,22.04,0.0
101,2023,114,234.0,12.57,0.0,22.06,0.0
101,2023,114,235.0,12.57,0.0,22.08,0.0
101,2023,114,236.0,12.57,0.0,22.06,0.0
101,2023,114,237.0,12.56,0.0,22.05,0.0
101,2023,114,238.0,12.56,0.0,22.03,0.0
101,2023,114,239.0,12.56,0.0,22.03,0.0
101,2023,114,240.0,12.56,0.0,22.01,0.0
101,2023,114,241.0,12.56,0.0,21.98,0.0
101,2023,114,242.0,12.56,0.0,21.95,0.0
101,2023,114,243.0,12.56,0.0,21.92,0.0
101,2023,114,244.0,12.46,0.0,21.88,0.0
101,2023,114,245.0,12.36,0.0,21.87,0.0
101,2023,114,246.0,12.2,0.0,21.89,0.0
101,2023,114,247.0,12.25,0.0,21.94,0.0
101,2023,114,248.0,12.55,0.0,21.96,0.0
101,2023,114,249.0,12.51,0.0,21.97,0.0
101,2023,114,250.0,12.46,0.0,21.98,0.0
101,2023,114,251.0,12.58,0.0,21.99,0.0
101,2023,114,252.0,12.57,0.0,21.97,0.0
101,2023,114,253.0,12.57,0.0,21.95,0.0
101,2023,114,254.0,12.57,0.0,21.92,0.0
101,2023,114,255.0,12.57,0.0,21.91,0.0
101,2023,114,256.0,12.56,0.0,21.92,0.0
101,2023,114,257.0,12.56,0.0,21.94,0.0
101,2023,114,258.0,12.56,0.0,21.95,0.0
101,2023,114,259.0,12.56,0.0,21.96,0.0
101,2023,114,300.0,12.55,0.0,21.96,0.0
101,2023,114,301.0,12.54,0.0,21.96,0.0
101,2023,114,302.0,12.51,0.0,21.95,0.0
101,2023,114,303.0,12.48,0.0,21.95,0.0
101,2023,114,304.0,12.42,0.0,21.95,0.0
101,2023,114,305.0,12.58,0.0,21.95,0.0
101,2023,114,306.0,12.58,0.0,21.96,0.0
101,2023,114,307.0,12.58,0.0,21.94,0.0
101,2023,114,308.0,12.57,0.0,21.93,0.0
101,2023,114,309.0,12.57,0.0,21.92,0.0
101,2023,114,310.0,12.57,0.0,21.91,0.0
101,2023,114,311.0,12.57,0.0,21.92,0.0
101,2023,114,312.0,12.57,0.0,21.91,0.0
101,2023,114,313.0,12.57,0.0,21.9,0.0
101,2023,114,314.0,12.56,0.0,21.89,0.0
101,2023,114,315.0,12.56,0.0,21.89,0.0
101,2023,114,316.0,12.54,0.0,21.89,0.0
101,2023,114,317.0,12.48,0.0,21.89,0.0
101,2023,114,318.0,12.45,0.0,21.91,0.0
101,2023,114,319.0,12.29,0.0,21.89,0.0
101,2023,114,320.0,12.16,0.0,21.89,0.0
101,2023,114,321.0,12.46,0.0,21.89,0.0
101,2023,114,322.0,12.54,0.0,21.92,0.0
101,2023,114,323.0,12.53,0.0,21.93,0.0
101,2023,114,324.0,12.52,0.0,21.92,0.0
101,2023,114,325.0,12.5,0.0,21.91,0.0
101,2023,114,326.0,12.47,0.0,21.92,0.0
101,2023,114,327.0,12.47,0.0,21.93,0.0
101,2023,114,328.0,12.53,0.0,21.93,0.0
101,2023,114,329.0,12.52,0.0,21.93,0.0
101,2023,114,330.0,12.51,0.0,21.94,0.0
101,2023,114,331.0,12.51,0.0,21.93,0.0
101,2023,114,332.0,12.52,0.0,21.92,0.0
101,2023,114,333.0,12.52,0.0,21.91,0.0
101,2023,114,334.0,12.46,0.0,21.91,0.0
101,2023,114,335.0,12.41,0.0,21.91,0.0
101,2023,114,336.0,12.49,0.0,21.9,0.0
101,2023,114,337.0,12.49,0.0,21.89,0.0
101,2023,114,338.0,12.48,0.0,21.89,0.0
101,2023,114,339.0,12.47,0.0,21.93,0.0
101,2023,114,340.0,12.47,0.0,22.1,0.0
101,2023,114,341.0,12.47,0.0,22.13,0.0
101,2023,114,342.0,12.47,0.0,22.11,0.0
101,2023,114,343.0,12.46,0.0,22.11,0.0
101,2023,114,344.0,12.46,0.0,22.18,0.0
101,2023,114,345.0,12.46,0.0,22.23,0.0
101,2023,114,346.0,12.45,0.0,22.29,0.0
101,2023,114,347.0,12.43,0.0,22.3,0.0
101,2023,114,348.0,12.47,0.0,22.3,0.0
101,2023,114,349.0,12.55,0.0,22.32,0.0
101,2023,114,350.0,12.55,0.0,22.32,0.0
101,2023,114,351.0,12.55,0.0,22.32,0.0
101,2023,114,352.0,12.55,0.0,22.32,0.0
101,2023,114,353.0,12.55,0.0,22.32,0.0
101,2023,114,354.0,12.55,0.0,22.32,0.0
101,2023,114,355.0,12.55,0.0,22.33,0.0
101,2023,114,356.0,12.55,0.0,22.32,0.0
101,2023,114,357.0,12.55,0.0,22.3,0.0
101,2023,114,358.0,12.55,0.0,22.3,0.0
101,2023,114,359.0,12.55,0.0,22.29,0.0
101,2023,114,400.0,12.55,0.0,22.28,0.0
101,2023,114,401.0,12.55,0.0,22.27,0.0
101,2023,114,402.0,12.55,0.0,22.27,0.0
101,2023,114,403.0,12.55,0.0,22.28,0.0
101,2023,114,404.0,12.55,0.0,22.28,0.0
101,2023,114,405.0,12.55,0.0,22.29,0.0
101,2023,114,406.0,12.55,0.0,22.27,0.0
101,2023,114,407.0,12.55,0.0,22.25,0.0
101,2023,114,408.0,12.55,0.0,22.26,0.0
101,2023,114,409.0,12.55,0.0,22.28,0.0
101,2023,114,410.0,12.55,0.0,22.28,0.0
101,2023,114,411.0,12.55,0.0,22.27,0.0
101,2023,114,412.0,12.55,0.0,22.24,0.0
101,2023,114,413.0,12.55,0.0,22.2,0.0
101,2023,114,414.0,12.55,0.0,22.16,0.0
101,2023,114,415.0,12.55,0.0,22.13,0.0
101,2023,114,416.0,12.55,0.0,22.12,0.0
101,2023,114,417.0,12.54,0.0,22.1,0.0
101,2023,114,418.0,12.55,0.0,22.1,0.0
101,2023,114,419.0,12.54,0.0,22.08,0.0
101,2023,114,420.0,12.54,0.0,22.09,0.0
101,2023,114,421.0,12.54,0.0,22.09,0.0
101,2023,114,422.0,12.54,0.0,22.08,0.0
101,2023,114,423.0,12.54,0.0,22.08,0.0
101,2023,114,424.0,12.54,0.0,22.06,0.0
101,2023,114,425.0,12.54,0.0,22.06,0.0
101,2023,114,426.0,12.54,0.0,22.08,0.0
101,2023,114,427.0,12.54,0.0,22.09,0.0
101,2023,114,428.0,12.54,0.0,22.1,0.0
101,2023,114,429.0,12.54,0.0,22.1,0.0
101,2023,114,430.0,12.54,0.0,22.1,0.0
101,2023,114,431.0,12.54,0.0,22.12,0.0
101,2023,114,432.0,12.54,0.0,22.13,0.0
101,2023,114,433.0,12.54,0.0,22.11,0.0
101,2023,114,434.0,12.54,0.0,22.1,0.0
101,2023,114,435.0,12.54,0.0,22.1,0.0
101,2023,114,436.0,12.54,0.0,22.12,0.0
101,2023,114,437.0,12.54,0.0,22.15,0.0
101,2023,114,438.0,12.54,0.0,22.15,0.0
101,2023,114,439.0,12.54,0.0,22.13,0.0
101,2023,114,440.0,12.54,0.0,22.15,0.0
101,2023,114,441.0,12.53,0.0,22.12,0.0
101,2023,114,442.0,12.53,0.0,22.1,0.0
101,2023,114,443.0,12.53,0.0,22.1,0.0
101,2023,114,444.0,12.53,0.0,22.11,0.0
101,2023,114,445.0,12.53,0.0,22.1,0.0
101,2023,114,446.0,12.53,0.0,22.08,0.0
101,2023,114,447.0,12.53,0.0,22.07,0.0
101,2023,114,448.0,12.53,0.0,22.06,0.0
101,2023,114,449.0,12.53,0.0,22.06,0.0
101,2023,114,450.0,12.53,0.0,22.05,0.0
101,2023,114,451.0,12.53,0.0,22.03,0.0
101,2023,114,452.0,12.52,0.0,22.03,0.0
101,2023,114,453.0,12.53,0.0,22.06,0.0
101,2023,114,454.0,12.52,0.0,22.06,0.0
101,2023,114,455.0,12.52,0.0,22.05,0.0
101,2023,114,456.0,12.52,0.0,22.05,0.0
101,2023,114,457.0,12.52,0.0,22.05,0.0
101,2023,114,458.0,12.52,0.0,22.05,0.0
101,2023,114,459.0,12.52,0.0,22.06,0.0
101,2023,114,500.0,12.52,0.0,22.08,0.0
101,2023,114,501.0,12.52,0.0,22.09,0.0
101,2023,114,502.0,12.52,0.0,22.11,0.0
101,2023,114,503.0,12.52,0.0,22.15,0.0
101,2023,114,504.0,12.52,0.0,22.23,0.0
101,2023,114,505.0,12.52,0.0,22.28,0.0
101,2023,114,506.0,12.52,0.0,22.3,0.0
101,2023,114,507.0,12.52,0.0,22.32,0.0
101,2023,114,508.0,12.52,0.0,22.33,0.0
101,2023,114,509.0,12.52,0.0,22.32,0.0
101,2023,114,510.0,12.52,0.0,22.3,0.0
101,2023,114,511.0,12.52,0.0,22.29,0.0
101,2023,114,512.0,12.52,0.0,22.27,0.0
101,2023,114,513.0,12.52,0.0,22.25,0.0
101,2023,114,514.0,12.51,0.0,22.26,0.0
101,2023,114,515.0,12.52,0.0,22.27,0.0
101,2023,114,516.0,12.51,0.0,22.29,0.0
101,2023,114,517.0,12.52,0.0,22.3,0.0
101,2023,114,518.0,12.52,0.0,22.31,0.0
101,2023,114,519.0,12.51,0.0,22.34,0.0
101,2023,114,520.0,12.52,1.015,22.35,0.0
101,2023,114,521.0,12.51,1.439,22.35,0.0
101,2023,114,522.0,12.52,1.721,22.35,0.0
101,2023,114,523.0,12.51,2.116,22.35,0.0
101,2023,114,524.0,12.51,2.51,22.35,0.0
101,2023,114,525.0,12.51,2.736,22.35,0.0
101,2023,114,526.0,12.51,2.708,22.36,0.0
101,2023,114,527.0,12.51,2.821,22.37,0.0
101,2023,114,528.0,12.51,3.131,22.37,0.0
101,2023,114,529.0,12.51,3.752,22.37,0.0
101,2023,114,530.0,12.51,4.203,22.37,0.0
101,2023,114,531.0,12.51,4.852,22.37,0.0
101,2023,114,532.0,12.51,5.049,22.36,0.0
101,2023,114,533.0,12.51,4.936,22.34,0.0
101,2023,114,534.0,12.51,4.88,22.33,0.0
101,2023,114,535.0,12.51,5.106,22.33,0.0
101,2023,114,536.0,12.51,5.416,22.33,0.0
101,2023,114,537.0,12.51,6.008,22.33,0.0
101,2023,114,538.0,12.51,6.826,22.35,0.0
101,2023,114,539.0,12.51,7.93,22.36,0.0
101,2023,114,540.0,12.5,9.65,22.36,0.0
101,2023,114,541.0,12.51,11.68,22.36,0.0
101,2023,114,542.0,12.51,14.13,22.37,0.0
101,2023,114,543.0,12.52,16.95,22.37,0.0
101,2023,114,544.0,12.52,19.32,22.38,0.0
101,2023,114,545.0,12.52,21.83,22.39,0.0
101,2023,114,546.0,12.52,24.15,22.4,0.0
101,2023,114,547.0,12.52,24.99,22.42,0.0
101,2023,114,548.0,12.52,25.16,22.44,0.0
101,2023,114,549.0,12.52,25.1,22.45,0.0
101,2023,114,550.0,12.51,24.63,22.46,0.0
101,2023,114,551.0,12.51,23.21,22.47,0.0
101,2023,114,552.0,12.51,20.87,22.46,0.0
101,2023,114,553.0,12.51,18.87,22.47,0.0
101,2023,114,554.0,12.5,18.31,22.49,0.0
101,2023,114,555.0,12.51,18.48,22.49,0.0
101,2023,114,556.0,12.51,18.65,22.47,0.0
101,2023,114,557.0,12.51,19.12,22.48,0.0
101,2023,114,558.0,12.52,19.63,22.51,0.0
101,2023,114,559.0,12.53,20.03,22.51,0.0
101,2023,114,600.0,12.53,20.34,22.51,0.0
101,2023,114,601.0,12.53,20.68,22.51,0.0
101,2023,114,602.0,12.54,21.64,22.53,0.0
101,2023,114,603.0,12.55,22.71,22.53,0.0
101,2023,114,604.0,12.56,24.23,22.55,0.0
101,2023,114,605.0,12.57,26.46,22.56,0.0
101,2023,114,606.0,12.59,29.93,22.58,0.0
101,2023,114,607.0,12.61,34.41,22.59,0.0
101,2023,114,608.0,12.64,39.8,22.61,0.0
101,2023,114,609.0,12.67,45.95,22.64,0.0
101,2023,114,610.0,12.7,52.89,22.65,0.0
101,2023,114,611.0,12.72,60.42,22.66,0.0
101,2023,114,612.0,12.75,68.37,22.67,0.0
101,2023,114,613.0,12.78,76.0,22.7,0.0
101,2023,114,614.0,12.8,81.9,22.74,0.0
101,2023,114,615.0,12.82,86.5,22.78,0.0
101,2023,114,616.0,12.84,90.6,22.81,0.0
101,2023,114,617.0,12.84,92.9,22.84,0.0
101,2023,114,618.0,12.85,91.5,22.88,0.0
101,2023,114,619.0,12.86,83.7,22.91,0.0
101,2023,114,620.0,12.86,77.5,22.96,0.0
101,2023,114,621.0,12.86,76.1,22.98,0.0
101,2023,114,622.0,12.86,75.4,22.99,0.0
101,2023,114,623.0,12.86,77.5,22.99,0.0
101,2023,114,624.0,12.85,76.4,23.01,0.0
101,2023,114,625.0,12.84,73.5,23.05,0.0
101,2023,114,626.0,12.83,69.19,23.04,0.0
101,2023,114,627.0,12.83,64.99,22.99,0.0
101,2023,114,628.0,12.83,60.87,22.98,0.0
101,2023,114,629.0,12.82,56.7,22.97,0.0
101,2023,114,630.0,12.82,52.61,22.97,0.0
101,2023,114,631.0,12.83,50.63,22.97,0.0
101,2023,114,632.0,12.83,51.7,23.0,0.0
101,2023,114,633.0,12.84,54.72,23.05,0.0
101,2023,114,634.0,12.85,55.25,23.09,0.0
101,2023,114,635.0,12.86,55.76,23.01,0.0
101,2023,114,636.0,12.86,58.05,22.95,0.0
101,2023,114,637.0,12.87,61.66,22.92,0.0
101,2023,114,638.0,12.88,69.19,22.94,0.0
101,2023,114,639.0,12.9,78.8,22.94,0.0
101,2023,114,640.0,12.92,84.3,22.94,0.0
101,2023,114,641.0,12.93,85.1,22.95,0.0
101,2023,114,642.0,12.95,88.8,23.01,0.0
101,2023,114,643.0,12.98,94.0,23.02,0.0
101,2023,114,644.0,13.01,99.7,23.02,0.0
101,2023,114,645.0,13.04,106.6,23.06,0.0
101,2023,114,646.0,13.07,112.5,23.11,0.0
101,2023,114,647.0,13.1,119.8,23.17,0.0
101,2023,114,648.0,13.13,128.8,23.22,0.0
101,2023,114,649.0,13.17,141.1,23.25,0.0
101,2023,114,650.0,13.18,151.9,23.23,0.0
101,2023,114,651.0,13.18,161.9,23.22,0.0
101,2023,114,652.0,13.18,169.9,23.29,0.0
101,2023,114,653.0,13.18,173.7,23.35,0.0
101,2023,114,654.0,13.18,190.9,23.43,0.0
101,2023,114,655.0,13.18,219.3,23.54,0.0
101,2023,114,656.0,13.17,234.0,23.65,0.0
101,2023,114,657.0,13.17,237.3,23.78,0.0
101,2023,114,658.0,13.17,224.6,23.86,0.0
101,2023,114,659.0,13.17,232.8,23.93,0.0
101,2023,114,700.0,13.17,259.4,23.93,0.0
101,2023,114,701.0,13.17,222.2,23.94,0.0
101,2023,114,702.0,13.17,202.1,23.91,0.0
101,2023,114,703.0,13.17,186.9,23.96,0.0
101,2023,114,704.0,13.16,198.1,23.98,0.0
101,2023,114,705.0,13.16,214.2,24.01,0.0
101,2023,114,706.0,13.16,185.4,24.05,0.0
101,2023,114,707.0,13.16,186.8,24.03,0.0
101,2023,114,708.0,13.16,185.9,24.07,0.0
101,2023,114,709.0,13.16,192.8,24.01,0.0
101,2023,114,710.0,13.16,200.2,24.1,0.0
101,2023,114,711.0,13.16,214.0,24.19,0.0
101,2023,114,712.0,13.16,258.9,24.27,0.0
101,2023,114,713.0,13.16,240.7,24.3,0.0
101,2023,114,714.0,13.16,202.4,24.31,0.0
101,2023,114,715.0,13.16,183.0,24.39,0.0
101,2023,114,716.0,13.16,159.4,24.47,0.0
101,2023,114,717.0,13.15,146.2,24.39,0.0
101,2023,114,718.0,13.14,132.2,24.36,0.0
101,2023,114,719.0,13.14,136.8,24.37,0.0
101,2023,114,720.0,13.14,139.7,24.43,0.0
101,2023,114,721.0,13.13,135.5,24.42,0.0
101,2023,114,722.0,13.15,135.5,24.41,0.0
101,2023,114,723.0,13.16,144.2,24.42,0.0
101,2023,114,724.0,13.16,152.8,24.4,0.0
101,2023,114,725.0,13.16,164.2,24.4,0.0
101,2023,114,726.0,13.16,189.1,24.45,0.0
101,2023,114,727.0,13.16,228.5,24.51,0.0
101,2023,114,728.0,13.16,266.8,24.52,0.0
101,2023,114,729.0,13.16,289.7,24.56,0.0
101,2023,114,730.0,13.15,307.1,24.58,0.0
101,2023,114,731.0,13.16,327.0,24.63,0.0
101,2023,114,732.0,13.15,344.1,24.67,0.0
101,2023,114,733.0,13.15,351.0,24.76,0.0
101,2023,114,734.0,13.15,364.6,24.76,0.0
101,2023,114,735.0,13.15,352.9,24.8,0.0
101,2023,114,736.0,13.14,325.7,24.93,0.0
101,2023,114,737.0,13.14,294.5,25.03,0.0
101,2023,114,738.0,13.14,263.4,25.05,0.0
101,2023,114,739.0,13.14,207.2,25.03,0.0
101,2023,114,740.0,13.14,142.9,25.15,0.0
101,2023,114,741.0,13.13,97.0,25.21,0.0
101,2023,114,742.0,13.14,81.3,25.11,0.0
101,2023,114,743.0,13.14,85.5,25.01,0.0
101,2023,114,744.0,13.14,97.9,24.97,0.0
101,2023,114,745.0,13.13,109.8,24.89,0.0
101,2023,114,746.0,13.13,127.3,24.95,0.0
101,2023,114,747.0,13.13,149.8,24.99,0.0
101,2023,114,748.0,13.13,175.5,25.01,0.0
101,2023,114,749.0,13.13,190.7,24.97,0.0
101,2023,114,750.0,13.13,187.7,24.9,0.0
101,2023,114,751.0,13.13,177.8,24.88,0.0
101,2023,114,752.0,13.13,179.6,24.85,0.0
101,2023,114,753.0,13.12,187.8,24.85,0.0
101,2023,114,754.0,13.12,190.0,24.92,0.0
101,2023,114,755.0,13.11,179.5,24.98,0.0
101,2023,114,756.0,13.09,164.2,25.05,0.0
101,2023,114,757.0,12.99,142.3,24.97,0.0
101,2023,114,758.0,13.01,117.6,24.94,0.0
101,2023,114,759.0,13.08,91.8,24.96,0.0
101,2023,114,800.0,13.05,72.4,24.96,0.0
101,2023,114,801.0,13.03,59.1,24.96,0.0
101,2023,114,802.0,13.02,52.22,24.93,0.0
101,2023,114,803.0,13.0,44.44,24.92,0.0
101,2023,114,804.0,12.98,37.19,24.8,0.0
101,2023,114,805.0,12.97,34.91,24.79,0.0
101,2023,114,806.0,12.96,35.61,24.7,0.0
101,2023,114,807.0,12.96,36.04,24.63,0.0
101,2023,114,808.0,12.95,36.91,24.63,0.0
101,2023,114,809.0,12.95,38.72,24.62,0.0
101,2023,114,810.0,12.95,41.87,24.54,0.0
101,2023,114,811.0,12.95,45.32,24.48,0.0
101,2023,114,812.0,12.96,49.18,24.42,0.0
101,2023,114,813.0,12.96,53.18,24.39,0.0
101,2023,114,814.0,12.97,59.36,24.35,0.0
101,2023,114,815.0,12.98,68.92,24.32,0.0
101,2023,114,816.0,13.0,84.1,24.3,0.0
101,2023,114,817.0,13.03,105.0,24.28,0.0
101,2023,114,818.0,13.06,131.0,24.24,0.0
101,2023,114,819.0,13.09,156.8,24.23,0.0
101,2023,114,820.0,13.1,172.1,24.28,0.0
101,2023,114,821.0,13.08,177.6,24.3,0.0
101,2023,114,822.0,13.02,176.9,24.31,0.0
101,2023,114,823.0,13.16,171.5,24.34,0.0
101,2023,114,824.0,13.16,163.0,24.39,0.0
101,2023,114,825.0,13.17,154.4,24.39,0.0
101,2023,114,826.0,13.16,151.4,24.41,0.0
101,2023,114,827.0,13.16,153.3,24.45,0.0
101,2023,114,828.0,13.16,161.3,24.46,0.0
101,2023,114,829.0,13.16,173.2,24.52,0.0
101,2023,114,830.0,13.16,183.2,24.55,0.0
101,2023,114,831.0,13.16,187.0,24.57,0.0
101,2023,114,832.0,13.16,187.5,24.63,0.0
101,2023,114,833.0,13.16,188.2,24.65,0.0
101,2023,114,834.0,13.16,188.8,24.69,0.0
101,2023,114,835.0,13.16,192.4,24.73,0.0
101,2023,114,836.0,13.16,202.0,24.79,0.0
101,2023,114,837.0,13.16,214.3,24.87,0.0
101,2023,114,838.0,13.15,226.0,24.87,0.0
101,2023,114,839.0,13.15,237.4,24.94,0.0
101,2023,114,840.0,13.14,249.0,24.94,0.0
101,2023,114,841.0,13.13,260.2,24.98,0.0
101,2023,114,842.0,13.14,261.1,25.08,0.0
101,2023,114,843.0,13.14,246.8,25.13,0.0
101,2023,114,844.0,13.15,222.5,25.12,0.0
101,2023,114,845.0,13.15,203.6,25.18,0.0
101,2023,114,846.0,13.14,196.9,25.2,0.0
101,2023,114,847.0,13.15,198.4,25.28,0.0
101,2023,114,848.0,13.15,205.1,25.39,0.0
101,2023,114,849.0,13.15,216.8,25.37,0.0
101,2023,114,850.0,13.15,231.5,25.44,0.0
101,2023,114,851.0,13.14,243.9,25.49,0.0
101,2023,114,852.0,13.14,249.9,25.5,0.0
101,2023,114,853.0,13.14,250.7,25.57,0.0
101,2023,114,854.0,13.13,247.8,25.64,0.0
101,2023,114,855.0,12.82,243.1,25.63,0.0
101,2023,114,856.0,12.74,237.7,25.67,0.0
101,2023,114,857.0,12.66,235.9,25.77,0.0
101,2023,114,858.0,12.67,240.0,25.83,0.0
101,2023,114,859.0,12.66,249.4,25.8,0.0
101,2023,114,900.0,13.06,260.9,25.85,0.0
101,2023,114,901.0,13.14,272.7,25.89,0.0
101,2023,114,902.0,13.08,284.6,25.94,0.0
101,2023,114,903.0,13.17,296.8,25.98,0.0
101,2023,114,904.0,13.16,308.6,26.05,0.0
101,2023,114,905.0,13.12,319.1,26.17,0.0
101,2023,114,906.0,13.1,328.7,26.2,0.0
101,2023,114,907.0,13.0,337.3,26.29,0.0
101,2023,114,908.0,13.15,348.6,26.36,0.0
101,2023,114,909.0,13.11,363.4,26.45,0.0
101,2023,114,910.0,12.92,382.2,26.52,0.0
101,2023,114,911.0,12.98,400.6,26.59,0.0
101,2023,114,912.0,13.18,418.3,26.67,0.0
101,2023,114,913.0,13.17,432.8,26.74,0.0
101,2023,114,914.0,13.17,462.2,26.86,0.0
101,2023,114,915.0,13.17,427.6,27.04,0.0
101,2023,114,916.0,13.16,400.9,27.14,0.0
101,2023,114,917.0,13.01,378.4,27.13,0.0
101,2023,114,918.0,12.88,369.8,27.05,0.0
101,2023,114,919.0,12.65,383.3,27.04,0.0
101,2023,114,920.0,12.67,407.9,27.0,0.0
101,2023,114,921.0,12.72,440.8,27.11,0.0
101,2023,114,922.0,13.11,679.7,27.22,0.0
101,2023,114,923.0,13.05,929.0,27.41,0.0
101,2023,114,924.0,13.01,771.0,27.65,0.0
101,2023,114,925.0,12.67,855.0,27.79,0.0
101,2023,114,926.0,12.74,899.0,27.98,0.0
101,2023,114,927.0,12.61,716.0,28.23,0.0
101,2023,114,928.0,12.6,635.7,28.29,0.0
101,2023,114,929.0,12.6,604.6,28.19,0.0
101,2023,114,930.0,12.63,662.6,28.16,0.0
101,2023,114,931.0,12.64,738.0,28.09,0.0
101,2023,114,932.0,12.68,650.9,28.17,0.0
101,2023,114,933.0,12.68,662.4,28.17,0.0
101,2023,114,934.0,12.67,650.9,28.25,0.0
101,2023,114,935.0,12.64,461.2,28.26,0.0
101,2023,114,936.0,12.68,377.0,28.38,0.0
101,2023,114,937.0,12.68,334.0,28.29,0.0
101,2023,114,938.0,12.69,306.9,28.16,0.0
101,2023,114,939.0,12.69,291.7,27.93,0.0
101,2023,114,940.0,12.7,273.1,27.75,0.0
101,2023,114,941.0,12.69,262.3,27.68,0.0
101,2023,114,942.0,12.69,261.2,27.64,0.0
101,2023,114,943.0,12.7,256.1,27.61,0.0
101,2023,114,944.0,12.71,248.8,27.61,0.0
101,2023,114,945.0,12.68,248.5,27.64,0.0
101,2023,114,946.0,12.67,241.9,27.67,0.0
101,2023,114,947.0,12.67,235.3,27.65,0.0
101,2023,114,948.0,12.66,236.7,27.64,0.0
101,2023,114,949.0,12.62,237.4,27.62,0.0
101,2023,114,950.0,12.65,243.4,27.54,0.0
101,2023,114,951.0,12.67,251.1,27.49,0.0
101,2023,114,952.0,12.68,265.1,27.52,0.0
101,2023,114,953.0,12.67,284.8,27.58,0.0
101,2023,114,954.0,12.68,302.7,27.57,0.0
101,2023,114,955.0,12.7,312.9,27.56,0.0
101,2023,114,956.0,12.69,316.8,27.57,0.0
101,2023,114,957.0,12.69,318.1,27.62,0.0
101,2023,114,958.0,12.7,320.6,27.67,0.0
101,2023,114,959.0,12.7,327.7,27.71,0.0
101,2023,114,1000.0,12.71,336.2,27.7,0.0
101,2023,114,1001.0,12.71,338.4,27.73,0.0
101,2023,114,1002.0,12.72,330.7,27.78,0.0
101,2023,114,1003.0,12.71,325.9,27.8,0.0
101,2023,114,1004.0,12.64,343.2,27.82,0.0
101,2023,114,1005.0,12.62,371.7,27.8,0.0
101,2023,114,1006.0,12.61,392.3,27.8,0.0
101,2023,114,1007.0,12.61,387.0,27.87,0.0
101,2023,114,1008.0,12.62,367.2,27.89,0.0
101,2023,114,1009.0,12.65,343.5,27.9,0.0
101,2023,114,1010.0,12.63,307.4,27.81,0.0
101,2023,114,1011.0,12.62,264.4,27.73,0.0
101,2023,114,1012.0,12.64,209.4,27.45,0.0
101,2023,114,1013.0,12.66,137.6,27.1,0.0
101,2023,114,1014.0,12.65,106.6,26.73,0.0
101,2023,114,1015.0,12.62,115.2,26.15,0.0
101,2023,114,1016.0,12.62,137.9,25.7,0.0
101,2023,114,1017.0,12.63,149.7,25.14,0.0
101,2023,114,1018.0,12.65,158.1,24.87,0.0
101,2023,114,1019.0,12.63,166.8,24.58,0.0
101,2023,114,1020.0,12.69,179.0,24.32,0.0
101,2023,114,1021.0,12.69,199.6,24.2,0.0
101,2023,114,1022.0,12.66,223.1,24.14,0.0
101,2023,114,1023.0,12.81,251.0,24.06,0.0
101,2023,114,1024.0,13.13,281.4,24.11,0.0
101,2023,114,1025.0,13.13,314.8,24.09,0.0
101,2023,114,1026.0,13.13,339.9,24.04,0.0
101,2023,114,1027.0,13.13,364.2,24.08,0.0
101,2023,114,1028.0,13.13,391.7,24.14,0.0
101,2023,114,1029.0,13.13,422.5,24.22,0.0
101,2023,114,1030.0,13.13,458.6,24.2,0.0
101,2023,114,1031.0,13.13,499.4,24.3,0.0
101,2023,114,1032.0,13.13,535.7,24.39,0.0
101,2023,114,1033.0,13.13,548.1,24.61,0.0
101,2023,114,1034.0,13.13,554.8,24.73,0.0
101,2023,114,1035.0,13.13,560.7,24.67,0.0
101,2023,114,1036.0,13.13,576.0,24.91,0.0
101,2023,114,1037.0,13.13,595.4,24.89,0.0
101,2023,114,1038.0,13.13,587.6,24.99,0.0
101,2023,114,1039.0,13.13,579.9,25.0,0.0
101,2023,114,1040.0,13.13,566.8,25.1,0.0
101,2023,114,1041.0,13.13,550.9,25.21,0.0
101,2023,114,1042.0,13.13,528.2,25.27,0.0
101,2023,114,1043.0,13.13,510.3,25.41,0.0
101,2023,114,1044.0,13.13,495.8,25.4,0.0
101,2023,114,1045.0,13.13,489.7,25.57,0.0
101,2023,114,1046.0,13.13,494.6,25.55,0.0
101,2023,114,1047.0,13.13,506.0,25.65,0.0
101,2023,114,1048.0,13.13,520.3,25.66,0.0
101,2023,114,1049.0,13.12,535.9,25.73,0.0
101,2023,114,1050.0,13.13,556.7,25.93,0.0
101,2023,114,1051.0,13.12,562.0,25.96,0.0
101,2023,114,1052.0,13.12,555.3,26.02,0.0
101,2023,114,1053.0,13.12,560.7,26.1,0.0
101,2023,114,1054.0,13.12,561.1,26.24,0.0
101,2023,114,1055.0,13.12,567.6,26.28,0.0
101,2023,114,1056.0,13.12,609.5,26.4,0.0
101,2023,114,1057.0,13.12,669.7,26.46,0.0
101,2023,114,1058.0,13.12,645.0,26.5,0.0
101,2023,114,1059.0,13.11,612.9,26.68,0.0
101,2023,114,1100.0,13.11,634.4,26.82,0.0
101,2023,114,1101.0,13.11,688.2,26.89,0.0
101,2023,114,1102.0,13.11,803.0,26.98,0.0
101,2023,114,1103.0,13.11,1137.0,27.05,0.0
101,2023,114,1104.0,13.11,1143.0,27.24,0.0
101,2023,114,1105.0,13.11,1129.0,27.45,0.0
101,2023,114,1106.0,13.11,851.0,27.59,0.0
101,2023,114,1107.0,13.11,796.0,27.57,0.0
101,2023,114,1108.0,13.1,750.0,27.72,0.0
101,2023,114,1109.0,13.1,940.0,27.77,0.0
101,2023,114,1110.0,13.1,1068.0,27.88,0.0
101,2023,114,1111.0,13.1,762.0,27.97,0.0
101,2023,114,1112.0,13.1,637.7,27.94,0.0
101,2023,114,1113.0,13.1,368.8,28.03,0.0
101,2023,114,1114.0,13.1,238.0,27.91,0.0
101,2023,114,1115.0,13.1,165.6,27.72,0.0
101,2023,114,1116.0,13.1,132.6,27.39,0.0
101,2023,114,1117.0,13.1,119.4,27.19,0.0
101,2023,114,1118.0,13.1,104.5,27.05,0.0
101,2023,114,1119.0,13.1,85.8,26.91,0.0
101,2023,114,1120.0,13.1,72.6,26.7,0.0
101,2023,114,1121.0,13.1,71.8,26.41,0.0
101,2023,114,1122.0,13.1,77.0,26.21,0.0
101,2023,114,1123.0,13.1,82.2,26.0,0.0
101,2023,114,1124.0,13.1,83.7,25.77,0.0
101,2023,114,1125.0,13.1,79.6,25.67,0.0
101,2023,114,1126.0,13.1,79.7,25.57,0.0
101,2023,114,1127.0,13.1,84.9,25.44,0.0
101,2023,114,1128.0,13.1,93.6,25.34,0.0
101,2023,114,1129.0,13.1,105.6,25.34,0.0
101,2023,114,1130.0,13.11,124.5,25.33,0.0
101,2023,114,1131.0,13.11,152.8,25.3,0.0
101,2023,114,1132.0,13.11,185.9,25.29,0.0
101,2023,114,1133.0,13.11,217.3,25.31,0.0
101,2023,114,1134.0,13.11,244.2,25.36,0.0
101,2023,114,1135.0,13.11,262.3,25.38,0.0
101,2023,114,1136.0,13.11,287.7,25.46,0.0
101,2023,114,1137.0,13.11,350.1,25.45,0.0
101,2023,114,1138.0,13.11,264.8,25.5,0.0
101,2023,114,1139.0,13.11,206.0,25.48,0.0
101,2023,114,1140.0,13.11,202.2,25.52,0.0
101,2023,114,1141.0,13.11,206.6,25.56,0.0
101,2023,114,1142.0,13.11,226.0,25.57,0.0
101,2023,114,1143.0,13.11,270.9,25.57,0.0
101,2023,114,1144.0,13.11,338.9,25.61,0.0
101,2023,114,1145.0,13.11,417.2,25.65,0.0
101,2023,114,1146.0,13.11,945.0,25.69,0.0
101,2023,114,1147.0,13.11,1209.0,25.95,0.0
101,2023,114,1148.0,13.11,1110.0,26.31,0.0
101,2023,114,1149.0,13.1,511.2,26.5,0.0
101,2023,114,1150.0,13.1,370.9,26.56,0.0
101,2023,114,1151.0,13.1,337.0,26.6,0.0
101,2023,114,1152.0,13.1,291.8,26.63,0.0
101,2023,114,1153.0,13.1,245.1,26.62,0.0
101,2023,114,1154.0,13.1,182.1,26.55,0.0
101,2023,114,1155.0,13.1,143.9,26.48,0.0
101,2023,114,1156.0,13.1,138.8,26.45,0.0
101,2023,114,1157.0,13.1,153.9,26.32,0.0
101,2023,114,1158.0,13.1,187.2,26.14,0.0
101,2023,114,1159.0,13.1,231.3,26.06,0.0
101,2023,114,1200.0,13.1,281.1,26.02,0.0
101,2023,114,1201.0,13.1,318.5,25.93,0.0
101,2023,114,1202.0,13.1,352.9,25.93,0.0
101,2023,114,1203.0,13.1,396.8,25.93,0.0
101,2023,114,1204.0,13.1,386.5,25.91,0.0
101,2023,114,1205.0,13.1,379.8,25.96,0.0
101,2023,114,1206.0,13.1,446.8,25.97,0.0
101,2023,114,1207.0,13.1,518.2,26.04,0.0
101,2023,114,1208.0,13.1,331.3,26.13,0.0
101,2023,114,1209.0,13.1,265.1,26.1,0.0
101,2023,114,1210.0,13.1,261.2,26.08,0.0
101,2023,114,1211.0,13.1,271.1,26.16,0.0
101,2023,114,1212.0,13.1,301.5,26.3,0.0
101,2023,114,1213.0,13.11,458.6,26.33,0.0
101,2023,114,1214.0,13.1,384.7,26.52,0.0
101,2023,114,1215.0,13.1,389.5,26.61,0.0
101,2023,114,1216.0,13.1,332.7,26.77,0.0
101,2023,114,1217.0,13.1,302.5,26.95,0.0
101,2023,114,1218.0,13.1,361.4,26.84,0.0
101,2023,114,1219.0,13.1,510.6,26.93,0.0
101,2023,114,1220.0,13.1,406.5,27.04,0.0
101,2023,114,1221.0,13.1,367.2,27.18,0.0
101,2023,114,1222.0,13.1,417.9,27.26,0.0
101,2023,114,1223.0,13.1,597.1,27.33,0.0
101,2023,114,1224.0,13.1,944.0,27.46,0.0
101,2023,114,1225.0,13.1,1155.0,27.61,0.0
101,2023,114,1226.0,13.1,1129.0,27.85,0.0
101,2023,114,1227.0,13.1,479.9,27.99,0.0
101,2023,114,1228.0,13.1,377.7,28.06,0.0
101,2023,114,1229.0,13.09,305.6,28.07,0.0
101,2023,114,1230.0,13.09,267.3,27.99,0.0
101,2023,114,1231.0,13.09,239.8,27.8,0.0
101,2023,114,1232.0,13.09,216.3,27.74,0.0
101,2023,114,1233.0,13.09,222.6,27.65,0.0
101,2023,114,1234.0,13.09,242.6,27.6,0.0
101,2023,114,1235.0,13.09,290.3,27.55,0.0
101,2023,114,1236.0,13.09,573.6,27.5,0.0
101,2023,114,1237.0,13.09,916.0,27.62,0.0
101,2023,114,1238.0,13.09,1102.0,27.76,0.0
101,2023,114,1239.0,13.09,840.0,28.09,0.0
101,2023,114,1240.0,13.09,830.0,28.3,0.0
101,2023,114,1241.0,13.09,725.0,28.45,0.0
101,2023,114,1242.0,13.09,602.0,28.46,0.0
101,2023,114,1243.0,13.09,673.6,28.41,0.0
101,2023,114,1244.0,13.08,402.8,28.07,0.0
101,2023,114,1245.0,13.08,491.2,27.8,0.0
101,2023,114,1246.0,13.08,455.1,27.38,0.0
101,2023,114,1247.0,13.08,901.0,27.21,0.0
101,2023,114,1248.0,13.08,973.0,27.06,0.0
101,2023,114,1249.0,13.08,1120.0,27.44,0.0
101,2023,114,1250.0,13.08,631.5,27.7,0.0
101,2023,114,1251.0,13.07,986.0,27.66,0.0
101,2023,114,1252.0,13.07,594.2,27.47,0.0
101,2023,114,1253.0,13.07,487.4,27.34,0.0
101,2023,114,1254.0,13.07,337.6,27.4,0.0
101,2023,114,1255.0,13.07,257.0,27.36,0.0
101,2023,114,1256.0,13.07,261.8,27.22,0.0
101,2023,114,1257.0,13.07,305.4,27.24,0.0
101,2023,114,1258.0,13.07,359.2,27.17,0.0
101,2023,114,1259.0,13.07,614.1,27.34,0.0
101,2023,114,1300.0,13.07,916.0,27.6,0.0
101,2023,114,1301.0,13.07,935.0,27.86,0.0
101,2023,114,1302.0,13.07,822.0,28.07,0.0
101,2023,114,1303.0,13.07,840.0,28.22,0.0
101,2023,114,1304.0,13.07,900.0,28.3,0.0
101,2023,114,1305.0,13.07,643.2,28.34,0.0
101,2023,114,1306.0,13.07,602.3,28.33,0.0
101,2023,114,1307.0,13.07,721.0,28.29,0.0
101,2023,114,1308.0,13.07,537.4,28.21,0.0
101,2023,114,1309.0,13.07,775.0,28.26,0.0
101,2023,114,1310.0,13.07,491.6,28.23,0.0
101,2023,114,1311.0,13.07,365.6,28.19,0.0
101,2023,114,1312.0,13.07,333.4,28.09,0.0
101,2023,114,1313.0,13.07,315.2,27.96,0.0
101,2023,114,1314.0,13.07,295.5,27.9,0.0
101,2023,114,1315.0,13.07,278.0,27.87,0.0
101,2023,114,1316.0,13.07,304.6,27.89,0.0
101,2023,114,1317.0,13.07,418.6,27.91,0.0
101,2023,114,1318.0,13.07,408.6,27.93,0.0
101,2023,114,1319.0,13.07,266.4,27.97,0.0
101,2023,114,1320.0,13.07,231.5,27.72,0.0
101,2023,114,1321.0,13.07,215.3,27.3,0.0
101,2023,114,1322.0,13.07,211.2,27.03,0.0
101,2023,114,1323.0,13.08,211.2,26.9,0.0
101,2023,114,1324.0,13.08,207.8,26.76,0.0
101,2023,114,1325.0,13.07,200.7,26.65,0.0
101,2023,114,1326.0,13.08,193.1,26.58,0.0
101,2023,114,1327.0,13.08,202.1,26.47,0.0
101,2023,114,1328.0,13.08,230.1,26.47,0.0
101,2023,114,1329.0,13.08,250.6,26.54,0.0
101,2023,114,1330.0,13.08,258.3,26.46,0.0
101,2023,114,1331.0,13.08,262.8,26.49,0.0
101,2023,114,1332.0,13.08,265.0,26.51,0.0
101,2023,114,1333.0,13.08,261.8,26.54,0.0
101,2023,114,1334.0,13.08,264.7,26.56,0.0
101,2023,114,1335.0,13.08,266.8,26.62,0.0
101,2023,114,1336.0,13.08,273.1,26.7,0.0
101,2023,114,1337.0,13.08,304.5,26.65,0.0
101,2023,114,1338.0,13.08,353.7,26.58,0.0
101,2023,114,1339.0,13.08,413.8,26.64,0.0
101,2023,114,1340.0,13.08,326.7,26.64,0.0
101,2023,114,1341.0,13.08,274.6,26.62,0.0
101,2023,114,1342.0,13.08,233.5,26.64,0.0
101,2023,114,1343.0,13.08,205.0,26.69,0.0
101,2023,114,1344.0,13.08,188.6,26.64,0.0
101,2023,114,1345.0,13.08,180.3,26.58,0.0
101,2023,114,1346.0,13.08,179.1,26.49,0.0
101,2023,114,1347.0,13.08,164.4,26.48,0.0
101,2023,114,1348.0,13.09,145.7,26.5,0.0
101,2023,114,1349.0,13.08,128.2,26.53,0.0
101,2023,114,1350.0,13.09,118.1,26.62,0.0
101,2023,114,1351.0,13.09,118.9,26.77,0.0
101,2023,114,1352.0,13.09,131.2,26.93,0.0
101,2023,114,1353.0,13.08,148.4,27.04,0.0
101,2023,114,1354.0,13.09,166.9,27.11,0.0
101,2023,114,1355.0,13.09,184.2,27.19,0.0
101,2023,114,1356.0,13.09,202.2,27.22,0.0
101,2023,114,1357.0,13.08,219.6,27.24,0.0
101,2023,114,1358.0,13.09,237.1,27.28,0.0
101,2023,114,1359.0,13.08,244.1,27.31,0.0
101,2023,114,1400.0,13.09,247.3,27.32,0.0
101,2023,114,1401.0,13.09,257.3,27.33,0.0
101,2023,114,1402.0,13.08,273.2,27.37,0.0
101,2023,114,1403.0,13.09,266.1,27.42,0.0
101,2023,114,1404.0,13.09,225.9,27.46,0.0
101,2023,114,1405.0,13.09,182.2,27.48,0.0
101,2023,114,1406.0,13.09,156.1,27.5,0.0
101,2023,114,1407.0,13.09,146.8,27.52,0.0
101,2023,114,1408.0,13.09,150.4,27.49,0.0
101,2023,114,1409.0,13.09,157.8,27.48,0.0
101,2023,114,1410.0,13.09,165.2,27.52,0.0
101,2023,114,1411.0,13.09,169.5,27.5,0.0
101,2023,114,1412.0,13.09,176.1,27.49,0.0
101,2023,114,1413.0,13.09,186.6,27.47,0.0
101,2023,114,1414.0,13.09,204.0,27.49,0.0
101,2023,114,0.0,13.09,231.4,27.52,0.0
101,2023,114,1416.0,13.09,246.8,27.56,0.0
101,2023,114,1417.0,13.09,244.0,27.57,0.0
101,2023,114,1418.0,13.09,228.5,27.58,0.0
101,2023,114,1419.0,13.09,206.1,27.56,0.0
101,2023,114,1420.0,13.09,180.8,27.4,0.0
101,2023,114,1421.0,13.09,156.2,27.25,0.0
101,2023,114,1422.0,13.09,153.8,27.11,0.0
101,2023,114,1423.0,13.09,166.7,26.89,0.0
101,2023,114,1424.0,13.09,184.9,26.8,0.0
101,2023,114,1425.0,13.09,201.2,26.72,0.0
101,2023,114,1426.0,13.09,220.6,26.65,0.0
101,2023,114,1427.0,13.09,231.8,26.62,0.0
101,2023,114,1428.0,13.09,235.1,26.64,0.0
101,2023,114,1429.0,13.09,238.5,26.69,0.0
101,2023,114,1430.0,13.09,243.7,26.63,0.0
101,2023,114,1431.0,13.09,243.5,26.59,0.0
101,2023,114,1432.0,13.09,231.7,26.59,0.0
101,2023,114,1433.0,13.09,208.2,26.64,0.0
101,2023,114,1434.0,13.09,189.6,26.63,0.0
101,2023,114,1435.0,13.09,173.7,26.52,0.0
101,2023,114,1436.0,13.09,158.5,26.5,0.0
101,2023,114,1437.0,13.09,150.4,26.46,0.0
101,2023,114,1438.0,13.09,149.5,26.42,0.0
101,2023,114,1439.0,13.09,156.1,26.36,0.0
101,2023,114,1440.0,13.09,162.3,26.34,0.0
101,2023,114,1441.0,13.09,165.5,26.31,0.0
101,2023,114,1442.0,13.09,170.5,26.22,0.0
101,2023,114,1443.0,13.09,173.0,26.26,0.0
101,2023,114,1444.0,13.09,181.0,26.27,0.0
101,2023,114,1445.0,13.09,199.2,26.29,0.0
101,2023,114,1446.0,13.09,214.3,26.21,0.0
101,2023,114,1447.0,13.09,223.3,26.17,0.0
101,2023,114,1448.0,13.09,229.5,26.22,0.0
101,2023,114,1449.0,13.1,236.5,26.22,0.0
101,2023,114,1450.0,13.09,247.6,26.2,0.0
101,2023,114,1451.0,13.09,297.6,26.24,0.0
101,2023,114,1452.0,13.1,383.8,26.28,0.0
101,2023,114,1453.0,13.09,368.8,26.28,0.0
101,2023,114,1454.0,13.1,302.2,26.3,0.0
101,2023,114,1455.0,13.1,295.6,26.35,0.0
101,2023,114,1456.0,13.09,277.9,26.37,0.0
101,2023,114,1457.0,13.09,252.1,26.38,0.0
101,2023,114,1458.0,13.1,218.9,26.4,0.0
101,2023,114,1459.0,13.1,184.1,26.45,0.0
101,2023,114,1500.0,13.1,169.9,26.45,0.0
101,2023,114,1501.0,13.1,169.5,26.44,0.0
101,2023,114,1502.0,13.09,168.3,26.41,0.0
101,2023,114,1503.0,13.1,158.7,26.4,0.0
101,2023,114,1504.0,13.09,137.6,26.38,0.0
101,2023,114,1505.0,13.09,112.9,26.36,0.0
101,2023,114,1506.0,13.08,93.5,26.38,0.0
101,2023,114,1507.0,13.07,81.8,26.29,0.0
101,2023,114,1508.0,13.05,77.2,26.08,0.0
101,2023,114,1509.0,13.05,74.7,25.74,0.0
101,2023,114,1510.0,13.04,71.3,25.12,0.0
101,2023,114,1511.0,13.04,66.89,24.82,0.0
101,2023,114,1512.0,13.04,64.88,24.59,0.0
101,2023,114,1513.0,13.04,65.56,24.42,0.0
101,2023,114,1514.0,13.04,68.27,24.22,0.0
101,2023,114,1515.0,13.05,74.6,24.09,0.0
101,2023,114,1516.0,13.07,82.0,24.03,0.0
101,2023,114,1517.0,13.1,88.5,23.94,0.0
101,2023,114,1518.0,13.11,95.2,23.88,0.0
101,2023,114,1519.0,13.11,105.8,23.81,0.0
101,2023,114,1520.0,13.11,120.6,23.77,0.0
101,2023,114,1521.0,13.11,134.4,23.72,0.0
101,2023,114,1522.0,13.12,146.2,23.66,0.0
101,2023,114,1523.0,13.11,154.7,23.69,0.0
101,2023,114,1524.0,13.11,159.5,23.69,0.0
101,2023,114,1525.0,13.12,164.7,23.68,0.0
101,2023,114,1526.0,13.12,173.2,23.67,0.0
101,2023,114,1527.0,13.12,180.6,23.68,0.0
101,2023,114,1528.0,13.12,183.5,23.75,0.0
101,2023,114,1529.0,13.12,177.8,23.79,0.0
101,2023,114,1530.0,13.12,164.7,23.85,0.0
101,2023,114,1531.0,13.12,150.2,23.91,0.0
101,2023,114,1532.0,13.12,138.1,23.92,0.0
101,2023,114,1533.0,13.12,127.9,23.96,0.0
101,2023,114,1534.0,13.12,119.6,23.98,0.0
101,2023,114,1535.0,13.12,113.8,24.01,0.0
101,2023,114,1536.0,13.12,110.5,24.03,0.0
101,2023,114,1537.0,13.12,108.2,24.04,0.0
101,2023,114,1538.0,13.12,106.4,24.04,0.0
101,2023,114,1539.0,13.13,103.5,24.09,0.0
101,2023,114,1540.0,13.12,100.6,24.08,0.0
101,2023,114,1541.0,13.13,99.3,24.12,0.0
101,2023,114,1542.0,13.12,99.9,24.15,0.0
101,2023,114,1543.0,13.12,103.4,24.18,0.0
101,2023,114,1544.0,13.13,108.6,24.18,0.0
101,2023,114,1545.0,13.13,116.0,24.22,0.0
101,2023,114,1546.0,13.13,124.5,24.22,0.0
101,2023,114,1547.0,13.13,132.4,24.27,0.0
101,2023,114,1548.0,13.13,136.9,24.3,0.0
101,2023,114,1549.0,13.13,136.8,24.34,0.0
101,2023,114,1550.0,13.13,135.3,24.35,0.0
101,2023,114,1551.0,13.13,133.3,24.33,0.0
101,2023,114,1552.0,13.13,131.1,24.35,0.0
101,2023,114,1553.0,13.13,143.0,24.36,0.0
101,2023,114,1554.0,13.13,146.3,24.41,0.0
101,2023,114,1555.0,13.13,125.7,24.38,0.0
101,2023,114,1556.0,13.13,121.7,24.34,0.0
101,2023,114,1557.0,13.13,118.7,24.36,0.0
101,2023,114,1558.0,13.13,114.7,24.39,0.0
101,2023,114,1559.0,13.12,110.8,24.39,0.0
101,2023,114,1600.0,13.12,108.5,24.4,0.0
101,2023,114,1601.0,13.11,108.2,24.39,0.0
101,2023,114,1602.0,13.11,108.3,24.47,0.0
101,2023,114,1603.0,13.1,112.6,24.48,0.0
101,2023,114,1604.0,13.1,119.2,24.48,0.0
101,2023,114,1605.0,13.11,135.5,24.48,0.0
101,2023,114,1606.0,13.1,123.5,24.47,0.0
101,2023,114,1607.0,13.1,113.9,24.49,0.0
101,2023,114,1608.0,13.1,119.9,24.47,0.0
101,2023,114,1609.0,13.09,121.7,24.51,0.0
101,2023,114,1610.0,13.08,111.3,24.55,0.0
101,2023,114,1611.0,13.07,106.1,24.61,0.0
101,2023,114,1612.0,13.06,122.2,24.65,0.0
101,2023,114,1613.0,13.06,144.1,24.75,0.0
101,2023,114,1614.0,13.06,133.7,24.83,0.0
101,2023,114,1615.0,13.04,100.4,24.9,0.0
101,2023,114,1616.0,13.03,95.8,24.94,0.0
101,2023,114,1617.0,13.03,82.9,24.96,0.0
101,2023,114,1618.0,13.02,82.5,24.98,0.0
101,2023,114,1619.0,13.01,75.9,24.97,0.0
101,2023,114,1620.0,13.0,69.61,24.97,0.0
101,2023,114,1621.0,13.0,69.55,25.0,0.0
101,2023,114,1622.0,12.99,69.16,25.04,0.0
101,2023,114,1623.0,12.98,68.06,25.08,0.0
101,2023,114,1624.0,12.97,68.43,25.05,0.0
101,2023,114,1625.0,12.96,69.61,25.05,0.0
101,2023,114,1626.0,12.95,65.97,25.08,0.0
101,2023,114,1627.0,12.94,61.77,25.09,0.0
101,2023,114,1628.0,12.93,57.32,25.09,0.0
101,2023,114,1629.0,12.92,54.78,25.07,0.0
101,2023,114,1630.0,12.91,54.02,25.03,0.0
101,2023,114,1631.0,12.91,53.77,25.06,0.0
101,2023,114,1632.0,12.9,52.55,25.09,0.0
101,2023,114,1633.0,12.89,49.88,25.08,0.0
101,2023,114,1634.0,12.88,46.32,25.12,0.0
101,2023,114,1635.0,12.87,42.71,25.12,0.0
101,2023,114,1636.0,12.86,39.02,25.15,0.0
101,2023,114,1637.0,12.86,35.41,25.15,0.0
101,2023,114,1638.0,12.85,31.77,25.16,0.0
101,2023,114,1639.0,12.84,29.01,25.19,0.0
101,2023,114,1640.0,12.84,27.07,25.19,0.0
101,2023,114,1641.0,12.83,25.43,25.2,0.0
101,2023,114,1642.0,12.82,24.39,25.19,0.0
101,2023,114,1643.0,12.81,23.71,25.21,0.0
101,2023,114,1644.0,12.81,23.01,25.21,0.0
101,2023,114,1645.0,12.81,22.1,25.23,0.0
101,2023,114,1646.0,12.8,21.06,25.23,0.0
101,2023,114,1647.0,12.79,19.99,25.23,0.0
101,2023,114,1648.0,12.79,18.89,25.23,0.0
101,2023,114,1649.0,12.78,17.79,25.22,0.0
101,2023,114,1650.0,12.78,16.55,25.2,0.0
101,2023,114,1651.0,12.78,15.42,25.19,0.0
101,2023,114,1652.0,12.77,14.63,25.19,0.0
101,2023,114,1653.0,12.77,14.07,25.2,0.0
101,2023,114,1654.0,12.77,13.48,25.19,0.0
101,2023,114,1655.0,12.77,12.86,25.18,0.0
101,2023,114,1656.0,12.76,12.26,25.19,0.0
101,2023,114,1657.0,12.76,11.56,25.17,0.0
101,2023,114,1658.0,12.76,10.88,25.16,0.0
101,2023,114,1659.0,12.76,10.15,25.17,0.0
101,2023,114,1700.0,12.76,9.53,25.16,0.0
101,2023,114,1701.0,12.76,8.99,25.14,0.0
101,2023,114,1702.0,12.75,8.77,25.13,0.0
101,2023,114,1703.0,12.75,8.35,25.13,0.0
101,2023,114,1704.0,12.75,7.81,25.13,0.0
101,2023,114,1705.0,12.75,7.1,25.13,0.0
101,2023,114,1706.0,12.75,6.654,25.13,0.0
101,2023,114,1707.0,12.75,6.09,25.13,0.0
101,2023,114,1708.0,12.75,5.611,25.12,0.0
101,2023,114,1709.0,12.74,5.272,25.11,0.0
101,2023,114,1710.0,12.74,4.737,25.08,0.0
101,2023,114,1711.0,12.74,4.229,25.07,0.0
101,2023,114,1712.0,12.74,4.032,25.05,0.0
101,2023,114,1713.0,12.74,3.75,25.05,0.0
101,2023,114,1714.0,12.74,3.412,25.05,0.0
101,2023,114,1715.0,12.74,3.045,25.03,0.0
101,2023,114,1716.0,12.74,2.537,25.02,0.0
101,2023,114,1717.0,12.74,2.368,25.0,0.0
101,2023,114,1718.0,12.74,2.199,24.99,0.0
101,2023,114,1719.0,12.74,1.692,24.97,0.0
101,2023,114,1720.0,12.73,1.692,24.97,0.0
101,2023,114,1721.0,12.73,1.663,24.95,0.0
101,2023,114,1722.0,12.73,1.156,24.93,0.0
101,2023,114,1723.0,12.73,1.015,24.92,0.0
101,2023,114,1724.0,12.73,1.015,24.92,0.0
101,2023,114,1725.0,12.73,1.015,24.91,0.0
101,2023,114,1726.0,12.73,0.0,24.9,0.0
101,2023,114,1727.0,12.73,0.0,24.9,0.0
101,2023,114,1728.0,12.73,0.0,24.88,0.0
101,2023,114,1729.0,12.72,0.0,24.87,0.0
101,2023,114,1730.0,12.73,0.0,24.87,0.0
101,2023,114,1731.0,12.72,0.0,24.87,0.0
101,2023,114,1732.0,12.72,0.0,24.85,0.0
101,2023,114,1733.0,12.72,0.0,24.84,0.0
101,2023,114,1734.0,12.72,0.0,24.83,0.0
101,2023,114,1735.0,12.72,0.0,24.82,0.0
101,2023,114,1736.0,12.72,0.0,24.81,0.0
101,2023,114,1737.0,12.72,0.0,24.81,0.0
101,2023,114,1738.0,12.72,0.0,24.79,0.0
101,2023,114,1739.0,12.72,0.0,24.79,0.0
101,2023,114,1740.0,12.72,0.0,24.79,0.0
101,2023,114,1741.0,12.71,0.0,24.78,0.0
101,2023,114,1742.0,12.71,0.0,24.77,0.0
101,2023,114,1743.0,12.72,0.0,24.77,0.0
101,2023,114,1744.0,12.72,0.0,24.77,0.0
101,2023,114,1745.0,12.72,0.0,24.76,0.0
101,2023,114,1746.0,12.71,0.0,24.76,0.0
101,2023,114,1747.0,12.71,0.0,24.76,0.0
101,2023,114,1748.0,12.71,0.0,24.76,0.0
101,2023,114,1749.0,12.71,0.0,24.76,0.0
101,2023,114,1750.0,12.71,0.0,24.78,0.0
101,2023,114,1751.0,12.71,0.0,24.76,0.0
101,2023,114,1752.0,12.71,0.0,24.76,0.0
101,2023,114,1753.0,12.71,0.0,24.75,0.0
101,2023,114,1754.0,12.71,0.0,24.74,0.0
101,2023,114,1755.0,12.71,0.0,24.72,0.0
101,2023,114,1756.0,12.7,0.0,24.72,0.0
101,2023,114,1757.0,12.71,0.0,24.7,0.0
101,2023,114,1758.0,12.71,0.0,24.68,0.0
101,2023,114,1759.0,12.71,0.0,24.67,0.0
101,2023,114,1800.0,12.7,0.0,24.66,0.0
101,2023,114,1801.0,12.7,0.0,24.64,0.0
101,2023,114,1802.0,12.71,0.0,24.63,0.0
101,2023,114,1803.0,12.7,0.0,24.62,0.0
101,2023,114,1804.0,12.7,0.0,24.62,0.0
101,2023,114,1805.0,12.7,0.0,24.61,0.0
101,2023,114,1806.0,12.7,0.0,24.61,0.0
101,2023,114,1807.0,12.7,0.0,24.62,0.0
101,2023,114,1808.0,12.7,0.0,24.61,0.0
101,2023,114,1809.0,12.7,0.0,24.56,0.0
101,2023,114,1810.0,12.7,0.0,24.49,0.0
101,2023,114,1811.0,12.7,0.0,24.42,0.0
101,2023,114,1812.0,12.7,0.0,24.37,0.0
101,2023,114,1813.0,12.7,0.0,24.33,0.0
101,2023,114,1814.0,12.7,0.0,24.29,0.0
101,2023,114,1815.0,12.69,0.0,24.27,0.0
101,2023,114,1816.0,12.7,0.0,24.25,0.0
101,2023,114,1817.0,12.7,0.0,24.24,0.0
101,2023,114,1818.0,12.7,0.0,24.25,0.0
101,2023,114,1819.0,12.7,0.0,24.25,0.0
101,2023,114,1820.0,12.69,0.0,24.25,0.0
101,2023,114,1821.0,12.69,0.0,24.25,0.0
101,2023,114,1822.0,12.69,0.0,24.25,0.0
101,2023,114,1823.0,12.69,0.0,24.24,0.0
101,2023,114,1824.0,12.69,0.0,24.23,0.0
101,2023,114,1825.0,12.69,0.0,24.22,0.0
101,2023,114,1826.0,12.69,0.0,24.21,0.0
101,2023,114,1827.0,12.69,0.0,24.19,0.0
101,2023,114,1828.0,12.69,0.0,24.17,0.0
101,2023,114,1829.0,12.69,0.0,24.15,0.0
101,2023,114,1830.0,12.69,0.0,24.13,0.0
101,2023,114,1831.0,12.69,0.0,24.12,0.0
101,2023,114,1832.0,12.69,0.0,24.1,0.0
101,2023,114,1833.0,12.69,0.0,24.1,0.0
101,2023,114,1834.0,12.69,0.0,24.09,0.0
101,2023,114,1835.0,12.69,0.0,24.08,0.0
101,2023,114,1836.0,12.69,0.0,24.07,0.0
101,2023,114,1837.0,12.69,0.0,24.06,0.0
101,2023,114,1838.0,12.69,0.0,24.05,0.0
101,2023,114,1839.0,12.69,0.0,24.05,0.0
101,2023,114,1840.0,12.69,0.0,24.03,0.0
101,2023,114,1841.0,12.69,0.0,24.03,0.0
101,2023,114,1842.0,12.68,0.0,24.02,0.0
101,2023,114,1843.0,12.69,0.0,24.01,0.0
101,2023,114,1844.0,12.68,0.0,23.99,0.0
101,2023,114,1845.0,12.69,0.0,23.98,0.0
101,2023,114,1846.0,12.68,0.0,23.96,0.0
101,2023,114,1847.0,12.68,0.0,23.94,0.0
101,2023,114,1848.0,12.68,0.0,23.92,0.0
101,2023,114,1849.0,12.68,0.0,23.9,0.0
101,2023,114,1850.0,12.68,0.0,23.88,0.0
101,2023,114,1851.0,12.68,0.0,23.86,0.0
101,2023,114,1852.0,12.68,0.0,23.85,0.0
101,2023,114,1853.0,12.68,0.0,23.85,0.0
101,2023,114,1854.0,12.68,0.0,23.84,0.0
101,2023,114,1855.0,12.68,0.0,23.81,0.0
101,2023,114,1856.0,12.68,0.0,23.79,0.0
101,2023,114,1857.0,12.68,0.0,23.79,0.0
101,2023,114,1858.0,12.68,0.0,23.79,0.0
101,2023,114,1859.0,12.68,0.0,23.78,0.0
101,2023,114,1900.0,12.68,0.0,23.78,0.0
101,2023,114,1901.0,12.68,0.0,23.78,0.0
101,2023,114,1902.0,12.68,0.0,23.77,0.0
101,2023,114,1903.0,12.68,0.0,23.75,0.0
101,2023,114,1904.0,12.68,0.0,23.75,0.0
101,2023,114,1905.0,12.68,0.0,23.74,0.0
101,2023,114,1906.0,12.68,0.0,23.72,0.0
101,2023,114,1907.0,12.68,0.0,23.72,0.0
101,2023,114,1908.0,12.67,0.0,23.72,0.0
101,2023,114,1909.0,12.67,0.0,23.71,0.0
101,2023,114,1910.0,12.68,0.0,23.71,0.0
101,2023,114,1911.0,12.68,0.0,23.7,0.0
101,2023,114,1912.0,12.67,0.0,23.7,0.0
101,2023,114,1913.0,12.68,0.0,23.7,0.0
101,2023,114,1914.0,12.67,0.0,23.69,0.0
101,2023,114,1915.0,12.67,0.0,23.68,0.0
101,2023,114,1916.0,12.67,0.0,23.67,0.0
101,2023,114,1917.0,12.67,0.0,23.67,0.0
101,2023,114,1918.0,12.67,0.0,23.66,0.0
101,2023,114,1919.0,12.67,0.0,23.64,0.0
101,2023,114,1920.0,12.67,0.0,23.63,0.0
101,2023,114,1921.0,12.67,0.0,23.63,0.0
101,2023,114,1922.0,12.67,0.0,23.62,0.0
101,2023,114,1923.0,12.67,0.0,23.61,0.0
101,2023,114,1924.0,12.67,0.0,23.6,0.0
101,2023,114,1925.0,12.67,0.0,23.59,0.0
101,2023,114,1926.0,12.67,0.0,23.58,0.0
101,2023,114,1927.0,12.67,0.0,23.58,0.0
101,2023,114,1928.0,12.67,0.0,23.57,0.0
101,2023,114,1929.0,12.67,0.0,23.56,0.0
101,2023,114,1930.0,12.67,0.0,23.55,0.0
101,2023,114,1931.0,12.67,0.0,23.55,0.0
101,2023,114,1932.0,12.67,0.0,23.54,0.0
101,2023,114,1933.0,12.67,0.0,23.54,0.0
101,2023,114,1934.0,12.67,0.0,23.55,0.0
101,2023,114,1935.0,12.67,0.0,23.55,0.0
101,2023,114,1936.0,12.67,0.0,23.55,0.0
101,2023,114,1937.0,12.67,0.0,23.55,0.0
101,2023,114,1938.0,12.67,0.0,23.55,0.0
101,2023,114,1939.0,12.67,0.0,23.55,0.0
101,2023,114,1940.0,12.66,0.0,23.54,0.0
101,2023,114,1941.0,12.67,0.0,23.54,0.0
101,2023,114,1942.0,12.66,0.0,23.54,0.0
101,2023,114,1943.0,12.66,0.0,23.54,0.0
101,2023,114,1944.0,12.67,0.0,23.54,0.0
101,2023,114,1945.0,12.67,0.0,23.54,0.0
101,2023,114,1946.0,12.66,0.0,23.54,0.0
101,2023,114,1947.0,12.67,0.0,23.53,0.0
101,2023,114,1948.0,12.66,0.0,23.52,0.0
101,2023,114,1949.0,12.66,0.0,23.53,0.0
101,2023,114,1950.0,12.66,0.0,23.53,0.0
101,2023,114,1951.0,12.66,0.0,23.54,0.0
101,2023,114,1952.0,12.67,0.0,23.54,0.0
101,2023,114,1953.0,12.66,0.0,23.52,0.0
101,2023,114,1954.0,12.66,0.0,23.52,0.0
101,2023,114,1955.0,12.66,0.0,23.51,0.0
101,2023,114,1956.0,12.66,0.0,23.54,0.0
101,2023,114,1957.0,12.66,0.0,23.52,0.0
101,2023,114,1958.0,12.66,0.0,23.5,0.0
101,2023,114,1959.0,12.66,0.0,23.48,0.0
101,2023,114,2000.0,12.66,0.0,23.46,0.0
101,2023,114,2001.0,12.66,0.0,23.45,0.0
101,2023,114,2002.0,12.66,0.0,23.44,0.0
101,2023,114,2003.0,12.66,0.0,23.43,0.0
101,2023,114,2004.0,12.66,0.0,23.42,0.0
101,2023,114,2005.0,12.66,0.0,23.42,0.0
101,2023,114,2006.0,12.66,0.0,23.42,0.0
101,2023,114,2007.0,12.66,0.0,23.42,0.0
101,2023,114,2008.0,12.66,0.0,23.42,0.0
101,2023,114,2009.0,12.66,0.0,23.42,0.0
101,2023,114,2010.0,12.66,0.0,23.42,0.0
101,2023,114,2011.0,12.66,0.0,23.42,0.0
101,2023,114,2012.0,12.66,0.0,23.42,0.0
101,2023,114,2013.0,12.66,0.0,23.42,0.0
101,2023,114,2014.0,12.66,0.0,23.41,0.0
101,2023,114,2015.0,12.66,0.0,23.4,0.0
101,2023,114,2016.0,12.66,0.0,23.39,0.0
101,2023,114,2017.0,12.66,0.0,23.39,0.0
101,2023,114,2018.0,12.66,0.0,23.38,0.0
101,2023,114,2019.0,12.65,0.0,23.38,0.0
101,2023,114,2020.0,12.65,0.0,23.38,0.0
101,2023,114,2021.0,12.65,0.0,23.38,0.0
101,2023,114,2022.0,12.65,0.0,23.38,0.0
101,2023,114,2023.0,12.65,0.0,23.39,0.0
101,2023,114,2024.0,12.66,0.0,23.38,0.0
101,2023,114,2025.0,12.66,0.0,23.4,0.0
101,2023,114,2026.0,12.66,0.0,23.41,0.0
101,2023,114,2027.0,12.65,0.0,23.39,0.0
101,2023,114,2028.0,12.65,0.0,23.38,0.0
101,2023,114,2029.0,12.65,0.0,23.39,0.0
101,2023,114,2030.0,12.65,0.0,23.42,0.0
101,2023,114,2031.0,12.65,0.0,23.47,0.0
101,2023,114,2032.0,12.65,0.0,23.5,0.0
101,2023,114,2033.0,12.65,0.0,23.49,0.0
101,2023,114,2034.0,12.65,0.0,23.48,0.0
101,2023,114,2035.0,12.65,0.0,23.52,0.0
101,2023,114,2036.0,12.65,0.0,23.55,0.0
101,2023,114,2037.0,12.65,0.0,23.51,0.0
101,2023,114,2038.0,12.65,0.0,23.5,0.0
101,2023,114,2039.0,12.65,0.0,23.52,0.0
101,2023,114,2040.0,12.65,0.0,23.52,0.0
101,2023,114,2041.0,12.65,0.0,23.48,0.0
101,2023,114,2042.0,12.65,0.0,23.45,0.0
101,2023,114,2043.0,12.65,0.0,23.43,0.0
101,2023,114,2044.0,12.65,0.0,23.42,0.0
101,2023,114,2045.0,12.65,0.0,23.42,0.0
101,2023,114,2046.0,12.65,0.0,23.4,0.0
101,2023,114,2047.0,12.65,0.0,23.41,0.0
101,2023,114,2048.0,12.64,0.0,23.41,0.0
101,2023,114,2049.0,12.65,0.0,23.39,0.0
101,2023,114,2050.0,12.65,0.0,23.39,0.0
101,2023,114,2051.0,12.65,0.0,23.4,0.0
101,2023,114,2052.0,12.65,0.0,23.4,0.0
101,2023,114,2053.0,12.65,0.0,23.37,0.0
101,2023,114,2054.0,12.65,0.0,23.36,0.0
101,2023,114,2055.0,12.65,0.0,23.36,0.0
101,2023,114,2056.0,12.65,0.0,23.34,0.0
101,2023,114,2057.0,12.65,0.0,23.34,0.0
101,2023,114,2058.0,12.65,0.0,23.34,0.0
101,2023,114,2059.0,12.64,0.0,23.34,0.0
101,2023,114,2100.0,12.65,0.0,23.33,0.0
101,2023,114,2101.0,12.65,0.0,23.33,0.0
101,2023,114,2102.0,12.65,0.0,23.32,0.0
101,2023,114,2103.0,12.64,0.0,23.32,0.0
101,2023,114,2104.0,12.65,0.0,23.31,0.0
101,2023,114,2105.0,12.64,0.0,23.31,0.0
101,2023,114,2106.0,12.64,0.0,23.31,0.0
101,2023,114,2107.0,12.64,0.0,23.3,0.0
101,2023,114,2108.0,12.64,0.0,23.3,0.0
101,2023,114,2109.0,12.64,0.0,23.31,0.0
101,2023,114,2110.0,12.64,0.0,23.31,0.0
101,2023,114,2111.0,12.64,0.0,23.3,0.0
101,2023,114,2112.0,12.64,0.0,23.3,0.0
101,2023,114,2113.0,12.64,0.0,23.3,0.0
101,2023,114,2114.0,12.64,0.0,23.29,0.0
101,2023,114,2115.0,12.64,0.0,23.28,0.0
101,2023,114,2116.0,12.64,0.0,23.27,0.0
101,2023,114,2117.0,12.64,0.0,23.27,0.0
101,2023,114,2118.0,12.64,0.0,23.27,0.0
101,2023,114,2119.0,12.64,0.0,23.26,0.0
101,2023,114,2120.0,12.64,0.0,23.27,0.0
101,2023,114,2121.0,12.64,0.0,23.28,0.0
101,2023,114,2122.0,12.64,0.0,23.28,0.0
101,2023,114,2123.0,12.64,0.0,23.29,0.0
101,2023,114,2124.0,12.64,0.0,23.28,0.0
101,2023,114,2125.0,12.64,0.0,23.28,0.0
101,2023,114,2126.0,12.64,0.0,23.28,0.0
101,2023,114,2127.0,12.64,0.0,23.26,0.0
101,2023,114,2128.0,12.64,0.0,23.26,0.0
101,2023,114,2129.0,12.64,0.0,23.25,0.0
101,2023,114,2130.0,12.64,0.0,23.23,0.0
101,2023,114,2131.0,12.64,0.0,23.22,0.0
101,2023,114,2132.0,12.64,0.0,23.21,0.0
101,2023,114,2133.0,12.64,0.0,23.19,0.0
101,2023,114,2134.0,12.64,0.0,23.18,0.0
101,2023,114,2135.0,12.63,0.0,23.17,0.0
101,2023,114,2136.0,12.64,0.0,23.17,0.0
101,2023,114,2137.0,12.64,0.0,23.16,0.0
101,2023,114,2138.0,12.64,0.0,23.14,0.0
101,2023,114,2139.0,12.63,0.0,23.14,0.0
101,2023,114,2140.0,12.63,0.0,23.12,0.0
101,2023,114,2141.0,12.63,0.0,23.11,0.0
101,2023,114,2142.0,12.63,0.0,23.1,0.0
101,2023,114,2143.0,12.63,0.0,23.09,0.0
101,2023,114,2144.0,12.63,0.0,23.08,0.0
101,2023,114,2145.0,12.63,0.0,23.07,0.0
101,2023,114,2146.0,12.63,0.0,23.06,0.0
101,2023,114,2147.0,12.63,0.0,23.05,0.0
101,2023,114,2148.0,12.63,0.0,23.04,0.0
101,2023,114,2149.0,12.63,0.0,23.02,0.0
101,2023,114,2150.0,12.63,0.0,23.0,0.0
101,2023,114,2151.0,12.63,0.0,22.99,0.0
101,2023,114,2152.0,12.63,0.0,22.98,0.0
101,2023,114,2153.0,12.63,0.0,22.97,0.0
101,2023,114,2154.0,12.63,0.0,22.96,0.0
101,2023,114,2155.0,12.63,0.0,22.94,0.0
101,2023,114,2156.0,12.63,0.0,22.93,0.0
101,2023,114,2157.0,12.63,0.0,22.94,0.0
101,2023,114,2158.0,12.63,0.0,22.92,0.0
101,2023,114,2159.0,12.63,0.0,22.94,0.0
101,2023,114,2200.0,12.63,0.0,22.92,0.0
101,2023,114,2201.0,12.63,0.0,22.92,0.0
101,2023,114,2202.0,12.63,0.0,22.91,0.0
101,2023,114,2203.0,12.63,0.0,22.9,0.0
101,2023,114,2204.0,12.63,0.0,22.91,0.0
101,2023,114,2205.0,12.63,0.0,22.92,0.0
101,2023,114,2206.0,12.63,0.0,22.91,0.0
101,2023,114,2207.0,12.63,0.0,22.92,0.0
101,2023,114,2208.0,12.63,0.0,22.96,0.0
101,2023,114,2209.0,12.63,0.0,22.99,0.0
101,2023,114,2210.0,12.62,0.0,23.01,0.0
101,2023,114,2211.0,12.63,0.0,23.0,0.0
101,2023,114,2212.0,12.63,0.0,23.0,0.0
101,2023,114,2213.0,12.63,0.0,23.0,0.0
101,2023,114,2214.0,12.63,0.0,23.0,0.0
101,2023,114,2215.0,12.62,0.0,22.99,0.0
101,2023,114,2216.0,12.62,0.0,22.99,0.0
101,2023,114,2217.0,12.62,0.0,23.0,0.0
101,2023,114,2218.0,12.62,0.0,23.01,0.0
101,2023,114,2219.0,12.63,0.0,23.01,0.0
101,2023,114,2220.0,12.62,0.0,23.02,0.0
101,2023,114,2221.0,12.62,0.0,23.01,0.0
101,2023,114,2222.0,12.62,0.0,23.0,0.0
101,2023,114,2223.0,12.63,0.0,22.98,0.0
101,2023,114,2224.0,12.62,0.0,22.96,0.0
101,2023,114,2225.0,12.62,0.0,22.94,0.0
101,2023,114,2226.0,12.62,0.0,22.94,0.0
101,2023,114,2227.0,12.62,0.0,22.93,0.0
101,2023,114,2228.0,12.62,0.0,22.92,0.0
101,2023,114,2229.0,12.62,0.0,22.91,0.0
101,2023,114,2230.0,12.62,0.0,22.91,0.0
101,2023,114,2231.0,12.62,0.0,22.9,0.0
101,2023,114,2232.0,12.62,0.0,22.9,0.0
101,2023,114,2233.0,12.62,0.0,22.89,0.0
101,2023,114,2234.0,12.62,0.0,22.89,0.0
101,2023,114,2235.0,12.62,0.0,22.91,0.0
101,2023,114,2236.0,12.62,0.0,22.92,0.0
101,2023,114,2237.0,12.62,0.0,22.94,0.0
101,2023,114,2238.0,12.62,0.0,22.95,0.0
101,2023,114,2239.0,12.62,0.0,22.96,0.0
101,2023,114,2240.0,12.62,0.0,22.95,0.0
101,2023,114,2241.0,12.62,0.0,22.97,0.0
101,2023,114,2242.0,12.62,0.0,23.0,0.0
101,2023,114,2243.0,12.62,0.0,23.03,0.0
101,2023,114,2244.0,12.62,0.0,23.04,0.0
101,2023,114,2245.0,12.62,0.0,23.04,0.0
101,2023,114,2246.0,12.62,0.0,23.05,0.0
101,2023,114,2247.0,12.62,0.0,23.06,0.0
101,2023,114,2248.0,12.62,0.0,23.04,0.0
101,2023,114,2249.0,12.62,0.0,23.03,0.0
101,2023,114,2250.0,12.62,0.0,23.01,0.0
101,2023,114,2251.0,12.62,0.0,23.01,0.0
101,2023,114,2252.0,12.61,0.0,23.01,0.0
101,2023,114,2253.0,12.61,0.0,23.01,0.0
101,2023,114,2254.0,12.61,0.0,23.02,0.0
101,2023,114,2255.0,12.61,0.0,23.01,0.0
101,2023,114,2256.0,12.61,0.0,23.01,0.0
101,2023,114,2257.0,12.62,0.0,23.01,0.0
101,2023,114,2258.0,12.62,0.0,23.01,0.0
101,2023,114,2259.0,12.61,0.0,23.02,0.0
101,2023,114,2300.0,12.61,0.0,23.01,0.0
101,2023,114,2301.0,12.61,0.0,23.02,0.0
101,2023,114,2302.0,12.61,0.0,23.02,0.0
101,2023,114,2303.0,12.61,0.0,23.01,0.0
101,2023,114,2304.0,12.61,0.0,23.01,0.0
101,2023,114,2305.0,12.61,0.0,23.01,0.0
101,2023,114,2306.0,12.61,0.0,23.01,0.0
101,2023,114,2307.0,12.62,0.0,23.0,0.0
101,2023,114,2308.0,12.61,0.0,22.99,0.0
101,2023,114,2309.0,12.61,0.0,22.98,0.0
101,2023,114,2310.0,12.61,0.0,22.97,0.0
101,2023,114,2311.0,12.61,0.0,22.95,0.0
101,2023,114,2312.0,12.61,0.0,22.94,0.0
101,2023,114,2313.0,12.61,0.0,22.92,0.0
101,2023,114,2314.0,12.61,0.0,22.91,0.0
101,2023,114,2315.0,12.61,0.0,22.89,0.0
101,2023,114,2316.0,12.61,0.0,22.88,0.0
101,2023,114,2317.0,12.61,0.0,22.87,0.0
101,2023,114,2318.0,12.61,0.0,22.86,0.0
101,2023,114,2319.0,12.61,0.0,22.84,0.0
101,2023,114,2320.0,12.61,0.0,22.84,0.0
101,2023,114,2321.0,12.61,0.0,22.84,0.0
101,2023,114,2322.0,12.61,0.0,22.84,0.0
101,2023,114,2323.0,12.61,0.0,22.82,0.0
101,2023,114,2324.0,12.61,0.0,22.81,0.0
101,2023,114,2325.0,12.61,0.0,22.8,0.0
101,2023,114,2326.0,12.61,0.0,22.79,0.0
101,2023,114,2327.0,12.61,0.0,22.79,0.0
101,2023,114,2328.0,12.61,0.0,22.77,0.0
101,2023,114,2329.0,12.61,0.0,22.75,0.0
101,2023,114,2330.0,12.61,0.0,22.74,0.0
101,2023,114,2331.0,12.61,0.0,22.74,0.0
101,2023,114,2332.0,12.61,0.0,22.72,0.0
101,2023,114,2333.0,12.61,0.0,22.72,0.0
101,2023,114,2334.0,12.61,0.0,22.72,0.0
101,2023,114,2335.0,12.61,0.0,22.72,0.0
101,2023,114,2336.0,12.61,0.0,22.72,0.0
101,2023,114,2337.0,12.61,0.0,22.72,0.0
101,2023,114,2338.0,12.6,0.0,22.72,0.0
101,2023,114,2339.0,12.6,0.0,22.71,0.0
101,2023,114,2340.0,12.61,0.0,22.69,0.0
101,2023,114,2341.0,12.6,0.0,22.7,0.0
101,2023,114,2342.0,12.6,0.0,22.7,0.0
101,2023,114,2343.0,12.6,0.0,22.69,0.0
101,2023,114,2344.0,12.6,0.0,22.67,0.0
101,2023,114,2345.0,12.6,0.0,22.68,0.0
101,2023,114,2346.0,12.6,0.0,22.69,0.0
101,2023,114,2347.0,12.61,0.0,22.69,0.0
101,2023,114,2348.0,12.61,0.0,22.68,0.0
101,2023,114,2349.0,12.6,0.0,22.67,0.0
101,2023,114,2350.0,12.6,0.0,22.67,0.0
101,2023,114,2351.0,12.6,0.0,22.67,0.0
101,2023,114,2352.0,12.6,0.0,22.66,0.0
101,2023,114,2353.0,12.6,0.0,22.65,0.0
101,2023,114,2354.0,12.6,0.0,22.65,0.0
101,2023,114,2355.0,12.6,0.0,22.66,0.0
101,2023,114,2356.0,12.6,0.0,22.67,0.0
101,2023,114,2357.0,12.6,0.0,22.66,0.0
101,2023,114,2358.0,12.6,0.0,22.65,0.0
101,2023,114,2359.0,12.6,0.0,22.65,0.0
101,2023,114,2359.0,12.6,0.0,22.65,0.0
