a,b,dia_juliano,d,e,f,g,h
101,2023,7,2400,12.72,0,22.56,0
101,2023,7,1,12.72,0,22.57,0
101,2023,7,2,12.72,0,22.58,0
101,2023,7,3,12.72,0,22.58,0
101,2023,7,4,12.72,0,22.58,0
101,2023,7,5,12.72,0,22.58,0
101,2023,7,6,12.72,0,22.58,0
101,2023,7,7,12.72,0,22.57,0
101,2023,7,8,12.71,0,22.56,0
101,2023,7,9,12.71,0,22.55,0
101,2023,7,10,12.72,0,22.54,0
101,2023,7,11,12.71,0,22.51,0
101,2023,7,12,12.71,0,22.49,0
101,2023,7,13,12.71,0,22.47,0
101,2023,7,14,12.71,0,22.45,0
101,2023,7,15,12.71,0,22.43,0
101,2023,7,16,12.71,0,22.42,0
101,2023,7,17,12.71,0,22.41,0
101,2023,7,18,12.71,0,22.4,0
101,2023,7,19,12.71,0,22.4,0
101,2023,7,20,12.71,0,22.41,0
101,2023,7,21,12.71,0,22.43,0
101,2023,7,22,12.71,0,22.43,0
101,2023,7,23,12.71,0,22.44,0
101,2023,7,24,12.71,0,22.45,0
101,2023,7,25,12.71,0,22.48,0
101,2023,7,26,12.71,0,22.5,0
101,2023,7,27,12.71,0,22.52,0
101,2023,7,28,12.71,0,22.52,0
101,2023,7,29,12.71,0,22.54,0
101,2023,7,30,12.71,0,22.57,0
101,2023,7,31,12.71,0,22.6,0
101,2023,7,32,12.71,0,22.66,0
101,2023,7,33,12.71,0,22.66,0
101,2023,7,34,12.71,0,22.64,0
101,2023,7,35,12.71,0,22.65,0
101,2023,7,36,12.71,0,22.72,0
101,2023,7,37,12.71,0,22.74,0
101,2023,7,38,12.71,0,22.75,0
101,2023,7,39,12.71,0,22.78,0
101,2023,7,40,12.71,0,22.81,0
101,2023,7,41,12.71,0,22.84,0
101,2023,7,42,12.71,0,22.88,0
101,2023,7,43,12.71,0,22.9,0
101,2023,7,44,12.71,0,22.89,0
101,2023,7,45,12.71,0,22.87,0
101,2023,7,46,12.71,0,22.82,0
101,2023,7,47,12.71,0,22.78,0
101,2023,7,48,12.71,0,22.76,0
101,2023,7,49,12.71,0,22.74,0
101,2023,7,50,12.71,0,22.75,0
101,2023,7,51,12.71,0,22.74,0
101,2023,7,52,12.71,0,22.71,0
101,2023,7,53,12.7,0,22.7,0
101,2023,7,54,12.71,0,22.68,0
101,2023,7,55,12.71,0,22.69,0
101,2023,7,56,12.7,0,22.7,0
101,2023,7,57,12.71,0,22.69,0
101,2023,7,58,12.7,0,22.68,0
101,2023,7,59,12.7,0,22.69,0
101,2023,7,100,12.7,0,22.71,0
101,2023,7,101,12.7,0,22.71,0
101,2023,7,102,12.7,0,22.71,0
101,2023,7,103,12.7,0,22.7,0
101,2023,7,104,12.7,0,22.68,0
101,2023,7,105,12.7,0,22.64,0
101,2023,7,106,12.7,0,22.61,0
101,2023,7,107,12.7,0,22.59,0
101,2023,7,108,12.7,0,22.56,0
101,2023,7,109,12.7,0,22.52,0
101,2023,7,110,12.7,0,22.49,0
101,2023,7,111,12.7,0,22.46,0
101,2023,7,112,12.7,0,22.47,0
101,2023,7,113,12.7,0,22.49,0
101,2023,7,114,12.7,0,22.53,0
101,2023,7,115,12.7,0,22.5,0
101,2023,7,116,12.7,0,22.45,0
101,2023,7,117,12.7,0,22.43,0
101,2023,7,118,12.7,0,22.37,0
101,2023,7,119,12.7,0,22.26,0
101,2023,7,120,12.7,0,22.36,0
101,2023,7,121,12.7,0,22.41,0
101,2023,7,122,12.7,0,22.39,0
101,2023,7,123,12.7,0,22.36,0
101,2023,7,124,12.7,0,22.33,0
101,2023,7,125,12.69,0,22.33,0
101,2023,7,126,12.69,0,22.33,0
101,2023,7,127,12.69,0,22.33,0
101,2023,7,128,12.69,0,22.34,0
101,2023,7,129,12.69,0,22.29,0
101,2023,7,130,12.69,0,22.29,0
101,2023,7,131,12.69,0,22.38,0
101,2023,7,132,12.69,0,22.41,0
101,2023,7,133,12.69,0,22.38,0
101,2023,7,134,12.69,0,22.31,0
101,2023,7,135,12.69,0,22.22,0
101,2023,7,136,12.69,0,22.17,0
101,2023,7,137,12.69,0,22.12,0
101,2023,7,138,12.69,0,22.15,0
101,2023,7,139,12.69,0,22.17,0
101,2023,7,140,12.69,0,22.25,0
101,2023,7,141,12.69,0,22.31,0
101,2023,7,142,12.69,0,22.33,0
101,2023,7,143,12.69,0,22.34,0
101,2023,7,144,12.69,0,22.34,0
101,2023,7,145,12.69,0,22.35,0
101,2023,7,146,12.69,0,22.39,0
101,2023,7,147,12.69,0,22.38,0
101,2023,7,148,12.69,0,22.37,0
101,2023,7,149,12.69,0,22.38,0
101,2023,7,150,12.69,0,22.37,0
101,2023,7,151,12.69,0,22.4,0
101,2023,7,152,12.69,0,22.42,0
101,2023,7,153,12.69,0,22.46,0
101,2023,7,154,12.69,0,22.46,0
101,2023,7,155,12.69,0,22.48,0
101,2023,7,156,12.69,0,22.5,0
101,2023,7,157,12.69,0,22.49,0
101,2023,7,158,12.69,0,22.48,0
101,2023,7,159,12.68,0,22.47,0
101,2023,7,200,12.68,0,22.46,0
101,2023,7,201,12.68,0,22.44,0
101,2023,7,202,12.68,0,22.43,0
101,2023,7,203,12.68,0,22.4,0
101,2023,7,204,12.68,0,22.38,0
101,2023,7,205,12.68,0,22.38,0
101,2023,7,206,12.68,0,22.36,0
101,2023,7,207,12.68,0,22.36,0
101,2023,7,208,12.68,0,22.37,0
101,2023,7,209,12.68,0,22.33,0
101,2023,7,210,12.68,0,22.3,0
101,2023,7,211,12.68,0,22.3,0
101,2023,7,212,12.68,0,22.32,0
101,2023,7,213,12.68,0,22.33,0
101,2023,7,214,12.68,0,22.34,0
101,2023,7,215,12.68,0,22.34,0
101,2023,7,216,12.68,0,22.31,0
101,2023,7,217,12.68,0,22.28,0
101,2023,7,218,12.68,0,22.22,0
101,2023,7,219,12.68,0,22.15,0
101,2023,7,220,12.68,0,22.03,0
101,2023,7,221,12.68,0,22,0
101,2023,7,222,12.68,0,22.03,0
101,2023,7,223,12.67,0,22.06,0
101,2023,7,224,12.68,0,21.99,0
101,2023,7,225,12.67,0,21.86,0
101,2023,7,226,12.67,0,21.77,0
101,2023,7,227,12.67,0,21.84,0
101,2023,7,228,12.67,0,21.88,0
101,2023,7,229,12.68,0,21.85,0
101,2023,7,230,12.68,0,21.83,0
101,2023,7,231,12.68,0,21.8,0
101,2023,7,232,12.68,0,21.85,0
101,2023,7,233,12.67,0,21.94,0
101,2023,7,234,12.68,0,21.96,0
101,2023,7,235,12.67,0,21.98,0
101,2023,7,236,12.67,0,21.99,0
101,2023,7,237,12.67,0,21.89,0
101,2023,7,238,12.67,0,21.92,0
101,2023,7,239,12.67,0,22.02,0
101,2023,7,240,12.67,0,22.02,0
101,2023,7,241,12.67,0,22,0
101,2023,7,242,12.67,0,21.94,0
101,2023,7,243,12.67,0,21.81,0
101,2023,7,244,12.67,0,21.79,0
101,2023,7,245,12.67,0,21.84,0
101,2023,7,246,12.67,0,21.84,0
101,2023,7,247,12.67,0,21.83,0
101,2023,7,248,12.67,0,21.81,0
101,2023,7,249,12.67,0.056,21.76,0
101,2023,7,250,12.67,0,21.73,0
101,2023,7,251,12.67,0,21.73,0
101,2023,7,252,12.67,0,21.76,0
101,2023,7,253,12.67,0,21.78,0
101,2023,7,254,12.67,0.056,21.78,0
101,2023,7,255,12.66,0,21.76,0
101,2023,7,256,12.66,0,21.79,0
101,2023,7,257,12.66,0,21.94,0
101,2023,7,258,12.66,0,22,0
101,2023,7,259,12.66,0,22.06,0
101,2023,7,300,12.66,0.028,22.07,0
101,2023,7,301,12.66,0,22.08,0
101,2023,7,302,12.66,0,22.1,0
101,2023,7,303,12.66,0,22.11,0
101,2023,7,304,12.66,0,22.12,0
101,2023,7,305,12.66,0,22.11,0
101,2023,7,306,12.66,0,22.13,0
101,2023,7,307,12.66,0,22.1,0
101,2023,7,308,12.66,0,22.1,0
101,2023,7,309,12.66,0,22.1,0
101,2023,7,310,12.66,0,22.12,0
101,2023,7,311,12.66,0,22.11,0
101,2023,7,312,12.66,0,22.1,0
101,2023,7,313,12.66,0,22.07,0
101,2023,7,314,12.66,0,22.07,0
101,2023,7,315,12.66,0,22.06,0
101,2023,7,316,12.66,0,22.03,0
101,2023,7,317,12.66,0,22.02,0
101,2023,7,318,12.66,0,21.99,0
101,2023,7,319,12.66,0,22.01,0
101,2023,7,320,12.65,0,22.01,0
101,2023,7,321,12.65,0,22.05,0
101,2023,7,322,12.66,0,22.01,0
101,2023,7,323,12.65,0,21.98,0
101,2023,7,324,12.65,0,21.96,0
101,2023,7,325,12.65,0,21.93,0
101,2023,7,326,12.65,0.028,21.9,0
101,2023,7,327,12.65,0,21.88,0
101,2023,7,328,12.65,0.028,21.84,0
101,2023,7,329,12.65,0,21.83,0
101,2023,7,330,12.65,0,21.83,0
101,2023,7,331,12.65,0,21.81,0
101,2023,7,332,12.65,0,21.81,0
101,2023,7,333,12.65,0,21.82,0
101,2023,7,334,12.65,0,21.81,0
101,2023,7,335,12.65,0,21.81,0
101,2023,7,336,12.65,0,21.81,0
101,2023,7,337,12.65,0,21.8,0
101,2023,7,338,12.65,0,21.78,0
101,2023,7,339,12.65,0,21.79,0
101,2023,7,340,12.65,0,21.79,0
101,2023,7,341,12.65,0,21.79,0
101,2023,7,342,12.65,0,21.77,0
101,2023,7,343,12.65,0,21.75,0
101,2023,7,344,12.64,0,21.73,0
101,2023,7,345,12.64,0,21.72,0
101,2023,7,346,12.64,0,21.73,0
101,2023,7,347,12.64,0,21.72,0
101,2023,7,348,12.64,0,21.74,0
101,2023,7,349,12.64,0,21.75,0
101,2023,7,350,12.64,0,21.74,0
101,2023,7,351,12.64,0,21.73,0
101,2023,7,352,12.64,0,21.75,0
101,2023,7,353,12.64,0,21.77,0
101,2023,7,354,12.64,0,21.75,0
101,2023,7,355,12.64,0,21.72,0
101,2023,7,356,12.64,0,21.7,0
101,2023,7,357,12.64,0,21.68,0
101,2023,7,358,12.64,0,21.66,0
101,2023,7,359,12.64,0,21.6,0
101,2023,7,400,12.64,0,21.58,0
101,2023,7,401,12.64,0,21.59,0
101,2023,7,402,12.64,0,21.59,0
101,2023,7,403,12.64,0,21.57,0
101,2023,7,404,12.64,0,21.62,0
101,2023,7,405,12.64,0,21.59,0
101,2023,7,406,12.64,0,21.57,0
101,2023,7,407,12.64,0,21.5,0
101,2023,7,408,12.64,0,21.47,0
101,2023,7,409,12.64,0,21.45,0
101,2023,7,410,12.64,0,21.44,0
101,2023,7,411,12.64,0,21.46,0
101,2023,7,412,12.63,0,21.44,0
101,2023,7,413,12.64,0,21.43,0
101,2023,7,414,12.64,0,21.41,0
101,2023,7,415,12.64,0,21.45,0
101,2023,7,416,12.64,0,21.46,0
101,2023,7,417,12.64,0,21.51,0
101,2023,7,418,12.63,0,21.52,0
101,2023,7,419,12.63,0,21.5,0
101,2023,7,420,12.63,0,21.51,0
101,2023,7,421,12.63,0,21.53,0
101,2023,7,422,12.63,0,21.52,0
101,2023,7,423,12.63,0,21.52,0
101,2023,7,424,12.63,0,21.63,0
101,2023,7,425,12.63,0,21.62,0
101,2023,7,426,12.63,0,21.58,0
101,2023,7,427,12.63,0,21.63,0
101,2023,7,428,12.63,0,21.63,0
101,2023,7,429,12.63,0,21.6,0
101,2023,7,430,12.63,0,21.61,0
101,2023,7,431,12.63,0,21.61,0
101,2023,7,432,12.63,0,21.58,0
101,2023,7,433,12.63,0,21.58,0
101,2023,7,434,12.63,0,21.6,0
101,2023,7,435,12.63,0,21.6,0
101,2023,7,436,12.63,0,21.58,0
101,2023,7,437,12.63,0,21.6,0
101,2023,7,438,12.63,0,21.6,0
101,2023,7,439,12.63,0,21.58,0
101,2023,7,440,12.63,0,21.58,0
101,2023,7,441,12.63,0,21.53,0
101,2023,7,442,12.63,0,21.48,0
101,2023,7,443,12.62,0,21.5,0
101,2023,7,444,12.63,0,21.51,0
101,2023,7,445,12.63,0,21.54,0
101,2023,7,446,12.62,0,21.54,0
101,2023,7,447,12.62,0.028,21.53,0
101,2023,7,448,12.62,0.028,21.53,0
101,2023,7,449,12.62,0.113,21.5,0
101,2023,7,450,12.62,0.226,21.51,0
101,2023,7,451,12.62,0.282,21.54,0
101,2023,7,452,12.62,0.423,21.56,0
101,2023,7,453,12.62,0.564,21.56,0
101,2023,7,454,12.62,0.677,21.57,0
101,2023,7,455,12.62,0.677,21.58,0
101,2023,7,456,12.62,0.677,21.59,0
101,2023,7,457,12.62,0.761,21.61,0
101,2023,7,458,12.62,1.1,21.64,0
101,2023,7,459,12.62,1.353,21.66,0
101,2023,7,500,12.62,1.353,21.59,0
101,2023,7,501,12.62,1.382,21.63,0
101,2023,7,502,12.62,1.917,21.59,0
101,2023,7,503,12.62,2.03,21.63,0
101,2023,7,504,12.62,2.256,21.64,0
101,2023,7,505,12.62,2.707,21.68,0
101,2023,7,506,12.62,2.933,21.64,0
101,2023,7,507,12.62,3.384,21.66,0
101,2023,7,508,12.62,3.807,21.66,0
101,2023,7,509,12.62,4.173,21.65,0
101,2023,7,510,12.62,4.399,21.67,0
101,2023,7,511,12.62,4.963,21.69,0
101,2023,7,512,12.62,5.527,21.64,0
101,2023,7,513,12.62,6.062,21.6,0
101,2023,7,514,12.62,6.655,21.62,0
101,2023,7,515,12.62,7.36,21.62,0
101,2023,7,516,12.62,7.98,21.6,0
101,2023,7,517,12.63,8.63,21.59,0
101,2023,7,518,12.63,9.31,21.58,0
101,2023,7,519,12.63,10.01,21.61,0
101,2023,7,520,12.64,10.72,21.63,0
101,2023,7,521,12.64,11.42,21.66,0
101,2023,7,522,12.65,12.1,21.66,0
101,2023,7,523,12.66,12.89,21.66,0
101,2023,7,524,12.67,13.53,21.66,0
101,2023,7,525,12.67,14.32,21.69,0
101,2023,7,526,12.68,15.09,21.72,0
101,2023,7,527,12.69,15.88,21.74,0
101,2023,7,528,12.71,16.86,21.72,0
101,2023,7,529,12.72,17.68,21.74,0
101,2023,7,530,12.73,18.53,21.73,0
101,2023,7,531,12.74,19.26,21.75,0
101,2023,7,532,12.76,20.13,21.76,0
101,2023,7,533,12.78,20.95,21.77,0
101,2023,7,534,12.79,21.91,21.74,0
101,2023,7,535,12.81,22.76,21.74,0
101,2023,7,536,12.84,23.83,21.74,0
101,2023,7,537,12.86,25.01,21.71,0
101,2023,7,538,12.88,26.28,21.67,0
101,2023,7,539,12.91,27.63,21.66,0
101,2023,7,540,12.95,29.1,21.69,0
101,2023,7,541,12.98,30.82,21.69,0
101,2023,7,542,13.03,37.02,21.75,0
101,2023,7,543,13.08,48.3,21.76,0
101,2023,7,544,13.14,58,21.77,0
101,2023,7,545,13.19,61.75,21.82,0
101,2023,7,546,13.25,64.4,21.86,0
101,2023,7,547,13.25,66.57,21.87,0
101,2023,7,548,13.26,69.22,21.93,0
101,2023,7,549,13.26,71.9,21.97,0
101,2023,7,550,13.26,74.8,22.01,0
101,2023,7,551,13.26,77.2,22.05,0
101,2023,7,552,13.26,79.2,22.08,0
101,2023,7,553,13.26,80.9,22.11,0
101,2023,7,554,13.26,83.1,22.16,0
101,2023,7,555,13.26,85.4,22.19,0
101,2023,7,556,13.26,87.2,22.21,0
101,2023,7,557,13.26,89.6,22.26,0
101,2023,7,558,13.26,92.6,22.29,0
101,2023,7,559,13.26,95.9,22.34,0
101,2023,7,600,13.26,99.1,22.38,0
101,2023,7,601,13.26,101.9,22.45,0
101,2023,7,602,13.26,104.5,22.47,0
101,2023,7,603,13.26,106.6,22.53,0
101,2023,7,604,13.26,108.1,22.59,0
101,2023,7,605,13.26,109.5,22.64,0
101,2023,7,606,13.26,113.1,22.72,0
101,2023,7,607,13.26,116.1,22.78,0
101,2023,7,608,13.26,119.1,22.83,0
101,2023,7,609,13.26,121.9,22.86,0
101,2023,7,610,13.25,123.6,22.94,0
101,2023,7,611,13.25,129.1,23.03,0
101,2023,7,612,13.25,134.5,23.11,0
101,2023,7,613,13.25,137.5,23.14,0
101,2023,7,614,13.25,137.1,23.22,0
101,2023,7,615,13.25,136.6,23.26,0
101,2023,7,616,13.25,137.8,23.35,0
101,2023,7,617,13.25,141.3,23.43,0
101,2023,7,618,13.24,144.2,23.5,0
101,2023,7,619,13.24,147.3,23.56,0
101,2023,7,620,13.24,152.2,23.63,0
101,2023,7,621,13.24,157.4,23.65,0
101,2023,7,622,13.24,161.6,23.66,0
101,2023,7,623,13.24,144.7,23.75,0
101,2023,7,624,13.24,118,23.78,0
101,2023,7,625,13.24,164.5,23.82,0
101,2023,7,626,13.24,181.5,23.86,0
101,2023,7,627,13.24,187.7,23.88,0
101,2023,7,628,13.24,190.4,23.92,0
101,2023,7,629,13.24,195.6,23.99,0
101,2023,7,630,13.24,114.3,24.07,0
101,2023,7,631,13.24,161,24.07,0
101,2023,7,632,13.24,201.5,24.06,0
101,2023,7,633,13.23,220.2,24.09,0
101,2023,7,634,13.23,227.9,24.14,0
101,2023,7,635,13.23,234.2,24.16,0
101,2023,7,636,13.23,241.3,24.19,0
101,2023,7,637,13.23,242.7,24.22,0
101,2023,7,638,13.23,241.4,24.29,0
101,2023,7,639,13.23,242.5,24.31,0
101,2023,7,640,13.22,243.5,24.33,0
101,2023,7,641,13.22,244.5,24.41,0
101,2023,7,642,13.22,247.8,24.48,0
101,2023,7,643,13.22,251,24.43,0
101,2023,7,644,13.22,251.6,24.47,0
101,2023,7,645,13.22,253.5,24.55,0
101,2023,7,646,13.22,256.8,24.58,0
101,2023,7,647,13.22,259.2,24.67,0
101,2023,7,648,13.21,262.6,24.78,0
101,2023,7,649,13.21,265.9,24.83,0
101,2023,7,650,13.21,268.4,24.87,0
101,2023,7,651,13.21,271.3,24.85,0
101,2023,7,652,13.21,274.3,24.88,0
101,2023,7,653,13.21,278.3,24.88,0
101,2023,7,654,13.2,282.4,24.98,0
101,2023,7,655,13.2,287.5,25.1,0
101,2023,7,656,13.2,293.5,25.07,0
101,2023,7,657,13.2,298.9,25.09,0
101,2023,7,658,13.2,304.2,25.13,0
101,2023,7,659,13.2,308.7,25.18,0
101,2023,7,700,13.2,315.1,25.23,0
101,2023,7,701,13.19,323.3,25.21,0
101,2023,7,702,13.19,333.4,25.32,0
101,2023,7,703,13.19,344.5,25.36,0
101,2023,7,704,13.19,350.7,25.4,0
101,2023,7,705,13.19,353.3,25.47,0
101,2023,7,706,13.19,356.9,25.35,0
101,2023,7,707,13.19,356.1,25.36,0
101,2023,7,708,13.18,353.8,25.49,0
101,2023,7,709,13.18,351.9,25.6,0
101,2023,7,710,13.18,349.9,25.68,0
101,2023,7,711,13.18,351,25.73,0
101,2023,7,712,13.18,352.2,25.83,0
101,2023,7,713,13.18,354.1,25.82,0
101,2023,7,714,13.18,356.6,25.85,0
101,2023,7,715,13.18,359.2,25.82,0
101,2023,7,716,13.18,362.3,25.86,0
101,2023,7,717,13.18,364.3,25.85,0
101,2023,7,718,13.17,367.6,25.85,0
101,2023,7,719,13.17,370.8,25.98,0
101,2023,7,720,13.17,376.4,26.09,0
101,2023,7,721,13.17,382.4,26.13,0
101,2023,7,722,13.17,388.7,26.15,0
101,2023,7,723,13.17,396,26.27,0
101,2023,7,724,13.17,401.4,26.29,0
101,2023,7,725,13.17,410.4,26.23,0
101,2023,7,726,13.16,411.8,26.31,0
101,2023,7,727,13.16,420.3,26.26,0
101,2023,7,728,13.16,427.5,26.22,0
101,2023,7,729,13.16,397.7,26.15,0
101,2023,7,730,13.16,444.4,26.18,0
101,2023,7,731,13.16,453.4,26.28,0
101,2023,7,732,13.16,385.1,26.41,0
101,2023,7,733,13.15,446.2,26.45,0
101,2023,7,734,13.16,438.5,26.5,0
101,2023,7,735,13.16,485.8,26.49,0
101,2023,7,736,13.15,475.3,26.47,0
101,2023,7,737,13.15,468.1,26.42,0
101,2023,7,738,13.15,444.6,26.5,0
101,2023,7,739,13.15,349.1,26.56,0
101,2023,7,740,13.15,445.6,26.67,0
101,2023,7,741,13.15,510.4,26.78,0
101,2023,7,742,13.15,372.4,26.92,0
101,2023,7,743,13.15,442,26.77,0
101,2023,7,744,13.15,421.8,26.82,0
101,2023,7,745,13.14,152.3,26.87,0
101,2023,7,746,13.14,373.7,26.82,0
101,2023,7,747,13.14,512,26.8,0
101,2023,7,748,13.14,472.3,26.92,0
101,2023,7,749,13.14,551.6,27.02,0
101,2023,7,750,13.14,574.1,27.18,0
101,2023,7,751,13.14,254.4,27.18,0
101,2023,7,752,13.14,390.8,26.94,0
101,2023,7,753,13.14,600.9,26.89,0
101,2023,7,754,13.14,427,26.96,0
101,2023,7,755,13.14,587.6,27.01,0
101,2023,7,756,13.14,687.4,27.28,0
101,2023,7,757,13.14,693.4,27.45,0
101,2023,7,758,13.14,751,27.52,0
101,2023,7,759,13.13,504.3,27.62,0
101,2023,7,800,13.13,716,27.67,0
101,2023,7,801,13.13,715,27.65,0
101,2023,7,802,13.13,529.9,27.71,0
101,2023,7,803,13.13,269.7,27.74,0
101,2023,7,804,13.13,633.9,27.63,0
101,2023,7,805,13.13,661.2,27.69,0
101,2023,7,806,13.13,331.5,27.58,0
101,2023,7,807,13.13,372,27.33,0
101,2023,7,808,13.13,685.7,27.38,0
101,2023,7,809,13.12,680.5,27.48,0
101,2023,7,810,13.12,614,27.5,0
101,2023,7,811,13.13,461.4,27.42,0
101,2023,7,812,13.13,707,27.44,0
101,2023,7,813,13.12,415.7,27.5,0
101,2023,7,814,13.12,269.4,27.52,0
101,2023,7,815,13.12,242.4,27.43,0
101,2023,7,816,13.12,236.4,27.45,0
101,2023,7,817,13.13,233.2,27.37,0
101,2023,7,818,13.12,232,27.29,0
101,2023,7,819,13.13,240.3,27.15,0
101,2023,7,820,13.12,593.4,27.15,0
101,2023,7,821,13.13,689.3,27.23,0
101,2023,7,822,13.13,616.3,27.4,0
101,2023,7,823,13.13,463.9,27.45,0
101,2023,7,824,13.13,381.9,27.36,0
101,2023,7,825,13.13,299.8,27.44,0
101,2023,7,826,13.13,286.9,27.41,0
101,2023,7,827,13.13,548.3,27.33,0
101,2023,7,828,13.13,835,27.49,0
101,2023,7,829,13.13,779,27.82,0
101,2023,7,830,13.12,562.6,28.04,0
101,2023,7,831,13.12,654.3,27.87,0
101,2023,7,832,13.12,608.9,27.86,0
101,2023,7,833,13.12,283.7,27.95,0
101,2023,7,834,13.12,487.4,27.72,0
101,2023,7,835,13.12,767,27.61,0
101,2023,7,836,13.12,249.7,27.8,0
101,2023,7,837,13.12,366.9,27.88,0
101,2023,7,838,13.12,553.7,27.91,0
101,2023,7,839,13.12,647.1,27.76,0
101,2023,7,840,13.12,711,27.69,0
101,2023,7,841,13.12,668.9,27.79,0
101,2023,7,842,13.12,794,27.93,0
101,2023,7,843,13.12,710,28.09,0
101,2023,7,844,13.12,366.6,28.17,0
101,2023,7,845,13.12,568.3,28.25,0
101,2023,7,846,13.12,760,27.98,0
101,2023,7,847,13.11,584.4,27.99,0
101,2023,7,848,13.11,456.6,27.96,0
101,2023,7,849,13.12,300.8,28,0
101,2023,7,850,13.11,635,28.01,0
101,2023,7,851,13.11,770,28.21,0
101,2023,7,852,13.11,770,28.38,0
101,2023,7,853,13.11,779,28.4,0
101,2023,7,854,13.11,796,28.27,0
101,2023,7,855,13.11,814,28.44,0
101,2023,7,856,13.11,832,28.43,0
101,2023,7,857,13.1,854,28.45,0
101,2023,7,858,13.11,473.8,28.79,0
101,2023,7,859,13.1,404.6,28.69,0
101,2023,7,900,13.1,875,28.57,0
101,2023,7,901,13.11,705,28.43,0
101,2023,7,902,13.1,802,28.43,0
101,2023,7,903,13.1,430.6,28.46,0
101,2023,7,904,13.1,279.4,28.4,0
101,2023,7,905,13.1,251.9,28.35,0
101,2023,7,906,13.1,617.8,28.2,0
101,2023,7,907,13.1,632.6,28.15,0
101,2023,7,908,13.1,680.1,28.18,0
101,2023,7,909,13.1,573.2,28.16,0
101,2023,7,910,13.1,340.6,28.06,0
101,2023,7,911,13.1,283.6,28.06,0
101,2023,7,912,13.1,352.8,27.95,0
101,2023,7,913,13.1,828,28.03,0
101,2023,7,914,13.1,925,28.21,0
101,2023,7,915,13.11,912,28.46,0
101,2023,7,916,13.11,915,28.79,0
101,2023,7,917,13.1,931,28.84,0
101,2023,7,918,13.1,932,28.87,0
101,2023,7,919,13.1,925,28.81,0
101,2023,7,920,13.1,926,28.75,0
101,2023,7,921,13.1,934,28.79,0
101,2023,7,922,13.1,927,28.89,0
101,2023,7,923,13.1,912,29.02,0
101,2023,7,924,13.1,933,29.1,0
101,2023,7,925,13.09,932,29,0
101,2023,7,926,13.09,979,29.06,0
101,2023,7,927,13.09,1030,28.81,0
101,2023,7,928,13.09,1032,28.9,0
101,2023,7,929,13.09,385.6,29.02,0
101,2023,7,930,13.09,595.7,28.95,0
101,2023,7,931,13.09,738,29,0
101,2023,7,932,13.09,982,29.19,0
101,2023,7,933,13.09,998,29.37,0
101,2023,7,934,13.09,995,29.2,0
101,2023,7,935,13.09,1001,28.98,0
101,2023,7,936,13.09,1005,29.07,0
101,2023,7,937,13.08,1002,29.04,0
101,2023,7,938,13.09,980,29.14,0
101,2023,7,939,13.08,968,29.25,0
101,2023,7,940,13.09,956,29.32,0
101,2023,7,941,13.08,946,29.4,0
101,2023,7,942,13.09,940,29.47,0
101,2023,7,943,13.09,957,29.21,0
101,2023,7,944,13.09,838,29.15,0
101,2023,7,945,13.09,946,29.37,0
101,2023,7,946,13.09,424.8,29.43,0
101,2023,7,947,13.08,481.7,29.08,0
101,2023,7,948,13.08,450.4,28.92,0
101,2023,7,949,13.08,994,28.9,0
101,2023,7,950,13.08,730,29.21,0
101,2023,7,951,13.08,875,29.42,0
101,2023,7,952,13.08,1018,29.47,0
101,2023,7,953,13.08,882,29.65,0
101,2023,7,954,13.08,990,29.43,0
101,2023,7,955,13.08,933,29.38,0
101,2023,7,956,13.08,386.7,29.67,0
101,2023,7,957,13.08,285.9,29.75,0
101,2023,7,958,13.08,281.6,29.42,0
101,2023,7,959,13.08,359.4,29.21,0
101,2023,7,1000,13.08,1024,29.05,0
101,2023,7,1001,13.08,801,29.47,0
101,2023,7,1002,13.08,1095,29.71,0
101,2023,7,1003,13.08,1097,29.86,0
101,2023,7,1004,13.08,1059,30.06,0
101,2023,7,1005,13.08,1115,30.02,0
101,2023,7,1006,13.08,1108,29.94,0
101,2023,7,1007,13.08,1126,29.99,0
101,2023,7,1008,13.08,1127,30.07,0
101,2023,7,1009,13.08,1131,30.06,0
101,2023,7,1010,13.08,1130,30.06,0
101,2023,7,1011,13.08,886,30.2,0
101,2023,7,1012,13.08,837,30.2,0
101,2023,7,1013,13.08,670.7,30.31,0
101,2023,7,1014,13.08,343.3,30.25,0
101,2023,7,1015,13.08,346.1,30.08,0
101,2023,7,1016,13.08,731,29.9,0
101,2023,7,1017,13.08,1092,29.71,0
101,2023,7,1018,13.08,1081,29.83,0
101,2023,7,1019,13.08,973,29.81,0
101,2023,7,1020,13.08,828,29.69,0
101,2023,7,1021,13.08,332.7,29.78,0
101,2023,7,1022,13.08,282.3,29.73,0
101,2023,7,1023,13.08,278.5,29.57,0
101,2023,7,1024,13.08,280.5,29.45,0
101,2023,7,1025,13.08,279.3,29.28,0
101,2023,7,1026,13.09,268.1,29.19,0
101,2023,7,1027,13.09,266,29.16,0
101,2023,7,1028,13.09,266.7,29.14,0
101,2023,7,1029,13.09,505.3,29.17,0
101,2023,7,1030,13.09,949,29.23,0
101,2023,7,1031,13.08,753,29.44,0
101,2023,7,1032,13.08,514.2,29.64,0
101,2023,7,1033,13.08,345.7,29.61,0
101,2023,7,1034,13.09,334.3,29.55,0
101,2023,7,1035,13.09,340.4,29.47,0
101,2023,7,1036,13.09,310.7,29.37,0
101,2023,7,1037,13.09,313.9,29.41,0
101,2023,7,1038,13.09,364.1,29.33,0
101,2023,7,1039,13.09,589.8,29.33,0
101,2023,7,1040,13.09,345.7,29.36,0
101,2023,7,1041,13.09,452.2,29.39,0
101,2023,7,1042,13.09,935,29.48,0
101,2023,7,1043,13.09,927,29.82,0
101,2023,7,1044,13.09,1118,29.75,0
101,2023,7,1045,13.09,1131,29.7,0
101,2023,7,1046,13.09,1155,29.69,0
101,2023,7,1047,13.09,1174,30.14,0
101,2023,7,1048,13.09,1162,30.27,0
101,2023,7,1049,13.09,1170,30.31,0
101,2023,7,1050,13.09,536.8,30.48,0
101,2023,7,1051,13.09,342.9,30.25,0
101,2023,7,1052,13.09,305.5,30.18,0
101,2023,7,1053,13.09,294.7,30.19,0
101,2023,7,1054,13.09,308.6,30.01,0
101,2023,7,1055,13.09,713,30.08,0
101,2023,7,1056,13.09,977,30.25,0
101,2023,7,1057,13.09,1182,30.37,0
101,2023,7,1058,13.09,1195,30.61,0
101,2023,7,1059,13.09,1211,30.94,0
101,2023,7,1100,13.09,1195,30.89,0
101,2023,7,1101,13.09,643.9,30.93,0
101,2023,7,1102,13.09,1063,30.97,0
101,2023,7,1103,13.09,1256,30.81,0
101,2023,7,1104,13.08,1226,31.19,0
101,2023,7,1105,13.09,1162,31.35,0
101,2023,7,1106,13.09,1097,31.15,0
101,2023,7,1107,13.08,1116,31.07,0
101,2023,7,1108,13.08,1110,30.92,0
101,2023,7,1109,13.08,1112,30.79,0
101,2023,7,1110,13.08,1130,30.82,0
101,2023,7,1111,13.08,1164,30.7,0
101,2023,7,1112,13.08,899,30.93,0
101,2023,7,1113,13.09,310.3,30.84,0
101,2023,7,1114,13.09,264.3,30.61,0
101,2023,7,1115,13.08,259.5,30.47,0
101,2023,7,1116,13.08,272.7,30.37,0
101,2023,7,1117,13.08,276.4,30.19,0
101,2023,7,1118,13.08,280.6,30.32,0
101,2023,7,1119,13.08,285.3,30.29,0
101,2023,7,1120,13.08,764,30.26,0
101,2023,7,1121,13.08,1067,30.42,0
101,2023,7,1122,13.08,700,30.76,0
101,2023,7,1123,13.08,354.5,30.71,0
101,2023,7,1124,13.08,304.1,30.73,0
101,2023,7,1125,13.08,309.5,30.55,0
101,2023,7,1126,13.08,967,30.31,0
101,2023,7,1127,13.08,1108,30.44,0
101,2023,7,1128,13.09,1093,30.52,0
101,2023,7,1129,13.08,1084,30.61,0
101,2023,7,1130,13.08,1084,30.49,0
101,2023,7,1131,13.08,1096,30.65,0
101,2023,7,1132,13.08,1103,30.91,0
101,2023,7,1133,13.08,1114,31.15,0
101,2023,7,1134,13.09,1109,31.09,0
101,2023,7,1135,13.08,1106,30.94,0
101,2023,7,1136,13.08,1114,30.84,0
101,2023,7,1137,13.08,1131,30.89,0
101,2023,7,1138,13.08,1067,30.88,0
101,2023,7,1139,13.09,1082,30.78,0
101,2023,7,1140,13.08,1069,31.08,0
101,2023,7,1141,13.08,1060,30.84,0
101,2023,7,1142,13.09,1053,30.69,0
101,2023,7,1143,13.08,1050,30.41,0
101,2023,7,1144,13.08,1045,30.56,0
101,2023,7,1145,13.08,1036,30.95,0
101,2023,7,1146,13.09,1045,30.99,0
101,2023,7,1147,13.08,1064,30.76,0
101,2023,7,1148,13.08,1068,30.91,0
101,2023,7,1149,13.08,1064,30.92,0
101,2023,7,1150,13.08,1057,30.91,0
101,2023,7,1151,13.08,1050,30.97,0
101,2023,7,1152,13.09,1046,31,0
101,2023,7,1153,13.08,1041,31.22,0
101,2023,7,1154,13.08,1015,31.21,0
101,2023,7,1155,13.08,1075,31.26,0
101,2023,7,1156,13.08,862,31.16,0
101,2023,7,1157,13.08,443.4,31,0
101,2023,7,1158,13.08,476.9,30.92,0
101,2023,7,1159,13.08,800,30.75,0
101,2023,7,1200,13.08,1053,30.62,0
101,2023,7,1201,13.08,1056,30.72,0
101,2023,7,1202,13.08,1067,30.79,0
101,2023,7,1203,13.08,1098,30.7,0
101,2023,7,1204,13.08,915,30.79,0
101,2023,7,1205,13.08,525.1,30.62,0
101,2023,7,1206,13.08,1096,30.48,0
101,2023,7,1207,13.08,1030,30.58,0
101,2023,7,1208,13.08,863,30.8,0
101,2023,7,1209,13.08,1052,30.77,0
101,2023,7,1210,13.09,1046,30.7,0
101,2023,7,1211,13.08,1049,30.61,0
101,2023,7,1212,13.09,1065,30.71,0
101,2023,7,1213,13.08,1074,30.94,0
101,2023,7,1214,13.08,1074,31.05,0
101,2023,7,1215,13.08,1036,31.28,0
101,2023,7,1216,13.08,1065,31.33,0
101,2023,7,1217,13.08,1064,31.12,0
101,2023,7,1218,13.08,1070,30.81,0
101,2023,7,1219,13.08,1070,30.92,0
101,2023,7,1220,13.08,1063,30.93,0
101,2023,7,1221,13.08,1043,30.78,0
101,2023,7,1222,13.08,1018,30.71,0
101,2023,7,1223,13.08,1000,30.93,0
101,2023,7,1224,13.08,984,31.39,0
101,2023,7,1225,13.08,999,31.48,0
101,2023,7,1226,13.08,1002,31.46,0
101,2023,7,1227,13.08,999,31.19,0
101,2023,7,1228,13.09,1000,30.97,0
101,2023,7,1229,13.08,1003,31.1,0
101,2023,7,1230,13.08,1004,30.85,0
101,2023,7,1231,13.08,997,30.89,0
101,2023,7,1232,13.08,986,30.75,0
101,2023,7,1233,13.08,980,30.88,0
101,2023,7,1234,13.08,973,30.89,0
101,2023,7,1235,13.08,970,30.77,0
101,2023,7,1236,13.08,966,30.76,0
101,2023,7,1237,13.08,953,31.1,0
101,2023,7,1238,13.09,957,31.23,0
101,2023,7,1239,13.08,953,31.04,0
101,2023,7,1240,13.08,946,31.13,0
101,2023,7,1241,13.08,948,31.37,0
101,2023,7,1242,13.08,946,30.99,0
101,2023,7,1243,13.08,939,30.68,0
101,2023,7,1244,13.08,939,30.74,0
101,2023,7,1245,13.08,942,31.04,0
101,2023,7,1246,13.08,944,31.2,0
101,2023,7,1247,13.08,945,30.8,0
101,2023,7,1248,13.08,941,30.92,0
101,2023,7,1249,13.08,932,31.24,0
101,2023,7,1250,13.08,927,31.16,0
101,2023,7,1251,13.09,927,30.95,0
101,2023,7,1252,13.09,927,30.91,0
101,2023,7,1253,13.08,925,30.9,0
101,2023,7,1254,13.08,922,30.94,0
101,2023,7,1255,13.08,920,31.06,0
101,2023,7,1256,13.08,920,30.73,0
101,2023,7,1257,13.09,918,30.68,0
101,2023,7,1258,13.09,917,30.63,0
101,2023,7,1259,13.09,916,30.65,0
101,2023,7,1300,13.09,914,30.74,0
101,2023,7,1301,13.08,915,30.72,0
101,2023,7,1302,13.09,912,30.62,0
101,2023,7,1303,13.09,907,30.79,0
101,2023,7,1304,13.09,904,31.1,0
101,2023,7,1305,13.09,900,30.87,0
101,2023,7,1306,13.09,896,30.84,0
101,2023,7,1307,13.09,898,30.84,0
101,2023,7,1308,13.09,896,30.95,0
101,2023,7,1309,13.09,894,30.84,0
101,2023,7,1310,13.09,894,30.87,0
101,2023,7,1311,13.09,894,30.96,0
101,2023,7,1312,13.09,892,30.89,0
101,2023,7,1313,13.09,889,30.91,0
101,2023,7,1314,13.09,888,30.92,0
101,2023,7,1315,13.09,886,30.83,0
101,2023,7,1316,13.09,886,30.74,0
101,2023,7,1317,13.09,885,30.68,0
101,2023,7,1318,13.09,882,30.76,0
101,2023,7,1319,13.09,880,30.95,0
101,2023,7,1320,13.09,879,30.99,0
101,2023,7,1321,13.09,880,30.85,0
101,2023,7,1322,13.09,879,30.77,0
101,2023,7,1323,13.09,875,30.84,0
101,2023,7,1324,13.09,874,30.95,0
101,2023,7,1325,13.09,872,30.84,0
101,2023,7,1326,13.09,872,30.76,0
101,2023,7,1327,13.09,867,30.72,0
101,2023,7,1328,13.09,869,30.6,0
101,2023,7,1329,13.09,852,30.65,0
101,2023,7,1330,13.09,860,30.72,0
101,2023,7,1331,13.09,861,30.39,0
101,2023,7,1332,13.09,856,30.34,0
101,2023,7,1333,13.09,856,30.42,0
101,2023,7,1334,13.09,846,30.7,0
101,2023,7,1335,13.09,854,30.76,0
101,2023,7,1336,13.09,851,30.78,0
101,2023,7,1337,13.09,851,30.78,0
101,2023,7,1338,13.09,850,30.55,0
101,2023,7,1339,13.09,848,30.55,0
101,2023,7,1340,13.09,847,30.46,0
101,2023,7,1341,13.09,832,30.54,0
101,2023,7,1342,13.09,833,30.82,0
101,2023,7,1343,13.09,836,30.82,0
101,2023,7,1344,13.09,830,30.59,0
101,2023,7,1345,13.09,831,30.76,0
101,2023,7,1346,13.09,827,30.64,0
101,2023,7,1347,13.09,823,30.78,0
101,2023,7,1348,13.09,824,30.83,0
101,2023,7,1349,13.09,823,30.94,0
101,2023,7,1350,13.09,825,31.03,0
101,2023,7,1351,13.09,824,31.06,0
101,2023,7,1352,13.09,821,30.86,0
101,2023,7,1353,13.09,815,30.72,0
101,2023,7,1354,13.09,812,30.71,0
101,2023,7,1355,13.09,808,30.83,0
101,2023,7,1356,13.09,804,30.76,0
101,2023,7,1357,13.09,805,30.6,0
101,2023,7,1358,13.09,802,30.62,0
101,2023,7,1359,13.09,798,30.75,0
101,2023,7,1400,13.09,798,30.85,0
101,2023,7,1401,13.09,795,31.07,0
101,2023,7,1402,13.09,794,30.98,0
101,2023,7,1403,13.09,792,30.69,0
101,2023,7,1404,13.09,788,30.79,0
101,2023,7,1405,13.09,786,30.93,0
101,2023,7,1406,13.09,781,30.98,0
101,2023,7,1407,13.09,778,30.68,0
101,2023,7,1408,13.09,775,30.54,0
101,2023,7,1409,13.09,774,30.51,0
101,2023,7,1410,13.09,773,30.52,0
101,2023,7,1411,13.09,771,30.51,0
101,2023,7,1412,13.09,769,30.31,0
101,2023,7,1413,13.09,767,30.32,0
101,2023,7,1414,13.09,764,30.45,0
101,2023,7,1415,13.09,762,30.44,0
101,2023,7,1416,13.09,757,30.29,0
101,2023,7,1417,13.09,756,30.46,0
101,2023,7,1418,13.1,754,30.58,0
101,2023,7,1419,13.09,751,30.36,0
101,2023,7,1420,13.1,748,30.37,0
101,2023,7,1421,13.09,745,30.33,0
101,2023,7,1422,13.09,741,30.22,0
101,2023,7,1423,13.1,739,30.42,0
101,2023,7,1424,13.09,733,30.49,0
101,2023,7,1425,13.1,732,30.5,0
101,2023,7,1426,13.09,729,30.48,0
101,2023,7,1427,13.1,725,30.47,0
101,2023,7,1428,13.1,723,30.55,0
101,2023,7,1429,13.1,719,30.44,0
101,2023,7,1430,13.1,716,30.62,0
101,2023,7,1431,13.1,714,30.64,0
101,2023,7,1432,13.1,708,30.73,0
101,2023,7,1433,13.09,706,30.78,0
101,2023,7,1434,13.1,703,30.69,0
101,2023,7,1435,13.1,701,30.71,0
101,2023,7,1436,13.1,698.6,30.56,0
101,2023,7,1437,13.1,696.6,30.31,0
101,2023,7,1438,13.1,694.1,30.36,0
101,2023,7,1439,13.1,691.6,30.39,0
101,2023,7,1440,13.1,688.6,30.3,0
101,2023,7,1441,13.1,686.2,30.26,0
101,2023,7,1442,13.1,681.8,30.19,0
101,2023,7,1443,13.1,673.8,30.33,0
101,2023,7,1444,13.1,666.2,30.51,0
101,2023,7,1445,13.1,666.2,30.45,0
101,2023,7,1446,13.1,666.1,30.3,0
101,2023,7,1447,13.1,661.5,30.1,0
101,2023,7,1448,13.1,657.7,29.9,0
101,2023,7,1449,13.09,652,29.88,0
101,2023,7,1450,13.1,649.4,29.96,0
101,2023,7,1451,13.1,646.6,30.01,0
101,2023,7,1452,13.1,641.6,30.13,0
101,2023,7,1453,13.1,636.9,30.12,0
101,2023,7,1454,13.1,631.6,30.13,0
101,2023,7,1455,13.09,627.8,30.13,0
101,2023,7,1456,13.1,625.3,30.29,0
101,2023,7,1457,13.1,617.4,30.06,0
101,2023,7,1458,13.1,621.5,30.04,0
101,2023,7,1459,13.1,615.9,30.06,0
101,2023,7,1500,13.1,606.1,30.21,0
101,2023,7,1501,13.1,599.4,30.3,0
101,2023,7,1502,13.1,596.2,30.36,0
101,2023,7,1503,13.1,598.3,30.18,0
101,2023,7,1504,13.1,594.4,30.21,0
101,2023,7,1505,13.1,591.8,30.07,0
101,2023,7,1506,13.1,587.6,30.02,0
101,2023,7,1507,13.1,584.5,30.09,0
101,2023,7,1508,13.1,581.3,30.02,0
101,2023,7,1509,13.1,576.7,29.9,0
101,2023,7,1510,13.1,572,29.91,0
101,2023,7,1511,13.1,568.2,29.97,0
101,2023,7,1512,13.1,564.9,29.97,0
101,2023,7,1513,13.1,561.1,30.07,0
101,2023,7,1514,13.1,557.8,29.82,0
101,2023,7,1515,13.1,554.7,29.8,0
101,2023,7,1516,13.1,551.3,29.81,0
101,2023,7,1517,13.1,546.7,29.87,0
101,2023,7,1518,13.1,543.2,30.02,0
101,2023,7,1519,13.1,538.7,30.15,0
101,2023,7,1520,13.1,535.5,30.04,0
101,2023,7,1521,13.1,531.4,30.09,0
101,2023,7,1522,13.1,527.3,30.06,0
101,2023,7,1523,13.1,524.9,30.1,0
101,2023,7,1524,13.1,519.8,30,0
101,2023,7,1525,13.1,515.2,29.75,0
101,2023,7,1526,13.11,513.1,29.73,0
101,2023,7,1527,13.11,511.9,29.69,0
101,2023,7,1528,13.11,509.8,29.72,0
101,2023,7,1529,13.11,504.7,29.64,0
101,2023,7,1530,13.1,500.4,29.54,0
101,2023,7,1531,13.11,494.3,29.57,0
101,2023,7,1532,13.1,490.7,29.66,0
101,2023,7,1533,13.11,486,29.65,0
101,2023,7,1534,13.11,480.8,29.64,0
101,2023,7,1535,13.1,476.2,29.62,0
101,2023,7,1536,13.11,471.1,29.63,0
101,2023,7,1537,13.1,468.4,29.61,0
101,2023,7,1538,13.11,468.7,29.53,0
101,2023,7,1539,13.1,465.6,29.51,0
101,2023,7,1540,13.11,460.8,29.5,0
101,2023,7,1541,13.1,455,29.46,0
101,2023,7,1542,13.1,450.9,29.41,0
101,2023,7,1543,13.1,446.2,29.39,0
101,2023,7,1544,13.1,440,29.45,0
101,2023,7,1545,13.11,435.5,29.46,0
101,2023,7,1546,13.11,429.5,29.48,0
101,2023,7,1547,13.11,426.6,29.51,0
101,2023,7,1548,13.11,423.9,29.38,0
101,2023,7,1549,13.1,421.2,29.18,0
101,2023,7,1550,13.11,420.4,29.16,0
101,2023,7,1551,13.11,419.9,29.19,0
101,2023,7,1552,13.11,415.6,29.21,0
101,2023,7,1553,13.11,413.1,29.31,0
101,2023,7,1554,13.11,410,29.27,0
101,2023,7,1555,13.11,405.1,29.32,0
101,2023,7,1556,13.11,400.9,29.22,0
101,2023,7,1557,13.11,397.1,29.15,0
101,2023,7,1558,13.11,395.6,29.1,0
101,2023,7,1559,13.11,390.9,29.08,0
101,2023,7,1600,13.11,386.9,29,0
101,2023,7,1601,13.11,381.6,28.92,0
101,2023,7,1602,13.11,377,28.89,0
101,2023,7,1603,13.11,371.3,28.9,0
101,2023,7,1604,13.11,368.4,28.91,0
101,2023,7,1605,13.11,362.1,29.01,0
101,2023,7,1606,13.11,362.7,29.01,0
101,2023,7,1607,13.11,355.5,28.96,0
101,2023,7,1608,13.11,350.7,29.01,0
101,2023,7,1609,13.11,353.6,28.91,0
101,2023,7,1610,13.11,350.2,28.82,0
101,2023,7,1611,13.11,345.7,28.78,0
101,2023,7,1612,13.11,339.6,28.75,0
101,2023,7,1613,13.11,336.1,28.68,0
101,2023,7,1614,13.11,333.4,28.65,0
101,2023,7,1615,13.11,328.6,28.59,0
101,2023,7,1616,13.11,321.2,28.54,0
101,2023,7,1617,13.11,322.5,28.47,0
101,2023,7,1618,13.11,314.5,28.48,0
101,2023,7,1619,13.11,307,28.5,0
101,2023,7,1620,13.11,299.3,28.47,0
101,2023,7,1621,13.11,293.4,28.49,0
101,2023,7,1622,13.11,293.1,28.42,0
101,2023,7,1623,13.12,290.6,28.36,0
101,2023,7,1624,13.12,286,28.32,0
101,2023,7,1625,13.12,282.3,28.39,0
101,2023,7,1626,13.12,278,28.37,0
101,2023,7,1627,13.12,273.8,28.37,0
101,2023,7,1628,13.12,270.3,28.41,0
101,2023,7,1629,13.12,266.3,28.36,0
101,2023,7,1630,13.12,257.5,28.28,0
101,2023,7,1631,13.12,254.9,28.27,0
101,2023,7,1632,13.12,254.9,28.29,0
101,2023,7,1633,13.12,250.7,28.35,0
101,2023,7,1634,13.12,242.8,28.35,0
101,2023,7,1635,13.12,239.5,28.35,0
101,2023,7,1636,13.12,238.9,28.35,0
101,2023,7,1637,13.12,233.9,28.33,0
101,2023,7,1638,13.12,228.4,28.17,0
101,2023,7,1639,13.12,223.8,28.18,0
101,2023,7,1640,13.12,222,28.07,0
101,2023,7,1641,13.12,220.4,28,0
101,2023,7,1642,13.12,217.2,28.01,0
101,2023,7,1643,13.12,213,27.97,0
101,2023,7,1644,13.12,208.1,27.92,0
101,2023,7,1645,13.12,202.5,27.87,0
101,2023,7,1646,13.12,197.2,27.86,0
101,2023,7,1647,13.12,193.8,27.9,0
101,2023,7,1648,13.12,191.7,27.89,0
101,2023,7,1649,13.12,189.3,27.81,0
101,2023,7,1650,13.12,185.6,27.78,0
101,2023,7,1651,13.12,181.3,27.78,0
101,2023,7,1652,13.12,173.3,27.75,0
101,2023,7,1653,13.12,171.2,27.74,0
101,2023,7,1654,13.12,168.6,27.67,0
101,2023,7,1655,13.12,166,27.62,0
101,2023,7,1656,13.13,163.7,27.61,0
101,2023,7,1657,13.12,161,27.64,0
101,2023,7,1658,13.12,156.2,27.56,0
101,2023,7,1659,13.12,150.6,27.5,0
101,2023,7,1700,13.13,147.8,27.43,0
101,2023,7,1701,13.13,145,27.41,0
101,2023,7,1702,13.13,142.2,27.39,0
101,2023,7,1703,13.13,138.2,27.35,0
101,2023,7,1704,13.13,134,27.38,0
101,2023,7,1705,13.13,129.5,27.35,0
101,2023,7,1706,13.12,126.1,27.3,0
101,2023,7,1707,13.13,123,27.25,0
101,2023,7,1708,13.13,117.4,27.24,0
101,2023,7,1709,13.13,111.7,27.23,0
101,2023,7,1710,13.13,110.4,27.2,0
101,2023,7,1711,13.13,106.9,27.17,0
101,2023,7,1712,13.13,104.1,27.14,0
101,2023,7,1713,13.13,100.4,27.1,0
101,2023,7,1714,13.13,96.5,27.06,0
101,2023,7,1715,13.13,92.8,27.01,0
101,2023,7,1716,13.13,86.7,26.98,0
101,2023,7,1717,13.13,84.6,26.98,0
101,2023,7,1718,13.13,82.2,26.98,0
101,2023,7,1719,13.13,78.3,26.95,0
101,2023,7,1720,13.13,75,26.89,0
101,2023,7,1721,13.13,71.6,26.87,0
101,2023,7,1722,13.13,68.77,26.84,0
101,2023,7,1723,13.12,65.42,26.8,0
101,2023,7,1724,13.12,62.1,26.75,0
101,2023,7,1725,13.11,58.89,26.72,0
101,2023,7,1726,13.11,55.73,26.7,0
101,2023,7,1727,13.1,52.63,26.66,0
101,2023,7,1728,13.1,49.59,26.62,0
101,2023,7,1729,13.09,46.32,26.6,0
101,2023,7,1730,13.08,43,26.55,0
101,2023,7,1731,13.07,39.95,26.52,0
101,2023,7,1732,13.06,37.19,26.5,0
101,2023,7,1733,13.05,34.52,26.46,0
101,2023,7,1734,13.05,31.47,26.43,0
101,2023,7,1735,13.04,28.8,26.39,0
101,2023,7,1736,13.03,25.87,26.35,0
101,2023,7,1737,13.03,22.43,26.3,0
101,2023,7,1738,13.02,20.46,26.26,0
101,2023,7,1739,13.02,18.46,26.22,0
101,2023,7,1740,13.01,15.78,26.19,0
101,2023,7,1741,13,13.21,26.16,0
101,2023,7,1742,13,11.38,26.13,0
101,2023,7,1743,12.99,10.2,26.09,0
101,2023,7,1744,12.99,9.19,26.06,0
101,2023,7,1745,12.99,8.4,26.02,0
101,2023,7,1746,12.98,7.64,26,0
101,2023,7,1747,12.98,6.79,25.97,0
101,2023,7,1748,12.97,6.03,25.94,0
101,2023,7,1749,12.97,5.438,25.92,0
101,2023,7,1750,12.96,4.846,25.89,0
101,2023,7,1751,12.96,4.255,25.86,0
101,2023,7,1752,12.95,3.945,25.83,0
101,2023,7,1753,12.95,3.663,25.8,0
101,2023,7,1754,12.95,3.128,25.77,0
101,2023,7,1755,12.95,2.818,25.76,0
101,2023,7,1756,12.94,2.367,25.74,0
101,2023,7,1757,12.94,2.113,25.72,0
101,2023,7,1758,12.93,1.775,25.69,0
101,2023,7,1759,12.93,1.691,25.66,0
101,2023,7,1800,12.93,1.353,25.64,0
101,2023,7,1801,12.93,1.014,25.62,0
101,2023,7,1802,12.92,1.014,25.59,0
101,2023,7,1803,12.92,0.676,25.6,0
101,2023,7,1804,12.91,0.423,25.6,0
101,2023,7,1805,12.91,0.338,25.57,0
101,2023,7,1806,12.91,0.338,25.54,0
101,2023,7,1807,12.91,0.338,25.51,0
101,2023,7,1808,12.91,0.338,25.47,0
101,2023,7,1809,12.9,0.338,25.44,0
101,2023,7,1810,12.9,0.338,25.43,0
101,2023,7,1811,12.9,0.254,25.41,0
101,2023,7,1812,12.9,0.225,25.38,0
101,2023,7,1813,12.89,0.225,25.35,0
101,2023,7,1814,12.89,0.197,25.33,0
101,2023,7,1815,12.89,0.169,25.3,0
101,2023,7,1816,12.89,0.225,25.28,0
101,2023,7,1817,12.89,0.085,25.26,0
101,2023,7,1818,12.88,0.028,25.23,0
101,2023,7,1819,12.88,0.056,25.2,0
101,2023,7,1820,12.88,0.028,25.17,0
101,2023,7,1821,12.88,0.056,25.14,0
101,2023,7,1822,12.88,0.028,25.12,0
101,2023,7,1823,12.87,0,25.11,0
101,2023,7,1824,12.87,0,25.09,0
101,2023,7,1825,12.87,0,25.05,0
101,2023,7,1826,12.87,0.056,25.04,0
101,2023,7,1827,12.87,0.085,25.03,0
101,2023,7,1828,12.86,0.141,25.02,0
101,2023,7,1829,12.86,0.028,25.01,0
101,2023,7,1830,12.86,0,25,0
101,2023,7,1831,12.86,0,24.99,0
101,2023,7,1832,12.86,0.028,24.98,0
101,2023,7,1833,12.86,0.056,24.94,0
101,2023,7,1834,12.86,0.028,24.9,0
101,2023,7,1835,12.85,0.056,24.87,0
101,2023,7,1836,12.85,0.056,24.84,0
101,2023,7,1837,12.85,0,24.81,0
101,2023,7,1838,12.85,0.113,24.78,0
101,2023,7,1839,12.85,0,24.76,0
101,2023,7,1840,12.85,0.085,24.72,0
101,2023,7,1841,12.85,0.056,24.69,0
101,2023,7,1842,12.84,0,24.67,0
101,2023,7,1843,12.84,0.028,24.65,0
101,2023,7,1844,12.84,0,24.63,0
101,2023,7,1845,12.84,0,24.6,0
101,2023,7,1846,12.84,0,24.57,0
101,2023,7,1847,12.84,0.028,24.56,0
101,2023,7,1848,12.84,0.028,24.55,0
101,2023,7,1849,12.84,0.028,24.53,0
101,2023,7,1850,12.84,0,24.52,0
101,2023,7,1851,12.83,0,24.5,0
101,2023,7,1852,12.83,0,24.49,0
101,2023,7,1853,12.83,0,24.47,0
101,2023,7,1854,12.83,0,24.45,0
101,2023,7,1855,12.83,0,24.44,0
101,2023,7,1856,12.83,0,24.42,0
101,2023,7,1857,12.83,0,24.39,0
101,2023,7,1858,12.83,0,24.37,0
101,2023,7,1859,12.82,0,24.34,0
101,2023,7,1900,12.82,0.028,24.31,0
101,2023,7,1901,12.82,0,24.27,0
101,2023,7,1902,12.82,0,24.24,0
101,2023,7,1903,12.82,0,24.22,0
101,2023,7,1904,12.82,0,24.21,0
101,2023,7,1905,12.82,0.028,24.21,0
101,2023,7,1906,12.82,0,24.2,0
101,2023,7,1907,12.82,0,24.19,0
101,2023,7,1908,12.82,0,24.18,0
101,2023,7,1909,12.82,0,24.16,0
101,2023,7,1910,12.82,0,24.16,0
101,2023,7,1911,12.82,0,24.13,0
101,2023,7,1912,12.81,0,24.11,0
101,2023,7,1913,12.81,0,24.09,0
101,2023,7,1914,12.81,0,24.08,0
101,2023,7,1915,12.81,0,24.07,0
101,2023,7,1916,12.81,0,24.04,0
101,2023,7,1917,12.81,0,24.04,0
101,2023,7,1918,12.81,0,24.04,0
101,2023,7,1919,12.81,0,24.03,0
101,2023,7,1920,12.81,0,24.02,0
101,2023,7,1921,12.81,0,24.01,0
101,2023,7,1922,12.8,0,24,0
101,2023,7,1923,12.8,0,23.99,0
101,2023,7,1924,12.81,0,23.99,0
101,2023,7,1925,12.81,0,23.97,0
101,2023,7,1926,12.81,0,23.98,0
101,2023,7,1927,12.81,0,23.97,0
101,2023,7,1928,12.8,0,23.97,0
101,2023,7,1929,12.8,0,23.97,0
101,2023,7,1930,12.8,0,23.96,0
101,2023,7,1931,12.8,0,23.95,0
101,2023,7,1932,12.8,0,23.92,0
101,2023,7,1933,12.8,0,23.91,0
101,2023,7,1934,12.8,0,23.9,0
101,2023,7,1935,12.8,0,23.89,0
101,2023,7,1936,12.8,0,23.87,0
101,2023,7,1937,12.8,0,23.85,0
101,2023,7,1938,12.8,0,23.85,0
101,2023,7,1939,12.79,0,23.83,0
101,2023,7,1940,12.79,0,23.83,0
101,2023,7,1941,12.79,0,23.82,0
101,2023,7,1942,12.79,0,23.8,0
101,2023,7,1943,12.79,0,23.78,0
101,2023,7,1944,12.79,0,23.75,0
101,2023,7,1945,12.79,0,23.75,0
101,2023,7,1946,12.79,0,23.74,0
101,2023,7,1947,12.79,0,23.73,0
101,2023,7,1948,12.79,0,23.71,0
101,2023,7,1949,12.79,0,23.7,0
101,2023,7,1950,12.79,0,23.7,0
101,2023,7,1951,12.78,0,23.7,0
101,2023,7,1952,12.79,0,23.7,0
101,2023,7,1953,12.79,0,23.67,0
101,2023,7,1954,12.79,0,23.67,0
101,2023,7,1955,12.79,0,23.68,0
101,2023,7,1956,12.79,0,23.68,0
101,2023,7,1957,12.79,0,23.67,0
101,2023,7,1958,12.79,0,23.64,0
101,2023,7,1959,12.78,0,23.64,0
101,2023,7,2000,12.79,0,23.62,0
101,2023,7,2001,12.78,0,23.61,0
101,2023,7,2002,12.78,0,23.62,0
101,2023,7,2003,12.79,0,23.61,0
101,2023,7,2004,12.78,0,23.59,0
101,2023,7,2005,12.78,0,23.59,0
101,2023,7,2006,12.78,0,23.58,0
101,2023,7,2007,12.78,0,23.58,0
101,2023,7,2008,12.78,0,23.54,0
101,2023,7,2009,12.78,0,23.55,0
101,2023,7,2010,12.78,0,23.54,0
101,2023,7,2011,12.78,0,23.52,0
101,2023,7,2012,12.78,0,23.52,0
101,2023,7,2013,12.78,0,23.53,0
101,2023,7,2014,12.78,0,23.52,0
101,2023,7,2015,12.78,0,23.53,0
101,2023,7,2016,12.78,0,23.54,0
101,2023,7,2017,12.78,0,23.55,0
101,2023,7,2018,12.78,0,23.55,0
101,2023,7,2019,12.77,0,23.55,0
101,2023,7,2020,12.77,0,23.55,0
101,2023,7,2021,12.77,0,23.55,0
101,2023,7,2022,12.77,0,23.55,0
101,2023,7,2023,12.77,0,23.55,0
101,2023,7,2024,12.77,0,23.55,0
101,2023,7,2025,12.77,0,23.54,0
101,2023,7,2026,12.77,0,23.55,0
101,2023,7,2027,12.77,0,23.54,0
101,2023,7,2028,12.77,0,23.54,0
101,2023,7,2029,12.77,0,23.55,0
101,2023,7,2030,12.77,0,23.55,0
101,2023,7,2031,12.77,0,23.55,0
101,2023,7,2032,12.77,0,23.53,0
101,2023,7,2033,12.77,0,23.52,0
101,2023,7,2034,12.77,0,23.52,0
101,2023,7,2035,12.77,0,23.51,0
101,2023,7,2036,12.77,0,23.48,0
101,2023,7,2037,12.77,0,23.48,0
101,2023,7,2038,12.77,0,23.47,0
101,2023,7,2039,12.77,0,23.47,0
101,2023,7,2040,12.77,0,23.46,0
101,2023,7,2041,12.77,0,23.45,0
101,2023,7,2042,12.77,0,23.45,0
101,2023,7,2043,12.77,0,23.45,0
101,2023,7,2044,12.77,0,23.44,0
101,2023,7,2045,12.77,0,23.44,0
101,2023,7,2046,12.77,0,23.43,0
101,2023,7,2047,12.76,0,23.41,0
101,2023,7,2048,12.76,0,23.38,0
101,2023,7,2049,12.76,0,23.36,0
101,2023,7,2050,12.76,0,23.35,0
101,2023,7,2051,12.76,0,23.34,0
101,2023,7,2052,12.76,0,23.33,0
101,2023,7,2053,12.76,0,23.33,0
101,2023,7,2054,12.76,0,23.33,0
101,2023,7,2055,12.76,0,23.32,0
101,2023,7,2056,12.76,0,23.32,0
101,2023,7,2057,12.76,0,23.31,0
101,2023,7,2058,12.76,0,23.31,0
101,2023,7,2059,12.76,0,23.3,0
101,2023,7,2100,12.76,0,23.3,0
101,2023,7,2101,12.76,0,23.31,0
101,2023,7,2102,12.76,0,23.3,0
101,2023,7,2103,12.76,0,23.3,0
101,2023,7,2104,12.76,0,23.29,0
101,2023,7,2105,12.76,0,23.3,0
101,2023,7,2106,12.76,0,23.31,0
101,2023,7,2107,12.76,0,23.29,0
101,2023,7,2108,12.75,0,23.3,0
101,2023,7,2109,12.75,0,23.31,0
101,2023,7,2110,12.75,0,23.31,0
101,2023,7,2111,12.75,0,23.31,0
101,2023,7,2112,12.75,0,23.31,0
101,2023,7,2113,12.75,0,23.29,0
101,2023,7,2114,12.75,0,23.28,0
101,2023,7,2115,12.75,0,23.26,0
101,2023,7,2116,12.75,0,23.25,0
101,2023,7,2117,12.75,0,23.23,0
101,2023,7,2118,12.75,0,23.23,0
101,2023,7,2119,12.75,0,23.24,0
101,2023,7,2120,12.75,0,23.22,0
101,2023,7,2121,12.75,0,23.21,0
101,2023,7,2122,12.75,0,23.21,0
101,2023,7,2123,12.75,0,23.21,0
101,2023,7,2124,12.75,0,23.21,0
101,2023,7,2125,12.75,0,23.2,0
101,2023,7,2126,12.75,0,23.18,0
101,2023,7,2127,12.75,0,23.16,0
101,2023,7,2128,12.75,0,23.15,0
101,2023,7,2129,12.75,0,23.16,0
101,2023,7,2130,12.75,0,23.13,0
101,2023,7,2131,12.75,0,23.14,0
101,2023,7,2132,12.75,0,23.13,0
101,2023,7,2133,12.75,0,23.13,0
101,2023,7,2134,12.75,0,23.11,0
101,2023,7,2135,12.75,0,23.11,0
101,2023,7,2136,12.75,0,23.1,0
101,2023,7,2137,12.75,0,23.09,0
101,2023,7,2138,12.75,0,23.07,0
101,2023,7,2139,12.75,0,23.05,0
101,2023,7,2140,12.75,0,23.04,0
101,2023,7,2141,12.75,0,23,0
101,2023,7,2142,12.75,0,22.97,0
101,2023,7,2143,12.75,0,22.93,0
101,2023,7,2144,12.75,0,22.91,0
101,2023,7,2145,12.75,0,22.9,0
101,2023,7,2146,12.75,0,22.87,0
101,2023,7,2147,12.75,0,22.85,0
101,2023,7,2148,12.75,0,22.84,0
101,2023,7,2149,12.75,0,22.81,0
101,2023,7,2150,12.75,0,22.82,0
101,2023,7,2151,12.75,0,22.79,0
101,2023,7,2152,12.74,0,22.78,0
101,2023,7,2153,12.74,0,22.77,0
101,2023,7,2154,12.75,0,22.75,0
101,2023,7,2155,12.74,0,22.74,0
101,2023,7,2156,12.74,0,22.72,0
101,2023,7,2157,12.74,0,22.71,0
101,2023,7,2158,12.74,0,22.71,0
101,2023,7,2159,12.74,0,22.69,0
101,2023,7,2200,12.74,0,22.67,0
101,2023,7,2201,12.74,0,22.66,0
101,2023,7,2202,12.74,0,22.65,0
101,2023,7,2203,12.74,0,22.64,0
101,2023,7,2204,12.74,0,22.65,0
101,2023,7,2205,12.74,0,22.66,0
101,2023,7,2206,12.74,0,22.66,0
101,2023,7,2207,12.74,0,22.64,0
101,2023,7,2208,12.74,0,22.67,0
101,2023,7,2209,12.74,0,22.67,0
101,2023,7,2210,12.74,0,22.63,0
101,2023,7,2211,12.74,0,22.63,0
101,2023,7,2212,12.74,0,22.64,0
101,2023,7,2213,12.74,0,22.62,0
101,2023,7,2214,12.74,0,22.64,0
101,2023,7,2215,12.74,0,22.63,0
101,2023,7,2216,12.74,0,22.61,0
101,2023,7,2217,12.74,0,22.61,0
101,2023,7,2218,12.73,0,22.61,0
101,2023,7,2219,12.73,0,22.62,0
101,2023,7,2220,12.73,0,22.64,0
101,2023,7,2221,12.74,0,22.61,0
101,2023,7,2222,12.73,0,22.59,0
101,2023,7,2223,12.73,0,22.59,0
101,2023,7,2224,12.73,0,22.57,0
101,2023,7,2225,12.73,0,22.56,0
101,2023,7,2226,12.73,0,22.56,0
101,2023,7,2227,12.73,0,22.55,0
101,2023,7,2228,12.73,0,22.56,0
101,2023,7,2229,12.73,0,22.52,0
101,2023,7,2230,12.73,0,22.5,0
101,2023,7,2231,12.73,0,22.48,0
101,2023,7,2232,12.73,0,22.41,0
101,2023,7,2233,12.73,0,22.34,0
101,2023,7,2234,12.73,0,22.31,0
101,2023,7,2235,12.73,0,22.28,0
101,2023,7,2236,12.73,0,22.27,0
101,2023,7,2237,12.73,0,22.24,0
101,2023,7,2238,12.73,0,22.21,0
101,2023,7,2239,12.73,0,22.16,0
101,2023,7,2240,12.73,0,22.11,0
101,2023,7,2241,12.73,0,22.08,0
101,2023,7,2242,12.73,0,22.07,0
101,2023,7,2243,12.73,0,22.08,0
101,2023,7,2244,12.73,0,22.1,0
101,2023,7,2245,12.73,0,22.08,0
101,2023,7,2246,12.73,0,22.05,0
101,2023,7,2247,12.73,0,22.05,0
101,2023,7,2248,12.73,0,22.06,0
101,2023,7,2249,12.73,0,22.06,0
101,2023,7,2250,12.73,0,22.05,0
101,2023,7,2251,12.73,0,22.04,0
101,2023,7,2252,12.73,0,22.03,0
101,2023,7,2253,12.73,0,22.01,0
101,2023,7,2254,12.73,0,21.98,0
101,2023,7,2255,12.73,0,21.96,0
101,2023,7,2256,12.73,0,21.96,0
101,2023,7,2257,12.73,0,21.96,0
101,2023,7,2258,12.73,0,21.96,0
101,2023,7,2259,12.73,0,21.95,0
101,2023,7,2300,12.73,0,21.96,0
101,2023,7,2301,12.73,0,22,0
101,2023,7,2302,12.73,0,22.01,0
101,2023,7,2303,12.73,0,22.03,0
101,2023,7,2304,12.73,0,22.03,0
101,2023,7,2305,12.72,0,22.05,0
101,2023,7,2306,12.72,0,22.08,0
101,2023,7,2307,12.72,0,22.09,0
101,2023,7,2308,12.72,0,22.08,0
101,2023,7,2309,12.72,0,22.09,0
101,2023,7,2310,12.72,0,22.09,0
101,2023,7,2311,12.72,0,22.08,0
101,2023,7,2312,12.72,0,22.08,0
101,2023,7,2313,12.72,0,22.08,0
101,2023,7,2314,12.72,0,22.1,0
101,2023,7,2315,12.72,0,22.09,0
101,2023,7,2316,12.72,0,22.1,0
101,2023,7,2317,12.72,0,22.09,0
101,2023,7,2318,12.72,0,22.07,0
101,2023,7,2319,12.72,0,22.06,0
101,2023,7,2320,12.72,0,22.07,0
101,2023,7,2321,12.72,0,22.08,0
101,2023,7,2322,12.72,0,22.09,0
101,2023,7,2323,12.72,0,22.05,0
101,2023,7,2324,12.72,0,22.03,0
101,2023,7,2325,12.72,0,22.01,0
101,2023,7,2326,12.72,0,22,0
101,2023,7,2327,12.72,0,22.01,0
101,2023,7,2328,12.72,0,22,0
101,2023,7,2329,12.72,0,22.02,0
101,2023,7,2330,12.72,0,22.04,0
101,2023,7,2331,12.72,0,22.02,0
101,2023,7,2332,12.72,0,22,0
101,2023,7,2333,12.72,0,21.99,0
101,2023,7,2334,12.72,0,22.01,0
101,2023,7,2335,12.72,0,22,0
101,2023,7,2336,12.72,0,21.99,0
101,2023,7,2337,12.72,0,21.98,0
101,2023,7,2338,12.72,0,21.99,0
101,2023,7,2339,12.71,0,21.99,0
101,2023,7,2340,12.72,0,21.98,0
101,2023,7,2341,12.71,0,21.96,0
101,2023,7,2342,12.72,0,21.93,0
101,2023,7,2343,12.72,0,21.89,0
101,2023,7,2344,12.72,0,21.85,0
101,2023,7,2345,12.71,0,21.84,0
101,2023,7,2346,12.71,0,21.82,0
101,2023,7,2347,12.71,0,21.81,0
101,2023,7,2348,12.71,0,21.8,0
101,2023,7,2349,12.71,0,21.78,0
101,2023,7,2350,12.72,0,21.76,0
101,2023,7,2351,12.71,0,21.76,0
101,2023,7,2352,12.71,0,21.73,0
101,2023,7,2353,12.71,0,21.73,0
101,2023,7,2354,12.71,0,21.73,0
101,2023,7,2355,12.71,0,21.69,0
101,2023,7,2356,12.71,0,21.66,0
101,2023,7,2357,12.71,0,21.65,0
101,2023,7,2358,12.71,0,21.64,0
101,2023,7,2359,12.71,0,21.62,0
