a,b,dia_juliano,d,e,f,g,h
101,2023,38,2400,12.7,0,22.06,0
101,2023,38,1,12.7,0,22.04,0
101,2023,38,2,12.7,0,22.01,0
101,2023,38,3,12.7,0,21.99,0
101,2023,38,4,12.7,0,21.97,0
101,2023,38,5,12.7,0,21.96,0
101,2023,38,6,12.7,0,21.94,0
101,2023,38,7,12.7,0,21.9,0
101,2023,38,8,12.7,0,21.87,0
101,2023,38,9,12.7,0,21.86,0
101,2023,38,10,12.7,0,21.85,0
101,2023,38,11,12.7,0,21.84,0
101,2023,38,12,12.7,0,21.86,0
101,2023,38,13,12.69,0,21.86,0
101,2023,38,14,12.7,0,21.86,0
101,2023,38,15,12.69,0,21.88,0
101,2023,38,16,12.69,0,21.88,0
101,2023,38,17,12.69,0,21.85,0
101,2023,38,18,12.69,0,21.83,0
101,2023,38,19,12.69,0,21.82,0
101,2023,38,20,12.69,0,21.82,0
101,2023,38,21,12.69,0,21.82,0
101,2023,38,22,12.69,0,21.82,0
101,2023,38,23,12.69,0,21.82,0
101,2023,38,24,12.69,0,21.81,0
101,2023,38,25,12.69,0,21.81,0
101,2023,38,26,12.69,0,21.79,0
101,2023,38,27,12.69,0,21.79,0
101,2023,38,28,12.69,0,21.78,0
101,2023,38,29,12.69,0,21.77,0
101,2023,38,30,12.69,0,21.77,0
101,2023,38,31,12.69,0,21.77,0
101,2023,38,32,12.69,0,21.78,0
101,2023,38,33,12.69,0,21.79,0
101,2023,38,34,12.69,0,21.81,0
101,2023,38,35,12.69,0,21.86,0
101,2023,38,36,12.69,0,21.9,0
101,2023,38,37,12.69,0,21.92,0
101,2023,38,38,12.69,0,21.94,0
101,2023,38,39,12.69,0,21.94,0
101,2023,38,40,12.69,0,21.94,0
101,2023,38,41,12.69,0,21.94,0
101,2023,38,42,12.69,0,21.94,0
101,2023,38,43,12.69,0,21.94,0
101,2023,38,44,12.69,0,21.95,0
101,2023,38,45,12.69,0,21.98,0
101,2023,38,46,12.69,0,21.98,0
101,2023,38,47,12.68,0,21.96,0
101,2023,38,48,12.69,0,21.9,0
101,2023,38,49,12.68,0,21.84,0
101,2023,38,50,12.68,0,21.82,0
101,2023,38,51,12.68,0,21.81,0
101,2023,38,52,12.68,0,21.8,0
101,2023,38,53,12.68,0,21.79,0
101,2023,38,54,12.68,0,21.77,0
101,2023,38,55,12.68,0,21.76,0
101,2023,38,56,12.68,0,21.8,0
101,2023,38,57,12.68,0,21.82,0
101,2023,38,58,12.68,0,21.83,0
101,2023,38,59,12.68,0,21.86,0
101,2023,38,100,12.68,0,21.87,0
101,2023,38,101,12.68,0,21.88,0
101,2023,38,102,12.68,0,21.86,0
101,2023,38,103,12.68,0,21.81,0
101,2023,38,104,12.68,0,21.8,0
101,2023,38,105,12.68,0,21.82,0
101,2023,38,106,12.68,0,21.85,0
101,2023,38,107,12.68,0,21.87,0
101,2023,38,108,12.68,0,21.88,0
101,2023,38,109,12.68,0,21.89,0
101,2023,38,110,12.68,0,21.9,0
101,2023,38,111,12.68,0,21.93,0
101,2023,38,112,12.68,0,21.9,0
101,2023,38,113,12.68,0,21.89,0
101,2023,38,114,12.68,0,21.87,0
101,2023,38,115,12.68,0,21.85,0
101,2023,38,116,12.68,0,21.85,0
101,2023,38,117,12.68,0,21.85,0
101,2023,38,118,12.68,0,21.83,0
101,2023,38,119,12.68,0,21.83,0
101,2023,38,120,12.68,0,21.83,0
101,2023,38,121,12.68,0,21.83,0
101,2023,38,122,12.68,0,21.81,0
101,2023,38,123,12.68,0,21.76,0
101,2023,38,124,12.68,0,21.72,0
101,2023,38,125,12.68,0,21.65,0
101,2023,38,126,12.68,0,21.61,0
101,2023,38,127,12.68,0,21.58,0
101,2023,38,128,12.68,0,21.55,0
101,2023,38,129,12.68,0,21.59,0
101,2023,38,130,12.67,0,21.58,0
101,2023,38,131,12.68,0,21.56,0
101,2023,38,132,12.67,0,21.56,0
101,2023,38,133,12.68,0,21.55,0
101,2023,38,134,12.67,0,21.52,0
101,2023,38,135,12.68,0,21.52,0
101,2023,38,136,12.68,0,21.52,0
101,2023,38,137,12.67,0,21.52,0
101,2023,38,138,12.67,0,21.54,0
101,2023,38,139,12.67,0,21.53,0
101,2023,38,140,12.67,0,21.52,0
101,2023,38,141,12.67,0,21.52,0
101,2023,38,142,12.67,0,21.49,0
101,2023,38,143,12.67,0,21.47,0
101,2023,38,144,12.67,0,21.47,0
101,2023,38,145,12.67,0,21.47,0
101,2023,38,146,12.67,0,21.49,0
101,2023,38,147,12.67,0,21.55,0
101,2023,38,148,12.67,0,21.62,0
101,2023,38,149,12.67,0,21.64,0
101,2023,38,150,12.67,0,21.67,0
101,2023,38,151,12.67,0,21.72,0
101,2023,38,152,12.67,0,21.74,0
101,2023,38,153,12.67,0,21.78,0
101,2023,38,154,12.67,0,21.8,0
101,2023,38,155,12.67,0,21.82,0
101,2023,38,156,12.67,0,21.84,0
101,2023,38,157,12.67,0,21.86,0
101,2023,38,158,12.67,0,21.85,0
101,2023,38,159,12.67,0,21.85,0
101,2023,38,200,12.67,0,21.86,0
101,2023,38,201,12.67,0,21.83,0
101,2023,38,202,12.67,0,21.85,0
101,2023,38,203,12.67,0,21.86,0
101,2023,38,204,12.66,0,21.85,0
101,2023,38,205,12.66,0,21.85,0
101,2023,38,206,12.66,0,21.88,0
101,2023,38,207,12.66,0,21.92,0
101,2023,38,208,12.66,0,21.93,0
101,2023,38,209,12.66,0,21.89,0
101,2023,38,210,12.66,0,21.82,0
101,2023,38,211,12.66,0,21.78,0
101,2023,38,212,12.66,0,21.78,0
101,2023,38,213,12.66,0,21.79,0
101,2023,38,214,12.66,0,21.79,0
101,2023,38,215,12.66,0,21.76,0
101,2023,38,216,12.66,0,21.77,0
101,2023,38,217,12.66,0,21.8,0
101,2023,38,218,12.66,0,21.82,0
101,2023,38,219,12.66,0,21.79,0
101,2023,38,220,12.66,0,21.76,0
101,2023,38,221,12.66,0,21.76,0
101,2023,38,222,12.66,0,21.74,0
101,2023,38,223,12.66,0,21.74,0
101,2023,38,224,12.66,0,21.74,0
101,2023,38,225,12.66,0,21.74,0
101,2023,38,226,12.66,0,21.72,0
101,2023,38,227,12.66,0,21.76,0
101,2023,38,228,12.66,0,21.76,0
101,2023,38,229,12.66,0,21.75,0
101,2023,38,230,12.66,0,21.73,0
101,2023,38,231,12.66,0,21.73,0
101,2023,38,232,12.66,0,21.77,0
101,2023,38,233,12.66,0,21.78,0
101,2023,38,234,12.66,0,21.77,0
101,2023,38,235,12.66,0,21.79,0
101,2023,38,236,12.66,0,21.82,0
101,2023,38,237,12.66,0,21.83,0
101,2023,38,238,12.66,0,21.85,0
101,2023,38,239,12.65,0,21.85,0
101,2023,38,240,12.65,0,21.83,0
101,2023,38,241,12.65,0,21.84,0
101,2023,38,242,12.65,0,21.83,0
101,2023,38,243,12.65,0,21.84,0
101,2023,38,244,12.65,0,21.86,0
101,2023,38,245,12.65,0,21.85,0
101,2023,38,246,12.65,0,21.83,0
101,2023,38,247,12.65,0,21.8,0
101,2023,38,248,12.65,0,21.78,0
101,2023,38,249,12.65,0,21.76,0
101,2023,38,250,12.65,0,21.73,0
101,2023,38,251,12.65,0,21.71,0
101,2023,38,252,12.65,0,21.73,0
101,2023,38,253,12.65,0,21.73,0
101,2023,38,254,12.65,0,21.7,0
101,2023,38,255,12.65,0,21.67,0
101,2023,38,256,12.65,0,21.65,0
101,2023,38,257,12.65,0,21.64,0
101,2023,38,258,12.65,0,21.63,0
101,2023,38,259,12.65,0,21.65,0
101,2023,38,300,12.65,0,21.66,0
101,2023,38,301,12.65,0,21.67,0
101,2023,38,302,12.65,0,21.68,0
101,2023,38,303,12.65,0,21.68,0
101,2023,38,304,12.65,0,21.68,0
101,2023,38,305,12.64,0,21.69,0
101,2023,38,306,12.65,0,21.67,0
101,2023,38,307,12.64,0,21.64,0
101,2023,38,308,12.64,0,21.63,0
101,2023,38,309,12.64,0,21.64,0
101,2023,38,310,12.64,0,21.64,0
101,2023,38,311,12.64,0,21.65,0
101,2023,38,312,12.64,0,21.68,0
101,2023,38,313,12.64,0,21.71,0
101,2023,38,314,12.64,0,21.77,0
101,2023,38,315,12.64,0,21.81,0
101,2023,38,316,12.64,0,21.81,0
101,2023,38,317,12.64,0,21.81,0
101,2023,38,318,12.64,0,21.79,0
101,2023,38,319,12.64,0,21.78,0
101,2023,38,320,12.64,0,21.77,0
101,2023,38,321,12.64,0,21.74,0
101,2023,38,322,12.64,0,21.71,0
101,2023,38,323,12.64,0,21.68,0
101,2023,38,324,12.64,0,21.65,0
101,2023,38,325,12.64,0,21.62,0
101,2023,38,326,12.64,0,21.61,0
101,2023,38,327,12.64,0,21.6,0
101,2023,38,328,12.64,0,21.59,0
101,2023,38,329,12.64,0,21.57,0
101,2023,38,330,12.64,0,21.55,0
101,2023,38,331,12.64,0,21.56,0
101,2023,38,332,12.64,0,21.59,0
101,2023,38,333,12.64,0,21.58,0
101,2023,38,334,12.64,0,21.56,0
101,2023,38,335,12.63,0,21.54,0
101,2023,38,336,12.64,0,21.54,0
101,2023,38,337,12.63,0,21.54,0
101,2023,38,338,12.64,0,21.54,0
101,2023,38,339,12.63,0,21.52,0
101,2023,38,340,12.63,0,21.5,0
101,2023,38,341,12.63,0,21.49,0
101,2023,38,342,12.63,0,21.48,0
101,2023,38,343,12.63,0,21.46,0
101,2023,38,344,12.63,0,21.45,0
101,2023,38,345,12.63,0,21.45,0
101,2023,38,346,12.63,0,21.49,0
101,2023,38,347,12.63,0,21.52,0
101,2023,38,348,12.63,0,21.52,0
101,2023,38,349,12.63,0,21.5,0
101,2023,38,350,12.63,0,21.47,0
101,2023,38,351,12.63,0,21.44,0
101,2023,38,352,12.63,0,21.41,0
101,2023,38,353,12.63,0,21.38,0
101,2023,38,354,12.63,0,21.34,0
101,2023,38,355,12.63,0,21.32,0
101,2023,38,356,12.63,0,21.3,0
101,2023,38,357,12.63,0,21.28,0
101,2023,38,358,12.63,0,21.33,0
101,2023,38,359,12.62,0,21.35,0
101,2023,38,400,12.62,0,21.35,0
101,2023,38,401,12.63,0,21.33,0
101,2023,38,402,12.62,0,21.32,0
101,2023,38,403,12.62,0,21.32,0
101,2023,38,404,12.62,0,21.3,0
101,2023,38,405,12.62,0,21.27,0
101,2023,38,406,12.62,0,21.24,0
101,2023,38,407,12.62,0,21.22,0
101,2023,38,408,12.62,0,21.2,0
101,2023,38,409,12.62,0,21.17,0
101,2023,38,410,12.62,0,21.15,0
101,2023,38,411,12.62,0,21.13,0
101,2023,38,412,12.62,0,21.13,0
101,2023,38,413,12.62,0,21.13,0
101,2023,38,414,12.62,0,21.16,0
101,2023,38,415,12.62,0,21.18,0
101,2023,38,416,12.62,0,21.17,0
101,2023,38,417,12.62,0,21.14,0
101,2023,38,418,12.62,0,21.12,0
101,2023,38,419,12.62,0,21.12,0
101,2023,38,420,12.62,0,21.12,0
101,2023,38,421,12.62,0,21.09,0
101,2023,38,422,12.62,0,21.07,0
101,2023,38,423,12.62,0,21.05,0
101,2023,38,424,12.62,0,21.03,0
101,2023,38,425,12.62,0,21.03,0
101,2023,38,426,12.62,0,21.03,0
101,2023,38,427,12.62,0,21.04,0
101,2023,38,428,12.61,0,21.09,0
101,2023,38,429,12.61,0,21.07,0
101,2023,38,430,12.61,0,21.04,0
101,2023,38,431,12.61,0,21.01,0
101,2023,38,432,12.61,0,20.98,0
101,2023,38,433,12.61,0,20.98,0
101,2023,38,434,12.61,0,21,0
101,2023,38,435,12.61,0,21.12,0
101,2023,38,436,12.61,0,21.17,0
101,2023,38,437,12.61,0,21.22,0
101,2023,38,438,12.61,0,21.2,0
101,2023,38,439,12.61,0,21.19,0
101,2023,38,440,12.61,0,21.15,0
101,2023,38,441,12.61,0,21.15,0
101,2023,38,442,12.61,0,21.16,0
101,2023,38,443,12.61,0,21.14,0
101,2023,38,444,12.6,0,21.12,0
101,2023,38,445,12.6,0,21.1,0
101,2023,38,446,12.6,0,21.11,0
101,2023,38,447,12.6,0,21.13,0
101,2023,38,448,12.6,0,21.18,0
101,2023,38,449,12.6,0,21.19,0
101,2023,38,450,12.6,0,21.23,0
101,2023,38,451,12.6,0,21.21,0
101,2023,38,452,12.6,0,21.22,0
101,2023,38,453,12.6,0,21.2,0
101,2023,38,454,12.6,0,21.17,0
101,2023,38,455,12.6,0,21.15,0
101,2023,38,456,12.6,0,21.12,0
101,2023,38,457,12.6,0,21.14,0
101,2023,38,458,12.6,0,21.17,0
101,2023,38,459,12.6,0,21.21,0
101,2023,38,500,12.6,0,21.2,0
101,2023,38,501,12.6,0,21.18,0
101,2023,38,502,12.6,0,21.2,0
101,2023,38,503,12.6,0,21.17,0
101,2023,38,504,12.6,0,21.14,0
101,2023,38,505,12.6,0,21.11,0
101,2023,38,506,12.6,0,21.08,0
101,2023,38,507,12.6,.056,21.06,0
101,2023,38,508,12.6,.113,21.05,0
101,2023,38,509,12.6,.536,21.04,0
101,2023,38,510,12.6,.677,21.02,0
101,2023,38,511,12.6,.677,21,0
101,2023,38,512,12.6,.677,20.98,0
101,2023,38,513,12.6,.959,21,0
101,2023,38,514,12.6,1.354,21.03,0
101,2023,38,515,12.6,1.354,21.03,0
101,2023,38,516,12.59,1.749,21.01,0
101,2023,38,517,12.59,2.116,20.98,0
101,2023,38,518,12.59,3.018,20.99,0
101,2023,38,519,12.59,3.921,21.06,0
101,2023,38,520,12.59,4.428,21.1,0
101,2023,38,521,12.59,5.021,21.1,0
101,2023,38,522,12.59,5.387,21.09,0
101,2023,38,523,12.59,5.895,21.07,0
101,2023,38,524,12.59,5.811,21.04,0
101,2023,38,525,12.59,5.952,21,0
101,2023,38,526,12.59,6.403,20.98,0
101,2023,38,527,12.59,7.25,20.98,0
101,2023,38,528,12.6,8.55,20.99,0
101,2023,38,529,12.61,10.07,21.03,0
101,2023,38,530,12.61,11.14,21.03,0
101,2023,38,531,12.62,11.96,21.03,0
101,2023,38,532,12.63,12.72,21.04,0
101,2023,38,533,12.64,13.88,21.05,0
101,2023,38,534,12.65,15.01,21.08,0
101,2023,38,535,12.66,16.02,21.14,0
101,2023,38,536,12.68,17.18,21.18,0
101,2023,38,537,12.7,18.64,21.23,0
101,2023,38,538,12.72,20.17,21.26,0
101,2023,38,539,12.74,21.92,21.26,0
101,2023,38,540,12.77,24.14,21.26,0
101,2023,38,541,12.8,25.87,21.3,0
101,2023,38,542,12.82,27.11,21.29,0
101,2023,38,543,12.85,27.87,21.3,0
101,2023,38,544,12.88,28.63,21.31,0
101,2023,38,545,12.92,30.8,21.34,0
101,2023,38,546,12.97,33.42,21.36,0
101,2023,38,547,13.02,34.27,21.36,0
101,2023,38,548,13.07,34.33,21.4,0
101,2023,38,549,13.11,34.89,21.43,0
101,2023,38,550,13.15,36.75,21.46,0
101,2023,38,551,13.22,40.76,21.46,0
101,2023,38,552,13.26,51.08,21.43,0
101,2023,38,553,13.26,60.76,21.44,0
101,2023,38,554,13.26,65.52,21.45,0
101,2023,38,555,13.27,65.41,21.44,0
101,2023,38,556,13.27,66.34,21.43,0
101,2023,38,557,13.27,70.9,21.39,0
101,2023,38,558,13.27,69.73,21.34,0
101,2023,38,559,13.26,61.94,21.35,0
101,2023,38,600,13.26,65.55,21.37,0
101,2023,38,601,13.26,72.2,21.45,0
101,2023,38,602,13.26,75.3,21.62,0
101,2023,38,603,13.26,75.9,21.79,0
101,2023,38,604,13.26,61.18,21.73,0
101,2023,38,605,13.26,62.87,21.6,0
101,2023,38,606,13.26,85.6,21.53,0
101,2023,38,607,13.26,99.6,21.53,0
101,2023,38,608,13.26,108.3,21.58,0
101,2023,38,609,13.26,115.2,21.59,0
101,2023,38,610,13.26,120.6,21.64,0
101,2023,38,611,13.26,133.3,21.73,0
101,2023,38,612,13.26,143.8,21.91,0
101,2023,38,613,13.26,150.1,22.03,0
101,2023,38,614,13.26,156.9,22.24,0
101,2023,38,615,13.25,138.3,22.49,0
101,2023,38,616,13.25,118.8,22.51,0
101,2023,38,617,13.25,124.2,22.52,0
101,2023,38,618,13.25,126.5,22.7,0
101,2023,38,619,13.25,129.4,22.85,0
101,2023,38,620,13.25,133.1,22.86,0
101,2023,38,621,13.25,135.7,22.72,0
101,2023,38,622,13.24,140.1,22.74,0
101,2023,38,623,13.24,144.5,22.89,0
101,2023,38,624,13.24,117.7,22.86,0
101,2023,38,625,13.24,93.7,22.76,0
101,2023,38,626,13.24,135.5,22.74,0
101,2023,38,627,13.24,141.5,22.72,0
101,2023,38,628,13.24,144.8,22.78,0
101,2023,38,629,13.24,160.2,22.78,0
101,2023,38,630,13.24,177.9,22.87,0
101,2023,38,631,13.24,186.2,22.94,0
101,2023,38,632,13.24,185.7,23,0
101,2023,38,633,13.23,182.9,23.08,0
101,2023,38,634,13.23,185.6,23.12,0
101,2023,38,635,13.23,186.4,23.28,0
101,2023,38,636,13.23,183.4,23.36,0
101,2023,38,637,13.23,178.2,23.52,0
101,2023,38,638,13.23,179.9,23.7,0
101,2023,38,639,13.22,183.9,23.77,0
101,2023,38,640,13.22,186.5,23.84,0
101,2023,38,641,13.22,195.2,23.78,0
101,2023,38,642,13.22,205.3,23.68,0
101,2023,38,643,13.22,212,23.79,0
101,2023,38,644,13.22,218.3,23.84,0
101,2023,38,645,13.22,222.4,23.82,0
101,2023,38,646,13.22,229.4,23.94,0
101,2023,38,647,13.22,234.4,23.93,0
101,2023,38,648,13.22,240.5,24.06,0
101,2023,38,649,13.21,249.2,24.35,0
101,2023,38,650,13.21,255.1,24.59,0
101,2023,38,651,13.21,259,24.82,0
101,2023,38,652,13.21,262.3,24.74,0
101,2023,38,653,13.21,267.2,24.81,0
101,2023,38,654,13.21,272.5,24.78,0
101,2023,38,655,13.21,278,24.82,0
101,2023,38,656,13.2,281.7,24.79,0
101,2023,38,657,13.2,287.1,24.98,0
101,2023,38,658,13.2,290.1,25.33,0
101,2023,38,659,13.2,296.5,25.39,0
101,2023,38,700,13.2,302.8,25.5,0
101,2023,38,701,13.2,306.7,25.42,0
101,2023,38,702,13.2,310.8,25.33,0
101,2023,38,703,13.19,313.5,25.31,0
101,2023,38,704,13.19,313.8,25.35,0
101,2023,38,705,13.19,319.3,25.33,0
101,2023,38,706,13.19,323.5,25.31,0
101,2023,38,707,13.19,338.5,25.43,0
101,2023,38,708,13.18,342.3,25.63,0
101,2023,38,709,13.18,347.7,25.93,0
101,2023,38,710,13.18,353.2,25.94,0
101,2023,38,711,13.18,356.3,25.91,0
101,2023,38,712,13.18,360.5,25.86,0
101,2023,38,713,13.18,360.7,25.85,0
101,2023,38,714,13.18,315.7,25.69,0
101,2023,38,715,13.18,265.1,25.7,0
101,2023,38,716,13.18,272.6,25.76,0
101,2023,38,717,13.17,291,25.83,0
101,2023,38,718,13.17,295.8,25.89,0
101,2023,38,719,13.17,279.1,25.82,0
101,2023,38,720,13.17,240.4,25.8,0
101,2023,38,721,13.17,259.2,25.88,0
101,2023,38,722,13.17,290.9,25.78,0
101,2023,38,723,13.17,315.8,25.77,0
101,2023,38,724,13.16,324.8,25.78,0
101,2023,38,725,13.17,325.3,25.71,0
101,2023,38,726,13.16,327.8,25.7,0
101,2023,38,727,13.16,336.8,25.68,0
101,2023,38,728,13.16,355,25.65,0
101,2023,38,729,13.16,366.3,25.64,0
101,2023,38,730,13.16,379.8,25.62,0
101,2023,38,731,13.16,396.7,25.63,0
101,2023,38,732,13.16,406.9,25.7,0
101,2023,38,733,13.16,420,25.79,0
101,2023,38,734,13.16,431.4,25.91,0
101,2023,38,735,13.16,440.3,25.98,0
101,2023,38,736,13.16,443.8,26.11,0
101,2023,38,737,13.15,448.7,26.1,0
101,2023,38,738,13.15,454.9,26.07,0
101,2023,38,739,13.15,461.7,26.09,0
101,2023,38,740,13.15,467.9,26.19,0
101,2023,38,741,13.15,472.8,26.27,0
101,2023,38,742,13.15,474.6,26.19,0
101,2023,38,743,13.14,474.9,26.26,0
101,2023,38,744,13.14,478.5,26.35,0
101,2023,38,745,13.14,481.9,26.44,0
101,2023,38,746,13.14,487.6,26.46,0
101,2023,38,747,13.14,493.2,26.3,0
101,2023,38,748,13.14,497.1,26.32,0
101,2023,38,749,13.14,503.7,26.33,0
101,2023,38,750,13.13,512.4,26.4,0
101,2023,38,751,13.13,517.8,26.5,0
101,2023,38,752,13.13,524.5,26.49,0
101,2023,38,753,13.13,529.1,26.58,0
101,2023,38,754,13.13,517.6,26.66,0
101,2023,38,755,13.12,517.6,26.71,0
101,2023,38,756,13.12,478.7,26.78,0
101,2023,38,757,13.12,503.7,26.73,0
101,2023,38,758,13.12,516,26.64,0
101,2023,38,759,13.12,526.7,26.65,0
101,2023,38,800,13.12,541.5,26.71,0
101,2023,38,801,13.12,542.5,26.7,0
101,2023,38,802,13.11,540,26.77,0
101,2023,38,803,13.12,539.3,26.8,0
101,2023,38,804,13.11,542.1,26.79,0
101,2023,38,805,13.11,551.3,26.81,0
101,2023,38,806,13.11,559.1,26.88,0
101,2023,38,807,13.11,566.7,26.88,0
101,2023,38,808,13.11,572.6,26.84,0
101,2023,38,809,13.11,578.9,26.88,0
101,2023,38,810,13.11,583.5,26.91,0
101,2023,38,811,13.11,588.4,26.97,0
101,2023,38,812,13.11,593.1,27.01,0
101,2023,38,813,13.11,593.9,27.03,0
101,2023,38,814,13.1,595.9,27.05,0
101,2023,38,815,13.1,599.9,27.05,0
101,2023,38,816,13.1,608.3,26.97,0
101,2023,38,817,13.1,619.3,26.99,0
101,2023,38,818,13.1,625.1,26.99,0
101,2023,38,819,13.1,638.2,26.94,0
101,2023,38,820,13.1,648.7,26.97,0
101,2023,38,821,13.1,641.4,27.09,0
101,2023,38,822,13.1,632.1,27.32,0
101,2023,38,823,13.1,636.1,27.26,0
101,2023,38,824,13.1,622.8,27.17,0
101,2023,38,825,13.1,638.4,27.19,0
101,2023,38,826,13.1,638.4,27.27,0
101,2023,38,827,13.09,651.5,27.41,0
101,2023,38,828,13.1,657.6,27.49,0
101,2023,38,829,13.09,666.8,27.42,0
101,2023,38,830,13.09,633.8,27.3,0
101,2023,38,831,13.09,369.3,27.31,0
101,2023,38,832,13.09,693.1,27.35,0
101,2023,38,833,13.09,689.6,27.43,0
101,2023,38,834,13.09,661.9,27.56,0
101,2023,38,835,13.09,656.2,27.67,0
101,2023,38,836,13.09,696.7,27.81,0
101,2023,38,837,13.09,658.4,27.6,0
101,2023,38,838,13.09,722,27.66,0
101,2023,38,839,13.09,730,27.72,0
101,2023,38,840,13.08,728,27.74,0
101,2023,38,841,13.08,738,27.7,0
101,2023,38,842,13.09,750,27.8,0
101,2023,38,843,13.09,755,27.82,0
101,2023,38,844,13.08,760,28.01,0
101,2023,38,845,13.08,505.3,28.03,0
101,2023,38,846,13.08,818,28.08,0
101,2023,38,847,13.08,825,28.08,0
101,2023,38,848,13.08,829,28.08,0
101,2023,38,849,13.08,764,28.24,0
101,2023,38,850,13.08,822,28.32,0
101,2023,38,851,13.07,695.4,28.19,0
101,2023,38,852,13.07,277.8,28.05,0
101,2023,38,853,13.07,215.9,27.86,0
101,2023,38,854,13.07,237.9,27.75,0
101,2023,38,855,13.07,642.8,27.66,0
101,2023,38,856,13.07,927,27.78,0
101,2023,38,857,13.07,934,28.07,0
101,2023,38,858,13.07,911,28.1,0
101,2023,38,859,13.07,883,28.26,0
101,2023,38,900,13.07,866,28.47,0
101,2023,38,901,13.07,855,28.38,0
101,2023,38,902,13.07,856,28.33,0
101,2023,38,903,13.07,865,28.31,0
101,2023,38,904,13.07,876,28.16,0
101,2023,38,905,13.07,896,28.14,0
101,2023,38,906,13.07,567.8,28.14,0
101,2023,38,907,13.06,866,28.13,0
101,2023,38,908,13.06,596.3,28.13,0
101,2023,38,909,13.06,583.3,28.15,0
101,2023,38,910,13.06,822,28.3,0
101,2023,38,911,13.06,885,28.38,0
101,2023,38,912,13.06,941,28.51,0
101,2023,38,913,13.06,943,28.63,0
101,2023,38,914,13.06,795,28.71,0
101,2023,38,915,13.06,440,28.57,0
101,2023,38,916,13.06,297.5,28.31,0
101,2023,38,917,13.06,506.8,28.05,0
101,2023,38,918,13.06,833,27.96,0
101,2023,38,919,13.06,704,28.04,0
101,2023,38,920,13.06,777,28.16,0
101,2023,38,921,13.06,369.4,28.3,0
101,2023,38,922,13.06,296.9,28.35,0
101,2023,38,923,13.06,227.5,28.12,0
101,2023,38,924,13.06,229.7,27.85,0
101,2023,38,925,13.06,238.8,27.72,0
101,2023,38,926,13.06,252.7,27.56,0
101,2023,38,927,13.07,280.6,27.5,0
101,2023,38,928,13.07,308.4,27.45,0
101,2023,38,929,13.07,293.1,27.43,0
101,2023,38,930,13.07,280.7,27.43,0
101,2023,38,931,13.07,310.3,27.46,0
101,2023,38,932,13.07,934,27.46,0
101,2023,38,933,13.08,937,27.61,0
101,2023,38,934,13.08,906,27.69,0
101,2023,38,935,13.08,948,27.82,0
101,2023,38,936,13.08,956,27.93,0
101,2023,38,937,13.08,954,28.01,0
101,2023,38,938,13.08,960,28.14,0
101,2023,38,939,13.08,974,28.46,0
101,2023,38,940,13.08,987,28.52,0
101,2023,38,941,13.08,988,28.47,0
101,2023,38,942,13.08,986,28.5,0
101,2023,38,943,13.08,998,28.66,0
101,2023,38,944,13.08,698.1,28.91,0
101,2023,38,945,13.08,776,28.84,0
101,2023,38,946,13.08,785,28.73,0
101,2023,38,947,13.09,510.5,28.53,0
101,2023,38,948,13.08,804,28.42,0
101,2023,38,949,13.08,997,28.5,0
101,2023,38,950,13.08,974,28.75,0
101,2023,38,951,13.09,617.7,28.86,0
101,2023,38,952,13.09,483.8,28.72,0
101,2023,38,953,13.08,434.1,28.56,0
101,2023,38,954,13.09,499.2,28.5,0
101,2023,38,955,13.08,794,28.5,0
101,2023,38,956,13.09,973,28.59,0
101,2023,38,957,13.08,929,28.45,0
101,2023,38,958,13.08,843,28.49,0
101,2023,38,959,13.08,1008,28.65,0
101,2023,38,1000,13.08,905,28.66,0
101,2023,38,1001,13.08,411.2,28.53,0
101,2023,38,1002,13.08,338.2,28.3,0
101,2023,38,1003,13.09,245.3,28.15,0
101,2023,38,1004,13.08,245,28.03,0
101,2023,38,1005,13.09,269.8,27.94,0
101,2023,38,1006,13.08,325.7,27.82,0
101,2023,38,1007,13.09,656.3,27.84,0
101,2023,38,1008,13.08,1032,27.95,0
101,2023,38,1009,13.09,1034,28.08,0
101,2023,38,1010,13.09,1009,28.02,0
101,2023,38,1011,13.09,963,28.23,0
101,2023,38,1012,13.09,1026,28.47,0
101,2023,38,1013,13.09,1062,28.48,0
101,2023,38,1014,13.09,1049,28.53,0
101,2023,38,1015,13.09,1049,28.81,0
101,2023,38,1016,13.09,1035,28.94,0
101,2023,38,1017,13.09,1028,29.2,0
101,2023,38,1018,13.09,1034,29.22,0
101,2023,38,1019,13.09,1031,29.32,0
101,2023,38,1020,13.09,1032,29.35,0
101,2023,38,1021,13.09,1035,29.22,0
101,2023,38,1022,13.09,1037,29.18,0
101,2023,38,1023,13.09,1029,29.09,0
101,2023,38,1024,13.09,1018,28.67,0
101,2023,38,1025,13.09,1017,28.64,0
101,2023,38,1026,13.08,1032,28.92,0
101,2023,38,1027,13.09,1054,29.09,0
101,2023,38,1028,13.08,1052,29.13,0
101,2023,38,1029,13.09,950,29.09,0
101,2023,38,1030,13.08,534.8,28.94,0
101,2023,38,1031,13.09,287.2,28.87,0
101,2023,38,1032,13.09,312.2,28.8,0
101,2023,38,1033,13.08,953,28.64,0
101,2023,38,1034,13.08,1173,28.79,0
101,2023,38,1035,13.09,719,29,0
101,2023,38,1036,13.09,417.1,28.86,0
101,2023,38,1037,13.09,707,28.84,0
101,2023,38,1038,13.08,1065,29.05,0
101,2023,38,1039,13.09,1000,29.17,0
101,2023,38,1040,13.09,1017,29.14,0
101,2023,38,1041,13.09,1068,28.94,0
101,2023,38,1042,13.08,1063,29.09,0
101,2023,38,1043,13.09,1056,29.06,0
101,2023,38,1044,13.09,1047,29.26,0
101,2023,38,1045,13.09,1037,29.18,0
101,2023,38,1046,13.09,1035,28.97,0
101,2023,38,1047,13.09,1056,29.22,0
101,2023,38,1048,13.09,929,29.31,0
101,2023,38,1049,13.09,1037,29.44,0
101,2023,38,1050,13.08,1045,29.62,0
101,2023,38,1051,13.09,1051,29.74,0
101,2023,38,1052,13.09,1048,29.72,0
101,2023,38,1053,13.09,1049,29.58,0
101,2023,38,1054,13.09,1047,29.73,0
101,2023,38,1055,13.09,1046,29.84,0
101,2023,38,1056,13.08,1045,29.89,0
101,2023,38,1057,13.09,1044,29.76,0
101,2023,38,1058,13.09,1034,29.58,0
101,2023,38,1059,13.09,1033,29.39,0
101,2023,38,1100,13.09,1039,29.45,0
101,2023,38,1101,13.09,1053,29.48,0
101,2023,38,1102,13.09,1071,29.57,0
101,2023,38,1103,13.08,773,29.5,0
101,2023,38,1104,13.09,1098,29.5,0
101,2023,38,1105,13.09,996,29.48,0
101,2023,38,1106,13.09,1056,29.47,0
101,2023,38,1107,13.09,1044,29.62,0
101,2023,38,1108,13.09,1030,29.65,0
101,2023,38,1109,13.09,1029,29.57,0
101,2023,38,1110,13.09,1034,29.48,0
101,2023,38,1111,13.09,1042,29.61,0
101,2023,38,1112,13.09,1048,29.73,0
101,2023,38,1113,13.09,1051,29.99,0
101,2023,38,1114,13.09,1057,30.3,0
101,2023,38,1115,13.09,1056,30.43,0
101,2023,38,1116,13.09,1052,30.3,0
101,2023,38,1117,13.09,1050,30,0
101,2023,38,1118,13.09,1052,29.96,0
101,2023,38,1119,13.09,1052,30.06,0
101,2023,38,1120,13.09,1059,30,0
101,2023,38,1121,13.09,1067,29.78,0
101,2023,38,1122,13.09,1077,29.72,0
101,2023,38,1123,13.09,1088,29.64,0
101,2023,38,1124,13.09,1064,29.56,0
101,2023,38,1125,13.09,1074,29.55,0
101,2023,38,1126,13.09,1070,29.6,0
101,2023,38,1127,13.09,1063,29.71,0
101,2023,38,1128,13.09,1053,29.79,0
101,2023,38,1129,13.09,1051,29.78,0
101,2023,38,1130,13.09,1051,29.83,0
101,2023,38,1131,13.09,1049,29.84,0
101,2023,38,1132,13.09,1047,29.69,0
101,2023,38,1133,13.09,1042,29.76,0
101,2023,38,1134,13.09,1060,29.63,0
101,2023,38,1135,13.09,1055,29.79,0
101,2023,38,1136,13.09,313.7,29.97,0
101,2023,38,1137,13.09,578.1,29.89,0
101,2023,38,1138,13.09,1070,29.78,0
101,2023,38,1139,13.09,1072,29.89,0
101,2023,38,1140,13.09,1068,29.9,0
101,2023,38,1141,13.09,1068,30.02,0
101,2023,38,1142,13.09,1079,30.06,0
101,2023,38,1143,13.09,1089,30.02,0
101,2023,38,1144,13.09,1110,30,0
101,2023,38,1145,13.09,1109,29.89,0
101,2023,38,1146,13.09,938,29.86,0
101,2023,38,1147,13.09,1113,29.87,0
101,2023,38,1148,13.09,1091,29.99,0
101,2023,38,1149,13.09,1086,30.08,0
101,2023,38,1150,13.09,1037,30.19,0
101,2023,38,1151,13.09,1005,30.21,0
101,2023,38,1152,13.09,1022,30.09,0
101,2023,38,1153,13.09,1032,29.99,0
101,2023,38,1154,13.09,995,29.91,0
101,2023,38,1155,13.09,1020,29.91,0
101,2023,38,1156,13.08,1032,30.08,0
101,2023,38,1157,13.08,1028,29.99,0
101,2023,38,1158,13.09,1015,29.99,0
101,2023,38,1159,13.09,995,29.95,0
101,2023,38,1200,13.09,1000,29.9,0
101,2023,38,1201,13.09,973,29.98,0
101,2023,38,1202,13.09,998,30.03,0
101,2023,38,1203,13.09,1034,29.8,0
101,2023,38,1204,13.09,1090,30.03,0
101,2023,38,1205,13.09,1093,30.33,0
101,2023,38,1206,13.09,1085,30.25,0
101,2023,38,1207,13.09,1069,30.06,0
101,2023,38,1208,13.09,1070,30.19,0
101,2023,38,1209,13.09,1060,30.32,0
101,2023,38,1210,13.09,1062,30.4,0
101,2023,38,1211,13.09,1072,30.17,0
101,2023,38,1212,13.09,461.9,29.99,0
101,2023,38,1213,13.08,279.9,30,0
101,2023,38,1214,13.09,292.8,29.9,0
101,2023,38,1215,13.09,363.6,29.51,0
101,2023,38,1216,13.09,588.8,29.33,0
101,2023,38,1217,13.09,599.6,29.24,0
101,2023,38,1218,13.09,1130,29.33,0
101,2023,38,1219,13.09,1133,29.51,0
101,2023,38,1220,13.09,1083,29.91,0
101,2023,38,1221,13.09,1088,30,0
101,2023,38,1222,13.09,885,29.9,0
101,2023,38,1223,13.09,1043,29.72,0
101,2023,38,1224,13.09,1040,29.76,0
101,2023,38,1225,13.09,1064,29.9,0
101,2023,38,1226,13.09,1093,30.13,0
101,2023,38,1227,13.09,1115,30.39,0
101,2023,38,1228,13.09,1123,30.26,0
101,2023,38,1229,13.09,1113,30.13,0
101,2023,38,1230,13.09,807,30.25,0
101,2023,38,1231,13.09,487,30.29,0
101,2023,38,1232,13.09,305.2,30.14,0
101,2023,38,1233,13.09,977,29.78,0
101,2023,38,1234,13.09,1100,29.81,0
101,2023,38,1235,13.09,1107,29.71,0
101,2023,38,1236,13.08,1106,29.94,0
101,2023,38,1237,13.09,1103,30.18,0
101,2023,38,1238,13.09,784,30.06,0
101,2023,38,1239,13.09,468.5,29.97,0
101,2023,38,1240,13.09,293.9,29.83,0
101,2023,38,1241,13.09,279.7,29.62,0
101,2023,38,1242,13.09,299.2,29.43,0
101,2023,38,1243,13.08,792,29.36,0
101,2023,38,1244,13.08,1096,29.46,0
101,2023,38,1245,13.09,1094,29.7,0
101,2023,38,1246,13.09,1092,29.71,0
101,2023,38,1247,13.09,1100,29.79,0
101,2023,38,1248,13.09,981,30.02,0
101,2023,38,1249,13.09,1001,30.16,0
101,2023,38,1250,13.08,887,30.11,0
101,2023,38,1251,13.09,308.4,29.95,0
101,2023,38,1252,13.08,287,29.91,0
101,2023,38,1253,13.09,287.2,29.58,0
101,2023,38,1254,13.08,623.7,29.45,0
101,2023,38,1255,13.09,1103,29.35,0
101,2023,38,1256,13.09,1095,29.46,0
101,2023,38,1257,13.08,1078,29.58,0
101,2023,38,1258,13.08,1070,29.61,0
101,2023,38,1259,13.09,1081,29.58,0
101,2023,38,1300,13.09,1048,29.64,0
101,2023,38,1301,13.09,924,29.72,0
101,2023,38,1302,13.09,432.2,29.97,0
101,2023,38,1303,13.09,973,29.75,0
101,2023,38,1304,13.08,1094,29.63,0
101,2023,38,1305,13.09,1110,29.66,0
101,2023,38,1306,13.09,863,29.87,0
101,2023,38,1307,13.09,730,29.84,0
101,2023,38,1308,13.08,396.7,29.93,0
101,2023,38,1309,13.08,430.6,29.72,0
101,2023,38,1310,13.09,694.2,29.46,0
101,2023,38,1311,13.09,915,29.54,0
101,2023,38,1312,13.08,857,29.62,0
101,2023,38,1313,13.08,559.4,29.39,0
101,2023,38,1314,13.09,436.1,29.21,0
101,2023,38,1315,13.09,746,29.24,0
101,2023,38,1316,13.08,571.1,29.26,0
101,2023,38,1317,13.09,356.4,29.25,0
101,2023,38,1318,13.08,339.7,29.18,0
101,2023,38,1319,13.08,495.3,29.1,0
101,2023,38,1320,13.09,543.8,29,0
101,2023,38,1321,13.09,281.2,29.02,0
101,2023,38,1322,13.08,246.7,29.07,0
101,2023,38,1323,13.09,236.9,28.99,0
101,2023,38,1324,13.08,247.7,28.93,0
101,2023,38,1325,13.09,274.1,28.79,0
101,2023,38,1326,13.09,309.4,28.81,0
101,2023,38,1327,13.08,342.7,28.83,0
101,2023,38,1328,13.09,344.7,28.73,0
101,2023,38,1329,13.09,344.9,28.7,0
101,2023,38,1330,13.09,345.3,28.66,0
101,2023,38,1331,13.09,345.2,28.67,0
101,2023,38,1332,13.09,387.2,28.7,0
101,2023,38,1333,13.09,436.1,28.69,0
101,2023,38,1334,13.09,392.8,28.73,0
101,2023,38,1335,13.09,378.1,28.69,0
101,2023,38,1336,13.09,359.6,28.68,0
101,2023,38,1337,13.09,320.3,28.68,0
101,2023,38,1338,13.09,320.1,28.57,0
101,2023,38,1339,13.09,318.5,28.52,0
101,2023,38,1340,13.09,310.9,28.6,0
101,2023,38,1341,13.09,349,28.51,0
101,2023,38,1342,13.09,534.8,28.53,0
101,2023,38,1343,13.09,821,28.59,0
101,2023,38,1344,13.09,936,28.71,0
101,2023,38,1345,13.1,962,28.82,0
101,2023,38,1346,13.1,965,28.95,0
101,2023,38,1347,13.09,969,29.01,0
101,2023,38,1348,13.1,970,29.1,0
101,2023,38,1349,13.09,963,29.13,0
101,2023,38,1350,13.1,957,29.27,0
101,2023,38,1351,13.1,952,29.3,0
101,2023,38,1352,13.1,943,29.19,0
101,2023,38,1353,13.1,935,29.49,0
101,2023,38,1354,13.1,928,29.88,0
101,2023,38,1355,13.1,920,30.09,0
101,2023,38,1356,13.1,913,30.01,0
101,2023,38,1357,13.09,908,30.09,0
101,2023,38,1358,13.09,903,29.92,0
101,2023,38,1359,13.09,897,29.92,0
101,2023,38,1400,13.09,890,29.92,0
101,2023,38,1401,13.09,881,29.68,0
101,2023,38,1402,13.09,866,29.52,0
101,2023,38,1403,13.09,854,29.32,0
101,2023,38,1404,13.09,848,29.42,0
101,2023,38,1405,13.09,846,29.69,0
101,2023,38,1406,13.09,844,29.7,0
101,2023,38,1407,13.09,837,29.73,0
101,2023,38,1408,13.09,831,29.65,0
101,2023,38,1409,13.09,825,29.62,0
101,2023,38,1410,13.09,819,29.74,0
101,2023,38,1411,13.09,814,29.66,0
101,2023,38,1412,13.09,809,29.67,0
101,2023,38,1413,13.09,804,29.71,0
101,2023,38,1414,13.09,798,29.77,0
101,2023,38,1415,13.09,793,29.6,0
101,2023,38,1416,13.09,789,29.69,0
101,2023,38,1417,13.09,784,29.7,0
101,2023,38,1418,13.09,779,29.63,0
101,2023,38,1419,13.09,775,29.9,0
101,2023,38,1420,13.09,773,29.91,0
101,2023,38,1421,13.09,769,29.69,0
101,2023,38,1422,13.09,765,29.58,0
101,2023,38,1423,13.09,762,29.55,0
101,2023,38,1424,13.09,758,29.51,0
101,2023,38,1425,13.09,754,29.43,0
101,2023,38,1426,13.09,750,29.37,0
101,2023,38,1427,13.09,746,29.39,0
101,2023,38,1428,13.09,742,29.32,0
101,2023,38,1429,13.09,736,29.32,0
101,2023,38,1430,13.09,729,29.44,0
101,2023,38,1431,13.09,724,29.45,0
101,2023,38,1432,13.09,724,29.36,0
101,2023,38,1433,13.09,723,29.28,0
101,2023,38,1434,13.09,727,29.22,0
101,2023,38,1435,13.09,729,29.49,0
101,2023,38,1436,13.1,723,29.41,0
101,2023,38,1437,13.1,710,29.39,0
101,2023,38,1438,13.09,701,29.44,0
101,2023,38,1439,13.1,641.7,29.49,0
101,2023,38,1440,13.09,687.2,29.37,0
101,2023,38,1441,13.09,688.4,29.25,0
101,2023,38,1442,13.09,685.7,29.31,0
101,2023,38,1443,13.1,684.1,29.31,0
101,2023,38,1444,13.09,681.6,29.28,0
101,2023,38,1445,13.1,677,29.11,0
101,2023,38,1446,13.1,671,29.14,0
101,2023,38,1447,13.1,667.7,29.12,0
101,2023,38,1448,13.1,666.1,29.1,0
101,2023,38,1449,13.1,663.1,29.19,0
101,2023,38,1450,13.1,659.4,29.21,0
101,2023,38,1451,13.1,657.7,29.13,0
101,2023,38,1452,13.1,654.8,29.16,0
101,2023,38,1453,13.1,651.5,29.13,0
101,2023,38,1454,13.1,648.1,29.11,0
101,2023,38,1455,13.1,644.4,29.08,0
101,2023,38,1456,13.1,646.2,29.02,0
101,2023,38,1457,13.1,655.1,29.08,0
101,2023,38,1458,13.1,364.6,29.11,0
101,2023,38,1459,13.1,404.3,28.9,0
101,2023,38,1500,13.1,640,28.78,0
101,2023,38,1501,13.1,645.3,28.83,0
101,2023,38,1502,13.1,649.9,28.87,0
101,2023,38,1503,13.1,357.9,28.92,0
101,2023,38,1504,13.1,574.3,28.8,0
101,2023,38,1505,13.1,643.4,28.88,0
101,2023,38,1506,13.1,302.9,28.87,0
101,2023,38,1507,13.1,247.2,28.75,0
101,2023,38,1508,13.1,499.7,28.68,0
101,2023,38,1509,13.1,234.1,28.56,0
101,2023,38,1510,13.1,207.8,28.44,0
101,2023,38,1511,13.1,581.2,28.42,0
101,2023,38,1512,13.1,614.7,28.45,0
101,2023,38,1513,13.1,619,28.53,0
101,2023,38,1514,13.1,597.3,28.58,0
101,2023,38,1515,13.1,187.1,28.56,0
101,2023,38,1516,13.1,219.6,28.41,0
101,2023,38,1517,13.1,510.4,28.29,0
101,2023,38,1518,13.1,586.8,28.31,0
101,2023,38,1519,13.11,584.5,28.46,0
101,2023,38,1520,13.1,581.6,28.59,0
101,2023,38,1521,13.1,500.3,28.79,0
101,2023,38,1522,13.1,409.8,28.84,0
101,2023,38,1523,13.1,409,28.79,0
101,2023,38,1524,13.1,372.4,28.73,0
101,2023,38,1525,13.1,559,28.47,0
101,2023,38,1526,13.1,552.2,28.34,0
101,2023,38,1527,13.11,546.3,28.33,0
101,2023,38,1528,13.11,546.6,28.37,0
101,2023,38,1529,13.1,543.3,28.44,0
101,2023,38,1530,13.11,537.8,28.51,0
101,2023,38,1531,13.11,534,28.45,0
101,2023,38,1532,13.11,528.4,28.56,0
101,2023,38,1533,13.1,526.4,28.7,0
101,2023,38,1534,13.1,530.4,28.67,0
101,2023,38,1535,13.11,532.6,28.74,0
101,2023,38,1536,13.1,535.5,28.69,0
101,2023,38,1537,13.11,535.8,28.77,0
101,2023,38,1538,13.1,531.7,28.85,0
101,2023,38,1539,13.1,528.2,28.9,0
101,2023,38,1540,13.11,520,28.93,0
101,2023,38,1541,13.11,507.8,28.98,0
101,2023,38,1542,13.1,504.8,28.96,0
101,2023,38,1543,13.1,508.3,28.63,0
101,2023,38,1544,13.1,486.6,28.52,0
101,2023,38,1545,13.11,461.4,28.53,0
101,2023,38,1546,13.11,430.3,28.67,0
101,2023,38,1547,13.11,400.4,28.51,0
101,2023,38,1548,13.1,374.7,28.33,0
101,2023,38,1549,13.1,349.7,28.4,0
101,2023,38,1550,13.1,335.6,28.5,0
101,2023,38,1551,13.11,320.1,28.39,0
101,2023,38,1552,13.1,294.1,28.37,0
101,2023,38,1553,13.11,311.8,28.35,0
101,2023,38,1554,13.11,316.7,28.27,0
101,2023,38,1555,13.11,269.4,28.23,0
101,2023,38,1556,13.1,288.7,28.09,0
101,2023,38,1557,13.11,262.6,28.11,0
101,2023,38,1558,13.11,268.7,28.08,0
101,2023,38,1559,13.11,292.8,28.1,0
101,2023,38,1600,13.11,319.6,28.1,0
101,2023,38,1601,13.11,304.6,28.05,0
101,2023,38,1602,13.11,304.3,28,0
101,2023,38,1603,13.11,297.3,28.06,0
101,2023,38,1604,13.11,254.9,27.98,0
101,2023,38,1605,13.11,241.7,27.99,0
101,2023,38,1606,13.11,227,27.94,0
101,2023,38,1607,13.11,212.7,27.89,0
101,2023,38,1608,13.11,194.1,27.87,0
101,2023,38,1609,13.11,187.4,27.87,0
101,2023,38,1610,13.11,187,27.83,0
101,2023,38,1611,13.11,178.9,27.8,0
101,2023,38,1612,13.11,164.2,27.8,0
101,2023,38,1613,13.11,154.5,27.8,0
101,2023,38,1614,13.11,177,27.73,0
101,2023,38,1615,13.11,219.8,27.68,0
101,2023,38,1616,13.11,228.4,27.64,0
101,2023,38,1617,13.11,218.3,27.64,0
101,2023,38,1618,13.11,206.8,27.61,0
101,2023,38,1619,13.11,206.6,27.56,0
101,2023,38,1620,13.11,202.2,27.53,0
101,2023,38,1621,13.11,194.5,27.48,0
101,2023,38,1622,13.11,173,27.45,0
101,2023,38,1623,13.11,159.6,27.42,0
101,2023,38,1624,13.11,145.5,27.38,0
101,2023,38,1625,13.11,135.7,27.38,0
101,2023,38,1626,13.12,138.2,27.35,0
101,2023,38,1627,13.12,149.2,27.29,0
101,2023,38,1628,13.12,156.8,27.27,0
101,2023,38,1629,13.12,158,27.28,0
101,2023,38,1630,13.12,163.8,27.27,0
101,2023,38,1631,13.12,173.6,27.29,0
101,2023,38,1632,13.12,172.3,27.25,0
101,2023,38,1633,13.12,154.5,27.22,0
101,2023,38,1634,13.12,137.6,27.22,0
101,2023,38,1635,13.12,127.4,27.23,0
101,2023,38,1636,13.12,139.1,27.19,0
101,2023,38,1637,13.12,157.9,27.18,0
101,2023,38,1638,13.12,160.8,27.16,0
101,2023,38,1639,13.12,111,27.11,0
101,2023,38,1640,13.12,92.3,27.07,0
101,2023,38,1641,13.12,92.1,27.04,0
101,2023,38,1642,13.12,94.9,27,0
101,2023,38,1643,13.12,126.2,26.96,0
101,2023,38,1644,13.12,200.1,26.93,0
101,2023,38,1645,13.12,169.1,26.91,0
101,2023,38,1646,13.12,164.5,26.91,0
101,2023,38,1647,13.12,136,26.91,0
101,2023,38,1648,13.12,88.1,26.88,0
101,2023,38,1649,13.12,83.1,26.84,0
101,2023,38,1650,13.12,81.4,26.8,0
101,2023,38,1651,13.12,81.6,26.79,0
101,2023,38,1652,13.12,87.8,26.75,0
101,2023,38,1653,13.13,150.8,26.73,0
101,2023,38,1654,13.12,139.1,26.75,0
101,2023,38,1655,13.13,115.6,26.75,0
101,2023,38,1656,13.12,117.8,26.78,0
101,2023,38,1657,13.13,127.6,26.76,0
101,2023,38,1658,13.13,149.5,26.75,0
101,2023,38,1659,13.13,160,26.72,0
101,2023,38,1700,13.13,162,26.74,0
101,2023,38,1701,13.13,166.4,26.78,0
101,2023,38,1702,13.13,155.2,26.76,0
101,2023,38,1703,13.13,127.7,26.73,0
101,2023,38,1704,13.13,101.6,26.76,0
101,2023,38,1705,13.13,79.3,26.74,0
101,2023,38,1706,13.12,69.04,26.71,0
101,2023,38,1707,13.13,65.38,26.71,0
101,2023,38,1708,13.13,64.73,26.65,0
101,2023,38,1709,13.13,64.93,26.63,0
101,2023,38,1710,13.13,64.68,26.58,0
101,2023,38,1711,13.13,62.48,26.53,0
101,2023,38,1712,13.13,58.5,26.53,0
101,2023,38,1713,13.12,55.21,26.52,0
101,2023,38,1714,13.12,53.57,26.48,0
101,2023,38,1715,13.12,51.71,26.46,0
101,2023,38,1716,13.11,49.04,26.44,0
101,2023,38,1717,13.11,46.64,26.4,0
101,2023,38,1718,13.1,45.01,26.36,0
101,2023,38,1719,13.1,43.77,26.33,0
101,2023,38,1720,13.09,43.29,26.31,0
101,2023,38,1721,13.09,46.1,26.3,0
101,2023,38,1722,13.08,46.87,26.27,0
101,2023,38,1723,13.08,39.79,26.24,0
101,2023,38,1724,13.07,38.27,26.23,0
101,2023,38,1725,13.06,35.73,26.19,0
101,2023,38,1726,13.06,33.7,26.13,0
101,2023,38,1727,13.05,31.76,26.12,0
101,2023,38,1728,13.04,29.9,26.1,0
101,2023,38,1729,13.03,28.52,26.08,0
101,2023,38,1730,13.03,27.19,26.04,0
101,2023,38,1731,13.02,26.01,26.02,0
101,2023,38,1732,13.01,24.69,25.99,0
101,2023,38,1733,13.01,23.36,25.96,0
101,2023,38,1734,13,22.09,25.94,0
101,2023,38,1735,12.99,20.77,25.91,0
101,2023,38,1736,12.99,19.53,25.89,0
101,2023,38,1737,12.98,18.32,25.86,0
101,2023,38,1738,12.98,17.08,25.82,0
101,2023,38,1739,12.97,15.87,25.79,0
101,2023,38,1740,12.97,14.68,25.75,0
101,2023,38,1741,12.96,13.56,25.72,0
101,2023,38,1742,12.96,12.46,25.7,0
101,2023,38,1743,12.95,11.22,25.67,0
101,2023,38,1744,12.95,9.95,25.63,0
101,2023,38,1745,12.94,8.85,25.6,0
101,2023,38,1746,12.94,7.72,25.57,0
101,2023,38,1747,12.94,6.567,25.54,0
101,2023,38,1748,12.93,5.749,25.51,0
101,2023,38,1749,12.93,4.932,25.48,0
101,2023,38,1750,12.92,4.143,25.47,0
101,2023,38,1751,12.92,3.889,25.46,0
101,2023,38,1752,12.92,3.692,25.44,0
101,2023,38,1753,12.91,3.157,25.4,0
101,2023,38,1754,12.91,3.044,25.38,0
101,2023,38,1755,12.91,2.593,25.35,0
101,2023,38,1756,12.9,2.367,25.34,0
101,2023,38,1757,12.9,2.114,25.33,0
101,2023,38,1758,12.9,1.719,25.32,0
101,2023,38,1759,12.89,1.691,25.31,0
101,2023,38,1800,12.89,1.437,25.29,0
101,2023,38,1801,12.89,1.127,25.28,0
101,2023,38,1802,12.88,1.015,25.27,0
101,2023,38,1803,12.88,1.015,25.25,0
101,2023,38,1804,12.88,.93,25.24,0
101,2023,38,1805,12.88,.507,25.23,0
101,2023,38,1806,12.87,.338,25.22,0
101,2023,38,1807,12.87,.338,25.19,0
101,2023,38,1808,12.87,.338,25.18,0
101,2023,38,1809,12.86,.338,25.16,0
101,2023,38,1810,12.86,.338,25.13,0
101,2023,38,1811,12.86,.254,25.11,0
101,2023,38,1812,12.86,.254,25.11,0
101,2023,38,1813,12.86,.028,25.09,0
101,2023,38,1814,12.86,.056,25.07,0
101,2023,38,1815,12.85,0,25.05,0
101,2023,38,1816,12.85,.056,25.03,0
101,2023,38,1817,12.85,.197,25.01,0
101,2023,38,1818,12.84,.141,24.99,0
101,2023,38,1819,12.84,.338,24.95,0
101,2023,38,1820,12.84,.225,24.93,0
101,2023,38,1821,12.84,.197,24.93,0
101,2023,38,1822,12.84,.056,24.92,0
101,2023,38,1823,12.84,.056,24.92,0
101,2023,38,1824,12.84,0,24.91,0
101,2023,38,1825,12.83,.028,24.9,0
101,2023,38,1826,12.83,.056,24.88,0
101,2023,38,1827,12.83,.028,24.87,0
101,2023,38,1828,12.83,.197,24.82,0
101,2023,38,1829,12.83,.085,24.8,0
101,2023,38,1830,12.83,.028,24.79,0
101,2023,38,1831,12.82,.028,24.77,0
101,2023,38,1832,12.82,0,24.78,0
101,2023,38,1833,12.82,0,24.78,0
101,2023,38,1834,12.82,0,24.76,0
101,2023,38,1835,12.82,0,24.75,0
101,2023,38,1836,12.82,0,24.75,0
101,2023,38,1837,12.82,0,24.74,0
101,2023,38,1838,12.81,0,24.72,0
101,2023,38,1839,12.81,0,24.7,0
101,2023,38,1840,12.81,0,24.7,0
101,2023,38,1841,12.81,0,24.69,0
101,2023,38,1842,12.81,.028,24.67,0
101,2023,38,1843,12.81,0,24.65,0
101,2023,38,1844,12.81,0,24.65,0
101,2023,38,1845,12.81,0,24.63,0
101,2023,38,1846,12.8,0,24.62,0
101,2023,38,1847,12.8,0,24.59,0
101,2023,38,1848,12.81,0,24.59,0
101,2023,38,1849,12.8,0,24.58,0
101,2023,38,1850,12.8,0,24.57,0
101,2023,38,1851,12.8,0,24.57,0
101,2023,38,1852,12.8,0,24.56,0
101,2023,38,1853,12.8,0,24.54,0
101,2023,38,1854,12.8,0,24.53,0
101,2023,38,1855,12.79,0,24.51,0
101,2023,38,1856,12.8,0,24.49,0
101,2023,38,1857,12.79,0,24.47,0
101,2023,38,1858,12.79,0,24.46,0
101,2023,38,1859,12.79,0,24.45,0
101,2023,38,1900,12.79,0,24.44,0
101,2023,38,1901,12.79,0,24.43,0
101,2023,38,1902,12.79,0,24.41,0
101,2023,38,1903,12.79,0,24.42,0
101,2023,38,1904,12.79,0,24.41,0
101,2023,38,1905,12.79,0,24.38,0
101,2023,38,1906,12.79,0,24.36,0
101,2023,38,1907,12.79,0,24.33,0
101,2023,38,1908,12.78,0,24.31,0
101,2023,38,1909,12.79,0,24.3,0
101,2023,38,1910,12.78,0,24.29,0
101,2023,38,1911,12.78,0,24.27,0
101,2023,38,1912,12.78,0,24.26,0
101,2023,38,1913,12.78,0,24.24,0
101,2023,38,1914,12.78,0,24.23,0
101,2023,38,1915,12.78,0,24.2,0
101,2023,38,1916,12.78,0,24.2,0
101,2023,38,1917,12.78,0,24.18,0
101,2023,38,1918,12.78,0,24.18,0
101,2023,38,1919,12.78,0,24.16,0
101,2023,38,1920,12.78,0,24.16,0
101,2023,38,1921,12.77,0,24.16,0
101,2023,38,1922,12.77,0,24.14,0
101,2023,38,1923,12.77,0,24.12,0
101,2023,38,1924,12.77,0,24.09,0
101,2023,38,1925,12.77,0,24.07,0
101,2023,38,1926,12.77,0,24.05,0
101,2023,38,1927,12.77,0,24.04,0
101,2023,38,1928,12.77,0,24.02,0
101,2023,38,1929,12.77,0,24,0
101,2023,38,1930,12.77,0,23.98,0
101,2023,38,1931,12.77,0,23.96,0
101,2023,38,1932,12.77,.028,23.94,0
101,2023,38,1933,12.77,0,23.92,0
101,2023,38,1934,12.77,0,23.91,0
101,2023,38,1935,12.77,0,23.89,0
101,2023,38,1936,12.77,0,23.88,0
101,2023,38,1937,12.77,0,23.87,0
101,2023,38,1938,12.77,0,23.85,0
101,2023,38,1939,12.77,0,23.83,0
101,2023,38,1940,12.77,0,23.81,0
101,2023,38,1941,12.77,0,23.8,0
101,2023,38,1942,12.76,0,23.79,0
101,2023,38,1943,12.76,0,23.77,0
101,2023,38,1944,12.76,0,23.74,0
101,2023,38,1945,12.76,0,23.7,0
101,2023,38,1946,12.76,0,23.65,0
101,2023,38,1947,12.76,0,23.62,0
101,2023,38,1948,12.76,0,23.57,0
101,2023,38,1949,12.76,0,23.55,0
101,2023,38,1950,12.76,0,23.5,0
101,2023,38,1951,12.76,0,23.47,0
101,2023,38,1952,12.75,0,23.47,0
101,2023,38,1953,12.76,0,23.47,0
101,2023,38,1954,12.76,0,23.45,0
101,2023,38,1955,12.75,0,23.42,0
101,2023,38,1956,12.75,0,23.4,0
101,2023,38,1957,12.75,0,23.37,0
101,2023,38,1958,12.75,0,23.32,0
101,2023,38,1959,12.75,.028,23.27,0
101,2023,38,2000,12.75,0,23.24,0
101,2023,38,2001,12.75,0,23.21,0
101,2023,38,2002,12.75,0,23.2,0
101,2023,38,2003,12.75,0,23.16,0
101,2023,38,2004,12.75,0,23.14,0
101,2023,38,2005,12.75,0,23.13,0
101,2023,38,2006,12.75,.028,23.1,0
101,2023,38,2007,12.75,.028,23.09,0
101,2023,38,2008,12.75,0,23.08,0
101,2023,38,2009,12.75,0,23.07,0
101,2023,38,2010,12.75,0,23.05,0
101,2023,38,2011,12.75,0,23.03,0
101,2023,38,2012,12.75,0,22.99,0
101,2023,38,2013,12.75,0,22.96,0
101,2023,38,2014,12.75,0,22.93,0
101,2023,38,2015,12.75,0,22.91,0
101,2023,38,2016,12.75,0,22.88,0
101,2023,38,2017,12.74,0,22.85,0
101,2023,38,2018,12.74,0,22.83,0
101,2023,38,2019,12.74,0,22.8,0
101,2023,38,2020,12.74,0,22.79,0
101,2023,38,2021,12.74,0,22.78,0
101,2023,38,2022,12.74,0,22.77,0
101,2023,38,2023,12.74,0,22.76,0
101,2023,38,2024,12.74,0,22.75,0
101,2023,38,2025,12.74,0,22.73,0
101,2023,38,2026,12.74,0,22.72,0
101,2023,38,2027,12.74,0,22.73,0
101,2023,38,2028,12.74,0,22.73,0
101,2023,38,2029,12.73,0,22.73,0
101,2023,38,2030,12.73,0,22.72,0
101,2023,38,2031,12.74,0,22.72,0
101,2023,38,2032,12.73,0,22.71,0
101,2023,38,2033,12.73,0,22.7,0
101,2023,38,2034,12.73,0,22.69,0
101,2023,38,2035,12.73,0,22.67,0
101,2023,38,2036,12.73,0,22.67,0
101,2023,38,2037,12.73,0,22.66,0
101,2023,38,2038,12.73,0,22.66,0
101,2023,38,2039,12.73,0,22.65,0
101,2023,38,2040,12.73,0,22.64,0
101,2023,38,2041,12.73,0,22.63,0
101,2023,38,2042,12.73,0,22.62,0
101,2023,38,2043,12.73,0,22.64,0
101,2023,38,2044,12.73,0,22.64,0
101,2023,38,2045,12.73,0,22.62,0
101,2023,38,2046,12.73,0,22.6,0
101,2023,38,2047,12.73,0,22.58,0
101,2023,38,2048,12.73,0,22.59,0
101,2023,38,2049,12.73,0,22.6,0
101,2023,38,2050,12.73,0,22.6,0
101,2023,38,2051,12.73,0,22.6,0
101,2023,38,2052,12.73,0,22.6,0
101,2023,38,2053,12.73,0,22.59,0
101,2023,38,2054,12.73,0,22.58,0
101,2023,38,2055,12.73,0,22.58,0
101,2023,38,2056,12.73,0,22.58,0
101,2023,38,2057,12.73,0,22.58,0
101,2023,38,2058,12.73,0,22.58,0
101,2023,38,2059,12.72,0,22.59,0
101,2023,38,2100,12.72,0,22.57,0
101,2023,38,2101,12.72,0,22.57,0
101,2023,38,2102,12.72,0,22.54,0
101,2023,38,2103,12.72,0,22.54,0
101,2023,38,2104,12.72,0,22.53,0
101,2023,38,2105,12.72,0,22.54,0
101,2023,38,2106,12.72,0,22.55,0
101,2023,38,2107,12.72,0,22.57,0
101,2023,38,2108,12.72,0,22.58,0
101,2023,38,2109,12.72,0,22.57,0
101,2023,38,2110,12.72,0,22.57,0
101,2023,38,2111,12.72,0,22.57,0
101,2023,38,2112,12.72,0,22.56,0
101,2023,38,2113,12.72,0,22.57,0
101,2023,38,2114,12.72,0,22.58,0
101,2023,38,2115,12.72,0,22.56,0
101,2023,38,2116,12.72,0,22.55,0
101,2023,38,2117,12.72,0,22.53,0
101,2023,38,2118,12.72,0,22.52,0
101,2023,38,2119,12.72,0,22.56,0
101,2023,38,2120,12.72,0,22.58,0
101,2023,38,2121,12.72,0,22.59,0
101,2023,38,2122,12.72,0,22.58,0
101,2023,38,2123,12.71,0,22.56,0
101,2023,38,2124,12.72,0,22.53,0
101,2023,38,2125,12.72,0,22.5,0
101,2023,38,2126,12.71,0,22.5,0
101,2023,38,2127,12.71,0,22.51,0
101,2023,38,2128,12.71,0,22.52,0
101,2023,38,2129,12.71,0,22.52,0
101,2023,38,2130,12.71,0,22.52,0
101,2023,38,2131,12.71,0,22.51,0
101,2023,38,2132,12.71,0,22.49,0
101,2023,38,2133,12.71,0,22.48,0
101,2023,38,2134,12.71,0,22.45,0
101,2023,38,2135,12.71,0,22.42,0
101,2023,38,2136,12.71,0,22.43,0
101,2023,38,2137,12.71,0,22.41,0
101,2023,38,2138,12.71,0,22.39,0
101,2023,38,2139,12.71,0,22.36,0
101,2023,38,2140,12.71,0,22.34,0
101,2023,38,2141,12.71,0,22.33,0
101,2023,38,2142,12.71,0,22.34,0
101,2023,38,2143,12.71,0,22.35,0
101,2023,38,2144,12.71,0,22.34,0
101,2023,38,2145,12.71,0,22.31,0
101,2023,38,2146,12.71,0,22.3,0
101,2023,38,2147,12.71,0,22.3,0
101,2023,38,2148,12.71,0,22.3,0
101,2023,38,2149,12.71,0,22.29,0
101,2023,38,2150,12.71,0,22.28,0
101,2023,38,2151,12.71,0,22.25,0
101,2023,38,2152,12.71,0,22.24,0
101,2023,38,2153,12.71,0,22.21,0
101,2023,38,2154,12.71,0,22.23,0
101,2023,38,2155,12.71,0,22.22,0
101,2023,38,2156,12.71,0,22.21,0
101,2023,38,2157,12.71,0,22.19,0
101,2023,38,2158,12.71,0,22.18,0
101,2023,38,2159,12.71,0,22.21,0
101,2023,38,2200,12.71,0,22.2,0
101,2023,38,2201,12.7,0,22.19,0
101,2023,38,2202,12.7,0,22.21,0
101,2023,38,2203,12.7,0,22.27,0
101,2023,38,2204,12.7,.028,22.27,0
101,2023,38,2205,12.7,0,22.27,0
101,2023,38,2206,12.7,0,22.23,0
101,2023,38,2207,12.7,0,22.19,0
101,2023,38,2208,12.7,0,22.19,0
101,2023,38,2209,12.7,0,22.16,0
101,2023,38,2210,12.7,0,22.14,0
101,2023,38,2211,12.7,0,22.11,0
101,2023,38,2212,12.7,0,22.16,0
101,2023,38,2213,12.7,0,22.2,0
101,2023,38,2214,12.7,0,22.2,0
101,2023,38,2215,12.7,0,22.18,0
101,2023,38,2216,12.7,0,22.17,0
101,2023,38,2217,12.7,0,22.16,0
101,2023,38,2218,12.7,0,22.14,0
101,2023,38,2219,12.7,0,22.14,0
101,2023,38,2220,12.7,0,22.13,0
101,2023,38,2221,12.7,0,22.1,0
101,2023,38,2222,12.7,0,22.1,0
101,2023,38,2223,12.7,0,22.11,0
101,2023,38,2224,12.7,0,22.13,0
101,2023,38,2225,12.7,0,22.13,0
101,2023,38,2226,12.7,0,22.13,0
101,2023,38,2227,12.7,0,22.11,0
101,2023,38,2228,12.7,0,22.15,0
101,2023,38,2229,12.7,0,22.16,0
101,2023,38,2230,12.7,0,22.22,0
101,2023,38,2231,12.7,0,22.25,0
101,2023,38,2232,12.7,0,22.24,0
101,2023,38,2233,12.7,0,22.21,0
101,2023,38,2234,12.7,0,22.2,0
101,2023,38,2235,12.7,0,22.19,0
101,2023,38,2236,12.7,0,22.13,0
101,2023,38,2237,12.7,0,22.09,0
101,2023,38,2238,12.7,0,22.07,0
101,2023,38,2239,12.7,0,22.08,0
101,2023,38,2240,12.7,0,22,0
101,2023,38,2241,12.7,0,21.99,0
101,2023,38,2242,12.7,0,22.06,0
101,2023,38,2243,12.7,0,22.08,0
101,2023,38,2244,12.7,0,22.05,0
101,2023,38,2245,12.7,0,22.03,0
101,2023,38,2246,12.7,0,22,0
101,2023,38,2247,12.7,0,21.99,0
101,2023,38,2248,12.7,0,21.99,0
101,2023,38,2249,12.7,0,21.96,0
101,2023,38,2250,12.7,0,21.93,0
101,2023,38,2251,12.7,0,21.9,0
101,2023,38,2252,12.7,0,21.87,0
101,2023,38,2253,12.7,0,21.85,0
101,2023,38,2254,12.7,0,21.83,0
101,2023,38,2255,12.7,0,21.81,0
101,2023,38,2256,12.7,0,21.8,0
101,2023,38,2257,12.7,0,21.78,0
101,2023,38,2258,12.7,0,21.76,0
101,2023,38,2259,12.7,0,21.74,0
101,2023,38,2300,12.69,0,21.73,0
101,2023,38,2301,12.69,0,21.73,0
101,2023,38,2302,12.7,0,21.73,0
101,2023,38,2303,12.69,0,21.73,0
101,2023,38,2304,12.69,0,21.73,0
101,2023,38,2305,12.69,0,21.7,0
101,2023,38,2306,12.69,0,21.68,0
101,2023,38,2307,12.69,0,21.65,0
101,2023,38,2308,12.69,0,21.63,0
101,2023,38,2309,12.69,0,21.62,0
101,2023,38,2310,12.69,0,21.59,0
101,2023,38,2311,12.69,0,21.56,0
101,2023,38,2312,12.69,0,21.57,0
101,2023,38,2313,12.69,0,21.48,0
101,2023,38,2314,12.69,0,21.42,0
101,2023,38,2315,12.69,0,21.43,0
101,2023,38,2316,12.69,0,21.42,0
101,2023,38,2317,12.69,0,21.39,0
101,2023,38,2318,12.69,0,21.46,0
101,2023,38,2319,12.69,0,21.51,0
101,2023,38,2320,12.69,0,21.59,0
101,2023,38,2321,12.69,0,21.6,0
101,2023,38,2322,12.69,0,21.61,0
101,2023,38,2323,12.69,0,21.59,0
101,2023,38,2324,12.69,0,21.6,0
101,2023,38,2325,12.69,0,21.63,0
101,2023,38,2326,12.69,0,21.64,0
101,2023,38,2327,12.69,0,21.68,0
101,2023,38,2328,12.69,0,21.69,0
101,2023,38,2329,12.69,0,21.72,0
101,2023,38,2330,12.69,0,21.73,0
101,2023,38,2331,12.69,0,21.7,0
101,2023,38,2332,12.69,0,21.71,0
101,2023,38,2333,12.69,0,21.7,0
101,2023,38,2334,12.69,0,21.66,0
101,2023,38,2335,12.69,0,21.62,0
101,2023,38,2336,12.69,0,21.61,0
101,2023,38,2337,12.69,0,21.59,0
101,2023,38,2338,12.69,0,21.57,0
101,2023,38,2339,12.68,0,21.54,0
101,2023,38,2340,12.68,0,21.52,0
101,2023,38,2341,12.68,0,21.51,0
101,2023,38,2342,12.68,0,21.49,0
101,2023,38,2343,12.68,0,21.52,0
101,2023,38,2344,12.68,0,21.52,0
101,2023,38,2345,12.68,0,21.52,0
101,2023,38,2346,12.68,0,21.52,0
101,2023,38,2347,12.68,0,21.49,0
101,2023,38,2348,12.68,0,21.47,0
101,2023,38,2349,12.68,0,21.47,0
101,2023,38,2350,12.68,0,21.48,0
101,2023,38,2351,12.68,0,21.5,0
101,2023,38,2352,12.68,0,21.52,0
101,2023,38,2353,12.68,0,21.53,0
101,2023,38,2354,12.68,0,21.54,0
101,2023,38,2355,12.68,0,21.6,0
101,2023,38,2356,12.68,0,21.62,0
101,2023,38,2357,12.68,0,21.61,0
101,2023,38,2358,12.68,0,21.62,0
101,2023,38,2359,12.68,0,21.66,0
