a,b,dia_juliano,d,e,f,g,h
101,2023,96,2400.0,12.59,0.0,22.66,0.0
101,2023,96,1.0,12.59,0.0,22.64,0.0
101,2023,96,2.0,12.59,0.0,22.63,0.0
101,2023,96,3.0,12.59,0.0,22.62,0.0
101,2023,96,4.0,12.59,0.0,22.65,0.0
101,2023,96,5.0,12.59,0.0,22.68,0.0
101,2023,96,6.0,12.59,0.0,22.69,0.0
101,2023,96,7.0,12.59,0.0,22.69,0.0
101,2023,96,8.0,12.59,0.0,22.68,0.0
101,2023,96,9.0,12.59,0.0,22.67,0.0
101,2023,96,10.0,12.59,0.0,22.64,0.0
101,2023,96,11.0,12.59,0.0,22.62,0.0
101,2023,96,12.0,12.59,0.0,22.62,0.0
101,2023,96,13.0,12.59,0.0,22.63,0.0
101,2023,96,14.0,12.59,0.0,22.61,0.0
101,2023,96,15.0,12.58,0.0,22.59,0.0
101,2023,96,16.0,12.59,0.0,22.58,0.0
101,2023,96,17.0,12.59,0.0,22.57,0.0
101,2023,96,18.0,12.59,0.0,22.56,0.0
101,2023,96,19.0,12.59,0.0,22.54,0.0
101,2023,96,20.0,12.59,0.0,22.53,0.0
101,2023,96,21.0,12.58,0.0,22.51,0.0
101,2023,96,22.0,12.58,0.0,22.5,0.0
101,2023,96,23.0,12.58,0.0,22.48,0.0
101,2023,96,24.0,12.58,0.0,22.47,0.0
101,2023,96,25.0,12.58,0.0,22.45,0.0
101,2023,96,26.0,12.58,0.0,22.45,0.0
101,2023,96,27.0,12.58,0.0,22.44,0.0
101,2023,96,28.0,12.58,0.0,22.42,0.0
101,2023,96,29.0,12.58,0.0,22.42,0.0
101,2023,96,30.0,12.58,0.0,22.42,0.0
101,2023,96,31.0,12.58,0.0,22.4,0.0
101,2023,96,32.0,12.58,0.0,22.4,0.0
101,2023,96,33.0,12.58,0.0,22.4,0.0
101,2023,96,34.0,12.58,0.0,22.41,0.0
101,2023,96,35.0,12.58,0.0,22.41,0.0
101,2023,96,36.0,12.58,0.0,22.41,0.0
101,2023,96,37.0,12.58,0.0,22.42,0.0
101,2023,96,38.0,12.57,0.0,22.47,0.0
101,2023,96,39.0,12.58,0.0,22.52,0.0
101,2023,96,40.0,12.58,0.0,22.53,0.0
101,2023,96,41.0,12.57,0.0,22.51,0.0
101,2023,96,42.0,12.58,0.0,22.51,0.0
101,2023,96,43.0,12.57,0.0,22.53,0.0
101,2023,96,44.0,12.58,0.0,22.56,0.0
101,2023,96,45.0,12.57,0.0,22.57,0.0
101,2023,96,46.0,12.57,0.0,22.59,0.0
101,2023,96,47.0,12.57,0.0,22.59,0.0
101,2023,96,48.0,12.57,0.0,22.61,0.0
101,2023,96,49.0,12.57,0.0,22.62,0.0
101,2023,96,50.0,12.57,0.0,22.62,0.0
101,2023,96,51.0,12.57,0.0,22.61,0.0
101,2023,96,52.0,12.57,0.0,22.62,0.0
101,2023,96,53.0,12.57,0.0,22.66,0.0
101,2023,96,54.0,12.57,0.0,22.68,0.0
101,2023,96,55.0,12.57,0.0,22.68,0.0
101,2023,96,56.0,12.57,0.0,22.67,0.0
101,2023,96,57.0,12.57,0.0,22.64,0.0
101,2023,96,58.0,12.57,0.0,22.62,0.0
101,2023,96,59.0,12.57,0.0,22.61,0.0
101,2023,96,100.0,12.57,0.0,22.59,0.0
101,2023,96,101.0,12.57,0.0,22.61,0.0
101,2023,96,102.0,12.57,0.0,22.63,0.0
101,2023,96,103.0,12.57,0.0,22.61,0.0
101,2023,96,104.0,12.57,0.0,22.61,0.0
101,2023,96,105.0,12.57,0.0,22.59,0.0
101,2023,96,106.0,12.57,0.0,22.57,0.0
101,2023,96,107.0,12.57,0.0,22.55,0.0
101,2023,96,108.0,12.56,0.0,22.54,0.0
101,2023,96,109.0,12.57,0.0,22.54,0.0
101,2023,96,110.0,12.56,0.0,22.57,0.0
101,2023,96,111.0,12.56,0.0,22.59,0.0
101,2023,96,112.0,12.56,0.0,22.6,0.0
101,2023,96,113.0,12.56,0.0,22.61,0.0
101,2023,96,114.0,12.56,0.0,22.61,0.0
101,2023,96,115.0,12.56,0.0,22.6,0.0
101,2023,96,116.0,12.56,0.0,22.6,0.0
101,2023,96,117.0,12.56,0.0,22.58,0.0
101,2023,96,118.0,12.56,0.0,22.59,0.0
101,2023,96,119.0,12.56,0.0,22.61,0.0
101,2023,96,120.0,12.56,0.0,22.59,0.0
101,2023,96,121.0,12.56,0.0,22.56,0.0
101,2023,96,122.0,12.56,0.0,22.51,0.0
101,2023,96,123.0,12.56,0.0,22.48,0.0
101,2023,96,124.0,12.56,0.0,22.46,0.0
101,2023,96,125.0,12.56,0.0,22.44,0.0
101,2023,96,126.0,12.56,0.0,22.46,0.0
101,2023,96,127.0,12.56,0.0,22.48,0.0
101,2023,96,128.0,12.56,0.0,22.48,0.0
101,2023,96,129.0,12.56,0.0,22.47,0.0
101,2023,96,130.0,12.56,0.0,22.46,0.0
101,2023,96,131.0,12.56,0.0,22.44,0.0
101,2023,96,132.0,12.56,0.0,22.47,0.0
101,2023,96,133.0,12.55,0.0,22.46,0.0
101,2023,96,134.0,12.55,0.0,22.5,0.0
101,2023,96,135.0,12.55,0.0,22.49,0.0
101,2023,96,136.0,12.55,0.0,22.46,0.0
101,2023,96,137.0,12.55,0.0,22.43,0.0
101,2023,96,138.0,12.55,0.0,22.4,0.0
101,2023,96,139.0,12.55,0.0,22.39,0.0
101,2023,96,140.0,12.55,0.0,22.41,0.0
101,2023,96,141.0,12.56,0.0,22.43,0.0
101,2023,96,142.0,12.56,0.0,22.44,0.0
101,2023,96,143.0,12.56,0.0,22.44,0.0
101,2023,96,144.0,12.56,0.0,22.42,0.0
101,2023,96,145.0,12.56,0.0,22.38,0.0
101,2023,96,146.0,12.55,0.0,22.36,0.0
101,2023,96,147.0,12.55,0.0,22.36,0.0
101,2023,96,148.0,12.55,0.0,22.39,0.0
101,2023,96,149.0,12.55,0.0,22.39,0.0
101,2023,96,150.0,12.55,0.0,22.31,0.0
101,2023,96,151.0,12.55,0.0,22.24,0.0
101,2023,96,152.0,12.56,0.0,22.23,0.0
101,2023,96,153.0,12.56,0.0,22.24,0.0
101,2023,96,154.0,12.56,0.0,22.17,0.0
101,2023,96,155.0,12.56,0.0,22.18,0.0
101,2023,96,156.0,12.56,0.0,22.21,0.0
101,2023,96,157.0,12.56,0.0,22.2,0.0
101,2023,96,158.0,12.57,0.0,22.18,0.0
101,2023,96,159.0,12.58,0.0,22.23,0.0
101,2023,96,200.0,12.59,0.0,22.21,0.0
101,2023,96,201.0,12.6,0.0,22.21,0.0
101,2023,96,202.0,12.6,0.0,22.22,0.0
101,2023,96,203.0,12.6,0.0,22.22,0.0
101,2023,96,204.0,12.6,0.0,22.24,0.0
101,2023,96,205.0,12.61,0.0,22.23,0.0
101,2023,96,206.0,12.61,0.0,22.25,0.0
101,2023,96,207.0,12.61,0.0,22.27,0.0
101,2023,96,208.0,12.61,0.0,22.25,0.0
101,2023,96,209.0,12.61,0.0,22.27,0.0
101,2023,96,210.0,12.61,0.0,22.27,0.0
101,2023,96,211.0,12.61,0.0,22.26,0.0
101,2023,96,212.0,12.62,0.0,22.25,0.0
101,2023,96,213.0,12.62,0.0,22.25,0.0
101,2023,96,214.0,12.62,0.0,22.24,0.0
101,2023,96,215.0,12.62,0.0,22.23,0.0
101,2023,96,216.0,12.62,0.0,22.23,0.0
101,2023,96,217.0,12.62,0.0,22.23,0.0
101,2023,96,218.0,12.62,0.0,22.22,0.0
101,2023,96,219.0,12.62,0.0,22.24,0.0
101,2023,96,220.0,12.62,0.0,22.23,0.0
101,2023,96,221.0,12.62,0.0,22.22,0.0
101,2023,96,222.0,12.62,0.0,22.21,0.0
101,2023,96,223.0,12.62,0.0,22.2,0.0
101,2023,96,224.0,12.62,0.0,22.2,0.0
101,2023,96,225.0,12.62,0.0,22.24,0.0
101,2023,96,226.0,12.62,0.0,22.25,0.0
101,2023,96,227.0,12.62,0.0,22.26,0.0
101,2023,96,228.0,12.62,0.0,22.3,0.0
101,2023,96,229.0,12.62,0.0,22.36,0.0
101,2023,96,230.0,12.62,0.0,22.4,0.0
101,2023,96,231.0,12.62,0.0,22.39,0.0
101,2023,96,232.0,12.61,0.0,22.39,0.0
101,2023,96,233.0,12.62,0.0,22.38,0.0
101,2023,96,234.0,12.62,0.0,22.39,0.0
101,2023,96,235.0,12.62,0.0,22.4,0.0
101,2023,96,236.0,12.62,0.0,22.41,0.0
101,2023,96,237.0,12.62,0.0,22.42,0.0
101,2023,96,238.0,12.62,0.0,22.41,0.0
101,2023,96,239.0,12.62,0.0,22.4,0.0
101,2023,96,240.0,12.62,0.0,22.32,0.0
101,2023,96,241.0,12.62,0.0,22.25,0.0
101,2023,96,242.0,12.62,0.0,22.24,0.0
101,2023,96,243.0,12.62,0.0,22.25,0.0
101,2023,96,244.0,12.62,0.0,22.26,0.0
101,2023,96,245.0,12.62,0.0,22.26,0.0
101,2023,96,246.0,12.62,0.0,22.27,0.0
101,2023,96,247.0,12.62,0.0,22.28,0.0
101,2023,96,248.0,12.62,0.0,22.28,0.0
101,2023,96,249.0,12.62,0.0,22.34,0.0
101,2023,96,250.0,12.62,0.0,22.33,0.0
101,2023,96,251.0,12.62,0.0,22.33,0.0
101,2023,96,252.0,12.62,0.0,22.27,0.0
101,2023,96,253.0,12.62,0.0,22.21,0.0
101,2023,96,254.0,12.62,0.0,22.18,0.0
101,2023,96,255.0,12.61,0.0,22.17,0.0
101,2023,96,256.0,12.59,0.0,22.17,0.0
101,2023,96,257.0,12.58,0.0,22.19,0.0
101,2023,96,258.0,12.57,0.0,22.21,0.0
101,2023,96,259.0,12.57,0.0,22.19,0.0
101,2023,96,300.0,12.57,0.0,22.21,0.0
101,2023,96,301.0,12.58,0.0,22.24,0.0
101,2023,96,302.0,12.58,0.0,22.22,0.0
101,2023,96,303.0,12.59,0.0,22.16,0.0
101,2023,96,304.0,12.59,0.0,22.12,0.0
101,2023,96,305.0,12.6,0.0,22.11,0.0
101,2023,96,306.0,12.6,0.0,22.1,0.0
101,2023,96,307.0,12.6,0.0,22.08,0.0
101,2023,96,308.0,12.6,0.0,22.08,0.0
101,2023,96,309.0,12.6,0.0,22.08,0.0
101,2023,96,310.0,12.59,0.0,22.08,0.0
101,2023,96,311.0,12.59,0.0,22.1,0.0
101,2023,96,312.0,12.57,0.0,22.12,0.0
101,2023,96,313.0,12.56,0.0,22.14,0.0
101,2023,96,314.0,12.56,0.0,22.15,0.0
101,2023,96,315.0,12.56,0.0,22.15,0.0
101,2023,96,316.0,12.56,0.0,22.18,0.0
101,2023,96,317.0,12.56,0.0,22.22,0.0
101,2023,96,318.0,12.55,0.0,22.26,0.0
101,2023,96,319.0,12.55,0.0,22.32,0.0
101,2023,96,320.0,12.55,0.0,22.34,0.0
101,2023,96,321.0,12.54,0.0,22.33,0.0
101,2023,96,322.0,12.54,0.0,22.33,0.0
101,2023,96,323.0,12.54,0.0,22.34,0.0
101,2023,96,324.0,12.54,0.0,22.34,0.0
101,2023,96,325.0,12.54,0.0,22.36,0.0
101,2023,96,326.0,12.54,0.0,22.35,0.0
101,2023,96,327.0,12.54,0.0,22.36,0.0
101,2023,96,328.0,12.54,0.0,22.36,0.0
101,2023,96,329.0,12.54,0.0,22.37,0.0
101,2023,96,330.0,12.54,0.0,22.37,0.0
101,2023,96,331.0,12.53,0.0,22.37,0.0
101,2023,96,332.0,12.53,0.0,22.34,0.0
101,2023,96,333.0,12.53,0.0,22.32,0.0
101,2023,96,334.0,12.53,0.0,22.32,0.0
101,2023,96,335.0,12.53,0.0,22.3,0.0
101,2023,96,336.0,12.54,0.0,22.27,0.0
101,2023,96,337.0,12.53,0.0,22.27,0.0
101,2023,96,338.0,12.53,0.0,22.26,0.0
101,2023,96,339.0,12.53,0.0,22.25,0.0
101,2023,96,340.0,12.53,0.0,22.24,0.0
101,2023,96,341.0,12.53,0.0,22.24,0.0
101,2023,96,342.0,12.53,0.0,22.22,0.0
101,2023,96,343.0,12.53,0.0,22.2,0.0
101,2023,96,344.0,12.53,0.0,22.19,0.0
101,2023,96,345.0,12.53,0.0,22.2,0.0
101,2023,96,346.0,12.53,0.0,22.22,0.0
101,2023,96,347.0,12.53,0.0,22.23,0.0
101,2023,96,348.0,12.53,0.0,22.25,0.0
101,2023,96,349.0,12.53,0.0,22.22,0.0
101,2023,96,350.0,12.53,0.0,22.23,0.0
101,2023,96,351.0,12.53,0.0,22.23,0.0
101,2023,96,352.0,12.53,0.0,22.22,0.0
101,2023,96,353.0,12.53,0.0,22.24,0.0
101,2023,96,354.0,12.53,0.0,22.22,0.0
101,2023,96,355.0,12.53,0.0,22.22,0.0
101,2023,96,356.0,12.53,0.0,22.22,0.0
101,2023,96,357.0,12.53,0.0,22.23,0.0
101,2023,96,358.0,12.53,0.0,22.22,0.0
101,2023,96,359.0,12.53,0.0,22.23,0.0
101,2023,96,400.0,12.53,0.0,22.24,0.0
101,2023,96,401.0,12.54,0.0,22.23,0.0
101,2023,96,402.0,12.54,0.0,22.23,0.0
101,2023,96,403.0,12.54,0.0,22.22,0.0
101,2023,96,404.0,12.54,0.0,22.22,0.0
101,2023,96,405.0,12.55,0.0,22.22,0.0
101,2023,96,406.0,12.56,0.0,22.21,0.0
101,2023,96,407.0,12.57,0.0,22.2,0.0
101,2023,96,408.0,12.57,0.0,22.2,0.0
101,2023,96,409.0,12.57,0.0,22.21,0.0
101,2023,96,410.0,12.58,0.0,22.22,0.0
101,2023,96,411.0,12.58,0.0,22.21,0.0
101,2023,96,412.0,12.59,0.0,22.2,0.0
101,2023,96,413.0,12.59,0.0,22.2,0.0
101,2023,96,414.0,12.59,0.0,22.24,0.0
101,2023,96,415.0,12.59,0.0,22.29,0.0
101,2023,96,416.0,12.6,0.0,22.31,0.0
101,2023,96,417.0,12.6,0.0,22.29,0.0
101,2023,96,418.0,12.6,0.0,22.29,0.0
101,2023,96,419.0,12.6,0.0,22.3,0.0
101,2023,96,420.0,12.6,0.0,22.34,0.0
101,2023,96,421.0,12.6,0.0,22.35,0.0
101,2023,96,422.0,12.6,0.0,22.35,0.0
101,2023,96,423.0,12.6,0.0,22.35,0.0
101,2023,96,424.0,12.6,0.0,22.39,0.0
101,2023,96,425.0,12.6,0.0,22.38,0.0
101,2023,96,426.0,12.6,0.0,22.38,0.0
101,2023,96,427.0,12.6,0.0,22.35,0.0
101,2023,96,428.0,12.61,0.0,22.34,0.0
101,2023,96,429.0,12.61,0.0,22.39,0.0
101,2023,96,430.0,12.61,0.0,22.41,0.0
101,2023,96,431.0,12.61,0.0,22.34,0.0
101,2023,96,432.0,12.61,0.0,22.31,0.0
101,2023,96,433.0,12.61,0.0,22.28,0.0
101,2023,96,434.0,12.61,0.0,22.25,0.0
101,2023,96,435.0,12.61,0.0,22.22,0.0
101,2023,96,436.0,12.61,0.0,22.22,0.0
101,2023,96,437.0,12.61,0.0,22.2,0.0
101,2023,96,438.0,12.61,0.0,22.2,0.0
101,2023,96,439.0,12.61,0.0,22.19,0.0
101,2023,96,440.0,12.61,0.0,22.2,0.0
101,2023,96,441.0,12.61,0.0,22.16,0.0
101,2023,96,442.0,12.61,0.0,22.17,0.0
101,2023,96,443.0,12.61,0.0,22.15,0.0
101,2023,96,444.0,12.61,0.0,22.16,0.0
101,2023,96,445.0,12.61,0.0,22.14,0.0
101,2023,96,446.0,12.61,0.0,22.13,0.0
101,2023,96,447.0,12.61,0.0,22.15,0.0
101,2023,96,448.0,12.61,0.0,22.13,0.0
101,2023,96,449.0,12.61,0.0,22.11,0.0
101,2023,96,450.0,12.61,0.0,22.1,0.0
101,2023,96,451.0,12.61,0.0,22.1,0.0
101,2023,96,452.0,12.61,0.0,22.08,0.0
101,2023,96,453.0,12.61,0.0,22.06,0.0
101,2023,96,454.0,12.61,0.0,22.05,0.0
101,2023,96,455.0,12.61,0.0,22.07,0.0
101,2023,96,456.0,12.61,0.0,22.07,0.0
101,2023,96,457.0,12.61,0.0,22.07,0.0
101,2023,96,458.0,12.61,0.0,22.08,0.0
101,2023,96,459.0,12.61,0.0,22.1,0.0
101,2023,96,500.0,12.61,0.0,22.08,0.0
101,2023,96,501.0,12.61,0.0,22.07,0.0
101,2023,96,502.0,12.61,0.0,22.06,0.0
101,2023,96,503.0,12.61,0.0,22.07,0.0
101,2023,96,504.0,12.61,0.0,22.09,0.0
101,2023,96,505.0,12.61,0.0,22.1,0.0
101,2023,96,506.0,12.61,0.0,22.1,0.0
101,2023,96,507.0,12.61,0.0,22.08,0.0
101,2023,96,508.0,12.61,0.0,22.07,0.0
101,2023,96,509.0,12.61,0.0,22.06,0.0
101,2023,96,510.0,12.61,0.0,22.05,0.0
101,2023,96,511.0,12.61,0.0,22.05,0.0
101,2023,96,512.0,12.61,0.0,22.06,0.0
101,2023,96,513.0,12.61,0.0,22.05,0.0
101,2023,96,514.0,12.61,0.0,22.05,0.0
101,2023,96,515.0,12.61,1.326,22.05,0.0
101,2023,96,516.0,12.61,2.369,22.07,0.0
101,2023,96,517.0,12.61,3.554,22.07,0.0
101,2023,96,518.0,12.61,4.231,22.08,0.0
101,2023,96,519.0,12.61,4.823,22.07,0.0
101,2023,96,520.0,12.61,4.711,22.06,0.0
101,2023,96,521.0,12.59,5.811,22.06,0.0
101,2023,96,522.0,12.57,7.42,22.06,0.0
101,2023,96,523.0,12.56,7.84,22.07,0.0
101,2023,96,524.0,12.55,7.53,22.06,0.0
101,2023,96,525.0,12.55,6.544,22.05,0.0
101,2023,96,526.0,12.54,6.375,22.05,0.0
101,2023,96,527.0,12.54,7.95,22.06,0.0
101,2023,96,528.0,12.54,9.96,22.05,0.0
101,2023,96,529.0,12.54,11.25,22.06,0.0
101,2023,96,530.0,12.54,12.02,22.06,0.0
101,2023,96,531.0,12.54,12.95,22.07,0.0
101,2023,96,532.0,12.54,13.82,22.07,0.0
101,2023,96,533.0,12.54,14.7,22.08,0.0
101,2023,96,534.0,12.55,15.8,22.1,0.0
101,2023,96,535.0,12.55,17.18,22.12,0.0
101,2023,96,536.0,12.56,18.9,22.13,0.0
101,2023,96,537.0,12.57,21.24,22.13,0.0
101,2023,96,538.0,12.6,25.53,22.14,0.0
101,2023,96,539.0,12.62,30.21,22.15,0.0
101,2023,96,540.0,12.65,34.19,22.16,0.0
101,2023,96,541.0,12.69,40.51,22.18,0.0
101,2023,96,542.0,12.73,46.74,22.2,0.0
101,2023,96,543.0,12.77,53.42,22.22,0.0
101,2023,96,544.0,12.82,59.38,22.23,0.0
101,2023,96,545.0,12.89,63.47,22.25,0.0
101,2023,96,546.0,13.07,69.42,22.27,0.0
101,2023,96,547.0,13.19,67.56,22.32,0.0
101,2023,96,548.0,13.21,66.82,22.34,0.0
101,2023,96,549.0,13.25,74.7,22.33,0.0
101,2023,96,550.0,13.25,73.1,22.37,0.0
101,2023,96,551.0,13.25,68.32,22.39,0.0
101,2023,96,552.0,13.25,69.87,22.41,0.0
101,2023,96,553.0,13.25,70.7,22.44,0.0
101,2023,96,554.0,13.25,71.3,22.41,0.0
101,2023,96,555.0,13.25,71.3,22.46,0.0
101,2023,96,556.0,13.25,73.0,22.45,0.0
101,2023,96,557.0,13.25,71.3,22.49,0.0
101,2023,96,558.0,13.25,64.09,22.55,0.0
101,2023,96,559.0,13.25,64.9,22.55,0.0
101,2023,96,600.0,13.25,70.8,22.56,0.0
101,2023,96,601.0,13.25,96.7,22.58,0.0
101,2023,96,602.0,13.25,103.2,22.63,0.0
101,2023,96,603.0,13.25,119.4,22.73,0.0
101,2023,96,604.0,13.25,132.4,22.76,0.0
101,2023,96,605.0,13.25,146.7,22.79,0.0
101,2023,96,606.0,13.25,151.7,22.8,0.0
101,2023,96,607.0,13.24,150.3,22.9,0.0
101,2023,96,608.0,13.25,134.3,22.95,0.0
101,2023,96,609.0,13.24,102.2,22.92,0.0
101,2023,96,610.0,13.24,121.5,22.95,0.0
101,2023,96,611.0,13.24,136.2,23.04,0.0
101,2023,96,612.0,13.24,145.5,23.1,0.0
101,2023,96,613.0,13.24,145.7,23.24,0.0
101,2023,96,614.0,13.24,147.5,23.34,0.0
101,2023,96,615.0,13.24,147.4,23.4,0.0
101,2023,96,616.0,13.24,149.5,23.41,0.0
101,2023,96,617.0,13.24,154.8,23.46,0.0
101,2023,96,618.0,13.24,157.5,23.56,0.0
101,2023,96,619.0,13.24,162.4,23.55,0.0
101,2023,96,620.0,13.24,165.5,23.65,0.0
101,2023,96,621.0,13.24,165.3,23.68,0.0
101,2023,96,622.0,13.24,165.9,23.75,0.0
101,2023,96,623.0,13.24,170.5,23.83,0.0
101,2023,96,624.0,13.23,174.5,23.95,0.0
101,2023,96,625.0,13.24,178.3,23.96,0.0
101,2023,96,626.0,13.24,180.1,23.99,0.0
101,2023,96,627.0,13.23,185.5,24.07,0.0
101,2023,96,628.0,13.23,190.4,24.19,0.0
101,2023,96,629.0,13.23,194.2,24.29,0.0
101,2023,96,630.0,13.23,197.8,24.34,0.0
101,2023,96,631.0,13.23,202.3,24.51,0.0
101,2023,96,632.0,13.23,207.3,24.66,0.0
101,2023,96,633.0,13.23,209.4,24.67,0.0
101,2023,96,634.0,13.23,212.1,24.7,0.0
101,2023,96,635.0,13.23,215.3,24.74,0.0
101,2023,96,636.0,13.22,219.2,24.84,0.0
101,2023,96,637.0,13.23,222.4,24.81,0.0
101,2023,96,638.0,13.22,225.8,24.83,0.0
101,2023,96,639.0,13.22,216.5,24.93,0.0
101,2023,96,640.0,13.22,173.1,25.02,0.0
101,2023,96,641.0,13.22,224.4,25.07,0.0
101,2023,96,642.0,13.22,191.8,25.16,0.0
101,2023,96,643.0,13.22,244.8,25.24,0.0
101,2023,96,644.0,13.22,244.7,25.25,0.0
101,2023,96,645.0,13.22,184.1,25.29,0.0
101,2023,96,646.0,13.22,190.1,25.49,0.0
101,2023,96,647.0,13.22,276.9,25.68,0.0
101,2023,96,648.0,13.21,286.8,25.74,0.0
101,2023,96,649.0,13.21,168.8,25.85,0.0
101,2023,96,650.0,13.21,168.1,25.87,0.0
101,2023,96,651.0,13.21,267.6,26.0,0.0
101,2023,96,652.0,13.21,308.2,25.75,0.0
101,2023,96,653.0,13.21,312.0,25.69,0.0
101,2023,96,654.0,13.21,271.3,25.92,0.0
101,2023,96,655.0,13.21,159.3,26.02,0.0
101,2023,96,656.0,13.21,156.8,26.07,0.0
101,2023,96,657.0,13.21,264.8,25.97,0.0
101,2023,96,658.0,13.21,380.1,25.81,0.0
101,2023,96,659.0,13.21,381.7,25.92,0.0
101,2023,96,700.0,13.21,331.8,25.89,0.0
101,2023,96,701.0,13.2,344.1,25.84,0.0
101,2023,96,702.0,13.2,310.7,25.76,0.0
101,2023,96,703.0,13.2,341.4,25.65,0.0
101,2023,96,704.0,13.2,342.2,25.69,0.0
101,2023,96,705.0,13.2,301.6,25.7,0.0
101,2023,96,706.0,13.2,303.7,25.81,0.0
101,2023,96,707.0,13.2,351.5,26.05,0.0
101,2023,96,708.0,13.19,349.9,26.09,0.0
101,2023,96,709.0,13.2,344.6,26.19,0.0
101,2023,96,710.0,13.19,342.5,26.13,0.0
101,2023,96,711.0,13.19,344.1,26.07,0.0
101,2023,96,712.0,13.19,341.7,25.89,0.0
101,2023,96,713.0,13.19,353.9,26.05,0.0
101,2023,96,714.0,13.19,355.7,26.22,0.0
101,2023,96,715.0,13.19,339.9,26.42,0.0
101,2023,96,716.0,13.18,314.7,26.51,0.0
101,2023,96,717.0,13.18,363.0,26.56,0.0
101,2023,96,718.0,13.18,364.2,26.59,0.0
101,2023,96,719.0,13.18,356.1,26.73,0.0
101,2023,96,720.0,13.18,367.7,26.81,0.0
101,2023,96,721.0,13.18,372.2,26.82,0.0
101,2023,96,722.0,13.18,372.4,26.78,0.0
101,2023,96,723.0,13.18,287.2,26.41,0.0
101,2023,96,724.0,13.17,124.1,26.27,0.0
101,2023,96,725.0,13.18,103.7,26.0,0.0
101,2023,96,726.0,13.17,107.0,25.86,0.0
101,2023,96,727.0,13.17,117.4,25.89,0.0
101,2023,96,728.0,13.17,126.0,25.83,0.0
101,2023,96,729.0,13.17,134.4,25.84,0.0
101,2023,96,730.0,13.17,169.4,25.87,0.0
101,2023,96,731.0,13.18,453.8,25.83,0.0
101,2023,96,732.0,13.18,495.7,25.98,0.0
101,2023,96,733.0,13.17,498.6,26.14,0.0
101,2023,96,734.0,13.18,489.9,26.24,0.0
101,2023,96,735.0,13.17,488.9,26.37,0.0
101,2023,96,736.0,13.17,495.6,26.31,0.0
101,2023,96,737.0,13.17,521.9,26.41,0.0
101,2023,96,738.0,13.16,464.1,26.53,0.0
101,2023,96,739.0,13.16,524.5,26.57,0.0
101,2023,96,740.0,13.16,356.1,26.62,0.0
101,2023,96,741.0,13.16,198.8,26.59,0.0
101,2023,96,742.0,13.16,143.5,26.52,0.0
101,2023,96,743.0,13.16,115.1,26.48,0.0
101,2023,96,744.0,13.15,99.6,26.29,0.0
101,2023,96,745.0,13.16,92.8,26.15,0.0
101,2023,96,746.0,13.16,90.4,26.06,0.0
101,2023,96,747.0,13.16,94.0,25.97,0.0
101,2023,96,748.0,13.16,106.4,26.05,0.0
101,2023,96,749.0,13.16,121.3,26.13,0.0
101,2023,96,750.0,13.16,136.4,26.19,0.0
101,2023,96,751.0,13.16,152.7,26.17,0.0
101,2023,96,752.0,13.16,177.8,25.99,0.0
101,2023,96,753.0,13.16,202.4,25.87,0.0
101,2023,96,754.0,13.16,200.8,25.89,0.0
101,2023,96,755.0,13.16,191.7,25.85,0.0
101,2023,96,756.0,13.16,186.9,25.9,0.0
101,2023,96,757.0,13.16,181.7,26.05,0.0
101,2023,96,758.0,13.16,187.8,26.19,0.0
101,2023,96,759.0,13.16,218.0,26.26,0.0
101,2023,96,800.0,13.16,285.8,26.38,0.0
101,2023,96,801.0,13.16,624.9,26.49,0.0
101,2023,96,802.0,13.17,764.0,26.67,0.0
101,2023,96,803.0,13.16,788.0,26.81,0.0
101,2023,96,804.0,13.16,786.0,26.96,0.0
101,2023,96,805.0,13.16,719.0,27.22,0.0
101,2023,96,806.0,13.15,581.1,27.37,0.0
101,2023,96,807.0,13.15,378.1,27.44,0.0
101,2023,96,808.0,13.15,627.4,27.16,0.0
101,2023,96,809.0,13.14,357.4,27.3,0.0
101,2023,96,810.0,13.14,342.5,27.32,0.0
101,2023,96,811.0,13.14,262.0,27.3,0.0
101,2023,96,812.0,13.14,157.6,27.41,0.0
101,2023,96,813.0,13.14,173.6,27.45,0.0
101,2023,96,814.0,13.14,447.8,27.47,0.0
101,2023,96,815.0,13.14,487.1,27.55,0.0
101,2023,96,816.0,13.14,162.2,27.67,0.0
101,2023,96,817.0,13.14,161.2,27.63,0.0
101,2023,96,818.0,13.14,188.5,27.63,0.0
101,2023,96,819.0,13.14,182.8,27.52,0.0
101,2023,96,820.0,13.14,175.5,27.39,0.0
101,2023,96,821.0,13.14,195.5,27.31,0.0
101,2023,96,822.0,13.14,252.2,27.3,0.0
101,2023,96,823.0,13.14,264.8,27.12,0.0
101,2023,96,824.0,13.14,637.6,27.2,0.0
101,2023,96,825.0,13.14,384.2,27.37,0.0
101,2023,96,826.0,13.14,223.5,27.42,0.0
101,2023,96,827.0,13.14,232.5,27.41,0.0
101,2023,96,828.0,13.14,266.0,27.42,0.0
101,2023,96,829.0,13.14,266.8,27.34,0.0
101,2023,96,830.0,13.14,327.9,27.24,0.0
101,2023,96,831.0,13.14,333.6,27.11,0.0
101,2023,96,832.0,13.14,465.3,27.04,0.0
101,2023,96,833.0,13.14,375.8,27.01,0.0
101,2023,96,834.0,13.14,556.2,27.04,0.0
101,2023,96,835.0,13.13,298.8,27.14,0.0
101,2023,96,836.0,13.14,303.0,27.22,0.0
101,2023,96,837.0,13.13,263.1,27.17,0.0
101,2023,96,838.0,13.13,206.1,27.06,0.0
101,2023,96,839.0,13.13,205.7,26.94,0.0
101,2023,96,840.0,13.13,209.7,26.93,0.0
101,2023,96,841.0,13.13,199.2,27.03,0.0
101,2023,96,842.0,13.13,191.6,27.0,0.0
101,2023,96,843.0,13.13,194.2,26.91,0.0
101,2023,96,844.0,13.13,201.5,26.92,0.0
101,2023,96,845.0,13.13,220.9,26.95,0.0
101,2023,96,846.0,13.14,260.8,26.99,0.0
101,2023,96,847.0,13.14,267.4,27.08,0.0
101,2023,96,848.0,13.14,246.1,27.07,0.0
101,2023,96,849.0,13.14,221.4,27.22,0.0
101,2023,96,850.0,13.14,201.2,27.3,0.0
101,2023,96,851.0,13.14,184.3,27.25,0.0
101,2023,96,852.0,13.14,170.0,27.21,0.0
101,2023,96,853.0,13.14,155.2,27.07,0.0
101,2023,96,854.0,13.14,139.2,26.98,0.0
101,2023,96,855.0,13.14,123.0,26.92,0.0
101,2023,96,856.0,13.14,108.3,26.88,0.0
101,2023,96,857.0,13.14,97.6,26.87,0.0
101,2023,96,858.0,13.14,92.6,26.82,0.0
101,2023,96,859.0,13.14,97.8,26.79,0.0
101,2023,96,900.0,13.14,121.3,26.75,0.0
101,2023,96,901.0,13.14,157.3,26.53,0.0
101,2023,96,902.0,13.14,194.5,26.24,0.0
101,2023,96,903.0,13.14,239.9,26.08,0.0
101,2023,96,904.0,13.14,332.7,25.93,0.0
101,2023,96,905.0,13.14,641.8,25.82,0.0
101,2023,96,906.0,13.14,738.0,25.82,0.0
101,2023,96,907.0,13.14,843.0,25.84,0.0
101,2023,96,908.0,13.15,727.0,25.87,0.0
101,2023,96,909.0,13.15,545.9,25.87,0.0
101,2023,96,910.0,13.14,409.4,25.9,0.0
101,2023,96,911.0,13.15,390.8,25.91,0.0
101,2023,96,912.0,13.15,398.4,25.9,0.0
101,2023,96,913.0,13.15,464.7,25.95,0.0
101,2023,96,914.0,13.15,602.4,25.98,0.0
101,2023,96,915.0,13.15,872.0,26.08,0.0
101,2023,96,916.0,13.15,862.0,26.28,0.0
101,2023,96,917.0,13.15,883.0,26.52,0.0
101,2023,96,918.0,13.15,871.0,26.66,0.0
101,2023,96,919.0,13.14,865.0,26.71,0.0
101,2023,96,920.0,13.14,867.0,26.96,0.0
101,2023,96,921.0,13.14,875.0,27.15,0.0
101,2023,96,922.0,13.14,882.0,27.18,0.0
101,2023,96,923.0,13.13,886.0,27.31,0.0
101,2023,96,924.0,13.13,883.0,27.23,0.0
101,2023,96,925.0,13.13,879.0,27.34,0.0
101,2023,96,926.0,13.12,879.0,27.5,0.0
101,2023,96,927.0,13.12,881.0,27.59,0.0
101,2023,96,928.0,13.12,883.0,27.57,0.0
101,2023,96,929.0,13.12,886.0,27.57,0.0
101,2023,96,930.0,13.11,877.0,27.76,0.0
101,2023,96,931.0,13.11,867.0,27.75,0.0
101,2023,96,932.0,13.11,867.0,27.87,0.0
101,2023,96,933.0,13.11,876.0,27.83,0.0
101,2023,96,934.0,13.11,771.0,27.78,0.0
101,2023,96,935.0,13.11,863.0,27.82,0.0
101,2023,96,936.0,13.11,910.0,27.99,0.0
101,2023,96,937.0,13.1,954.0,28.17,0.0
101,2023,96,938.0,13.11,966.0,28.2,0.0
101,2023,96,939.0,13.11,775.0,28.33,0.0
101,2023,96,940.0,13.11,299.3,28.33,0.0
101,2023,96,941.0,13.11,669.9,28.4,0.0
101,2023,96,942.0,13.1,1014.0,28.49,0.0
101,2023,96,943.0,13.11,999.0,28.54,0.0
101,2023,96,944.0,13.11,523.6,28.51,0.0
101,2023,96,945.0,13.11,264.2,28.42,0.0
101,2023,96,946.0,13.11,910.0,28.33,0.0
101,2023,96,947.0,13.11,997.0,28.5,0.0
101,2023,96,948.0,13.11,919.0,28.75,0.0
101,2023,96,949.0,13.11,971.0,28.85,0.0
101,2023,96,950.0,13.11,941.0,28.92,0.0
101,2023,96,951.0,13.11,647.4,28.6,0.0
101,2023,96,952.0,13.11,480.3,28.63,0.0
101,2023,96,953.0,13.11,807.0,28.66,0.0
101,2023,96,954.0,13.11,255.3,28.66,0.0
101,2023,96,955.0,13.11,506.5,28.59,0.0
101,2023,96,956.0,13.11,542.7,28.59,0.0
101,2023,96,957.0,13.11,249.3,28.6,0.0
101,2023,96,958.0,13.11,218.8,28.45,0.0
101,2023,96,959.0,13.11,209.0,28.35,0.0
101,2023,96,1000.0,13.11,225.0,28.23,0.0
101,2023,96,1001.0,13.11,323.5,28.19,0.0
101,2023,96,1002.0,13.11,982.0,28.19,0.0
101,2023,96,1003.0,13.11,1042.0,28.35,0.0
101,2023,96,1004.0,13.11,989.0,28.58,0.0
101,2023,96,1005.0,13.11,939.0,28.64,0.0
101,2023,96,1006.0,13.11,948.0,28.69,0.0
101,2023,96,1007.0,13.12,669.8,28.82,0.0
101,2023,96,1008.0,13.11,865.0,28.96,0.0
101,2023,96,1009.0,13.11,667.8,29.14,0.0
101,2023,96,1010.0,13.12,594.3,29.23,0.0
101,2023,96,1011.0,13.12,266.0,29.28,0.0
101,2023,96,1012.0,13.12,640.1,29.13,0.0
101,2023,96,1013.0,13.11,970.0,28.99,0.0
101,2023,96,1014.0,13.12,959.0,29.0,0.0
101,2023,96,1015.0,13.11,964.0,29.21,0.0
101,2023,96,1016.0,13.12,997.0,29.27,0.0
101,2023,96,1017.0,13.11,936.0,29.41,0.0
101,2023,96,1018.0,13.12,874.0,29.57,0.0
101,2023,96,1019.0,13.11,616.0,29.6,0.0
101,2023,96,1020.0,13.11,228.1,29.64,0.0
101,2023,96,1021.0,13.11,219.4,29.46,0.0
101,2023,96,1022.0,13.11,410.4,29.35,0.0
101,2023,96,1023.0,13.11,267.5,29.09,0.0
101,2023,96,1024.0,13.11,239.3,28.81,0.0
101,2023,96,1025.0,13.11,234.1,28.71,0.0
101,2023,96,1026.0,13.11,219.2,28.61,0.0
101,2023,96,1027.0,13.11,209.4,28.52,0.0
101,2023,96,1028.0,13.11,219.4,28.45,0.0
101,2023,96,1029.0,13.11,238.4,28.44,0.0
101,2023,96,1030.0,13.11,358.5,28.42,0.0
101,2023,96,1031.0,13.12,353.1,28.47,0.0
101,2023,96,1032.0,13.12,967.0,28.48,0.0
101,2023,96,1033.0,13.11,977.0,28.61,0.0
101,2023,96,1034.0,13.12,988.0,28.86,0.0
101,2023,96,1035.0,13.11,969.0,29.14,0.0
101,2023,96,1036.0,13.12,962.0,29.39,0.0
101,2023,96,1037.0,13.11,962.0,29.31,0.0
101,2023,96,1038.0,13.11,966.0,29.35,0.0
101,2023,96,1039.0,13.11,977.0,29.46,0.0
101,2023,96,1040.0,13.12,999.0,29.52,0.0
101,2023,96,1041.0,13.11,730.0,29.64,0.0
101,2023,96,1042.0,13.11,887.0,29.68,0.0
101,2023,96,1043.0,13.11,903.0,29.53,0.0
101,2023,96,1044.0,13.11,875.0,29.47,0.0
101,2023,96,1045.0,13.11,997.0,29.58,0.0
101,2023,96,1046.0,13.11,979.0,29.49,0.0
101,2023,96,1047.0,13.11,983.0,29.66,0.0
101,2023,96,1048.0,13.11,1001.0,29.99,0.0
101,2023,96,1049.0,13.11,733.0,30.13,0.0
101,2023,96,1050.0,13.11,702.0,30.13,0.0
101,2023,96,1051.0,13.11,967.0,30.19,0.0
101,2023,96,1052.0,13.11,990.0,30.05,0.0
101,2023,96,1053.0,13.11,1017.0,29.95,0.0
101,2023,96,1054.0,13.11,412.1,29.85,0.0
101,2023,96,1055.0,13.11,559.5,29.76,0.0
101,2023,96,1056.0,13.11,1040.0,29.76,0.0
101,2023,96,1057.0,13.11,1060.0,29.68,0.0
101,2023,96,1058.0,13.11,1059.0,29.8,0.0
101,2023,96,1059.0,13.11,1040.0,29.79,0.0
101,2023,96,1100.0,13.11,1028.0,29.9,0.0
101,2023,96,1101.0,13.11,1021.0,30.05,0.0
101,2023,96,1102.0,13.11,1022.0,30.11,0.0
101,2023,96,1103.0,13.1,987.0,30.01,0.0
101,2023,96,1104.0,13.11,998.0,29.83,0.0
101,2023,96,1105.0,13.1,1019.0,30.0,0.0
101,2023,96,1106.0,13.1,1016.0,30.03,0.0
101,2023,96,1107.0,13.11,1022.0,29.7,0.0
101,2023,96,1108.0,13.11,1025.0,29.52,0.0
101,2023,96,1109.0,13.1,1042.0,29.67,0.0
101,2023,96,1110.0,13.1,1059.0,29.76,0.0
101,2023,96,1111.0,13.11,793.0,29.71,0.0
101,2023,96,1112.0,13.1,313.6,29.86,0.0
101,2023,96,1113.0,13.1,620.7,29.74,0.0
101,2023,96,1114.0,13.1,878.0,29.61,0.0
101,2023,96,1115.0,13.1,387.5,29.56,0.0
101,2023,96,1116.0,13.11,660.5,29.38,0.0
101,2023,96,1117.0,13.1,593.6,29.29,0.0
101,2023,96,1118.0,13.1,632.3,29.27,0.0
101,2023,96,1119.0,13.1,1048.0,29.3,0.0
101,2023,96,1120.0,13.1,782.0,29.4,0.0
101,2023,96,1121.0,13.1,691.5,29.34,0.0
101,2023,96,1122.0,13.1,912.0,29.22,0.0
101,2023,96,1123.0,13.1,988.0,29.06,0.0
101,2023,96,1124.0,13.1,1050.0,29.17,0.0
101,2023,96,1125.0,13.1,1052.0,29.26,0.0
101,2023,96,1126.0,13.11,1037.0,29.43,0.0
101,2023,96,1127.0,13.1,1020.0,29.66,0.0
101,2023,96,1128.0,13.11,997.0,29.74,0.0
101,2023,96,1129.0,13.1,985.0,29.75,0.0
101,2023,96,1130.0,13.1,988.0,29.85,0.0
101,2023,96,1131.0,13.1,984.0,29.8,0.0
101,2023,96,1132.0,13.1,972.0,29.89,0.0
101,2023,96,1133.0,13.1,959.0,30.02,0.0
101,2023,96,1134.0,13.1,956.0,30.2,0.0
101,2023,96,1135.0,13.1,961.0,30.27,0.0
101,2023,96,1136.0,13.1,967.0,30.41,0.0
101,2023,96,1137.0,13.1,984.0,30.56,0.0
101,2023,96,1138.0,13.1,877.0,30.35,0.0
101,2023,96,1139.0,13.1,958.0,30.04,0.0
101,2023,96,1140.0,13.1,996.0,29.89,0.0
101,2023,96,1141.0,13.1,943.0,29.79,0.0
101,2023,96,1142.0,13.1,944.0,29.95,0.0
101,2023,96,1143.0,13.1,939.0,30.05,0.0
101,2023,96,1144.0,13.1,933.0,30.17,0.0
101,2023,96,1145.0,13.1,930.0,30.47,0.0
101,2023,96,1146.0,13.1,934.0,30.66,0.0
101,2023,96,1147.0,13.1,943.0,30.47,0.0
101,2023,96,1148.0,13.1,940.0,30.32,0.0
101,2023,96,1149.0,13.1,925.0,30.17,0.0
101,2023,96,1150.0,13.1,885.0,30.05,0.0
101,2023,96,1151.0,13.1,942.0,30.13,0.0
101,2023,96,1152.0,13.1,946.0,30.15,0.0
101,2023,96,1153.0,13.1,956.0,30.1,0.0
101,2023,96,1154.0,13.1,939.0,30.18,0.0
101,2023,96,1155.0,13.1,393.5,30.02,0.0
101,2023,96,1156.0,13.1,310.4,29.8,0.0
101,2023,96,1157.0,13.1,928.0,29.75,0.0
101,2023,96,1158.0,13.1,931.0,30.0,0.0
101,2023,96,1159.0,13.1,932.0,30.13,0.0
101,2023,96,1200.0,13.1,952.0,29.97,0.0
101,2023,96,1201.0,13.1,912.0,29.92,0.0
101,2023,96,1202.0,13.1,786.0,29.99,0.0
101,2023,96,1203.0,13.1,803.0,30.13,0.0
101,2023,96,1204.0,13.1,933.0,30.0,0.0
101,2023,96,1205.0,13.1,910.0,29.97,0.0
101,2023,96,1206.0,13.1,949.0,30.0,0.0
101,2023,96,1207.0,13.1,942.0,29.98,0.0
101,2023,96,1208.0,13.1,933.0,29.99,0.0
101,2023,96,1209.0,13.1,934.0,29.91,0.0
101,2023,96,1210.0,13.1,946.0,30.0,0.0
101,2023,96,1211.0,13.1,904.0,29.89,0.0
101,2023,96,1212.0,13.1,837.0,29.83,0.0
101,2023,96,1213.0,13.1,770.0,29.96,0.0
101,2023,96,1214.0,13.1,1004.0,30.17,0.0
101,2023,96,1215.0,13.1,947.0,30.33,0.0
101,2023,96,1216.0,13.1,987.0,30.51,0.0
101,2023,96,1217.0,13.1,772.0,30.35,0.0
101,2023,96,1218.0,13.1,295.9,30.06,0.0
101,2023,96,1219.0,13.1,270.7,29.63,0.0
101,2023,96,1220.0,13.1,290.4,29.34,0.0
101,2023,96,1221.0,13.1,537.5,29.29,0.0
101,2023,96,1222.0,13.1,985.0,29.44,0.0
101,2023,96,1223.0,13.1,992.0,29.51,0.0
101,2023,96,1224.0,13.1,984.0,29.66,0.0
101,2023,96,1225.0,13.1,991.0,29.88,0.0
101,2023,96,1226.0,13.1,1002.0,29.94,0.0
101,2023,96,1227.0,13.1,641.1,29.83,0.0
101,2023,96,1228.0,13.1,281.8,29.68,0.0
101,2023,96,1229.0,13.1,272.3,29.47,0.0
101,2023,96,1230.0,13.1,280.8,29.37,0.0
101,2023,96,1231.0,13.1,299.6,29.28,0.0
101,2023,96,1232.0,13.1,340.3,29.16,0.0
101,2023,96,1233.0,13.1,703.0,29.13,0.0
101,2023,96,1234.0,13.1,923.0,29.25,0.0
101,2023,96,1235.0,13.1,798.0,29.32,0.0
101,2023,96,1236.0,13.1,364.2,29.38,0.0
101,2023,96,1237.0,13.1,422.0,29.43,0.0
101,2023,96,1238.0,13.1,445.6,29.5,0.0
101,2023,96,1239.0,13.1,746.0,29.46,0.0
101,2023,96,1240.0,13.1,1011.0,29.51,0.0
101,2023,96,1241.0,13.1,988.0,29.81,0.0
101,2023,96,1242.0,13.1,977.0,29.95,0.0
101,2023,96,1243.0,13.1,985.0,30.08,0.0
101,2023,96,1244.0,13.09,991.0,30.15,0.0
101,2023,96,1245.0,13.09,977.0,30.0,0.0
101,2023,96,1246.0,13.09,968.0,29.99,0.0
101,2023,96,1247.0,13.09,989.0,30.06,0.0
101,2023,96,1248.0,13.09,791.0,30.09,0.0
101,2023,96,1249.0,13.09,872.0,30.12,0.0
101,2023,96,1250.0,13.09,1002.0,30.18,0.0
101,2023,96,1251.0,13.09,961.0,30.35,0.0
101,2023,96,1252.0,13.09,756.0,30.53,0.0
101,2023,96,1253.0,13.08,357.6,30.44,0.0
101,2023,96,1254.0,13.08,532.8,30.15,0.0
101,2023,96,1255.0,13.08,365.6,30.17,0.0
101,2023,96,1256.0,13.08,283.2,29.95,0.0
101,2023,96,1257.0,13.08,278.6,29.84,0.0
101,2023,96,1258.0,13.08,333.4,29.81,0.0
101,2023,96,1259.0,13.08,291.4,29.54,0.0
101,2023,96,1300.0,13.08,337.1,29.42,0.0
101,2023,96,1301.0,13.08,787.0,29.4,0.0
101,2023,96,1302.0,13.08,976.0,29.56,0.0
101,2023,96,1303.0,13.08,977.0,29.8,0.0
101,2023,96,1304.0,13.08,978.0,29.89,0.0
101,2023,96,1305.0,13.08,994.0,29.86,0.0
101,2023,96,1306.0,13.08,985.0,29.9,0.0
101,2023,96,1307.0,13.08,1005.0,30.02,0.0
101,2023,96,1308.0,13.08,500.8,30.29,0.0
101,2023,96,1309.0,13.08,428.6,30.12,0.0
101,2023,96,1310.0,13.08,953.0,29.86,0.0
101,2023,96,1311.0,13.07,978.0,29.85,0.0
101,2023,96,1312.0,13.08,833.0,29.85,0.0
101,2023,96,1313.0,13.07,907.0,29.74,0.0
101,2023,96,1314.0,13.07,894.0,29.63,0.0
101,2023,96,1315.0,13.07,887.0,29.72,0.0
101,2023,96,1316.0,13.07,882.0,29.85,0.0
101,2023,96,1317.0,13.07,881.0,29.97,0.0
101,2023,96,1318.0,13.07,888.0,29.84,0.0
101,2023,96,1319.0,13.07,902.0,29.79,0.0
101,2023,96,1320.0,13.07,940.0,29.87,0.0
101,2023,96,1321.0,13.07,970.0,30.17,0.0
101,2023,96,1322.0,13.07,606.8,30.07,0.0
101,2023,96,1323.0,13.06,325.7,29.74,0.0
101,2023,96,1324.0,13.07,857.0,29.55,0.0
101,2023,96,1325.0,13.07,937.0,29.66,0.0
101,2023,96,1326.0,13.06,921.0,29.65,0.0
101,2023,96,1327.0,13.07,862.0,29.66,0.0
101,2023,96,1328.0,13.07,871.0,29.59,0.0
101,2023,96,1329.0,13.06,831.0,29.55,0.0
101,2023,96,1330.0,13.06,874.0,29.72,0.0
101,2023,96,1331.0,13.07,876.0,29.75,0.0
101,2023,96,1332.0,13.06,845.0,29.89,0.0
101,2023,96,1333.0,13.06,520.5,29.86,0.0
101,2023,96,1334.0,13.06,536.5,29.75,0.0
101,2023,96,1335.0,13.06,809.0,29.62,0.0
101,2023,96,1336.0,13.06,900.0,29.57,0.0
101,2023,96,1337.0,13.06,781.0,29.61,0.0
101,2023,96,1338.0,13.06,861.0,29.59,0.0
101,2023,96,1339.0,13.06,826.0,29.68,0.0
101,2023,96,1340.0,13.06,803.0,29.66,0.0
101,2023,96,1341.0,13.06,784.0,29.62,0.0
101,2023,96,1342.0,13.06,771.0,29.72,0.0
101,2023,96,1343.0,13.06,766.0,29.81,0.0
101,2023,96,1344.0,13.06,761.0,29.8,0.0
101,2023,96,1345.0,13.06,751.0,29.96,0.0
101,2023,96,1346.0,13.06,747.0,30.18,0.0
101,2023,96,1347.0,13.06,750.0,30.09,0.0
101,2023,96,1348.0,13.06,743.0,29.84,0.0
101,2023,96,1349.0,13.06,617.8,29.88,0.0
101,2023,96,1350.0,13.06,771.0,30.08,0.0
101,2023,96,1351.0,13.06,773.0,30.02,0.0
101,2023,96,1352.0,13.06,746.0,29.9,0.0
101,2023,96,1353.0,13.06,774.0,30.02,0.0
101,2023,96,1354.0,13.06,277.3,29.91,0.0
101,2023,96,1355.0,13.06,277.8,29.6,0.0
101,2023,96,1356.0,13.06,625.4,29.61,0.0
101,2023,96,1357.0,13.06,702.0,29.71,0.0
101,2023,96,1358.0,13.06,699.0,29.74,0.0
101,2023,96,1359.0,13.06,687.5,29.86,0.0
101,2023,96,1400.0,13.06,685.1,29.82,0.0
101,2023,96,1401.0,13.07,683.9,29.8,0.0
101,2023,96,1402.0,13.06,682.4,29.7,0.0
101,2023,96,1403.0,13.06,683.7,29.57,0.0
101,2023,96,1404.0,13.06,631.3,29.62,0.0
101,2023,96,1405.0,13.06,432.0,29.65,0.0
101,2023,96,1406.0,13.07,662.8,29.7,0.0
101,2023,96,1407.0,13.06,657.8,29.69,0.0
101,2023,96,1408.0,13.06,634.6,29.68,0.0
101,2023,96,1409.0,13.06,638.6,29.73,0.0
101,2023,96,1410.0,13.06,577.3,29.75,0.0
101,2023,96,1411.0,13.06,643.7,29.72,0.0
101,2023,96,1412.0,13.06,634.8,29.65,0.0
101,2023,96,1413.0,13.06,636.2,29.71,0.0
101,2023,96,1414.0,13.06,629.5,29.71,0.0
101,2023,96,0.0,13.06,626.8,29.58,0.0
101,2023,96,1416.0,13.06,623.6,29.44,0.0
101,2023,96,1417.0,13.06,607.7,29.39,0.0
101,2023,96,1418.0,13.06,615.6,29.58,0.0
101,2023,96,1419.0,13.06,610.2,29.73,0.0
101,2023,96,1420.0,13.07,607.9,29.61,0.0
101,2023,96,1421.0,13.06,603.4,29.63,0.0
101,2023,96,1422.0,13.07,599.3,29.72,0.0
101,2023,96,1423.0,13.06,596.0,29.84,0.0
101,2023,96,1424.0,13.06,548.5,29.88,0.0
101,2023,96,1425.0,13.06,587.4,29.83,0.0
101,2023,96,1426.0,13.06,587.0,29.68,0.0
101,2023,96,1427.0,13.06,583.7,29.74,0.0
101,2023,96,1428.0,13.06,582.3,29.7,0.0
101,2023,96,1429.0,13.06,579.9,29.8,0.0
101,2023,96,1430.0,13.07,579.0,29.56,0.0
101,2023,96,1431.0,13.06,578.0,29.55,0.0
101,2023,96,1432.0,13.06,579.4,29.61,0.0
101,2023,96,1433.0,13.06,579.7,29.69,0.0
101,2023,96,1434.0,13.06,581.2,29.63,0.0
101,2023,96,1435.0,13.06,585.5,29.51,0.0
101,2023,96,1436.0,13.07,586.6,29.55,0.0
101,2023,96,1437.0,13.06,587.3,29.61,0.0
101,2023,96,1438.0,13.06,589.3,29.56,0.0
101,2023,96,1439.0,13.06,596.2,29.58,0.0
101,2023,96,1440.0,13.06,615.9,29.59,0.0
101,2023,96,1441.0,13.07,645.3,29.62,0.0
101,2023,96,1442.0,13.06,659.5,29.62,0.0
101,2023,96,1443.0,13.06,647.4,29.79,0.0
101,2023,96,1444.0,13.06,262.2,29.64,0.0
101,2023,96,1445.0,13.06,171.2,29.53,0.0
101,2023,96,1446.0,13.06,158.0,29.28,0.0
101,2023,96,1447.0,13.06,153.8,29.07,0.0
101,2023,96,1448.0,13.07,162.7,28.9,0.0
101,2023,96,1449.0,13.06,188.0,28.9,0.0
101,2023,96,1450.0,13.07,241.7,28.9,0.0
101,2023,96,1451.0,13.07,250.3,28.89,0.0
101,2023,96,1452.0,13.07,182.9,28.93,0.0
101,2023,96,1453.0,13.07,165.8,28.77,0.0
101,2023,96,1454.0,13.07,172.3,28.76,0.0
101,2023,96,1455.0,13.07,262.8,28.63,0.0
101,2023,96,1456.0,13.07,226.8,28.59,0.0
101,2023,96,1457.0,13.08,323.8,28.59,0.0
101,2023,96,1458.0,13.08,552.1,28.69,0.0
101,2023,96,1459.0,13.08,559.8,28.84,0.0
101,2023,96,1500.0,13.07,565.7,29.04,0.0
101,2023,96,1501.0,13.08,570.4,29.15,0.0
101,2023,96,1502.0,13.08,570.5,29.28,0.0
101,2023,96,1503.0,13.08,569.3,29.25,0.0
101,2023,96,1504.0,13.08,571.0,29.16,0.0
101,2023,96,1505.0,13.08,566.7,29.12,0.0
101,2023,96,1506.0,13.07,556.5,28.99,0.0
101,2023,96,1507.0,13.07,542.8,29.04,0.0
101,2023,96,1508.0,13.07,407.1,29.08,0.0
101,2023,96,1509.0,13.07,271.5,29.13,0.0
101,2023,96,1510.0,13.07,279.5,29.06,0.0
101,2023,96,1511.0,13.07,341.4,28.98,0.0
101,2023,96,1512.0,13.07,192.2,28.86,0.0
101,2023,96,1513.0,13.08,187.6,28.73,0.0
101,2023,96,1514.0,13.08,187.1,28.65,0.0
101,2023,96,1515.0,13.07,174.1,28.36,0.0
101,2023,96,1516.0,13.08,168.5,28.17,0.0
101,2023,96,1517.0,13.08,168.3,28.04,0.0
101,2023,96,1518.0,13.08,168.6,27.9,0.0
101,2023,96,1519.0,13.08,171.4,27.83,0.0
101,2023,96,1520.0,13.08,172.0,27.76,0.0
101,2023,96,1521.0,13.08,166.5,27.67,0.0
101,2023,96,1522.0,13.08,162.3,27.59,0.0
101,2023,96,1523.0,13.08,171.1,27.5,0.0
101,2023,96,1524.0,13.09,330.7,27.42,0.0
101,2023,96,1525.0,13.09,321.7,27.47,0.0
101,2023,96,1526.0,13.09,401.0,27.49,0.0
101,2023,96,1527.0,13.09,426.2,27.44,0.0
101,2023,96,1528.0,13.09,435.8,27.47,0.0
101,2023,96,1529.0,13.09,429.9,27.42,0.0
101,2023,96,1530.0,13.09,421.2,27.48,0.0
101,2023,96,1531.0,13.09,411.0,27.58,0.0
101,2023,96,1532.0,13.09,401.7,27.61,0.0
101,2023,96,1533.0,13.09,393.6,27.59,0.0
101,2023,96,1534.0,13.09,388.6,27.65,0.0
101,2023,96,1535.0,13.09,385.6,27.57,0.0
101,2023,96,1536.0,13.09,383.2,27.52,0.0
101,2023,96,1537.0,13.09,380.7,27.58,0.0
101,2023,96,1538.0,13.1,379.2,27.68,0.0
101,2023,96,1539.0,13.09,377.5,27.78,0.0
101,2023,96,1540.0,13.09,375.1,27.83,0.0
101,2023,96,1541.0,13.09,372.4,27.91,0.0
101,2023,96,1542.0,13.09,370.0,27.83,0.0
101,2023,96,1543.0,13.1,368.3,27.86,0.0
101,2023,96,1544.0,13.1,367.9,27.86,0.0
101,2023,96,1545.0,13.1,368.4,27.87,0.0
101,2023,96,1546.0,13.1,365.2,27.95,0.0
101,2023,96,1547.0,13.1,335.2,27.98,0.0
101,2023,96,1548.0,13.1,324.1,27.92,0.0
101,2023,96,1549.0,13.1,304.4,27.86,0.0
101,2023,96,1550.0,13.1,308.6,27.86,0.0
101,2023,96,1551.0,13.1,314.9,27.86,0.0
101,2023,96,1552.0,13.09,310.8,27.77,0.0
101,2023,96,1553.0,13.1,292.4,27.72,0.0
101,2023,96,1554.0,13.1,305.6,27.73,0.0
101,2023,96,1555.0,13.1,313.5,27.69,0.0
101,2023,96,1556.0,13.1,316.3,27.67,0.0
101,2023,96,1557.0,13.1,306.4,27.62,0.0
101,2023,96,1558.0,13.1,295.8,27.6,0.0
101,2023,96,1559.0,13.1,278.8,27.58,0.0
101,2023,96,1600.0,13.1,283.1,27.48,0.0
101,2023,96,1601.0,13.1,293.7,27.43,0.0
101,2023,96,1602.0,13.1,300.8,27.47,0.0
101,2023,96,1603.0,13.1,308.1,27.5,0.0
101,2023,96,1604.0,13.1,312.4,27.41,0.0
101,2023,96,1605.0,13.1,310.6,27.37,0.0
101,2023,96,1606.0,13.1,312.1,27.34,0.0
101,2023,96,1607.0,13.1,318.6,27.28,0.0
101,2023,96,1608.0,13.1,322.4,27.18,0.0
101,2023,96,1609.0,13.1,315.3,27.12,0.0
101,2023,96,1610.0,13.11,312.9,27.07,0.0
101,2023,96,1611.0,13.1,320.2,27.06,0.0
101,2023,96,1612.0,13.11,300.3,27.05,0.0
101,2023,96,1613.0,13.1,314.8,27.11,0.0
101,2023,96,1614.0,13.1,320.1,27.1,0.0
101,2023,96,1615.0,13.11,286.5,27.05,0.0
101,2023,96,1616.0,13.11,311.4,27.02,0.0
101,2023,96,1617.0,13.11,281.4,27.13,0.0
101,2023,96,1618.0,13.11,276.0,27.17,0.0
101,2023,96,1619.0,13.11,272.7,27.13,0.0
101,2023,96,1620.0,13.11,267.9,27.04,0.0
101,2023,96,1621.0,13.11,247.7,27.0,0.0
101,2023,96,1622.0,13.11,246.6,26.94,0.0
101,2023,96,1623.0,13.11,243.5,26.96,0.0
101,2023,96,1624.0,13.11,228.6,27.0,0.0
101,2023,96,1625.0,13.11,240.1,26.97,0.0
101,2023,96,1626.0,13.11,229.0,26.92,0.0
101,2023,96,1627.0,13.11,224.6,26.92,0.0
101,2023,96,1628.0,13.11,205.7,26.91,0.0
101,2023,96,1629.0,13.11,182.9,26.91,0.0
101,2023,96,1630.0,13.11,163.5,26.89,0.0
101,2023,96,1631.0,13.11,154.1,26.79,0.0
101,2023,96,1632.0,13.11,150.5,26.67,0.0
101,2023,96,1633.0,13.11,141.2,26.6,0.0
101,2023,96,1634.0,13.1,132.2,26.53,0.0
101,2023,96,1635.0,13.1,125.7,26.44,0.0
101,2023,96,1636.0,13.1,120.2,26.32,0.0
101,2023,96,1637.0,13.08,120.9,26.24,0.0
101,2023,96,1638.0,13.07,117.3,26.23,0.0
101,2023,96,1639.0,13.07,104.0,26.17,0.0
101,2023,96,1640.0,13.07,99.2,26.1,0.0
101,2023,96,1641.0,13.07,99.0,26.1,0.0
101,2023,96,1642.0,13.06,103.7,26.09,0.0
101,2023,96,1643.0,13.05,99.8,26.1,0.0
101,2023,96,1644.0,13.04,90.7,26.08,0.0
101,2023,96,1645.0,13.03,90.6,26.05,0.0
101,2023,96,1646.0,13.03,90.9,26.02,0.0
101,2023,96,1647.0,13.03,86.7,26.0,0.0
101,2023,96,1648.0,13.03,79.1,25.98,0.0
101,2023,96,1649.0,13.02,72.6,25.96,0.0
101,2023,96,1650.0,13.02,68.14,25.95,0.0
101,2023,96,1651.0,13.01,65.5,25.92,0.0
101,2023,96,1652.0,13.0,62.99,25.86,0.0
101,2023,96,1653.0,13.0,56.59,25.8,0.0
101,2023,96,1654.0,12.99,48.19,25.79,0.0
101,2023,96,1655.0,12.98,42.25,25.79,0.0
101,2023,96,1656.0,12.97,39.88,25.77,0.0
101,2023,96,1657.0,12.97,39.29,25.75,0.0
101,2023,96,1658.0,12.95,35.88,25.74,0.0
101,2023,96,1659.0,12.94,32.78,25.71,0.0
101,2023,96,1700.0,12.94,31.37,25.7,0.0
101,2023,96,1701.0,12.93,29.45,25.66,0.0
101,2023,96,1702.0,12.93,25.73,25.63,0.0
101,2023,96,1703.0,12.93,23.51,25.61,0.0
101,2023,96,1704.0,12.93,22.77,25.6,0.0
101,2023,96,1705.0,12.92,21.98,25.62,0.0
101,2023,96,1706.0,12.91,20.6,25.62,0.0
101,2023,96,1707.0,12.89,19.79,25.6,0.0
101,2023,96,1708.0,12.88,19.05,25.58,0.0
101,2023,96,1709.0,12.87,18.63,25.58,0.0
101,2023,96,1710.0,12.86,17.84,25.59,0.0
101,2023,96,1711.0,12.85,16.57,25.59,0.0
101,2023,96,1712.0,12.84,14.74,25.57,0.0
101,2023,96,1713.0,12.84,13.16,25.54,0.0
101,2023,96,1714.0,12.83,12.12,25.52,0.0
101,2023,96,1715.0,12.83,11.36,25.49,0.0
101,2023,96,1716.0,12.83,10.94,25.47,0.0
101,2023,96,1717.0,12.82,10.96,25.46,0.0
101,2023,96,1718.0,12.81,10.46,25.44,0.0
101,2023,96,1719.0,12.81,8.4,25.43,0.0
101,2023,96,1720.0,12.81,6.595,25.4,0.0
101,2023,96,1721.0,12.81,5.581,25.38,0.0
101,2023,96,1722.0,12.8,4.848,25.37,0.0
101,2023,96,1723.0,12.8,4.228,25.35,0.0
101,2023,96,1724.0,12.8,4.059,25.33,0.0
101,2023,96,1725.0,12.8,4.031,25.31,0.0
101,2023,96,1726.0,12.79,3.721,25.3,0.0
101,2023,96,1727.0,12.79,3.129,25.29,0.0
101,2023,96,1728.0,12.79,2.565,25.27,0.0
101,2023,96,1729.0,12.79,2.368,25.25,0.0
101,2023,96,1730.0,12.79,2.368,25.23,0.0
101,2023,96,1731.0,12.78,2.368,25.2,0.0
101,2023,96,1732.0,12.78,2.142,25.19,0.0
101,2023,96,1733.0,12.78,1.691,25.18,0.0
101,2023,96,1734.0,12.78,1.268,25.19,0.0
101,2023,96,1735.0,12.77,1.015,25.18,0.0
101,2023,96,1736.0,12.77,0.0,25.18,0.0
101,2023,96,1737.0,12.77,0.0,25.18,0.0
101,2023,96,1738.0,12.78,0.0,25.16,0.0
101,2023,96,1739.0,12.77,0.0,25.15,0.0
101,2023,96,1740.0,12.77,0.0,25.15,0.0
101,2023,96,1741.0,12.77,0.0,25.14,0.0
101,2023,96,1742.0,12.77,0.0,25.13,0.0
101,2023,96,1743.0,12.76,0.0,25.11,0.0
101,2023,96,1744.0,12.76,0.0,25.1,0.0
101,2023,96,1745.0,12.76,0.0,25.09,0.0
101,2023,96,1746.0,12.76,0.0,25.09,0.0
101,2023,96,1747.0,12.76,0.0,25.06,0.0
101,2023,96,1748.0,12.76,0.0,25.04,0.0
101,2023,96,1749.0,12.76,0.0,25.02,0.0
101,2023,96,1750.0,12.76,0.0,25.01,0.0
101,2023,96,1751.0,12.76,0.0,25.0,0.0
101,2023,96,1752.0,12.76,0.0,24.98,0.0
101,2023,96,1753.0,12.75,0.0,24.94,0.0
101,2023,96,1754.0,12.75,0.0,24.88,0.0
101,2023,96,1755.0,12.75,0.0,24.87,0.0
101,2023,96,1756.0,12.75,0.0,24.86,0.0
101,2023,96,1757.0,12.75,0.0,24.85,0.0
101,2023,96,1758.0,12.75,0.0,24.85,0.0
101,2023,96,1759.0,12.75,0.0,24.85,0.0
101,2023,96,1800.0,12.75,0.0,24.85,0.0
101,2023,96,1801.0,12.75,0.0,24.86,0.0
101,2023,96,1802.0,12.75,0.0,24.87,0.0
101,2023,96,1803.0,12.74,0.0,24.87,0.0
101,2023,96,1804.0,12.74,0.0,24.88,0.0
101,2023,96,1805.0,12.74,0.0,24.89,0.0
101,2023,96,1806.0,12.74,0.0,24.9,0.0
101,2023,96,1807.0,12.74,0.0,24.92,0.0
101,2023,96,1808.0,12.74,0.0,24.94,0.0
101,2023,96,1809.0,12.74,0.0,24.97,0.0
101,2023,96,1810.0,12.74,0.0,24.96,0.0
101,2023,96,1811.0,12.74,0.0,24.96,0.0
101,2023,96,1812.0,12.73,0.0,24.96,0.0
101,2023,96,1813.0,12.74,0.0,24.97,0.0
101,2023,96,1814.0,12.73,0.0,24.95,0.0
101,2023,96,1815.0,12.74,0.0,24.93,0.0
101,2023,96,1816.0,12.73,0.0,24.91,0.0
101,2023,96,1817.0,12.73,0.0,24.9,0.0
101,2023,96,1818.0,12.73,0.0,24.88,0.0
101,2023,96,1819.0,12.73,0.0,24.87,0.0
101,2023,96,1820.0,12.73,0.0,24.86,0.0
101,2023,96,1821.0,12.73,0.0,24.84,0.0
101,2023,96,1822.0,12.73,0.0,24.84,0.0
101,2023,96,1823.0,12.73,0.0,24.83,0.0
101,2023,96,1824.0,12.73,0.0,24.83,0.0
101,2023,96,1825.0,12.73,0.0,24.82,0.0
101,2023,96,1826.0,12.73,0.0,24.81,0.0
101,2023,96,1827.0,12.73,0.0,24.8,0.0
101,2023,96,1828.0,12.73,0.0,24.78,0.0
101,2023,96,1829.0,12.73,0.0,24.77,0.0
101,2023,96,1830.0,12.72,0.0,24.76,0.0
101,2023,96,1831.0,12.72,0.0,24.74,0.0
101,2023,96,1832.0,12.73,0.0,24.73,0.0
101,2023,96,1833.0,12.72,0.0,24.73,0.0
101,2023,96,1834.0,12.72,0.0,24.71,0.0
101,2023,96,1835.0,12.72,0.0,24.7,0.0
101,2023,96,1836.0,12.72,0.0,24.68,0.0
101,2023,96,1837.0,12.72,0.0,24.68,0.0
101,2023,96,1838.0,12.72,0.0,24.67,0.0
101,2023,96,1839.0,12.72,0.0,24.68,0.0
101,2023,96,1840.0,12.72,0.0,24.68,0.0
101,2023,96,1841.0,12.72,0.0,24.68,0.0
101,2023,96,1842.0,12.72,0.0,24.68,0.0
101,2023,96,1843.0,12.71,0.0,24.66,0.0
101,2023,96,1844.0,12.72,0.0,24.65,0.0
101,2023,96,1845.0,12.72,0.0,24.64,0.0
101,2023,96,1846.0,12.72,0.0,24.62,0.0
101,2023,96,1847.0,12.71,0.0,24.6,0.0
101,2023,96,1848.0,12.71,0.0,24.6,0.0
101,2023,96,1849.0,12.71,0.0,24.58,0.0
101,2023,96,1850.0,12.72,0.0,24.56,0.0
101,2023,96,1851.0,12.71,0.0,24.55,0.0
101,2023,96,1852.0,12.71,0.0,24.53,0.0
101,2023,96,1853.0,12.71,0.0,24.51,0.0
101,2023,96,1854.0,12.71,0.0,24.5,0.0
101,2023,96,1855.0,12.71,0.0,24.49,0.0
101,2023,96,1856.0,12.71,0.0,24.49,0.0
101,2023,96,1857.0,12.71,0.0,24.49,0.0
101,2023,96,1858.0,12.71,0.0,24.5,0.0
101,2023,96,1859.0,12.71,0.0,24.5,0.0
101,2023,96,1900.0,12.71,0.0,24.5,0.0
101,2023,96,1901.0,12.71,0.0,24.51,0.0
101,2023,96,1902.0,12.7,0.0,24.51,0.0
101,2023,96,1903.0,12.71,0.0,24.5,0.0
101,2023,96,1904.0,12.71,0.0,24.5,0.0
101,2023,96,1905.0,12.71,0.0,24.5,0.0
101,2023,96,1906.0,12.71,0.0,24.49,0.0
101,2023,96,1907.0,12.7,0.0,24.5,0.0
101,2023,96,1908.0,12.7,0.0,24.49,0.0
101,2023,96,1909.0,12.7,0.0,24.49,0.0
101,2023,96,1910.0,12.7,0.0,24.49,0.0
101,2023,96,1911.0,12.7,0.0,24.5,0.0
101,2023,96,1912.0,12.7,0.0,24.5,0.0
101,2023,96,1913.0,12.7,0.0,24.5,0.0
101,2023,96,1914.0,12.7,0.0,24.5,0.0
101,2023,96,1915.0,12.7,0.0,24.52,0.0
101,2023,96,1916.0,12.7,0.0,24.53,0.0
101,2023,96,1917.0,12.7,0.0,24.53,0.0
101,2023,96,1918.0,12.7,0.0,24.53,0.0
101,2023,96,1919.0,12.7,0.0,24.53,0.0
101,2023,96,1920.0,12.7,0.0,24.53,0.0
101,2023,96,1921.0,12.7,0.0,24.53,0.0
101,2023,96,1922.0,12.7,0.0,24.53,0.0
101,2023,96,1923.0,12.7,0.0,24.52,0.0
101,2023,96,1924.0,12.7,0.0,24.51,0.0
101,2023,96,1925.0,12.7,0.0,24.51,0.0
101,2023,96,1926.0,12.69,0.0,24.52,0.0
101,2023,96,1927.0,12.7,0.0,24.53,0.0
101,2023,96,1928.0,12.69,0.0,24.53,0.0
101,2023,96,1929.0,12.69,0.0,24.52,0.0
101,2023,96,1930.0,12.69,0.0,24.53,0.0
101,2023,96,1931.0,12.69,0.0,24.53,0.0
101,2023,96,1932.0,12.69,0.0,24.55,0.0
101,2023,96,1933.0,12.69,0.0,24.55,0.0
101,2023,96,1934.0,12.69,0.0,24.55,0.0
101,2023,96,1935.0,12.69,0.0,24.56,0.0
101,2023,96,1936.0,12.69,0.0,24.56,0.0
101,2023,96,1937.0,12.69,0.0,24.52,0.0
101,2023,96,1938.0,12.69,0.0,24.5,0.0
101,2023,96,1939.0,12.69,0.0,24.49,0.0
101,2023,96,1940.0,12.69,0.0,24.46,0.0
101,2023,96,1941.0,12.69,0.0,24.41,0.0
101,2023,96,1942.0,12.69,0.0,24.37,0.0
101,2023,96,1943.0,12.69,0.0,24.33,0.0
101,2023,96,1944.0,12.69,0.0,24.3,0.0
101,2023,96,1945.0,12.69,0.0,24.29,0.0
101,2023,96,1946.0,12.69,0.0,24.28,0.0
101,2023,96,1947.0,12.69,0.0,24.28,0.0
101,2023,96,1948.0,12.69,0.0,24.28,0.0
101,2023,96,1949.0,12.69,0.0,24.29,0.0
101,2023,96,1950.0,12.69,0.0,24.28,0.0
101,2023,96,1951.0,12.68,0.0,24.28,0.0
101,2023,96,1952.0,12.69,0.0,24.28,0.0
101,2023,96,1953.0,12.69,0.0,24.26,0.0
101,2023,96,1954.0,12.69,0.0,24.27,0.0
101,2023,96,1955.0,12.69,0.0,24.31,0.0
101,2023,96,1956.0,12.68,0.0,24.32,0.0
101,2023,96,1957.0,12.69,0.0,24.34,0.0
101,2023,96,1958.0,12.68,0.0,24.35,0.0
101,2023,96,1959.0,12.68,0.0,24.35,0.0
101,2023,96,2000.0,12.69,0.0,24.32,0.0
101,2023,96,2001.0,12.68,0.0,24.29,0.0
101,2023,96,2002.0,12.68,0.0,24.27,0.0
101,2023,96,2003.0,12.68,0.0,24.26,0.0
101,2023,96,2004.0,12.68,0.0,24.26,0.0
101,2023,96,2005.0,12.68,0.0,24.26,0.0
101,2023,96,2006.0,12.68,0.0,24.27,0.0
101,2023,96,2007.0,12.68,0.0,24.27,0.0
101,2023,96,2008.0,12.68,0.0,24.28,0.0
101,2023,96,2009.0,12.68,0.0,24.28,0.0
101,2023,96,2010.0,12.68,0.0,24.29,0.0
101,2023,96,2011.0,12.68,0.0,24.3,0.0
101,2023,96,2012.0,12.68,0.0,24.27,0.0
101,2023,96,2013.0,12.68,0.0,24.26,0.0
101,2023,96,2014.0,12.68,0.0,24.24,0.0
101,2023,96,2015.0,12.68,0.0,24.23,0.0
101,2023,96,2016.0,12.68,0.0,24.23,0.0
101,2023,96,2017.0,12.68,0.0,24.23,0.0
101,2023,96,2018.0,12.68,0.0,24.24,0.0
101,2023,96,2019.0,12.68,0.0,24.24,0.0
101,2023,96,2020.0,12.68,0.0,24.25,0.0
101,2023,96,2021.0,12.67,0.0,24.26,0.0
101,2023,96,2022.0,12.68,0.0,24.26,0.0
101,2023,96,2023.0,12.68,0.0,24.26,0.0
101,2023,96,2024.0,12.68,0.0,24.24,0.0
101,2023,96,2025.0,12.67,0.0,24.23,0.0
101,2023,96,2026.0,12.67,0.0,24.24,0.0
101,2023,96,2027.0,12.67,0.0,24.23,0.0
101,2023,96,2028.0,12.67,0.0,24.22,0.0
101,2023,96,2029.0,12.67,0.0,24.22,0.0
101,2023,96,2030.0,12.67,0.0,24.23,0.0
101,2023,96,2031.0,12.67,0.0,24.23,0.0
101,2023,96,2032.0,12.67,0.0,24.22,0.0
101,2023,96,2033.0,12.67,0.0,24.23,0.0
101,2023,96,2034.0,12.67,0.0,24.22,0.0
101,2023,96,2035.0,12.67,0.0,24.21,0.0
101,2023,96,2036.0,12.67,0.0,24.2,0.0
101,2023,96,2037.0,12.67,0.0,24.16,0.0
101,2023,96,2038.0,12.67,0.0,24.09,0.0
101,2023,96,2039.0,12.67,0.0,24.05,0.0
101,2023,96,2040.0,12.67,0.0,24.05,0.0
101,2023,96,2041.0,12.67,0.0,24.03,0.0
101,2023,96,2042.0,12.67,0.0,23.97,0.0
101,2023,96,2043.0,12.67,0.0,23.91,0.0
101,2023,96,2044.0,12.67,0.0,23.84,0.0
101,2023,96,2045.0,12.67,0.0,23.82,0.0
101,2023,96,2046.0,12.67,0.0,23.8,0.0
101,2023,96,2047.0,12.67,0.0,23.78,0.0
101,2023,96,2048.0,12.67,0.0,23.76,0.0
101,2023,96,2049.0,12.67,0.0,23.73,0.0
101,2023,96,2050.0,12.66,0.0,23.68,0.0
101,2023,96,2051.0,12.66,0.0,23.63,0.0
101,2023,96,2052.0,12.67,0.0,23.59,0.0
101,2023,96,2053.0,12.67,0.0,23.57,0.0
101,2023,96,2054.0,12.66,0.0,23.54,0.0
101,2023,96,2055.0,12.66,0.0,23.52,0.0
101,2023,96,2056.0,12.66,0.0,23.5,0.0
101,2023,96,2057.0,12.66,0.0,23.51,0.0
101,2023,96,2058.0,12.66,0.0,23.53,0.0
101,2023,96,2059.0,12.66,0.0,23.52,0.0
101,2023,96,2100.0,12.66,0.0,23.49,0.0
101,2023,96,2101.0,12.66,0.0,23.49,0.0
101,2023,96,2102.0,12.66,0.0,23.52,0.0
101,2023,96,2103.0,12.66,0.0,23.53,0.0
101,2023,96,2104.0,12.66,0.0,23.53,0.0
101,2023,96,2105.0,12.66,0.0,23.53,0.0
101,2023,96,2106.0,12.66,0.0,23.48,0.0
101,2023,96,2107.0,12.66,0.0,23.43,0.0
101,2023,96,2108.0,12.66,0.0,23.4,0.0
101,2023,96,2109.0,12.66,0.0,23.39,0.0
101,2023,96,2110.0,12.66,0.0,23.36,0.0
101,2023,96,2111.0,12.66,0.0,23.32,0.0
101,2023,96,2112.0,12.65,0.0,23.28,0.0
101,2023,96,2113.0,12.66,0.0,23.25,0.0
101,2023,96,2114.0,12.66,0.0,23.24,0.0
101,2023,96,2115.0,12.65,0.0,23.23,0.0
101,2023,96,2116.0,12.65,0.0,23.21,0.0
101,2023,96,2117.0,12.65,0.0,23.2,0.0
101,2023,96,2118.0,12.65,0.0,23.2,0.0
101,2023,96,2119.0,12.65,0.0,23.19,0.0
101,2023,96,2120.0,12.65,0.0,23.18,0.0
101,2023,96,2121.0,12.65,0.0,23.2,0.0
101,2023,96,2122.0,12.65,0.0,23.21,0.0
101,2023,96,2123.0,12.65,0.0,23.18,0.0
101,2023,96,2124.0,12.65,0.0,23.15,0.0
101,2023,96,2125.0,12.65,0.0,23.11,0.0
101,2023,96,2126.0,12.65,0.0,23.12,0.0
101,2023,96,2127.0,12.65,0.0,23.17,0.0
101,2023,96,2128.0,12.65,0.0,23.23,0.0
101,2023,96,2129.0,12.65,0.0,23.26,0.0
101,2023,96,2130.0,12.65,0.0,23.27,0.0
101,2023,96,2131.0,12.65,0.0,23.25,0.0
101,2023,96,2132.0,12.65,0.0,23.27,0.0
101,2023,96,2133.0,12.65,0.0,23.3,0.0
101,2023,96,2134.0,12.65,0.0,23.32,0.0
101,2023,96,2135.0,12.65,0.0,23.34,0.0
101,2023,96,2136.0,12.65,0.0,23.38,0.0
101,2023,96,2137.0,12.65,0.0,23.4,0.0
101,2023,96,2138.0,12.65,0.0,23.42,0.0
101,2023,96,2139.0,12.65,0.0,23.38,0.0
101,2023,96,2140.0,12.65,0.0,23.32,0.0
101,2023,96,2141.0,12.65,0.0,23.3,0.0
101,2023,96,2142.0,12.64,0.0,23.29,0.0
101,2023,96,2143.0,12.65,0.0,23.28,0.0
101,2023,96,2144.0,12.65,0.0,23.25,0.0
101,2023,96,2145.0,12.64,0.0,23.23,0.0
101,2023,96,2146.0,12.64,0.0,23.21,0.0
101,2023,96,2147.0,12.64,0.0,23.17,0.0
101,2023,96,2148.0,12.64,0.0,23.14,0.0
101,2023,96,2149.0,12.64,0.0,23.14,0.0
101,2023,96,2150.0,12.64,0.0,23.14,0.0
101,2023,96,2151.0,12.65,0.0,23.12,0.0
101,2023,96,2152.0,12.64,0.0,23.11,0.0
101,2023,96,2153.0,12.64,0.0,23.09,0.0
101,2023,96,2154.0,12.64,0.0,23.06,0.0
101,2023,96,2155.0,12.64,0.0,23.02,0.0
101,2023,96,2156.0,12.64,0.0,22.97,0.0
101,2023,96,2157.0,12.64,0.0,22.95,0.0
101,2023,96,2158.0,12.64,0.0,22.93,0.0
101,2023,96,2159.0,12.64,0.0,22.92,0.0
101,2023,96,2200.0,12.64,0.0,22.91,0.0
101,2023,96,2201.0,12.64,0.0,22.87,0.0
101,2023,96,2202.0,12.64,0.0,22.85,0.0
101,2023,96,2203.0,12.64,0.0,22.82,0.0
101,2023,96,2204.0,12.64,0.0,22.76,0.0
101,2023,96,2205.0,12.64,0.0,22.73,0.0
101,2023,96,2206.0,12.64,0.0,22.73,0.0
101,2023,96,2207.0,12.64,0.0,22.71,0.0
101,2023,96,2208.0,12.64,0.0,22.71,0.0
101,2023,96,2209.0,12.64,0.0,22.73,0.0
101,2023,96,2210.0,12.64,0.0,22.79,0.0
101,2023,96,2211.0,12.64,0.0,22.9,0.0
101,2023,96,2212.0,12.64,0.0,22.93,0.0
101,2023,96,2213.0,12.64,0.0,22.9,0.0
101,2023,96,2214.0,12.64,0.0,22.89,0.0
101,2023,96,2215.0,12.64,0.0,22.87,0.0
101,2023,96,2216.0,12.64,0.0,22.86,0.0
101,2023,96,2217.0,12.64,0.0,22.93,0.0
101,2023,96,2218.0,12.64,0.0,22.97,0.0
101,2023,96,2219.0,12.64,0.0,23.0,0.0
101,2023,96,2220.0,12.63,0.0,23.0,0.0
101,2023,96,2221.0,12.64,0.0,23.01,0.0
101,2023,96,2222.0,12.63,0.0,23.04,0.0
101,2023,96,2223.0,12.63,0.0,23.05,0.0
101,2023,96,2224.0,12.63,0.0,23.06,0.0
101,2023,96,2225.0,12.63,0.0,23.07,0.0
101,2023,96,2226.0,12.63,0.0,23.08,0.0
101,2023,96,2227.0,12.63,0.0,23.05,0.0
101,2023,96,2228.0,12.63,0.0,23.01,0.0
101,2023,96,2229.0,12.63,0.0,23.0,0.0
101,2023,96,2230.0,12.63,0.0,22.99,0.0
101,2023,96,2231.0,12.63,0.0,22.97,0.0
101,2023,96,2232.0,12.63,0.0,22.94,0.0
101,2023,96,2233.0,12.63,0.0,22.92,0.0
101,2023,96,2234.0,12.63,0.0,22.91,0.0
101,2023,96,2235.0,12.63,0.0,22.88,0.0
101,2023,96,2236.0,12.63,0.0,22.85,0.0
101,2023,96,2237.0,12.63,0.0,22.86,0.0
101,2023,96,2238.0,12.63,0.0,22.86,0.0
101,2023,96,2239.0,12.63,0.0,22.85,0.0
101,2023,96,2240.0,12.63,0.0,22.83,0.0
101,2023,96,2241.0,12.63,0.0,22.8,0.0
101,2023,96,2242.0,12.63,0.0,22.77,0.0
101,2023,96,2243.0,12.63,0.0,22.73,0.0
101,2023,96,2244.0,12.63,0.0,22.7,0.0
101,2023,96,2245.0,12.63,0.0,22.69,0.0
101,2023,96,2246.0,12.63,0.0,22.66,0.0
101,2023,96,2247.0,12.63,0.0,22.64,0.0
101,2023,96,2248.0,12.63,0.0,22.61,0.0
101,2023,96,2249.0,12.63,0.0,22.6,0.0
101,2023,96,2250.0,12.63,0.0,22.6,0.0
101,2023,96,2251.0,12.63,0.0,22.61,0.0
101,2023,96,2252.0,12.63,0.0,22.67,0.0
101,2023,96,2253.0,12.63,0.0,22.74,0.0
101,2023,96,2254.0,12.63,0.0,22.74,0.0
101,2023,96,2255.0,12.63,0.0,22.77,0.0
101,2023,96,2256.0,12.63,0.0,22.79,0.0
101,2023,96,2257.0,12.63,0.0,22.77,0.0
101,2023,96,2258.0,12.63,0.0,22.75,0.0
101,2023,96,2259.0,12.63,0.0,22.75,0.0
101,2023,96,2300.0,12.63,0.0,22.75,0.0
101,2023,96,2301.0,12.62,0.0,22.73,0.0
101,2023,96,2302.0,12.62,0.0,22.72,0.0
101,2023,96,2303.0,12.63,0.0,22.74,0.0
101,2023,96,2304.0,12.62,0.0,22.79,0.0
101,2023,96,2305.0,12.62,0.0,22.79,0.0
101,2023,96,2306.0,12.62,0.0,22.8,0.0
101,2023,96,2307.0,12.63,0.0,22.8,0.0
101,2023,96,2308.0,12.62,0.0,22.78,0.0
101,2023,96,2309.0,12.62,0.0,22.74,0.0
101,2023,96,2310.0,12.62,0.0,22.74,0.0
101,2023,96,2311.0,12.62,0.0,22.75,0.0
101,2023,96,2312.0,12.62,0.0,22.81,0.0
101,2023,96,2313.0,12.62,0.0,22.87,0.0
101,2023,96,2314.0,12.62,0.0,22.92,0.0
101,2023,96,2315.0,12.62,0.0,22.95,0.0
101,2023,96,2316.0,12.62,0.0,22.97,0.0
101,2023,96,2317.0,12.62,0.0,23.0,0.0
101,2023,96,2318.0,12.62,0.0,23.01,0.0
101,2023,96,2319.0,12.62,0.0,23.02,0.0
101,2023,96,2320.0,12.62,0.0,23.02,0.0
101,2023,96,2321.0,12.62,0.0,23.02,0.0
101,2023,96,2322.0,12.62,0.0,23.02,0.0
101,2023,96,2323.0,12.62,0.0,23.0,0.0
101,2023,96,2324.0,12.62,0.0,22.97,0.0
101,2023,96,2325.0,12.62,0.0,22.9,0.0
101,2023,96,2326.0,12.62,0.0,22.83,0.0
101,2023,96,2327.0,12.62,0.0,22.8,0.0
101,2023,96,2328.0,12.62,0.0,22.78,0.0
101,2023,96,2329.0,12.62,0.0,22.75,0.0
101,2023,96,2330.0,12.62,0.0,22.77,0.0
101,2023,96,2331.0,12.62,0.0,22.77,0.0
101,2023,96,2332.0,12.62,0.0,22.76,0.0
101,2023,96,2333.0,12.62,0.0,22.77,0.0
101,2023,96,2334.0,12.62,0.0,22.78,0.0
101,2023,96,2335.0,12.62,0.0,22.78,0.0
101,2023,96,2336.0,12.62,0.0,22.75,0.0
101,2023,96,2337.0,12.62,0.0,22.73,0.0
101,2023,96,2338.0,12.62,0.0,22.73,0.0
101,2023,96,2339.0,12.62,0.0,22.71,0.0
101,2023,96,2340.0,12.62,0.0,22.68,0.0
101,2023,96,2341.0,12.62,0.0,22.64,0.0
101,2023,96,2342.0,12.62,0.0,22.62,0.0
101,2023,96,2343.0,12.62,0.0,22.59,0.0
101,2023,96,2344.0,12.62,0.0,22.56,0.0
101,2023,96,2345.0,12.62,0.0,22.56,0.0
101,2023,96,2346.0,12.62,0.0,22.59,0.0
101,2023,96,2347.0,12.62,0.0,22.6,0.0
101,2023,96,2348.0,12.61,0.0,22.6,0.0
101,2023,96,2349.0,12.61,0.0,22.61,0.0
101,2023,96,2350.0,12.61,0.0,22.62,0.0
101,2023,96,2351.0,12.61,0.0,22.64,0.0
101,2023,96,2352.0,12.61,0.0,22.64,0.0
101,2023,96,2353.0,12.61,0.0,22.64,0.0
101,2023,96,2354.0,12.61,0.0,22.63,0.0
101,2023,96,2355.0,12.61,0.0,22.62,0.0
101,2023,96,2356.0,12.61,0.0,22.61,0.0
101,2023,96,2357.0,12.61,0.0,22.6,0.0
101,2023,96,2358.0,12.61,0.0,22.61,0.0
101,2023,96,2359.0,12.61,0.0,22.61,0.0
