a,b,dia_juliano,d,e,f,g,h
101,2023,74,0.0,12.65,0.0,24.36,0.0
101,2023,74,1.0,12.64,0.0,24.37,0.0
101,2023,74,2.0,12.64,0.0,24.35,0.0
101,2023,74,3.0,12.64,0.0,24.34,0.0
101,2023,74,4.0,12.64,0.0,24.34,0.0
101,2023,74,5.0,12.65,0.0,24.33,0.0
101,2023,74,6.0,12.64,0.0,24.32,0.0
101,2023,74,7.0,12.64,0.0,24.31,0.0
101,2023,74,8.0,12.64,0.0,24.3,0.0
101,2023,74,9.0,12.64,0.0,24.29,0.0
101,2023,74,10.0,12.64,0.0,24.28,0.0
101,2023,74,11.0,12.64,0.0,24.28,0.0
101,2023,74,12.0,12.64,0.0,24.28,0.0
101,2023,74,13.0,12.64,0.0,24.32,0.0
101,2023,74,14.0,12.64,0.0,24.34,0.0
101,2023,74,15.0,12.64,0.0,24.35,0.0
101,2023,74,16.0,12.64,0.0,24.38,0.0
101,2023,74,17.0,12.64,0.0,24.42,0.0
101,2023,74,18.0,12.64,0.0,24.42,0.0
101,2023,74,19.0,12.64,0.0,24.43,0.0
101,2023,74,20.0,12.64,0.0,24.43,0.0
101,2023,74,21.0,12.64,0.0,24.43,0.0
101,2023,74,22.0,12.64,0.0,24.44,0.0
101,2023,74,23.0,12.64,0.0,24.47,0.0
101,2023,74,24.0,12.64,0.0,24.5,0.0
101,2023,74,25.0,12.64,0.0,24.51,0.0
101,2023,74,26.0,12.64,0.0,24.53,0.0
101,2023,74,27.0,12.64,0.0,24.55,0.0
101,2023,74,28.0,12.64,0.0,24.58,0.0
101,2023,74,29.0,12.64,0.0,24.63,0.0
101,2023,74,30.0,12.64,0.0,24.65,0.0
101,2023,74,31.0,12.64,0.0,24.68,0.0
101,2023,74,32.0,12.64,0.0,24.69,0.0
101,2023,74,33.0,12.64,0.0,24.7,0.0
101,2023,74,34.0,12.64,0.0,24.72,0.0
101,2023,74,35.0,12.64,0.0,24.71,0.0
101,2023,74,36.0,12.64,0.0,24.71,0.0
101,2023,74,37.0,12.64,0.0,24.71,0.0
101,2023,74,38.0,12.64,0.0,24.72,0.0
101,2023,74,39.0,12.64,0.0,24.72,0.0
101,2023,74,40.0,12.64,0.0,24.72,0.0
101,2023,74,41.0,12.64,0.0,24.73,0.0
101,2023,74,42.0,12.64,0.0,24.75,0.0
101,2023,74,43.0,12.64,0.0,24.75,0.0
101,2023,74,44.0,12.63,0.0,24.74,0.0
101,2023,74,45.0,12.64,0.0,24.74,0.0
101,2023,74,46.0,12.64,0.0,24.75,0.0
101,2023,74,47.0,12.63,0.0,24.74,0.0
101,2023,74,48.0,12.64,0.0,24.76,0.0
101,2023,74,49.0,12.63,0.0,24.77,0.0
101,2023,74,50.0,12.64,0.0,24.77,0.0
101,2023,74,51.0,12.64,0.0,24.77,0.0
101,2023,74,52.0,12.64,0.0,24.76,0.0
101,2023,74,53.0,12.64,0.0,24.74,0.0
101,2023,74,54.0,12.64,0.0,24.72,0.0
101,2023,74,55.0,12.63,0.0,24.71,0.0
101,2023,74,56.0,12.63,0.0,24.69,0.0
101,2023,74,57.0,12.63,0.0,24.7,0.0
101,2023,74,58.0,12.64,0.0,24.71,0.0
101,2023,74,59.0,12.64,0.0,24.7,0.0
101,2023,74,100.0,12.63,0.0,24.7,0.0
101,2023,74,101.0,12.64,0.0,24.69,0.0
101,2023,74,102.0,12.63,0.0,24.68,0.0
101,2023,74,103.0,12.64,0.0,24.66,0.0
101,2023,74,104.0,12.63,0.0,24.65,0.0
101,2023,74,105.0,12.63,0.0,24.64,0.0
101,2023,74,106.0,12.63,0.0,24.64,0.0
101,2023,74,107.0,12.63,0.0,24.64,0.0
101,2023,74,108.0,12.64,0.0,24.64,0.0
101,2023,74,109.0,12.63,0.0,24.66,0.0
101,2023,74,110.0,12.63,0.0,24.68,0.0
101,2023,74,111.0,12.63,0.0,24.69,0.0
101,2023,74,112.0,12.63,0.0,24.7,0.0
101,2023,74,113.0,12.63,0.0,24.72,0.0
101,2023,74,114.0,12.63,0.0,24.72,0.0
101,2023,74,115.0,12.63,0.0,24.73,0.0
101,2023,74,116.0,12.63,0.0,24.73,0.0
101,2023,74,117.0,12.63,0.0,24.74,0.0
101,2023,74,118.0,12.63,0.0,24.74,0.0
101,2023,74,119.0,12.63,0.0,24.75,0.0
101,2023,74,120.0,12.63,0.0,24.75,0.0
101,2023,74,121.0,12.63,0.0,24.76,0.0
101,2023,74,122.0,12.63,0.0,24.77,0.0
101,2023,74,123.0,12.63,0.0,24.77,0.0
101,2023,74,124.0,12.63,0.0,24.77,0.0
101,2023,74,125.0,12.63,0.0,24.78,0.0
101,2023,74,126.0,12.63,0.0,24.77,0.0
101,2023,74,127.0,12.63,0.0,24.76,0.0
101,2023,74,128.0,12.63,0.0,24.76,0.0
101,2023,74,129.0,12.63,0.0,24.76,0.0
101,2023,74,130.0,12.63,0.0,24.77,0.0
101,2023,74,131.0,12.63,0.0,24.78,0.0
101,2023,74,132.0,12.63,0.0,24.77,0.0
101,2023,74,133.0,12.63,0.0,24.78,0.0
101,2023,74,134.0,12.63,0.0,24.77,0.0
101,2023,74,135.0,12.63,0.0,24.77,0.0
101,2023,74,136.0,12.63,0.0,24.75,0.0
101,2023,74,137.0,12.63,0.0,24.74,0.0
101,2023,74,138.0,12.63,0.0,24.75,0.0
101,2023,74,139.0,12.63,0.0,24.77,0.0
101,2023,74,140.0,12.63,0.0,24.77,0.0
101,2023,74,141.0,12.63,0.0,24.78,0.0
101,2023,74,142.0,12.63,0.0,24.79,0.0
101,2023,74,143.0,12.63,0.0,24.8,0.0
101,2023,74,144.0,12.63,0.0,24.8,0.0
101,2023,74,145.0,12.63,0.0,24.79,0.0
101,2023,74,146.0,12.63,0.0,24.79,0.0
101,2023,74,147.0,12.63,0.0,24.8,0.0
101,2023,74,148.0,12.63,0.0,24.8,0.0
101,2023,74,149.0,12.63,0.0,24.79,0.0
101,2023,74,150.0,12.63,0.0,24.8,0.0
101,2023,74,151.0,12.62,0.0,24.81,0.0
101,2023,74,152.0,12.63,0.0,24.81,0.0
101,2023,74,153.0,12.63,0.0,24.81,0.0
101,2023,74,154.0,12.63,0.0,24.79,0.0
101,2023,74,155.0,12.62,0.0,24.78,0.0
101,2023,74,156.0,12.63,0.0,24.78,0.0
101,2023,74,157.0,12.63,0.0,24.79,0.0
101,2023,74,158.0,12.63,0.0,24.79,0.0
101,2023,74,159.0,12.62,0.0,24.79,0.0
101,2023,74,200.0,12.62,0.0,24.76,0.0
101,2023,74,201.0,12.63,0.0,24.73,0.0
101,2023,74,202.0,12.63,0.0,24.7,0.0
101,2023,74,203.0,12.62,0.0,24.69,0.0
101,2023,74,204.0,12.63,0.0,24.66,0.0
101,2023,74,205.0,12.63,0.0,24.62,0.0
101,2023,74,206.0,12.62,0.0,24.58,0.0
101,2023,74,207.0,12.62,0.0,24.57,0.0
101,2023,74,208.0,12.63,0.0,24.58,0.0
101,2023,74,209.0,12.62,0.0,24.57,0.0
101,2023,74,210.0,12.62,0.0,24.57,0.0
101,2023,74,211.0,12.62,0.0,24.57,0.0
101,2023,74,212.0,12.62,0.0,24.58,0.0
101,2023,74,213.0,12.62,0.0,24.58,0.0
101,2023,74,214.0,12.62,0.0,24.57,0.0
101,2023,74,215.0,12.62,0.0,24.56,0.0
101,2023,74,216.0,12.62,0.0,24.56,0.0
101,2023,74,217.0,12.62,0.0,24.56,0.0
101,2023,74,218.0,12.62,0.0,24.56,0.0
101,2023,74,219.0,12.62,0.0,24.56,0.0
101,2023,74,220.0,12.62,0.0,24.55,0.0
101,2023,74,221.0,12.62,0.0,24.54,0.0
101,2023,74,222.0,12.62,0.0,24.55,0.0
101,2023,74,223.0,12.62,0.0,24.54,0.0
101,2023,74,224.0,12.62,0.0,24.52,0.0
101,2023,74,225.0,12.62,0.0,24.49,0.0
101,2023,74,226.0,12.62,0.0,24.48,0.0
101,2023,74,227.0,12.62,0.0,24.45,0.0
101,2023,74,228.0,12.62,0.0,24.42,0.0
101,2023,74,229.0,12.62,0.0,24.39,0.0
101,2023,74,230.0,12.62,0.0,24.37,0.0
101,2023,74,231.0,12.62,0.0,24.34,0.0
101,2023,74,232.0,12.62,0.0,24.32,0.0
101,2023,74,233.0,12.62,0.0,24.3,0.0
101,2023,74,234.0,12.62,0.0,24.28,0.0
101,2023,74,235.0,12.62,0.0,24.27,0.0
101,2023,74,236.0,12.62,0.0,24.28,0.0
101,2023,74,237.0,12.62,0.0,24.28,0.0
101,2023,74,238.0,12.62,0.0,24.25,0.0
101,2023,74,239.0,12.61,0.0,24.24,0.0
101,2023,74,240.0,12.62,0.0,24.2,0.0
101,2023,74,241.0,12.62,0.0,24.19,0.0
101,2023,74,242.0,12.62,0.0,24.18,0.0
101,2023,74,243.0,12.61,0.0,24.19,0.0
101,2023,74,244.0,12.61,0.0,24.16,0.0
101,2023,74,245.0,12.61,0.0,24.12,0.0
101,2023,74,246.0,12.61,0.0,24.09,0.0
101,2023,74,247.0,12.61,0.0,24.05,0.0
101,2023,74,248.0,12.61,0.0,24.01,0.0
101,2023,74,249.0,12.61,0.0,24.0,0.0
101,2023,74,250.0,12.61,0.0,23.99,0.0
101,2023,74,251.0,12.61,0.0,23.97,0.0
101,2023,74,252.0,12.61,0.0,23.96,0.0
101,2023,74,253.0,12.61,0.0,23.92,0.0
101,2023,74,254.0,12.61,0.0,23.93,0.0
101,2023,74,255.0,12.61,0.0,23.96,0.0
101,2023,74,256.0,12.61,0.0,23.96,0.0
101,2023,74,257.0,12.61,0.0,23.97,0.0
101,2023,74,258.0,12.61,0.0,23.96,0.0
101,2023,74,259.0,12.61,0.0,23.95,0.0
101,2023,74,300.0,12.61,0.0,23.95,0.0
101,2023,74,301.0,12.61,0.0,23.93,0.0
101,2023,74,302.0,12.61,0.0,23.93,0.0
101,2023,74,303.0,12.61,0.0,23.93,0.0
101,2023,74,304.0,12.61,0.0,23.94,0.0
101,2023,74,305.0,12.61,0.0,23.94,0.0
101,2023,74,306.0,12.61,0.0,23.93,0.0
101,2023,74,307.0,12.61,0.0,23.92,0.0
101,2023,74,308.0,12.61,0.0,23.9,0.0
101,2023,74,309.0,12.61,0.0,23.9,0.0
101,2023,74,310.0,12.61,0.0,23.89,0.0
101,2023,74,311.0,12.61,0.0,23.88,0.0
101,2023,74,312.0,12.61,0.0,23.88,0.0
101,2023,74,313.0,12.61,0.0,23.87,0.0
101,2023,74,314.0,12.61,0.0,23.86,0.0
101,2023,74,315.0,12.61,0.0,23.86,0.0
101,2023,74,316.0,12.61,0.0,23.86,0.0
101,2023,74,317.0,12.61,0.0,23.87,0.0
101,2023,74,318.0,12.61,0.0,23.87,0.0
101,2023,74,319.0,12.61,0.0,23.86,0.0
101,2023,74,320.0,12.61,0.0,23.87,0.0
101,2023,74,321.0,12.6,0.0,23.86,0.0
101,2023,74,322.0,12.6,0.0,23.85,0.0
101,2023,74,323.0,12.6,0.0,23.85,0.0
101,2023,74,324.0,12.6,0.0,23.85,0.0
101,2023,74,325.0,12.6,0.0,23.85,0.0
101,2023,74,326.0,12.6,0.0,23.85,0.0
101,2023,74,327.0,12.6,0.0,23.83,0.0
101,2023,74,328.0,12.6,0.0,23.8,0.0
101,2023,74,329.0,12.6,0.0,23.77,0.0
101,2023,74,330.0,12.6,0.0,23.75,0.0
101,2023,74,331.0,12.6,0.0,23.75,0.0
101,2023,74,332.0,12.6,0.0,23.75,0.0
101,2023,74,333.0,12.6,0.0,23.76,0.0
101,2023,74,334.0,12.6,0.0,23.78,0.0
101,2023,74,335.0,12.6,0.0,23.8,0.0
101,2023,74,336.0,12.6,0.0,23.81,0.0
101,2023,74,337.0,12.6,0.0,23.82,0.0
101,2023,74,338.0,12.6,0.0,23.82,0.0
101,2023,74,339.0,12.6,0.0,23.81,0.0
101,2023,74,340.0,12.6,0.0,23.81,0.0
101,2023,74,341.0,12.6,0.0,23.8,0.0
101,2023,74,342.0,12.6,0.0,23.8,0.0
101,2023,74,343.0,12.6,0.0,23.8,0.0
101,2023,74,344.0,12.6,0.0,23.8,0.0
101,2023,74,345.0,12.6,0.0,23.8,0.0
101,2023,74,346.0,12.59,0.0,23.79,0.0
101,2023,74,347.0,12.6,0.0,23.79,0.0
101,2023,74,348.0,12.6,0.0,23.79,0.0
101,2023,74,349.0,12.6,0.0,23.78,0.0
101,2023,74,350.0,12.6,0.0,23.78,0.0
101,2023,74,351.0,12.6,0.0,23.78,0.0
101,2023,74,352.0,12.6,0.0,23.78,0.0
101,2023,74,353.0,12.6,0.0,23.77,0.0
101,2023,74,354.0,12.6,0.0,23.78,0.0
101,2023,74,355.0,12.6,0.0,23.77,0.0
101,2023,74,356.0,12.6,0.0,23.77,0.0
101,2023,74,357.0,12.6,0.0,23.76,0.0
101,2023,74,358.0,12.6,0.0,23.76,0.0
101,2023,74,359.0,12.6,0.0,23.75,0.0
101,2023,74,400.0,12.6,0.0,23.74,0.0
101,2023,74,401.0,12.6,0.0,23.74,0.0
101,2023,74,402.0,12.6,0.0,23.74,0.0
101,2023,74,403.0,12.59,0.0,23.73,0.0
101,2023,74,404.0,12.6,0.0,23.73,0.0
101,2023,74,405.0,12.6,0.0,23.72,0.0
101,2023,74,406.0,12.59,0.0,23.72,0.0
101,2023,74,407.0,12.59,0.0,23.72,0.0
101,2023,74,408.0,12.6,0.0,23.74,0.0
101,2023,74,409.0,12.6,0.0,23.79,0.0
101,2023,74,410.0,12.6,0.0,23.8,0.0
101,2023,74,411.0,12.59,0.0,23.82,0.0
101,2023,74,412.0,12.59,0.0,23.83,0.0
101,2023,74,413.0,12.59,0.0,23.84,0.0
101,2023,74,414.0,12.59,0.0,23.83,0.0
101,2023,74,415.0,12.6,0.0,23.81,0.0
101,2023,74,416.0,12.59,0.0,23.79,0.0
101,2023,74,417.0,12.59,0.0,23.79,0.0
101,2023,74,418.0,12.59,0.0,23.79,0.0
101,2023,74,419.0,12.59,0.0,23.8,0.0
101,2023,74,420.0,12.59,0.0,23.81,0.0
101,2023,74,421.0,12.59,0.0,23.81,0.0
101,2023,74,422.0,12.59,0.0,23.82,0.0
101,2023,74,423.0,12.59,0.0,23.82,0.0
101,2023,74,424.0,12.59,0.0,23.78,0.0
101,2023,74,425.0,12.59,0.0,23.75,0.0
101,2023,74,426.0,12.59,0.0,23.71,0.0
101,2023,74,427.0,12.59,0.0,23.72,0.0
101,2023,74,428.0,12.59,0.0,23.71,0.0
101,2023,74,429.0,12.59,0.0,23.69,0.0
101,2023,74,430.0,12.59,0.0,23.67,0.0
101,2023,74,431.0,12.59,0.0,23.66,0.0
101,2023,74,432.0,12.59,0.0,23.64,0.0
101,2023,74,433.0,12.59,0.0,23.62,0.0
101,2023,74,434.0,12.59,0.0,23.61,0.0
101,2023,74,435.0,12.59,0.0,23.59,0.0
101,2023,74,436.0,12.59,0.0,23.58,0.0
101,2023,74,437.0,12.59,0.0,23.57,0.0
101,2023,74,438.0,12.59,0.0,23.57,0.0
101,2023,74,439.0,12.59,0.0,23.57,0.0
101,2023,74,440.0,12.59,0.0,23.57,0.0
101,2023,74,441.0,12.59,0.0,23.56,0.0
101,2023,74,442.0,12.59,0.0,23.56,0.0
101,2023,74,443.0,12.59,0.0,23.56,0.0
101,2023,74,444.0,12.59,0.0,23.56,0.0
101,2023,74,445.0,12.59,0.0,23.57,0.0
101,2023,74,446.0,12.59,0.0,23.56,0.0
101,2023,74,447.0,12.59,0.0,23.55,0.0
101,2023,74,448.0,12.59,0.0,23.53,0.0
101,2023,74,449.0,12.59,0.0,23.52,0.0
101,2023,74,450.0,12.59,0.0,23.51,0.0
101,2023,74,451.0,12.59,0.0,23.5,0.0
101,2023,74,452.0,12.59,0.0,23.48,0.0
101,2023,74,453.0,12.59,0.0,23.47,0.0
101,2023,74,454.0,12.59,0.0,23.47,0.0
101,2023,74,455.0,12.59,0.0,23.47,0.0
101,2023,74,456.0,12.59,0.0,23.47,0.0
101,2023,74,457.0,12.59,0.0,23.46,0.0
101,2023,74,458.0,12.59,0.0,23.45,0.0
101,2023,74,459.0,12.59,0.0,23.45,0.0
101,2023,74,500.0,12.58,0.0,23.45,0.0
101,2023,74,501.0,12.59,0.0,23.45,0.0
101,2023,74,502.0,12.58,0.0,23.45,0.0
101,2023,74,503.0,12.58,0.0,23.46,0.0
101,2023,74,504.0,12.59,0.0,23.45,0.0
101,2023,74,505.0,12.59,0.0,23.44,0.0
101,2023,74,506.0,12.58,0.0,23.45,0.0
101,2023,74,507.0,12.59,0.0,23.44,0.0
101,2023,74,508.0,12.58,0.0,23.44,0.0
101,2023,74,509.0,12.58,0.0,23.44,0.0
101,2023,74,510.0,12.58,0.0,23.42,0.0
101,2023,74,511.0,12.58,0.0,23.42,0.0
101,2023,74,512.0,12.58,0.0,23.41,0.0
101,2023,74,513.0,12.58,0.0,23.4,0.0
101,2023,74,514.0,12.58,0.0,23.4,0.0
101,2023,74,515.0,12.58,0.0,23.39,0.0
101,2023,74,516.0,12.58,0.0,23.39,0.0
101,2023,74,517.0,12.58,0.0,23.39,0.0
101,2023,74,518.0,12.58,0.0,23.39,0.0
101,2023,74,519.0,12.58,0.0,23.38,0.0
101,2023,74,520.0,12.58,0.0,23.4,0.0
101,2023,74,521.0,12.58,0.959,23.4,0.0
101,2023,74,522.0,12.58,1.015,23.41,0.0
101,2023,74,523.0,12.58,1.072,23.42,0.0
101,2023,74,524.0,12.58,1.41,23.44,0.0
101,2023,74,525.0,12.58,1.946,23.45,0.0
101,2023,74,526.0,12.58,2.538,23.45,0.0
101,2023,74,527.0,12.58,2.679,23.42,0.0
101,2023,74,528.0,12.58,2.284,23.41,0.0
101,2023,74,529.0,12.58,2.03,23.41,0.0
101,2023,74,530.0,12.58,2.03,23.4,0.0
101,2023,74,531.0,12.58,2.03,23.38,0.0
101,2023,74,532.0,12.58,2.03,23.36,0.0
101,2023,74,533.0,12.58,2.03,23.36,0.0
101,2023,74,534.0,12.58,2.058,23.36,0.0
101,2023,74,535.0,12.58,2.312,23.39,0.0
101,2023,74,536.0,12.58,2.82,23.37,0.0
101,2023,74,537.0,12.58,3.384,23.35,0.0
101,2023,74,538.0,12.58,3.976,23.34,0.0
101,2023,74,539.0,12.58,4.371,23.34,0.0
101,2023,74,540.0,12.58,5.104,23.36,0.0
101,2023,74,541.0,12.58,5.752,23.44,0.0
101,2023,74,542.0,12.58,6.288,23.49,0.0
101,2023,74,543.0,12.58,7.16,23.45,0.0
101,2023,74,544.0,12.58,8.04,23.45,0.0
101,2023,74,545.0,12.58,9.19,23.46,0.0
101,2023,74,546.0,12.58,10.38,23.48,0.0
101,2023,74,547.0,12.58,11.19,23.47,0.0
101,2023,74,548.0,12.58,11.56,23.48,0.0
101,2023,74,549.0,12.58,11.82,23.5,0.0
101,2023,74,550.0,12.58,12.15,23.5,0.0
101,2023,74,551.0,12.58,12.38,23.49,0.0
101,2023,74,552.0,12.58,12.83,23.46,0.0
101,2023,74,553.0,12.58,13.56,23.45,0.0
101,2023,74,554.0,12.58,14.21,23.42,0.0
101,2023,74,555.0,12.58,14.89,23.42,0.0
101,2023,74,556.0,12.58,14.83,23.46,0.0
101,2023,74,557.0,12.58,13.59,23.49,0.0
101,2023,74,558.0,12.58,11.93,23.49,0.0
101,2023,74,559.0,12.58,10.86,23.47,0.0
101,2023,74,600.0,12.57,10.91,23.46,0.0
101,2023,74,601.0,12.58,11.48,23.45,0.0
101,2023,74,602.0,12.58,12.04,23.44,0.0
101,2023,74,603.0,12.58,12.58,23.45,0.0
101,2023,74,604.0,12.58,13.0,23.46,0.0
101,2023,74,605.0,12.58,13.45,23.49,0.0
101,2023,74,606.0,12.58,13.68,23.48,0.0
101,2023,74,607.0,12.58,13.96,23.47,0.0
101,2023,74,608.0,12.57,14.24,23.46,0.0
101,2023,74,609.0,12.58,14.47,23.45,0.0
101,2023,74,610.0,12.57,13.59,23.52,0.0
101,2023,74,611.0,12.58,12.58,23.51,0.0
101,2023,74,612.0,12.58,12.41,23.4,0.0
101,2023,74,613.0,12.58,13.11,23.37,0.0
101,2023,74,614.0,12.58,14.63,23.35,0.0
101,2023,74,615.0,12.58,16.86,23.32,0.0
101,2023,74,616.0,12.59,19.03,23.34,0.0
101,2023,74,617.0,12.59,20.73,23.34,0.0
101,2023,74,618.0,12.59,22.05,23.3,0.0
101,2023,74,619.0,12.6,23.29,23.25,0.0
101,2023,74,620.0,12.6,24.93,23.21,0.0
101,2023,74,621.0,12.61,26.59,23.24,0.0
101,2023,74,622.0,12.61,27.58,23.27,0.0
101,2023,74,623.0,12.61,28.14,23.29,0.0
101,2023,74,624.0,12.61,28.42,23.28,0.0
101,2023,74,625.0,12.61,29.07,23.29,0.0
101,2023,74,626.0,12.61,29.72,23.27,0.0
101,2023,74,627.0,12.62,30.62,23.26,0.0
101,2023,74,628.0,12.62,31.47,23.27,0.0
101,2023,74,629.0,12.62,31.95,23.28,0.0
101,2023,74,630.0,12.63,32.65,23.28,0.0
101,2023,74,631.0,12.63,33.84,23.29,0.0
101,2023,74,632.0,12.63,34.85,23.29,0.0
101,2023,74,633.0,12.64,34.94,23.28,0.0
101,2023,74,634.0,12.63,34.43,23.33,0.0
101,2023,74,635.0,12.63,33.89,23.33,0.0
101,2023,74,636.0,12.63,33.16,23.34,0.0
101,2023,74,637.0,12.63,33.5,23.35,0.0
101,2023,74,638.0,12.63,34.94,23.34,0.0
101,2023,74,639.0,12.64,36.26,23.34,0.0
101,2023,74,640.0,12.64,36.94,23.36,0.0
101,2023,74,641.0,12.64,37.08,23.35,0.0
101,2023,74,642.0,12.64,36.8,23.34,0.0
101,2023,74,643.0,12.65,37.28,23.33,0.0
101,2023,74,644.0,12.65,38.21,23.35,0.0
101,2023,74,645.0,12.65,39.59,23.38,0.0
101,2023,74,646.0,12.66,41.42,23.29,0.0
101,2023,74,647.0,12.66,43.88,23.2,0.0
101,2023,74,648.0,12.67,47.43,23.18,0.0
101,2023,74,649.0,12.68,50.67,23.26,0.0
101,2023,74,650.0,12.69,54.08,23.33,0.0
101,2023,74,651.0,12.7,57.52,23.34,0.0
101,2023,74,652.0,12.71,60.71,23.37,0.0
101,2023,74,653.0,12.72,63.84,23.32,0.0
101,2023,74,654.0,12.74,66.72,23.36,0.0
101,2023,74,655.0,12.76,69.71,23.27,0.0
101,2023,74,656.0,12.77,72.4,23.24,0.0
101,2023,74,657.0,12.77,75.1,23.26,0.0
101,2023,74,658.0,12.78,78.2,23.33,0.0
101,2023,74,659.0,12.79,81.4,23.4,0.0
101,2023,74,700.0,12.81,84.1,23.41,0.0
101,2023,74,701.0,12.82,86.6,23.42,0.0
101,2023,74,702.0,12.83,88.8,23.4,0.0
101,2023,74,703.0,12.84,91.1,23.43,0.0
101,2023,74,704.0,12.85,93.1,23.46,0.0
101,2023,74,705.0,12.86,95.0,23.53,0.0
101,2023,74,706.0,12.87,96.2,23.59,0.0
101,2023,74,707.0,12.88,96.8,23.64,0.0
101,2023,74,708.0,12.88,96.5,23.68,0.0
101,2023,74,709.0,12.89,95.1,23.69,0.0
101,2023,74,710.0,12.89,92.8,23.72,0.0
101,2023,74,711.0,12.9,90.2,23.75,0.0
101,2023,74,712.0,12.91,87.7,23.77,0.0
101,2023,74,713.0,12.91,85.3,23.76,0.0
101,2023,74,714.0,12.91,83.6,23.7,0.0
101,2023,74,715.0,12.92,82.8,23.67,0.0
101,2023,74,716.0,12.92,82.5,23.67,0.0
101,2023,74,717.0,12.93,82.6,23.7,0.0
101,2023,74,718.0,12.93,83.4,23.71,0.0
101,2023,74,719.0,12.94,85.0,23.68,0.0
101,2023,74,720.0,12.95,87.4,23.7,0.0
101,2023,74,721.0,12.96,90.0,23.74,0.0
101,2023,74,722.0,12.97,93.2,23.78,0.0
101,2023,74,723.0,12.98,96.6,23.78,0.0
101,2023,74,724.0,12.99,99.4,23.79,0.0
101,2023,74,725.0,13.0,100.6,23.82,0.0
101,2023,74,726.0,13.01,101.6,23.83,0.0
101,2023,74,727.0,13.02,102.6,23.85,0.0
101,2023,74,728.0,13.02,103.9,23.87,0.0
101,2023,74,729.0,13.03,105.2,23.87,0.0
101,2023,74,730.0,13.04,105.5,23.86,0.0
101,2023,74,731.0,13.04,110.9,23.86,0.0
101,2023,74,732.0,13.05,114.0,23.89,0.0
101,2023,74,733.0,13.06,117.5,23.87,0.0
101,2023,74,734.0,13.07,123.6,23.91,0.0
101,2023,74,735.0,13.09,130.6,23.95,0.0
101,2023,74,736.0,13.1,136.6,23.93,0.0
101,2023,74,737.0,13.11,136.7,23.93,0.0
101,2023,74,738.0,13.11,133.2,23.93,0.0
101,2023,74,739.0,13.12,133.1,23.92,0.0
101,2023,74,740.0,13.12,141.6,23.98,0.0
101,2023,74,741.0,13.13,146.6,24.05,0.0
101,2023,74,742.0,13.14,144.6,24.03,0.0
101,2023,74,743.0,13.14,144.7,24.0,0.0
101,2023,74,744.0,13.14,145.8,23.97,0.0
101,2023,74,745.0,13.15,149.1,23.97,0.0
101,2023,74,746.0,13.15,151.8,24.02,0.0
101,2023,74,747.0,13.16,158.3,24.0,0.0
101,2023,74,748.0,13.17,164.1,24.03,0.0
101,2023,74,749.0,13.18,171.4,24.11,0.0
101,2023,74,750.0,13.2,173.0,24.05,0.0
101,2023,74,751.0,13.2,176.8,23.91,0.0
101,2023,74,752.0,13.2,181.3,23.96,0.0
101,2023,74,753.0,13.2,184.7,24.01,0.0
101,2023,74,754.0,13.2,188.0,24.05,0.0
101,2023,74,755.0,13.2,192.4,24.08,0.0
101,2023,74,756.0,13.2,198.1,24.15,0.0
101,2023,74,757.0,13.2,204.5,24.21,0.0
101,2023,74,758.0,13.2,210.4,24.18,0.0
101,2023,74,759.0,13.2,216.1,24.2,0.0
101,2023,74,800.0,13.2,221.6,24.24,0.0
101,2023,74,801.0,13.2,225.8,24.27,0.0
101,2023,74,802.0,13.2,229.8,24.36,0.0
101,2023,74,803.0,13.2,233.2,24.44,0.0
101,2023,74,804.0,13.2,236.6,24.42,0.0
101,2023,74,805.0,13.2,239.9,24.43,0.0
101,2023,74,806.0,13.2,242.7,24.41,0.0
101,2023,74,807.0,13.19,243.7,24.34,0.0
101,2023,74,808.0,13.19,241.7,24.43,0.0
101,2023,74,809.0,13.2,243.7,24.41,0.0
101,2023,74,810.0,13.19,245.1,24.44,0.0
101,2023,74,811.0,13.19,244.8,24.5,0.0
101,2023,74,812.0,13.19,240.0,24.49,0.0
101,2023,74,813.0,13.19,230.4,24.6,0.0
101,2023,74,814.0,13.19,222.6,24.62,0.0
101,2023,74,815.0,13.19,215.0,24.55,0.0
101,2023,74,816.0,13.19,208.6,24.46,0.0
101,2023,74,817.0,13.19,211.6,24.54,0.0
101,2023,74,818.0,13.19,225.7,24.57,0.0
101,2023,74,819.0,13.19,232.5,24.63,0.0
101,2023,74,820.0,13.19,224.3,24.65,0.0
101,2023,74,821.0,13.18,224.3,24.69,0.0
101,2023,74,822.0,13.19,239.7,24.75,0.0
101,2023,74,823.0,13.18,240.5,24.74,0.0
101,2023,74,824.0,13.18,225.5,24.76,0.0
101,2023,74,825.0,13.18,227.3,24.85,0.0
101,2023,74,826.0,13.18,231.3,24.85,0.0
101,2023,74,827.0,13.18,236.1,24.89,0.0
101,2023,74,828.0,13.18,242.7,24.85,0.0
101,2023,74,829.0,13.18,228.6,24.88,0.0
101,2023,74,830.0,13.18,198.3,24.9,0.0
101,2023,74,831.0,13.18,211.3,24.91,0.0
101,2023,74,832.0,13.18,220.7,24.95,0.0
101,2023,74,833.0,13.18,205.5,25.01,0.0
101,2023,74,834.0,13.18,188.2,25.06,0.0
101,2023,74,835.0,13.18,165.1,25.07,0.0
101,2023,74,836.0,13.18,142.0,25.1,0.0
101,2023,74,837.0,13.18,133.1,25.2,0.0
101,2023,74,838.0,13.18,134.2,25.29,0.0
101,2023,74,839.0,13.18,134.7,25.35,0.0
101,2023,74,840.0,13.18,134.6,25.35,0.0
101,2023,74,841.0,13.18,139.9,25.22,0.0
101,2023,74,842.0,13.18,149.4,25.17,0.0
101,2023,74,843.0,13.18,144.7,25.23,0.0
101,2023,74,844.0,13.18,133.7,25.03,0.0
101,2023,74,845.0,13.18,137.2,24.9,0.0
101,2023,74,846.0,13.18,155.7,24.91,0.0
101,2023,74,847.0,13.18,181.4,24.96,0.0
101,2023,74,848.0,13.18,208.8,24.96,0.0
101,2023,74,849.0,13.18,230.6,25.01,0.0
101,2023,74,850.0,13.18,242.7,25.02,0.0
101,2023,74,851.0,13.17,272.0,25.08,0.0
101,2023,74,852.0,13.18,303.7,25.07,0.0
101,2023,74,853.0,13.18,314.7,25.1,0.0
101,2023,74,854.0,13.18,331.8,25.17,0.0
101,2023,74,855.0,13.18,361.4,25.22,0.0
101,2023,74,856.0,13.17,385.5,25.45,0.0
101,2023,74,857.0,13.17,487.0,25.44,0.0
101,2023,74,858.0,13.17,572.7,25.43,0.0
101,2023,74,859.0,13.17,628.6,25.63,0.0
101,2023,74,900.0,13.17,743.0,25.57,0.0
101,2023,74,901.0,13.17,543.9,25.96,0.0
101,2023,74,902.0,13.16,439.4,25.98,0.0
101,2023,74,903.0,13.16,420.8,25.93,0.0
101,2023,74,904.0,13.16,418.7,26.03,0.0
101,2023,74,905.0,13.16,415.9,26.15,0.0
101,2023,74,906.0,13.16,409.2,26.25,0.0
101,2023,74,907.0,13.16,405.5,26.41,0.0
101,2023,74,908.0,13.16,405.7,26.41,0.0
101,2023,74,909.0,13.16,409.3,26.52,0.0
101,2023,74,910.0,13.15,418.5,26.55,0.0
101,2023,74,911.0,13.15,425.6,26.5,0.0
101,2023,74,912.0,13.15,426.2,26.41,0.0
101,2023,74,913.0,13.15,420.5,26.34,0.0
101,2023,74,914.0,13.15,390.6,26.25,0.0
101,2023,74,915.0,13.15,362.2,26.41,0.0
101,2023,74,916.0,13.15,361.1,26.52,0.0
101,2023,74,917.0,13.15,403.8,26.58,0.0
101,2023,74,918.0,13.15,487.3,26.56,0.0
101,2023,74,919.0,13.15,536.3,26.35,0.0
101,2023,74,920.0,13.14,630.6,26.51,0.0
101,2023,74,921.0,13.14,663.8,26.76,0.0
101,2023,74,922.0,13.14,655.8,26.78,0.0
101,2023,74,923.0,13.14,570.4,26.7,0.0
101,2023,74,924.0,13.14,566.8,26.98,0.0
101,2023,74,925.0,13.14,727.0,27.15,0.0
101,2023,74,926.0,13.14,862.0,27.32,0.0
101,2023,74,927.0,13.14,807.0,27.48,0.0
101,2023,74,928.0,13.14,623.5,27.44,0.0
101,2023,74,929.0,13.13,663.6,27.45,0.0
101,2023,74,930.0,13.13,857.0,27.36,0.0
101,2023,74,931.0,13.13,511.1,27.3,0.0
101,2023,74,932.0,13.13,445.6,27.33,0.0
101,2023,74,933.0,13.13,449.0,27.25,0.0
101,2023,74,934.0,13.13,425.9,27.27,0.0
101,2023,74,935.0,13.13,466.7,27.38,0.0
101,2023,74,936.0,13.13,480.5,27.37,0.0
101,2023,74,937.0,13.12,397.6,27.45,0.0
101,2023,74,938.0,13.12,394.9,27.5,0.0
101,2023,74,939.0,13.12,375.9,27.6,0.0
101,2023,74,940.0,13.12,344.3,27.69,0.0
101,2023,74,941.0,13.13,314.1,27.74,0.0
101,2023,74,942.0,13.13,318.6,27.71,0.0
101,2023,74,943.0,13.12,375.4,27.66,0.0
101,2023,74,944.0,13.13,465.5,27.64,0.0
101,2023,74,945.0,13.13,601.2,27.61,0.0
101,2023,74,946.0,13.12,1046.0,27.77,0.0
101,2023,74,947.0,13.12,1168.0,27.7,0.0
101,2023,74,948.0,13.12,1080.0,28.03,0.0
101,2023,74,949.0,13.12,1121.0,28.29,0.0
101,2023,74,950.0,13.12,926.0,28.31,0.0
101,2023,74,951.0,13.12,1020.0,28.41,0.0
101,2023,74,952.0,13.12,1112.0,28.64,0.0
101,2023,74,953.0,13.12,1157.0,28.75,0.0
101,2023,74,954.0,13.12,1038.0,28.62,0.0
101,2023,74,955.0,13.12,1074.0,28.59,0.0
101,2023,74,956.0,13.12,1069.0,28.81,0.0
101,2023,74,957.0,13.12,975.0,28.54,0.0
101,2023,74,958.0,13.11,845.0,28.47,0.0
101,2023,74,959.0,13.12,773.0,28.65,0.0
101,2023,74,1000.0,13.11,632.6,28.41,0.0
101,2023,74,1001.0,13.11,685.9,28.48,0.0
101,2023,74,1002.0,13.11,760.0,28.49,0.0
101,2023,74,1003.0,13.11,950.0,28.36,0.0
101,2023,74,1004.0,13.11,1141.0,28.63,0.0
101,2023,74,1005.0,13.11,1166.0,28.97,0.0
101,2023,74,1006.0,13.11,1205.0,29.16,0.0
101,2023,74,1007.0,13.11,1029.0,28.82,0.0
101,2023,74,1008.0,13.11,1058.0,29.11,0.0
101,2023,74,1009.0,13.11,975.0,29.4,0.0
101,2023,74,1010.0,13.11,899.0,29.55,0.0
101,2023,74,1011.0,13.11,416.7,29.66,0.0
101,2023,74,1012.0,13.11,396.6,29.66,0.0
101,2023,74,1013.0,13.1,419.5,29.66,0.0
101,2023,74,1014.0,13.11,799.0,29.17,0.0
101,2023,74,1015.0,13.11,1003.0,29.13,0.0
101,2023,74,1016.0,13.1,711.0,29.26,0.0
101,2023,74,1017.0,13.11,797.0,29.17,0.0
101,2023,74,1018.0,13.1,720.0,28.91,0.0
101,2023,74,1019.0,13.1,575.8,28.85,0.0
101,2023,74,1020.0,13.1,614.9,28.78,0.0
101,2023,74,1021.0,13.11,684.7,28.83,0.0
101,2023,74,1022.0,13.1,712.0,28.99,0.0
101,2023,74,1023.0,13.1,1102.0,29.13,0.0
101,2023,74,1024.0,13.1,1043.0,29.45,0.0
101,2023,74,1025.0,13.1,729.0,29.68,0.0
101,2023,74,1026.0,13.1,783.0,29.57,0.0
101,2023,74,1027.0,13.1,898.0,29.75,0.0
101,2023,74,1028.0,13.1,1016.0,29.84,0.0
101,2023,74,1029.0,13.1,1058.0,29.95,0.0
101,2023,74,1030.0,13.1,1097.0,29.88,0.0
101,2023,74,1031.0,13.1,1143.0,29.48,0.0
101,2023,74,1032.0,13.1,1209.0,28.99,0.0
101,2023,74,1033.0,13.1,1195.0,28.93,0.0
101,2023,74,1034.0,13.1,911.0,29.31,0.0
101,2023,74,1035.0,13.1,1072.0,29.25,0.0
101,2023,74,1036.0,13.1,1219.0,29.49,0.0
101,2023,74,1037.0,13.1,883.0,29.62,0.0
101,2023,74,1038.0,13.1,1050.0,29.48,0.0
101,2023,74,1039.0,13.1,1143.0,29.78,0.0
101,2023,74,1040.0,13.1,1279.0,30.05,0.0
101,2023,74,1041.0,13.1,1173.0,30.11,0.0
101,2023,74,1042.0,13.09,648.8,30.41,0.0
101,2023,74,1043.0,13.09,673.2,30.33,0.0
101,2023,74,1044.0,13.09,620.9,30.18,0.0
101,2023,74,1045.0,13.09,413.5,29.56,0.0
101,2023,74,1046.0,13.09,357.9,28.75,0.0
101,2023,74,1047.0,13.09,332.3,28.44,0.0
101,2023,74,1048.0,13.09,318.2,28.05,0.0
101,2023,74,1049.0,13.09,320.3,28.02,0.0
101,2023,74,1050.0,13.09,330.8,28.01,0.0
101,2023,74,1051.0,13.09,348.1,28.04,0.0
101,2023,74,1052.0,13.09,447.4,28.04,0.0
101,2023,74,1053.0,13.09,592.8,27.71,0.0
101,2023,74,1054.0,13.09,665.1,27.76,0.0
101,2023,74,1055.0,13.1,818.0,27.75,0.0
101,2023,74,1056.0,13.1,648.6,27.66,0.0
101,2023,74,1057.0,13.09,682.7,27.64,0.0
101,2023,74,1058.0,13.1,721.0,27.56,0.0
101,2023,74,1059.0,13.1,937.0,27.48,0.0
101,2023,74,1100.0,13.1,859.0,27.62,0.0
101,2023,74,1101.0,13.1,864.0,27.82,0.0
101,2023,74,1102.0,13.1,818.0,28.19,0.0
101,2023,74,1103.0,13.1,880.0,28.4,0.0
101,2023,74,1104.0,13.1,593.1,28.66,0.0
101,2023,74,1105.0,13.1,508.7,28.48,0.0
101,2023,74,1106.0,13.1,542.3,28.16,0.0
101,2023,74,1107.0,13.1,609.1,28.23,0.0
101,2023,74,1108.0,13.1,574.4,28.28,0.0
101,2023,74,1109.0,13.09,450.4,28.12,0.0
101,2023,74,1110.0,13.1,435.2,28.19,0.0
101,2023,74,1111.0,13.09,432.1,28.3,0.0
101,2023,74,1112.0,13.1,458.8,28.02,0.0
101,2023,74,1113.0,13.09,492.9,27.91,0.0
101,2023,74,1114.0,13.1,572.4,28.0,0.0
101,2023,74,1115.0,13.09,687.3,28.16,0.0
101,2023,74,1116.0,13.1,871.0,28.2,0.0
101,2023,74,1117.0,13.09,660.5,28.45,0.0
101,2023,74,1118.0,13.09,571.3,28.57,0.0
101,2023,74,1119.0,13.09,400.0,28.16,0.0
101,2023,74,1120.0,13.09,381.3,28.25,0.0
101,2023,74,1121.0,13.09,391.3,28.23,0.0
101,2023,74,1122.0,13.1,430.0,28.27,0.0
101,2023,74,1123.0,13.09,485.9,28.14,0.0
101,2023,74,1124.0,13.09,561.5,28.01,0.0
101,2023,74,1125.0,13.09,601.4,27.99,0.0
101,2023,74,1126.0,13.1,661.1,27.97,0.0
101,2023,74,1127.0,13.09,532.2,28.17,0.0
101,2023,74,1128.0,13.09,483.7,28.28,0.0
101,2023,74,1129.0,13.09,591.4,28.38,0.0
101,2023,74,1130.0,13.09,674.3,28.42,0.0
101,2023,74,1131.0,13.09,682.4,28.66,0.0
101,2023,74,1132.0,13.09,570.8,28.74,0.0
101,2023,74,1133.0,13.09,542.7,28.83,0.0
101,2023,74,1134.0,13.09,493.3,28.84,0.0
101,2023,74,1135.0,13.09,471.1,28.77,0.0
101,2023,74,1136.0,13.09,473.4,28.9,0.0
101,2023,74,1137.0,13.09,477.8,28.75,0.0
101,2023,74,1138.0,13.09,467.4,28.85,0.0
101,2023,74,1139.0,13.09,471.1,28.69,0.0
101,2023,74,1140.0,13.09,597.5,28.58,0.0
101,2023,74,1141.0,13.09,615.6,28.42,0.0
101,2023,74,1142.0,13.09,446.5,28.41,0.0
101,2023,74,1143.0,13.09,444.3,28.27,0.0
101,2023,74,1144.0,13.09,458.8,27.98,0.0
101,2023,74,1145.0,13.09,574.4,27.88,0.0
101,2023,74,1146.0,13.09,885.0,27.81,0.0
101,2023,74,1147.0,13.09,1126.0,28.01,0.0
101,2023,74,1148.0,13.09,1020.0,28.27,0.0
101,2023,74,1149.0,13.09,993.0,28.49,0.0
101,2023,74,1150.0,13.09,1068.0,28.6,0.0
101,2023,74,1151.0,13.09,838.0,28.61,0.0
101,2023,74,1152.0,13.09,816.0,28.79,0.0
101,2023,74,1153.0,13.09,696.3,28.76,0.0
101,2023,74,1154.0,13.09,582.9,28.7,0.0
101,2023,74,1155.0,13.09,593.3,28.6,0.0
101,2023,74,1156.0,13.09,563.6,28.54,0.0
101,2023,74,1157.0,13.09,513.7,28.58,0.0
101,2023,74,1158.0,13.09,490.7,28.44,0.0
101,2023,74,1159.0,13.09,497.0,28.51,0.0
101,2023,74,1200.0,13.09,503.6,28.47,0.0
101,2023,74,1201.0,13.09,483.3,28.53,0.0
101,2023,74,1202.0,13.09,442.3,28.59,0.0
101,2023,74,1203.0,13.09,424.8,28.44,0.0
101,2023,74,1204.0,13.09,465.6,28.4,0.0
101,2023,74,1205.0,13.09,663.2,28.53,0.0
101,2023,74,1206.0,13.09,958.0,28.53,0.0
101,2023,74,1207.0,13.09,1200.0,28.56,0.0
101,2023,74,1208.0,13.08,1191.0,28.66,0.0
101,2023,74,1209.0,13.08,1027.0,28.82,0.0
101,2023,74,1210.0,13.09,676.2,28.65,0.0
101,2023,74,1211.0,13.08,594.7,28.31,0.0
101,2023,74,1212.0,13.08,565.5,28.33,0.0
101,2023,74,1213.0,13.09,514.3,28.27,0.0
101,2023,74,1214.0,13.09,410.5,28.51,0.0
101,2023,74,1215.0,13.08,366.8,28.35,0.0
101,2023,74,1216.0,13.09,350.4,28.11,0.0
101,2023,74,1217.0,13.09,330.4,28.03,0.0
101,2023,74,1218.0,13.09,274.6,28.05,0.0
101,2023,74,1219.0,13.09,216.3,28.23,0.0
101,2023,74,1220.0,13.09,203.5,28.1,0.0
101,2023,74,1221.0,13.08,197.9,27.96,0.0
101,2023,74,1222.0,13.09,185.9,28.0,0.0
101,2023,74,1223.0,13.09,178.6,27.94,0.0
101,2023,74,1224.0,13.09,171.9,27.75,0.0
101,2023,74,1225.0,13.09,159.8,27.79,0.0
101,2023,74,1226.0,13.09,149.9,27.79,0.0
101,2023,74,1227.0,13.09,140.5,27.58,0.0
101,2023,74,1228.0,13.09,133.9,27.45,0.0
101,2023,74,1229.0,13.09,125.9,27.43,0.0
101,2023,74,1230.0,13.09,120.7,27.43,0.0
101,2023,74,1231.0,13.1,117.1,27.52,0.0
101,2023,74,1232.0,13.1,112.4,27.46,0.0
101,2023,74,1233.0,13.1,111.0,27.29,0.0
101,2023,74,1234.0,13.1,110.4,27.2,0.0
101,2023,74,1235.0,13.1,107.9,27.16,0.0
101,2023,74,1236.0,13.1,107.0,27.04,0.0
101,2023,74,1237.0,13.1,104.1,27.05,0.0
101,2023,74,1238.0,13.1,99.1,27.18,0.0
101,2023,74,1239.0,13.1,99.0,27.22,0.0
101,2023,74,1240.0,13.1,101.8,27.06,0.0
101,2023,74,1241.0,13.1,105.3,26.91,0.0
101,2023,74,1242.0,13.1,108.5,26.88,0.0
101,2023,74,1243.0,13.1,109.6,26.84,0.0
101,2023,74,1244.0,13.1,108.9,26.85,0.0
101,2023,74,1245.0,13.1,111.0,26.8,0.0
101,2023,74,1246.0,13.1,113.5,26.75,0.0
101,2023,74,1247.0,13.11,116.4,26.66,0.0
101,2023,74,1248.0,13.11,117.6,26.58,0.0
101,2023,74,1249.0,13.11,117.8,26.42,0.0
101,2023,74,1250.0,13.11,121.3,26.27,0.0
101,2023,74,1251.0,13.11,118.6,26.16,0.0
101,2023,74,1252.0,13.11,122.2,26.05,0.0
101,2023,74,1253.0,13.11,131.6,25.9,0.0
101,2023,74,1254.0,13.11,134.9,25.77,0.0
101,2023,74,1255.0,13.11,134.3,25.73,0.0
101,2023,74,1256.0,13.11,133.1,25.67,0.0
101,2023,74,1257.0,13.12,135.4,25.65,0.0
101,2023,74,1258.0,13.12,140.3,25.6,0.0
101,2023,74,1259.0,13.12,147.0,25.64,0.0
101,2023,74,1300.0,13.12,152.5,25.68,0.0
101,2023,74,1301.0,13.12,155.4,25.76,0.0
101,2023,74,1302.0,13.12,156.2,25.73,0.0
101,2023,74,1303.0,13.12,155.5,25.75,0.0
101,2023,74,1304.0,13.12,154.1,25.76,0.0
101,2023,74,1305.0,13.12,152.9,25.71,0.0
101,2023,74,1306.0,13.12,151.0,25.55,0.0
101,2023,74,1307.0,13.12,149.1,25.58,0.0
101,2023,74,1308.0,13.12,147.5,25.56,0.0
101,2023,74,1309.0,13.12,147.1,25.48,0.0
101,2023,74,1310.0,13.12,146.7,25.5,0.0
101,2023,74,1311.0,13.12,146.6,25.42,0.0
101,2023,74,1312.0,13.12,145.7,25.38,0.0
101,2023,74,1313.0,13.13,144.0,25.42,0.0
101,2023,74,1314.0,13.13,140.4,25.43,0.0
101,2023,74,1315.0,13.13,134.1,25.46,0.0
101,2023,74,1316.0,13.12,126.9,25.42,0.0
101,2023,74,1317.0,13.11,121.1,25.44,0.0
101,2023,74,1318.0,13.1,116.0,25.4,0.0
101,2023,74,1319.0,13.1,114.6,25.4,0.0
101,2023,74,1320.0,13.09,115.5,25.39,0.0
101,2023,74,1321.0,13.09,115.6,25.35,0.0
101,2023,74,1322.0,13.1,117.9,25.33,0.0
101,2023,74,1323.0,13.1,122.1,25.35,0.0
101,2023,74,1324.0,13.1,126.8,25.39,0.0
101,2023,74,1325.0,13.11,129.2,25.39,0.0
101,2023,74,1326.0,13.11,128.9,25.36,0.0
101,2023,74,1327.0,13.1,125.8,25.32,0.0
101,2023,74,1328.0,13.1,122.2,25.36,0.0
101,2023,74,1329.0,13.09,118.8,25.36,0.0
101,2023,74,1330.0,13.09,114.5,25.34,0.0
101,2023,74,1331.0,13.08,110.9,25.37,0.0
101,2023,74,1332.0,13.07,108.8,25.37,0.0
101,2023,74,1333.0,13.07,108.9,25.42,0.0
101,2023,74,1334.0,13.07,112.9,25.42,0.0
101,2023,74,1335.0,13.07,114.6,25.46,0.0
101,2023,74,1336.0,13.06,114.8,25.47,0.0
101,2023,74,1337.0,13.07,116.3,25.53,0.0
101,2023,74,1338.0,13.07,119.7,25.48,0.0
101,2023,74,1339.0,13.08,125.1,25.42,0.0
101,2023,74,1340.0,13.09,129.9,25.4,0.0
101,2023,74,1341.0,13.09,134.0,25.44,0.0
101,2023,74,1342.0,13.1,135.5,25.49,0.0
101,2023,74,1343.0,13.11,133.6,25.51,0.0
101,2023,74,1344.0,13.12,134.0,25.55,0.0
101,2023,74,1345.0,13.12,139.1,25.59,0.0
101,2023,74,1346.0,13.13,146.7,25.62,0.0
101,2023,74,1347.0,13.14,156.4,25.58,0.0
101,2023,74,1348.0,13.14,165.6,25.6,0.0
101,2023,74,1349.0,13.14,174.8,25.66,0.0
101,2023,74,1350.0,13.14,187.5,25.67,0.0
101,2023,74,1351.0,13.14,197.9,25.64,0.0
101,2023,74,1352.0,13.14,204.5,25.68,0.0
101,2023,74,1353.0,13.14,207.1,25.72,0.0
101,2023,74,1354.0,13.14,199.5,25.69,0.0
101,2023,74,1355.0,13.14,183.5,25.55,0.0
101,2023,74,1356.0,13.14,168.3,25.42,0.0
101,2023,74,1357.0,13.14,157.0,25.38,0.0
101,2023,74,1358.0,13.15,152.5,25.39,0.0
101,2023,74,1359.0,13.15,150.8,25.26,0.0
101,2023,74,1400.0,13.14,151.1,25.24,0.0
101,2023,74,1401.0,13.14,163.4,25.14,0.0
101,2023,74,1402.0,13.15,180.8,25.12,0.0
101,2023,74,1403.0,13.14,190.6,25.09,0.0
101,2023,74,1404.0,13.15,189.6,25.02,0.0
101,2023,74,1405.0,13.15,193.5,24.95,0.0
101,2023,74,1406.0,13.15,203.9,24.97,0.0
101,2023,74,1407.0,13.15,207.1,25.02,0.0
101,2023,74,1408.0,13.15,202.2,25.01,0.0
101,2023,74,1409.0,13.15,194.4,24.91,0.0
101,2023,74,1410.0,13.15,197.7,24.74,0.0
101,2023,74,1411.0,13.15,197.6,24.64,0.0
101,2023,74,1412.0,13.15,203.8,24.63,0.0
101,2023,74,1413.0,13.15,203.4,24.57,0.0
101,2023,74,1414.0,13.15,202.8,24.58,0.0
101,2023,74,0.0,13.15,218.4,24.62,0.0
101,2023,74,1416.0,13.15,232.5,24.57,0.0
101,2023,74,1417.0,13.15,227.4,24.61,0.0
101,2023,74,1418.0,13.15,204.2,24.54,0.0
101,2023,74,1419.0,13.15,183.2,24.55,0.0
101,2023,74,1420.0,13.15,174.1,24.56,0.0
101,2023,74,1421.0,13.15,181.9,24.53,0.0
101,2023,74,1422.0,13.15,196.3,24.54,0.0
101,2023,74,1423.0,13.15,207.9,24.56,0.0
101,2023,74,1424.0,13.15,212.2,24.57,0.0
101,2023,74,1425.0,13.16,213.8,24.57,0.0
101,2023,74,1426.0,13.16,214.8,24.65,0.0
101,2023,74,1427.0,13.16,206.5,24.76,0.0
101,2023,74,1428.0,13.16,201.3,24.81,0.0
101,2023,74,1429.0,13.16,198.3,24.69,0.0
101,2023,74,1430.0,13.16,198.0,24.56,0.0
101,2023,74,1431.0,13.16,201.1,24.52,0.0
101,2023,74,1432.0,13.16,201.3,24.57,0.0
101,2023,74,1433.0,13.16,198.4,24.65,0.0
101,2023,74,1434.0,13.16,191.7,24.69,0.0
101,2023,74,1435.0,13.16,188.2,24.69,0.0
101,2023,74,1436.0,13.16,182.7,24.76,0.0
101,2023,74,1437.0,13.16,178.9,24.74,0.0
101,2023,74,1438.0,13.16,170.7,24.75,0.0
101,2023,74,1439.0,13.16,160.8,24.81,0.0
101,2023,74,1440.0,13.16,155.1,24.82,0.0
101,2023,74,1441.0,13.16,153.5,24.85,0.0
101,2023,74,1442.0,13.16,155.8,24.86,0.0
101,2023,74,1443.0,13.16,161.0,24.91,0.0
101,2023,74,1444.0,13.16,169.9,25.0,0.0
101,2023,74,1445.0,13.16,181.9,24.91,0.0
101,2023,74,1446.0,13.16,190.5,24.93,0.0
101,2023,74,1447.0,13.16,191.9,24.97,0.0
101,2023,74,1448.0,13.16,185.9,24.99,0.0
101,2023,74,1449.0,13.16,173.1,25.03,0.0
101,2023,74,1450.0,13.16,159.7,25.15,0.0
101,2023,74,1451.0,13.16,150.8,25.1,0.0
101,2023,74,1452.0,13.16,149.5,25.12,0.0
101,2023,74,1453.0,13.15,155.4,25.16,0.0
101,2023,74,1454.0,13.16,162.4,25.18,0.0
101,2023,74,1455.0,13.16,168.9,25.19,0.0
101,2023,74,1456.0,13.15,185.1,25.23,0.0
101,2023,74,1457.0,13.15,197.0,25.15,0.0
101,2023,74,1458.0,13.16,192.9,25.2,0.0
101,2023,74,1459.0,13.15,188.1,25.24,0.0
101,2023,74,1500.0,13.15,183.5,25.24,0.0
101,2023,74,1501.0,13.15,169.4,25.26,0.0
101,2023,74,1502.0,13.15,150.9,25.26,0.0
101,2023,74,1503.0,13.15,131.6,25.23,0.0
101,2023,74,1504.0,13.15,122.3,25.18,0.0
101,2023,74,1505.0,13.15,113.6,25.22,0.0
101,2023,74,1506.0,13.15,102.0,25.23,0.0
101,2023,74,1507.0,13.15,91.4,25.19,0.0
101,2023,74,1508.0,13.15,86.3,25.21,0.0
101,2023,74,1509.0,13.14,85.0,25.26,0.0
101,2023,74,1510.0,13.14,88.1,25.16,0.0
101,2023,74,1511.0,13.14,93.6,25.13,0.0
101,2023,74,1512.0,13.15,103.0,25.07,0.0
101,2023,74,1513.0,13.15,115.4,25.07,0.0
101,2023,74,1514.0,13.16,122.4,25.09,0.0
101,2023,74,1515.0,13.15,125.6,25.13,0.0
101,2023,74,1516.0,13.16,133.5,25.08,0.0
101,2023,74,1517.0,13.16,141.1,25.15,0.0
101,2023,74,1518.0,13.15,140.3,25.24,0.0
101,2023,74,1519.0,13.16,140.7,25.27,0.0
101,2023,74,1520.0,13.16,140.9,25.24,0.0
101,2023,74,1521.0,13.16,141.4,25.24,0.0
101,2023,74,1522.0,13.16,142.0,25.28,0.0
101,2023,74,1523.0,13.15,143.7,25.35,0.0
101,2023,74,1524.0,13.16,144.1,25.39,0.0
101,2023,74,1525.0,13.16,140.9,25.45,0.0
101,2023,74,1526.0,13.16,134.9,25.53,0.0
101,2023,74,1527.0,13.15,129.7,25.56,0.0
101,2023,74,1528.0,13.15,124.1,25.49,0.0
101,2023,74,1529.0,13.15,117.2,25.51,0.0
101,2023,74,1530.0,13.15,110.2,25.51,0.0
101,2023,74,1531.0,13.15,103.2,25.53,0.0
101,2023,74,1532.0,13.14,96.3,25.56,0.0
101,2023,74,1533.0,13.13,89.6,25.59,0.0
101,2023,74,1534.0,13.12,84.1,25.63,0.0
101,2023,74,1535.0,13.12,80.8,25.65,0.0
101,2023,74,1536.0,13.11,80.3,25.65,0.0
101,2023,74,1537.0,13.1,80.1,25.71,0.0
101,2023,74,1538.0,13.09,78.9,25.73,0.0
101,2023,74,1539.0,13.08,78.1,25.7,0.0
101,2023,74,1540.0,13.08,77.8,25.68,0.0
101,2023,74,1541.0,13.07,77.8,25.68,0.0
101,2023,74,1542.0,13.07,77.7,25.68,0.0
101,2023,74,1543.0,13.06,77.4,25.7,0.0
101,2023,74,1544.0,13.06,76.9,25.67,0.0
101,2023,74,1545.0,13.06,76.1,25.68,0.0
101,2023,74,1546.0,13.06,75.2,25.64,0.0
101,2023,74,1547.0,13.05,74.3,25.63,0.0
101,2023,74,1548.0,13.05,73.7,25.61,0.0
101,2023,74,1549.0,13.05,73.2,25.58,0.0
101,2023,74,1550.0,13.05,72.9,25.58,0.0
101,2023,74,1551.0,13.05,72.4,25.56,0.0
101,2023,74,1552.0,13.05,71.7,25.55,0.0
101,2023,74,1553.0,13.04,70.6,25.54,0.0
101,2023,74,1554.0,13.05,69.85,25.52,0.0
101,2023,74,1555.0,13.04,69.63,25.53,0.0
101,2023,74,1556.0,13.04,69.4,25.52,0.0
101,2023,74,1557.0,13.04,69.18,25.49,0.0
101,2023,74,1558.0,13.04,68.28,25.49,0.0
101,2023,74,1559.0,13.03,67.2,25.49,0.0
101,2023,74,1600.0,13.03,66.13,25.5,0.0
101,2023,74,1601.0,13.03,65.06,25.48,0.0
101,2023,74,1602.0,13.03,64.05,25.47,0.0
101,2023,74,1603.0,13.02,63.31,25.45,0.0
101,2023,74,1604.0,13.02,62.47,25.42,0.0
101,2023,74,1605.0,13.01,61.34,25.44,0.0
101,2023,74,1606.0,13.01,60.27,25.43,0.0
101,2023,74,1607.0,13.01,59.06,25.41,0.0
101,2023,74,1608.0,13.0,57.99,25.41,0.0
101,2023,74,1609.0,13.0,56.72,25.36,0.0
101,2023,74,1610.0,12.99,55.14,25.32,0.0
101,2023,74,1611.0,12.99,53.17,25.32,0.0
101,2023,74,1612.0,12.98,50.99,25.31,0.0
101,2023,74,1613.0,12.98,48.65,25.29,0.0
101,2023,74,1614.0,12.97,46.48,25.28,0.0
101,2023,74,1615.0,12.96,45.07,25.27,0.0
101,2023,74,1616.0,12.95,43.58,25.26,0.0
101,2023,74,1617.0,12.95,42.54,25.23,0.0
101,2023,74,1618.0,12.94,41.58,25.22,0.0
101,2023,74,1619.0,12.94,41.61,25.2,0.0
101,2023,74,1620.0,12.93,41.72,25.18,0.0
101,2023,74,1621.0,12.93,41.44,25.2,0.0
101,2023,74,1622.0,12.92,40.82,25.17,0.0
101,2023,74,1623.0,12.92,39.44,25.13,0.0
101,2023,74,1624.0,12.91,37.66,25.09,0.0
101,2023,74,1625.0,12.91,35.18,25.05,0.0
101,2023,74,1626.0,12.9,32.11,25.08,0.0
101,2023,74,1627.0,12.89,28.61,25.09,0.0
101,2023,74,1628.0,12.89,27.29,25.04,0.0
101,2023,74,1629.0,12.88,28.13,25.03,0.0
101,2023,74,1630.0,12.88,28.08,24.97,0.0
101,2023,74,1631.0,12.87,27.18,24.98,0.0
101,2023,74,1632.0,12.87,26.78,24.92,0.0
101,2023,74,1633.0,12.87,27.29,24.89,0.0
101,2023,74,1634.0,12.86,28.81,24.78,0.0
101,2023,74,1635.0,12.86,30.33,24.71,0.0
101,2023,74,1636.0,12.86,31.6,24.68,0.0
101,2023,74,1637.0,12.86,32.5,24.64,0.0
101,2023,74,1638.0,12.86,32.64,24.54,0.0
101,2023,74,1639.0,12.86,32.64,24.45,0.0
101,2023,74,1640.0,12.86,32.42,24.39,0.0
101,2023,74,1641.0,12.85,32.31,24.35,0.0
101,2023,74,1642.0,12.85,32.45,24.35,0.0
101,2023,74,1643.0,12.85,32.95,24.24,0.0
101,2023,74,1644.0,12.85,33.41,24.21,0.0
101,2023,74,1645.0,12.85,34.11,24.16,0.0
101,2023,74,1646.0,12.85,34.67,24.12,0.0
101,2023,74,1647.0,12.84,34.93,24.1,0.0
101,2023,74,1648.0,12.84,34.93,24.06,0.0
101,2023,74,1649.0,12.84,34.56,24.05,0.0
101,2023,74,1650.0,12.83,33.77,24.01,0.0
101,2023,74,1651.0,12.84,32.84,24.03,0.0
101,2023,74,1652.0,12.83,31.77,23.99,0.0
101,2023,74,1653.0,12.83,30.36,23.99,0.0
101,2023,74,1654.0,12.83,29.18,23.94,0.0
101,2023,74,1655.0,12.82,28.08,23.92,0.0
101,2023,74,1656.0,12.82,27.23,23.88,0.0
101,2023,74,1657.0,12.82,26.33,23.88,0.0
101,2023,74,1658.0,12.81,25.48,23.84,0.0
101,2023,74,1659.0,12.81,24.5,23.85,0.0
101,2023,74,1700.0,12.81,23.57,23.83,0.0
101,2023,74,1701.0,12.81,22.52,23.8,0.0
101,2023,74,1702.0,12.81,21.48,23.79,0.0
101,2023,74,1703.0,12.8,20.38,23.8,0.0
101,2023,74,1704.0,12.8,19.28,23.79,0.0
101,2023,74,1705.0,12.8,18.3,23.76,0.0
101,2023,74,1706.0,12.8,17.17,23.78,0.0
101,2023,74,1707.0,12.8,15.98,23.76,0.0
101,2023,74,1708.0,12.8,14.63,23.76,0.0
101,2023,74,1709.0,12.8,13.39,23.75,0.0
101,2023,74,1710.0,12.79,12.21,23.73,0.0
101,2023,74,1711.0,12.79,11.11,23.74,0.0
101,2023,74,1712.0,12.79,9.95,23.73,0.0
101,2023,74,1713.0,12.79,8.6,23.75,0.0
101,2023,74,1714.0,12.79,7.61,23.75,0.0
101,2023,74,1715.0,12.79,6.85,23.78,0.0
101,2023,74,1716.0,12.79,6.343,23.76,0.0
101,2023,74,1717.0,12.79,5.807,23.76,0.0
101,2023,74,1718.0,12.79,5.328,23.76,0.0
101,2023,74,1719.0,12.79,4.877,23.7,0.0
101,2023,74,1720.0,12.78,4.51,23.71,0.0
101,2023,74,1721.0,12.79,4.2,23.69,0.0
101,2023,74,1722.0,12.78,4.087,23.67,0.0
101,2023,74,1723.0,12.78,3.975,23.68,0.0
101,2023,74,1724.0,12.79,3.721,23.7,0.0
101,2023,74,1725.0,12.78,3.665,23.7,0.0
101,2023,74,1726.0,12.78,3.242,23.7,0.0
101,2023,74,1727.0,12.78,3.045,23.74,0.0
101,2023,74,1728.0,12.78,2.988,23.74,0.0
101,2023,74,1729.0,12.78,2.594,23.73,0.0
101,2023,74,1730.0,12.78,2.396,23.74,0.0
101,2023,74,1731.0,12.78,2.368,23.73,0.0
101,2023,74,1732.0,12.77,2.171,23.73,0.0
101,2023,74,1733.0,12.77,1.832,23.76,0.0
101,2023,74,1734.0,12.77,1.691,23.75,0.0
101,2023,74,1735.0,12.77,1.579,23.74,0.0
101,2023,74,1736.0,12.77,1.212,23.76,0.0
101,2023,74,1737.0,12.77,1.043,23.78,0.0
101,2023,74,1738.0,12.77,1.015,23.8,0.0
101,2023,74,1739.0,12.77,1.015,23.75,0.0
101,2023,74,1740.0,12.77,0.987,23.74,0.0
101,2023,74,1741.0,12.77,0.0,23.74,0.0
101,2023,74,1742.0,12.77,0.0,23.73,0.0
101,2023,74,1743.0,12.77,0.0,23.74,0.0
101,2023,74,1744.0,12.76,0.0,23.75,0.0
101,2023,74,1745.0,12.76,0.0,23.74,0.0
101,2023,74,1746.0,12.77,0.0,23.74,0.0
101,2023,74,1747.0,12.76,0.0,23.73,0.0
101,2023,74,1748.0,12.76,0.0,23.69,0.0
101,2023,74,1749.0,12.76,0.0,23.71,0.0
101,2023,74,1750.0,12.76,0.0,23.71,0.0
101,2023,74,1751.0,12.76,0.0,23.71,0.0
101,2023,74,1752.0,12.76,0.0,23.69,0.0
101,2023,74,1753.0,12.76,0.0,23.71,0.0
101,2023,74,1754.0,12.76,0.0,23.75,0.0
101,2023,74,1755.0,12.76,0.0,23.71,0.0
101,2023,74,1756.0,12.76,0.0,23.72,0.0
101,2023,74,1757.0,12.76,0.0,23.73,0.0
101,2023,74,1758.0,12.76,0.0,23.7,0.0
101,2023,74,1759.0,12.76,0.0,23.69,0.0
101,2023,74,1800.0,12.75,0.0,23.66,0.0
101,2023,74,1801.0,12.75,0.0,23.62,0.0
101,2023,74,1802.0,12.75,0.0,23.62,0.0
101,2023,74,1803.0,12.75,0.0,23.62,0.0
101,2023,74,1804.0,12.75,0.0,23.59,0.0
101,2023,74,1805.0,12.75,0.0,23.53,0.0
101,2023,74,1806.0,12.75,0.0,23.35,0.0
101,2023,74,1807.0,12.75,0.0,23.09,0.0
101,2023,74,1808.0,12.75,0.0,23.08,0.0
101,2023,74,1809.0,12.75,0.0,23.09,0.0
101,2023,74,1810.0,12.75,0.0,23.04,0.0
101,2023,74,1811.0,12.75,0.0,23.04,0.0
101,2023,74,1812.0,12.75,0.0,22.95,0.0
101,2023,74,1813.0,12.75,0.0,22.88,0.0
101,2023,74,1814.0,12.75,0.0,22.9,0.0
101,2023,74,1815.0,12.75,0.0,22.85,0.0
101,2023,74,1816.0,12.75,0.0,22.81,0.0
101,2023,74,1817.0,12.75,0.0,22.68,0.0
101,2023,74,1818.0,12.75,0.0,22.61,0.0
101,2023,74,1819.0,12.75,0.0,22.6,0.0
101,2023,74,1820.0,12.74,0.0,22.63,0.0
101,2023,74,1821.0,12.75,0.0,22.61,0.0
101,2023,74,1822.0,12.74,0.0,22.59,0.0
101,2023,74,1823.0,12.74,0.0,22.58,0.0
101,2023,74,1824.0,12.74,0.0,22.57,0.0
101,2023,74,1825.0,12.74,0.0,22.56,0.0
101,2023,74,1826.0,12.74,0.0,22.54,0.0
101,2023,74,1827.0,12.74,0.0,22.5,0.0
101,2023,74,1828.0,12.74,0.0,22.49,0.0
101,2023,74,1829.0,12.74,0.0,22.46,0.0
101,2023,74,1830.0,12.74,0.0,22.41,0.0
101,2023,74,1831.0,12.74,0.0,22.35,0.0
101,2023,74,1832.0,12.74,0.0,22.35,0.0
101,2023,74,1833.0,12.73,0.0,22.31,0.0
101,2023,74,1834.0,12.73,0.0,22.28,0.0
101,2023,74,1835.0,12.73,0.0,22.23,0.0
101,2023,74,1836.0,12.73,0.0,22.22,0.0
101,2023,74,1837.0,12.73,0.0,22.19,0.0
101,2023,74,1838.0,12.73,0.0,22.18,0.0
101,2023,74,1839.0,12.73,0.0,22.18,0.0
101,2023,74,1840.0,12.73,0.0,22.17,0.0
101,2023,74,1841.0,12.73,0.0,22.18,0.0
101,2023,74,1842.0,12.73,0.0,22.16,0.0
101,2023,74,1843.0,12.73,0.0,22.16,0.0
101,2023,74,1844.0,12.73,0.0,22.15,0.0
101,2023,74,1845.0,12.73,0.0,22.12,0.0
101,2023,74,1846.0,12.73,0.0,22.07,0.0
101,2023,74,1847.0,12.73,0.0,22.06,0.0
101,2023,74,1848.0,12.73,0.0,22.08,0.0
101,2023,74,1849.0,12.73,0.0,22.07,0.0
101,2023,74,1850.0,12.73,0.0,22.07,0.0
101,2023,74,1851.0,12.72,0.0,22.08,0.0
101,2023,74,1852.0,12.72,0.0,22.09,0.0
101,2023,74,1853.0,12.73,0.0,22.08,0.0
101,2023,74,1854.0,12.73,0.0,22.08,0.0
101,2023,74,1855.0,12.73,0.0,22.1,0.0
101,2023,74,1856.0,12.72,0.0,22.07,0.0
101,2023,74,1857.0,12.72,0.0,22.04,0.0
101,2023,74,1858.0,12.72,0.0,22.03,0.0
101,2023,74,1859.0,12.72,0.0,22.01,0.0
101,2023,74,1900.0,12.72,0.0,21.99,0.0
101,2023,74,1901.0,12.72,0.0,21.98,0.0
101,2023,74,1902.0,12.72,0.0,21.97,0.0
101,2023,74,1903.0,12.72,0.0,22.0,0.0
101,2023,74,1904.0,12.72,0.0,22.0,0.0
101,2023,74,1905.0,12.72,0.0,21.95,0.0
101,2023,74,1906.0,12.72,0.0,21.95,0.0
101,2023,74,1907.0,12.72,0.0,21.96,0.0
101,2023,74,1908.0,12.72,0.0,21.97,0.0
101,2023,74,1909.0,12.71,0.0,21.95,0.0
101,2023,74,1910.0,12.72,0.0,21.95,0.0
101,2023,74,1911.0,12.71,0.0,21.93,0.0
101,2023,74,1912.0,12.71,0.0,21.95,0.0
101,2023,74,1913.0,12.72,0.0,21.94,0.0
101,2023,74,1914.0,12.71,0.0,21.94,0.0
101,2023,74,1915.0,12.71,0.0,21.95,0.0
101,2023,74,1916.0,12.72,0.0,21.91,0.0
101,2023,74,1917.0,12.71,0.0,21.9,0.0
101,2023,74,1918.0,12.71,0.0,21.92,0.0
101,2023,74,1919.0,12.71,0.0,21.92,0.0
101,2023,74,1920.0,12.71,0.0,21.9,0.0
101,2023,74,1921.0,12.71,0.0,21.89,0.0
101,2023,74,1922.0,12.71,0.0,21.91,0.0
101,2023,74,1923.0,12.71,0.0,21.91,0.0
101,2023,74,1924.0,12.71,0.0,21.92,0.0
101,2023,74,1925.0,12.71,0.0,21.9,0.0
101,2023,74,1926.0,12.71,0.0,21.89,0.0
101,2023,74,1927.0,12.71,0.0,21.88,0.0
101,2023,74,1928.0,12.7,0.0,21.9,0.0
101,2023,74,1929.0,12.71,0.0,21.89,0.0
101,2023,74,1930.0,12.71,0.0,21.89,0.0
101,2023,74,1931.0,12.7,0.0,21.91,0.0
101,2023,74,1932.0,12.71,0.0,21.9,0.0
101,2023,74,1933.0,12.7,0.0,21.9,0.0
101,2023,74,1934.0,12.7,0.0,21.89,0.0
101,2023,74,1935.0,12.7,0.0,21.88,0.0
101,2023,74,1936.0,12.7,0.0,21.88,0.0
101,2023,74,1937.0,12.7,0.0,21.88,0.0
101,2023,74,1938.0,12.7,0.0,21.87,0.0
101,2023,74,1939.0,12.7,0.0,21.86,0.0
101,2023,74,1940.0,12.7,0.0,21.86,0.0
101,2023,74,1941.0,12.7,0.0,21.87,0.0
101,2023,74,1942.0,12.7,0.0,21.88,0.0
101,2023,74,1943.0,12.7,0.0,21.88,0.0
101,2023,74,1944.0,12.7,0.0,21.86,0.0
101,2023,74,1945.0,12.7,0.0,21.87,0.0
101,2023,74,1946.0,12.7,0.0,21.87,0.0
101,2023,74,1947.0,12.7,0.0,21.86,0.0
101,2023,74,1948.0,12.7,0.0,21.85,0.0
101,2023,74,1949.0,12.7,0.0,21.85,0.0
101,2023,74,1950.0,12.7,0.0,21.85,0.0
101,2023,74,1951.0,12.7,0.0,21.85,0.0
101,2023,74,1952.0,12.7,0.0,21.85,0.0
101,2023,74,1953.0,12.7,0.0,21.85,0.0
101,2023,74,1954.0,12.69,0.0,21.85,0.0
101,2023,74,1955.0,12.69,0.0,21.85,0.0
101,2023,74,1956.0,12.69,0.0,21.87,0.0
101,2023,74,1957.0,12.69,0.0,21.86,0.0
101,2023,74,1958.0,12.69,0.0,21.85,0.0
101,2023,74,1959.0,12.69,0.0,21.85,0.0
101,2023,74,2000.0,12.69,0.0,21.87,0.0
101,2023,74,2001.0,12.69,0.0,21.87,0.0
101,2023,74,2002.0,12.69,0.0,21.85,0.0
101,2023,74,2003.0,12.69,0.0,21.84,0.0
101,2023,74,2004.0,12.69,0.0,21.83,0.0
101,2023,74,2005.0,12.69,0.0,21.82,0.0
101,2023,74,2006.0,12.69,0.0,21.83,0.0
101,2023,74,2007.0,12.69,0.0,21.81,0.0
101,2023,74,2008.0,12.69,0.0,21.8,0.0
101,2023,74,2009.0,12.69,0.0,21.79,0.0
101,2023,74,2010.0,12.69,0.0,21.82,0.0
101,2023,74,2011.0,12.69,0.0,21.81,0.0
101,2023,74,2012.0,12.69,0.0,21.78,0.0
101,2023,74,2013.0,12.69,0.0,21.8,0.0
101,2023,74,2014.0,12.69,0.0,21.77,0.0
101,2023,74,2015.0,12.69,0.0,21.77,0.0
101,2023,74,2016.0,12.69,0.0,21.77,0.0
101,2023,74,2017.0,12.69,0.0,21.79,0.0
101,2023,74,2018.0,12.69,0.0,21.82,0.0
101,2023,74,2019.0,12.69,0.0,21.79,0.0
101,2023,74,2020.0,12.69,0.0,21.77,0.0
101,2023,74,2021.0,12.68,0.0,21.78,0.0
101,2023,74,2022.0,12.69,0.0,21.76,0.0
101,2023,74,2023.0,12.68,0.0,21.76,0.0
101,2023,74,2024.0,12.69,0.0,21.78,0.0
101,2023,74,2025.0,12.69,0.0,21.77,0.0
101,2023,74,2026.0,12.68,0.0,21.75,0.0
101,2023,74,2027.0,12.69,0.0,21.73,0.0
101,2023,74,2028.0,12.69,0.0,21.71,0.0
101,2023,74,2029.0,12.68,0.0,21.7,0.0
101,2023,74,2030.0,12.68,0.0,21.71,0.0
101,2023,74,2031.0,12.68,0.0,21.72,0.0
101,2023,74,2032.0,12.68,0.0,21.72,0.0
101,2023,74,2033.0,12.68,0.0,21.73,0.0
101,2023,74,2034.0,12.68,0.0,21.74,0.0
101,2023,74,2035.0,12.68,0.0,21.76,0.0
101,2023,74,2036.0,12.68,0.0,21.78,0.0
101,2023,74,2037.0,12.68,0.0,21.8,0.0
101,2023,74,2038.0,12.68,0.0,21.81,0.0
101,2023,74,2039.0,12.68,0.0,21.81,0.0
101,2023,74,2040.0,12.68,0.0,21.8,0.0
101,2023,74,2041.0,12.68,0.0,21.79,0.0
101,2023,74,2042.0,12.68,0.0,21.8,0.0
101,2023,74,2043.0,12.68,0.0,21.81,0.0
101,2023,74,2044.0,12.68,0.0,21.82,0.0
101,2023,74,2045.0,12.68,0.0,21.82,0.0
101,2023,74,2046.0,12.68,0.0,21.82,0.0
101,2023,74,2047.0,12.68,0.0,21.82,0.0
101,2023,74,2048.0,12.68,0.0,21.79,0.0
101,2023,74,2049.0,12.68,0.0,21.77,0.0
101,2023,74,2050.0,12.68,0.0,21.77,0.0
101,2023,74,2051.0,12.68,0.0,21.78,0.0
101,2023,74,2052.0,12.68,0.0,21.73,0.0
101,2023,74,2053.0,12.68,0.0,21.68,0.0
101,2023,74,2054.0,12.68,0.0,21.69,0.0
101,2023,74,2055.0,12.68,0.0,21.69,0.0
101,2023,74,2056.0,12.67,0.0,21.68,0.0
101,2023,74,2057.0,12.67,0.0,21.68,0.0
101,2023,74,2058.0,12.67,0.0,21.68,0.0
101,2023,74,2059.0,12.67,0.0,21.69,0.0
101,2023,74,2100.0,12.67,0.0,21.68,0.0
101,2023,74,2101.0,12.68,0.0,21.67,0.0
101,2023,74,2102.0,12.67,0.0,21.7,0.0
101,2023,74,2103.0,12.67,0.0,21.72,0.0
101,2023,74,2104.0,12.67,0.0,21.75,0.0
101,2023,74,2105.0,12.67,0.0,21.79,0.0
101,2023,74,2106.0,12.67,0.0,21.83,0.0
101,2023,74,2107.0,12.67,0.0,21.83,0.0
101,2023,74,2108.0,12.67,0.0,21.84,0.0
101,2023,74,2109.0,12.67,0.0,21.84,0.0
101,2023,74,2110.0,12.67,0.0,21.83,0.0
101,2023,74,2111.0,12.67,0.0,21.83,0.0
101,2023,74,2112.0,12.67,0.0,21.82,0.0
101,2023,74,2113.0,12.67,0.0,21.79,0.0
101,2023,74,2114.0,12.67,0.0,21.81,0.0
101,2023,74,2115.0,12.67,0.0,21.81,0.0
101,2023,74,2116.0,12.67,0.0,21.84,0.0
101,2023,74,2117.0,12.67,0.0,21.88,0.0
101,2023,74,2118.0,12.67,0.0,21.9,0.0
101,2023,74,2119.0,12.67,0.0,21.91,0.0
101,2023,74,2120.0,12.67,0.0,21.91,0.0
101,2023,74,2121.0,12.67,0.0,21.93,0.0
101,2023,74,2122.0,12.67,0.0,21.92,0.0
101,2023,74,2123.0,12.67,0.0,21.92,0.0
101,2023,74,2124.0,12.67,0.0,21.92,0.0
101,2023,74,2125.0,12.67,0.0,21.92,0.0
101,2023,74,2126.0,12.67,0.0,21.9,0.0
101,2023,74,2127.0,12.67,0.0,21.89,0.0
101,2023,74,2128.0,12.67,0.0,21.89,0.0
101,2023,74,2129.0,12.67,0.0,21.89,0.0
101,2023,74,2130.0,12.67,0.0,21.89,0.0
101,2023,74,2131.0,12.67,0.0,21.9,0.0
101,2023,74,2132.0,12.67,0.0,21.9,0.0
101,2023,74,2133.0,12.67,0.0,21.89,0.0
101,2023,74,2134.0,12.67,0.0,21.89,0.0
101,2023,74,2135.0,12.67,0.0,21.88,0.0
101,2023,74,2136.0,12.67,0.0,21.88,0.0
101,2023,74,2137.0,12.66,0.0,21.89,0.0
101,2023,74,2138.0,12.66,0.0,21.89,0.0
101,2023,74,2139.0,12.67,0.0,21.89,0.0
101,2023,74,2140.0,12.66,0.0,21.89,0.0
101,2023,74,2141.0,12.67,0.0,21.88,0.0
101,2023,74,2142.0,12.66,0.0,21.89,0.0
101,2023,74,2143.0,12.66,0.0,21.89,0.0
101,2023,74,2144.0,12.66,0.0,21.89,0.0
101,2023,74,2145.0,12.66,0.0,21.89,0.0
101,2023,74,2146.0,12.66,0.0,21.89,0.0
101,2023,74,2147.0,12.66,0.0,21.91,0.0
101,2023,74,2148.0,12.66,0.0,21.92,0.0
101,2023,74,2149.0,12.66,0.0,21.9,0.0
101,2023,74,2150.0,12.66,0.0,21.89,0.0
101,2023,74,2151.0,12.67,0.0,21.86,0.0
101,2023,74,2152.0,12.66,0.0,21.86,0.0
101,2023,74,2153.0,12.66,0.0,21.86,0.0
101,2023,74,2154.0,12.66,0.0,21.85,0.0
101,2023,74,2155.0,12.66,0.0,21.84,0.0
101,2023,74,2156.0,12.66,0.0,21.84,0.0
101,2023,74,2157.0,12.67,0.0,21.84,0.0
101,2023,74,2158.0,12.67,0.0,21.83,0.0
101,2023,74,2159.0,12.67,0.0,21.82,0.0
101,2023,74,2200.0,12.66,0.0,21.79,0.0
101,2023,74,2201.0,12.66,0.0,21.75,0.0
101,2023,74,2202.0,12.66,0.0,21.68,0.0
101,2023,74,2203.0,12.66,0.0,21.67,0.0
101,2023,74,2204.0,12.66,0.0,21.68,0.0
101,2023,74,2205.0,12.66,0.0,21.67,0.0
101,2023,74,2206.0,12.66,0.0,21.67,0.0
101,2023,74,2207.0,12.66,0.0,21.69,0.0
101,2023,74,2208.0,12.66,0.0,21.73,0.0
101,2023,74,2209.0,12.65,0.0,21.77,0.0
101,2023,74,2210.0,12.66,0.0,21.76,0.0
101,2023,74,2211.0,12.65,0.0,21.77,0.0
101,2023,74,2212.0,12.65,0.0,21.77,0.0
101,2023,74,2213.0,12.66,0.0,21.77,0.0
101,2023,74,2214.0,12.66,0.0,21.77,0.0
101,2023,74,2215.0,12.66,0.0,21.77,0.0
101,2023,74,2216.0,12.65,0.0,21.76,0.0
101,2023,74,2217.0,12.65,0.0,21.76,0.0
101,2023,74,2218.0,12.66,0.0,21.77,0.0
101,2023,74,2219.0,12.65,0.0,21.83,0.0
101,2023,74,2220.0,12.66,0.0,21.89,0.0
101,2023,74,2221.0,12.65,0.0,21.93,0.0
101,2023,74,2222.0,12.65,0.0,21.97,0.0
101,2023,74,2223.0,12.65,0.0,21.92,0.0
101,2023,74,2224.0,12.65,0.0,21.87,0.0
101,2023,74,2225.0,12.65,0.0,21.91,0.0
101,2023,74,2226.0,12.65,0.0,21.99,0.0
101,2023,74,2227.0,12.65,0.0,22.01,0.0
101,2023,74,2228.0,12.65,0.0,22.01,0.0
101,2023,74,2229.0,12.65,0.0,22.01,0.0
101,2023,74,2230.0,12.65,0.0,21.99,0.0
101,2023,74,2231.0,12.65,0.0,21.99,0.0
101,2023,74,2232.0,12.65,0.0,21.97,0.0
101,2023,74,2233.0,12.65,0.0,22.01,0.0
101,2023,74,2234.0,12.65,0.0,22.03,0.0
101,2023,74,2235.0,12.65,0.0,22.03,0.0
101,2023,74,2236.0,12.65,0.0,22.01,0.0
101,2023,74,2237.0,12.65,0.0,21.99,0.0
101,2023,74,2238.0,12.65,0.0,21.97,0.0
101,2023,74,2239.0,12.65,0.0,21.96,0.0
101,2023,74,2240.0,12.65,0.0,21.95,0.0
101,2023,74,2241.0,12.65,0.0,21.92,0.0
101,2023,74,2242.0,12.65,0.0,21.91,0.0
101,2023,74,2243.0,12.65,0.0,21.9,0.0
101,2023,74,2244.0,12.65,0.0,21.9,0.0
101,2023,74,2245.0,12.65,0.0,21.92,0.0
101,2023,74,2246.0,12.65,0.0,21.89,0.0
101,2023,74,2247.0,12.65,0.0,21.88,0.0
101,2023,74,2248.0,12.65,0.0,21.86,0.0
101,2023,74,2249.0,12.65,0.0,21.85,0.0
101,2023,74,2250.0,12.65,0.0,21.83,0.0
101,2023,74,2251.0,12.65,0.0,21.83,0.0
101,2023,74,2252.0,12.65,0.0,21.82,0.0
101,2023,74,2253.0,12.65,0.0,21.82,0.0
101,2023,74,2254.0,12.65,0.0,21.82,0.0
101,2023,74,2255.0,12.65,0.0,21.8,0.0
101,2023,74,2256.0,12.65,0.0,21.8,0.0
101,2023,74,2257.0,12.65,0.0,21.79,0.0
101,2023,74,2258.0,12.65,0.0,21.8,0.0
101,2023,74,2259.0,12.65,0.0,21.78,0.0
101,2023,74,2300.0,12.65,0.0,21.78,0.0
101,2023,74,2301.0,12.65,0.0,21.79,0.0
101,2023,74,2302.0,12.65,0.0,21.76,0.0
101,2023,74,2303.0,12.65,0.0,21.75,0.0
101,2023,74,2304.0,12.65,0.0,21.74,0.0
101,2023,74,2305.0,12.65,0.0,21.74,0.0
101,2023,74,2306.0,12.65,0.0,21.73,0.0
101,2023,74,2307.0,12.65,0.0,21.7,0.0
101,2023,74,2308.0,12.65,0.0,21.69,0.0
101,2023,74,2309.0,12.65,0.0,21.68,0.0
101,2023,74,2310.0,12.64,0.0,21.68,0.0
101,2023,74,2311.0,12.65,0.0,21.68,0.0
101,2023,74,2312.0,12.64,0.0,21.67,0.0
101,2023,74,2313.0,12.64,0.0,21.66,0.0
101,2023,74,2314.0,12.64,0.0,21.65,0.0
101,2023,74,2315.0,12.64,0.0,21.65,0.0
101,2023,74,2316.0,12.65,0.0,21.65,0.0
101,2023,74,2317.0,12.64,0.0,21.65,0.0
101,2023,74,2318.0,12.64,0.0,21.64,0.0
101,2023,74,2319.0,12.64,0.0,21.64,0.0
101,2023,74,2320.0,12.64,0.0,21.65,0.0
101,2023,74,2321.0,12.64,0.0,21.72,0.0
101,2023,74,2322.0,12.64,0.0,21.7,0.0
101,2023,74,2323.0,12.64,0.0,21.69,0.0
101,2023,74,2324.0,12.64,0.0,21.68,0.0
101,2023,74,2325.0,12.64,0.0,21.68,0.0
101,2023,74,2326.0,12.64,0.0,21.68,0.0
101,2023,74,2327.0,12.64,0.0,21.68,0.0
101,2023,74,2328.0,12.64,0.0,21.68,0.0
101,2023,74,2329.0,12.64,0.0,21.68,0.0
101,2023,74,2330.0,12.64,0.0,21.7,0.0
101,2023,74,2331.0,12.64,0.0,21.71,0.0
101,2023,74,2332.0,12.64,0.0,21.73,0.0
101,2023,74,2333.0,12.64,0.0,21.73,0.0
101,2023,74,2334.0,12.64,0.0,21.72,0.0
101,2023,74,2335.0,12.64,0.0,21.71,0.0
101,2023,74,2336.0,12.64,0.0,21.7,0.0
101,2023,74,2337.0,12.64,0.0,21.71,0.0
101,2023,74,2338.0,12.64,0.0,21.73,0.0
101,2023,74,2339.0,12.64,0.0,21.77,0.0
101,2023,74,2340.0,12.64,0.0,21.79,0.0
101,2023,74,2341.0,12.64,0.0,21.78,0.0
101,2023,74,2342.0,12.64,0.0,21.78,0.0
101,2023,74,2343.0,12.64,0.0,21.78,0.0
101,2023,74,2344.0,12.64,0.0,21.78,0.0
101,2023,74,2345.0,12.64,0.0,21.78,0.0
101,2023,74,2346.0,12.64,0.0,21.76,0.0
101,2023,74,2347.0,12.64,0.0,21.74,0.0
101,2023,74,2348.0,12.64,0.0,21.73,0.0
101,2023,74,2349.0,12.64,0.0,21.73,0.0
101,2023,74,2350.0,12.64,0.0,21.74,0.0
101,2023,74,2351.0,12.64,0.0,21.76,0.0
101,2023,74,2352.0,12.64,0.0,21.78,0.0
101,2023,74,2353.0,12.64,0.0,21.79,0.0
101,2023,74,2354.0,12.64,0.0,21.79,0.0
101,2023,74,2355.0,12.64,0.0,21.78,0.0
101,2023,74,2356.0,12.64,0.0,21.78,0.0
101,2023,74,2357.0,12.63,0.0,21.77,0.0
101,2023,74,2358.0,12.64,0.0,21.76,0.0
101,2023,74,2359.0,12.64,0.0,21.76,0.0
