a,b,dia_juliano,d,e,f,g,h
101,2023,25,2400,12.69,0,22.46,0
101,2023,25,1,12.69,0,22.48,0
101,2023,25,2,12.69,0,22.48,0
101,2023,25,3,12.69,0,22.48,0
101,2023,25,4,12.69,0,22.47,0
101,2023,25,5,12.69,0,22.48,0
101,2023,25,6,12.69,0,22.48,0
101,2023,25,7,12.69,0,22.46,0
101,2023,25,8,12.69,0,22.45,0
101,2023,25,9,12.69,0,22.45,0
101,2023,25,10,12.69,0,22.45,0
101,2023,25,11,12.69,0,22.48,0
101,2023,25,12,12.69,0,22.49,0
101,2023,25,13,12.69,0,22.48,0
101,2023,25,14,12.69,0,22.49,0
101,2023,25,15,12.69,0,22.49,0
101,2023,25,16,12.69,0,22.5,0
101,2023,25,17,12.69,0,22.49,0
101,2023,25,18,12.69,0,22.51,0
101,2023,25,19,12.69,0,22.53,0
101,2023,25,20,12.69,0,22.54,0
101,2023,25,21,12.69,0,22.52,0
101,2023,25,22,12.69,0,22.51,0
101,2023,25,23,12.69,0,22.51,0
101,2023,25,24,12.69,0,22.53,0
101,2023,25,25,12.69,0,22.53,0
101,2023,25,26,12.69,0,22.52,0
101,2023,25,27,12.69,0,22.52,0
101,2023,25,28,12.69,0,22.51,0
101,2023,25,29,12.69,0,22.51,0
101,2023,25,30,12.69,0,22.51,0
101,2023,25,31,12.69,0,22.52,0
101,2023,25,32,12.69,0,22.52,0
101,2023,25,33,12.69,0,22.5,0
101,2023,25,34,12.69,0,22.5,0
101,2023,25,35,12.69,0,22.51,0
101,2023,25,36,12.69,0,22.5,0
101,2023,25,37,12.68,0,22.48,0
101,2023,25,38,12.69,0,22.47,0
101,2023,25,39,12.69,0,22.48,0
101,2023,25,40,12.68,0,22.48,0
101,2023,25,41,12.69,0,22.48,0
101,2023,25,42,12.68,0,22.48,0
101,2023,25,43,12.68,0,22.47,0
101,2023,25,44,12.68,0,22.46,0
101,2023,25,45,12.68,0,22.46,0
101,2023,25,46,12.68,0,22.45,0
101,2023,25,47,12.68,0,22.46,0
101,2023,25,48,12.68,0,22.46,0
101,2023,25,49,12.68,0,22.46,0
101,2023,25,50,12.68,0,22.45,0
101,2023,25,51,12.68,0,22.45,0
101,2023,25,52,12.68,0,22.46,0
101,2023,25,53,12.68,0,22.48,0
101,2023,25,54,12.68,0,22.5,0
101,2023,25,55,12.68,0,22.51,0
101,2023,25,56,12.68,0,22.51,0
101,2023,25,57,12.68,0,22.51,0
101,2023,25,58,12.68,0,22.51,0
101,2023,25,59,12.68,0,22.52,0
101,2023,25,100,12.68,0,22.51,0
101,2023,25,101,12.68,0,22.51,0
101,2023,25,102,12.68,0,22.48,0
101,2023,25,103,12.68,0,22.48,0
101,2023,25,104,12.68,0,22.47,0
101,2023,25,105,12.68,0,22.46,0
101,2023,25,106,12.68,0,22.45,0
101,2023,25,107,12.68,0,22.45,0
101,2023,25,108,12.68,0,22.44,0
101,2023,25,109,12.68,0,22.45,0
101,2023,25,110,12.68,0,22.45,0
101,2023,25,111,12.68,0,22.45,0
101,2023,25,112,12.68,0,22.44,0
101,2023,25,113,12.67,0,22.45,0
101,2023,25,114,12.68,0,22.44,0
101,2023,25,115,12.67,0,22.42,0
101,2023,25,116,12.67,0,22.41,0
101,2023,25,117,12.67,0,22.41,0
101,2023,25,118,12.67,0,22.44,0
101,2023,25,119,12.67,0,22.45,0
101,2023,25,120,12.67,0,22.42,0
101,2023,25,121,12.67,0,22.37,0
101,2023,25,122,12.67,0,22.34,0
101,2023,25,123,12.67,0,22.32,0
101,2023,25,124,12.67,0,22.3,0
101,2023,25,125,12.67,0,22.29,0
101,2023,25,126,12.67,0,22.27,0
101,2023,25,127,12.67,0,22.24,0
101,2023,25,128,12.67,0,22.23,0
101,2023,25,129,12.67,0,22.22,0
101,2023,25,130,12.67,0,22.21,0
101,2023,25,131,12.67,0,22.24,0
101,2023,25,132,12.67,0,22.25,0
101,2023,25,133,12.67,0,22.22,0
101,2023,25,134,12.67,0,22.19,0
101,2023,25,135,12.67,0,22.15,0
101,2023,25,136,12.67,0,22.11,0
101,2023,25,137,12.67,0,22.12,0
101,2023,25,138,12.67,0,22.1,0
101,2023,25,139,12.67,0,22.06,0
101,2023,25,140,12.67,0,22.05,0
101,2023,25,141,12.67,0,22.04,0
101,2023,25,142,12.67,0,22.04,0
101,2023,25,143,12.67,0,22.04,0
101,2023,25,144,12.67,0,22.05,0
101,2023,25,145,12.67,0,22.05,0
101,2023,25,146,12.67,0,22.05,0
101,2023,25,147,12.67,0,22.06,0
101,2023,25,148,12.67,0,22.07,0
101,2023,25,149,12.67,0,22.1,0
101,2023,25,150,12.67,0,22.1,0
101,2023,25,151,12.66,0,22.09,0
101,2023,25,152,12.66,0,22.1,0
101,2023,25,153,12.66,0,22.09,0
101,2023,25,154,12.66,0,22.09,0
101,2023,25,155,12.66,0,22.06,0
101,2023,25,156,12.66,0,22.06,0
101,2023,25,157,12.66,0,22.05,0
101,2023,25,158,12.66,0,22.05,0
101,2023,25,159,12.66,0,22.06,0
101,2023,25,200,12.66,0,22.04,0
101,2023,25,201,12.66,0,22.01,0
101,2023,25,202,12.66,0,21.98,0
101,2023,25,203,12.66,0,21.96,0
101,2023,25,204,12.66,0,21.94,0
101,2023,25,205,12.66,0,21.93,0
101,2023,25,206,12.66,0,21.98,0
101,2023,25,207,12.66,0,21.99,0
101,2023,25,208,12.66,0,21.99,0
101,2023,25,209,12.66,0,21.97,0
101,2023,25,210,12.66,0,22.02,0
101,2023,25,211,12.66,0,22,0
101,2023,25,212,12.66,0,22.02,0
101,2023,25,213,12.66,0,21.99,0
101,2023,25,214,12.66,0,21.98,0
101,2023,25,215,12.66,0,21.99,0
101,2023,25,216,12.66,0,21.96,0
101,2023,25,217,12.66,0,21.95,0
101,2023,25,218,12.66,0,21.91,0
101,2023,25,219,12.66,0,21.88,0
101,2023,25,220,12.66,0,21.85,0
101,2023,25,221,12.66,0,21.83,0
101,2023,25,222,12.66,0,21.81,0
101,2023,25,223,12.65,0,21.8,0
101,2023,25,224,12.65,0,21.79,0
101,2023,25,225,12.65,0,21.82,0
101,2023,25,226,12.65,0,21.84,0
101,2023,25,227,12.65,0,21.88,0
101,2023,25,228,12.65,0,21.91,0
101,2023,25,229,12.65,0,21.92,0
101,2023,25,230,12.65,0,21.9,0
101,2023,25,231,12.65,0,21.87,0
101,2023,25,232,12.65,0,21.85,0
101,2023,25,233,12.65,0,21.83,0
101,2023,25,234,12.65,0,21.82,0
101,2023,25,235,12.65,0,21.81,0
101,2023,25,236,12.65,0,21.8,0
101,2023,25,237,12.65,0,21.8,0
101,2023,25,238,12.65,0,21.79,0
101,2023,25,239,12.65,0,21.81,0
101,2023,25,240,12.65,0,21.81,0
101,2023,25,241,12.65,0,21.81,0
101,2023,25,242,12.65,0,21.81,0
101,2023,25,243,12.65,0,21.81,0
101,2023,25,244,12.65,0,21.8,0
101,2023,25,245,12.64,0,21.81,0
101,2023,25,246,12.64,0,21.82,0
101,2023,25,247,12.64,0,21.83,0
101,2023,25,248,12.64,0,21.83,0
101,2023,25,249,12.64,0,21.83,0
101,2023,25,250,12.64,0,21.83,0
101,2023,25,251,12.64,0,21.83,0
101,2023,25,252,12.64,0,21.81,0
101,2023,25,253,12.64,0,21.79,0
101,2023,25,254,12.64,0,21.76,0
101,2023,25,255,12.64,0,21.73,0
101,2023,25,256,12.64,0,21.72,0
101,2023,25,257,12.64,0,21.69,0
101,2023,25,258,12.64,0,21.69,0
101,2023,25,259,12.64,0,21.69,0
101,2023,25,300,12.64,0,21.69,0
101,2023,25,301,12.64,0,21.71,0
101,2023,25,302,12.64,0,21.72,0
101,2023,25,303,12.64,0,21.71,0
101,2023,25,304,12.64,0,21.68,0
101,2023,25,305,12.64,0,21.67,0
101,2023,25,306,12.64,0,21.65,0
101,2023,25,307,12.64,0,21.64,0
101,2023,25,308,12.64,0,21.65,0
101,2023,25,309,12.64,0,21.65,0
101,2023,25,310,12.64,0,21.66,0
101,2023,25,311,12.63,0,21.63,0
101,2023,25,312,12.64,0,21.61,0
101,2023,25,313,12.64,0,21.64,0
101,2023,25,314,12.63,0,21.69,0
101,2023,25,315,12.63,0,21.72,0
101,2023,25,316,12.63,0,21.72,0
101,2023,25,317,12.63,0,21.69,0
101,2023,25,318,12.63,0,21.66,0
101,2023,25,319,12.63,0,21.61,0
101,2023,25,320,12.63,0,21.6,0
101,2023,25,321,12.63,0,21.58,0
101,2023,25,322,12.63,0,21.59,0
101,2023,25,323,12.63,0,21.59,0
101,2023,25,324,12.63,0,21.59,0
101,2023,25,325,12.63,0,21.59,0
101,2023,25,326,12.63,0,21.57,0
101,2023,25,327,12.63,0,21.51,0
101,2023,25,328,12.63,0,21.46,0
101,2023,25,329,12.63,0,21.47,0
101,2023,25,330,12.63,0,21.42,0
101,2023,25,331,12.63,0,21.38,0
101,2023,25,332,12.63,0,21.38,0
101,2023,25,333,12.63,0,21.39,0
101,2023,25,334,12.62,0,21.4,0
101,2023,25,335,12.62,0,21.4,0
101,2023,25,336,12.62,0,21.4,0
101,2023,25,337,12.62,0,21.39,0
101,2023,25,338,12.62,0,21.37,0
101,2023,25,339,12.62,0,21.36,0
101,2023,25,340,12.62,0,21.33,0
101,2023,25,341,12.62,0,21.31,0
101,2023,25,342,12.62,0,21.3,0
101,2023,25,343,12.62,.028,21.32,0
101,2023,25,344,12.62,0,21.37,0
101,2023,25,345,12.62,0,21.41,0
101,2023,25,346,12.62,0,21.47,0
101,2023,25,347,12.62,0,21.52,0
101,2023,25,348,12.62,0,21.53,0
101,2023,25,349,12.62,0,21.54,0
101,2023,25,350,12.62,0,21.52,0
101,2023,25,351,12.62,0,21.52,0
101,2023,25,352,12.62,0,21.53,0
101,2023,25,353,12.62,0,21.55,0
101,2023,25,354,12.62,0,21.57,0
101,2023,25,355,12.62,0,21.57,0
101,2023,25,356,12.62,0,21.57,0
101,2023,25,357,12.62,0,21.57,0
101,2023,25,358,12.62,0,21.57,0
101,2023,25,359,12.62,0,21.56,0
101,2023,25,400,12.62,0,21.57,0
101,2023,25,401,12.62,0,21.57,0
101,2023,25,402,12.62,0,21.56,0
101,2023,25,403,12.62,0,21.55,0
101,2023,25,404,12.62,0,21.55,0
101,2023,25,405,12.61,0,21.55,0
101,2023,25,406,12.62,0,21.55,0
101,2023,25,407,12.61,0,21.54,0
101,2023,25,408,12.61,0,21.52,0
101,2023,25,409,12.61,0,21.5,0
101,2023,25,410,12.61,0,21.49,0
101,2023,25,411,12.61,0,21.48,0
101,2023,25,412,12.61,0,21.48,0
101,2023,25,413,12.61,0,21.46,0
101,2023,25,414,12.61,0,21.47,0
101,2023,25,415,12.61,0,21.46,0
101,2023,25,416,12.61,0,21.45,0
101,2023,25,417,12.61,0,21.44,0
101,2023,25,418,12.61,0,21.43,0
101,2023,25,419,12.61,0,21.43,0
101,2023,25,420,12.61,.028,21.39,0
101,2023,25,421,12.61,0,21.35,0
101,2023,25,422,12.61,0,21.35,0
101,2023,25,423,12.61,0,21.36,0
101,2023,25,424,12.61,0,21.28,0
101,2023,25,425,12.6,0,21.17,0
101,2023,25,426,12.6,0,21.19,0
101,2023,25,427,12.6,0,21.16,0
101,2023,25,428,12.6,0,20.87,0
101,2023,25,429,12.6,0,20.64,0
101,2023,25,430,12.6,0,20.63,0
101,2023,25,431,12.6,0,20.63,0
101,2023,25,432,12.6,0,20.68,0
101,2023,25,433,12.6,0,20.73,0
101,2023,25,434,12.6,0,20.81,0
101,2023,25,435,12.6,0,20.89,0
101,2023,25,436,12.6,0,20.93,0
101,2023,25,437,12.6,0,20.99,0
101,2023,25,438,12.6,0,21.05,0
101,2023,25,439,12.6,0,21.11,0
101,2023,25,440,12.6,0,21.15,0
101,2023,25,441,12.6,0,21.13,0
101,2023,25,442,12.6,0,21.14,0
101,2023,25,443,12.6,0,21.12,0
101,2023,25,444,12.6,0,21.09,0
101,2023,25,445,12.6,0,21.05,0
101,2023,25,446,12.6,0,21.04,0
101,2023,25,447,12.6,0,21.02,0
101,2023,25,448,12.6,0,21.01,0
101,2023,25,449,12.6,0,20.98,0
101,2023,25,450,12.6,0,20.95,0
101,2023,25,451,12.6,0,20.93,0
101,2023,25,452,12.6,0,20.96,0
101,2023,25,453,12.6,0,20.96,0
101,2023,25,454,12.6,0,20.97,0
101,2023,25,455,12.6,0,20.99,0
101,2023,25,456,12.6,.028,21,0
101,2023,25,457,12.6,.197,21,0
101,2023,25,458,12.6,.226,21,0
101,2023,25,459,12.6,.31,21.01,0
101,2023,25,500,12.6,.479,21,0
101,2023,25,501,12.6,.677,21.02,0
101,2023,25,502,12.6,.677,21.05,0
101,2023,25,503,12.59,.677,21.06,0
101,2023,25,504,12.59,.677,21.02,0
101,2023,25,505,12.6,.677,21.01,0
101,2023,25,506,12.6,.959,20.99,0
101,2023,25,507,12.59,1.213,20.99,0
101,2023,25,508,12.59,1.354,21.03,0
101,2023,25,509,12.59,1.382,21.04,0
101,2023,25,510,12.59,1.636,21.06,0
101,2023,25,511,12.59,2.03,21.07,0
101,2023,25,512,12.59,2.087,21.08,0
101,2023,25,513,12.59,2.566,21.06,0
101,2023,25,514,12.59,2.735,21.06,0
101,2023,25,515,12.59,3.271,21.04,0
101,2023,25,516,12.59,3.779,21.04,0
101,2023,25,517,12.59,4.202,21.05,0
101,2023,25,518,12.59,4.512,21.08,0
101,2023,25,519,12.59,5.104,21.12,0
101,2023,25,520,12.59,5.668,21.14,0
101,2023,25,521,12.59,6.317,21.15,0
101,2023,25,522,12.6,6.909,21.17,0
101,2023,25,523,12.6,7.64,21.19,0
101,2023,25,524,12.6,8.4,21.22,0
101,2023,25,525,12.61,9.17,21.24,0
101,2023,25,526,12.62,9.96,21.25,0
101,2023,25,527,12.62,10.6,21.25,0
101,2023,25,528,12.63,11.45,21.27,0
101,2023,25,529,12.64,12.21,21.28,0
101,2023,25,530,12.65,13,21.29,0
101,2023,25,531,12.66,13.76,21.3,0
101,2023,25,532,12.67,14.55,21.32,0
101,2023,25,533,12.68,15.34,21.33,0
101,2023,25,534,12.7,16.19,21.36,0
101,2023,25,535,12.71,17.06,21.37,0
101,2023,25,536,12.72,17.96,21.37,0
101,2023,25,537,12.74,18.75,21.36,0
101,2023,25,538,12.75,19.66,21.33,0
101,2023,25,539,12.77,20.76,21.3,0
101,2023,25,540,12.79,21.86,21.3,0
101,2023,25,541,12.81,23.27,21.28,0
101,2023,25,542,12.83,25.75,21.23,0
101,2023,25,543,12.85,32.46,21.19,0
101,2023,25,544,12.88,42.56,21.17,0
101,2023,25,545,12.91,50.4,21.18,0
101,2023,25,546,12.94,53.7,21.23,0
101,2023,25,547,12.97,55.44,21.26,0
101,2023,25,548,13,57.08,21.19,0
101,2023,25,549,13.03,58.66,21.24,0
101,2023,25,550,13.06,60.35,21.26,0
101,2023,25,551,13.09,62.1,21.26,0
101,2023,25,552,13.14,63.88,21.21,0
101,2023,25,553,13.2,65.74,21.17,0
101,2023,25,554,13.26,67.71,21.21,0
101,2023,25,555,13.26,69.35,21.31,0
101,2023,25,556,13.26,70.7,21.39,0
101,2023,25,557,13.27,71.9,21.46,0
101,2023,25,558,13.27,73,21.51,0
101,2023,25,559,13.27,74.3,21.58,0
101,2023,25,600,13.27,76.2,21.65,0
101,2023,25,601,13.27,79.4,21.72,0
101,2023,25,602,13.27,84.3,21.79,0
101,2023,25,603,13.27,90.5,21.87,0
101,2023,25,604,13.27,96.6,21.97,0
101,2023,25,605,13.27,102.5,22.04,0
101,2023,25,606,13.27,107.9,22.11,0
101,2023,25,607,13.27,112.3,22.21,0
101,2023,25,608,13.26,115.7,22.32,0
101,2023,25,609,13.26,119,22.4,0
101,2023,25,610,13.26,122.3,22.47,0
101,2023,25,611,13.26,124.7,22.58,0
101,2023,25,612,13.26,126.4,22.69,0
101,2023,25,613,13.26,127.2,22.73,0
101,2023,25,614,13.26,127.1,22.82,0
101,2023,25,615,13.26,126,22.96,0
101,2023,25,616,13.25,124.5,23.04,0
101,2023,25,617,13.25,123.5,23.14,0
101,2023,25,618,13.25,122.8,23.23,0
101,2023,25,619,13.25,122.6,23.42,0
101,2023,25,620,13.25,123,23.61,0
101,2023,25,621,13.24,123.8,23.76,0
101,2023,25,622,13.24,125.2,23.78,0
101,2023,25,623,13.24,127.2,23.8,0
101,2023,25,624,13.24,129.8,23.81,0
101,2023,25,625,13.24,133.3,23.94,0
101,2023,25,626,13.24,137.8,24.03,0
101,2023,25,627,13.23,143,24.03,0
101,2023,25,628,13.23,149.4,24.05,0
101,2023,25,629,13.23,157.1,24.06,0
101,2023,25,630,13.23,165.8,24.17,0
101,2023,25,631,13.23,174.3,24.16,0
101,2023,25,632,13.23,182.6,24.19,0
101,2023,25,633,13.22,190.8,24.24,0
101,2023,25,634,13.22,198.1,24.33,0
101,2023,25,635,13.22,203.9,24.39,0
101,2023,25,636,13.22,208.4,24.33,0
101,2023,25,637,13.22,212.8,24.38,0
101,2023,25,638,13.22,215.5,24.38,0
101,2023,25,639,13.22,217.4,24.46,0
101,2023,25,640,13.21,219,24.43,0
101,2023,25,641,13.21,221.6,24.53,0
101,2023,25,642,13.21,223.6,24.4,0
101,2023,25,643,13.21,225.5,24.55,0
101,2023,25,644,13.21,227,24.65,0
101,2023,25,645,13.21,229.8,24.71,0
101,2023,25,646,13.2,233,24.82,0
101,2023,25,647,13.2,236.4,24.81,0
101,2023,25,648,13.2,240.5,24.82,0
101,2023,25,649,13.2,244.6,24.96,0
101,2023,25,650,13.2,249.2,25.05,0
101,2023,25,651,13.2,253.5,25.03,0
101,2023,25,652,13.2,252.6,25.29,0
101,2023,25,653,13.2,254.6,25.52,0
101,2023,25,654,13.2,259.1,25.49,0
101,2023,25,655,13.19,263.5,25.32,0
101,2023,25,656,13.19,269,25.32,0
101,2023,25,657,13.19,274,25.47,0
101,2023,25,658,13.19,277.7,25.55,0
101,2023,25,659,13.18,281.8,25.38,0
101,2023,25,700,13.18,287.8,25.19,0
101,2023,25,701,13.18,293.1,25.15,0
101,2023,25,702,13.18,296.3,25.03,0
101,2023,25,703,13.18,300.4,25.01,0
101,2023,25,704,13.18,305.4,25.1,0
101,2023,25,705,13.18,310.1,24.97,0
101,2023,25,706,13.18,314.3,25.02,0
101,2023,25,707,13.18,318.3,25.06,0
101,2023,25,708,13.18,322,25.04,0
101,2023,25,709,13.17,325.7,24.99,0
101,2023,25,710,13.17,329,25.03,0
101,2023,25,711,13.17,333.2,25.14,0
101,2023,25,712,13.17,337.6,25.16,0
101,2023,25,713,13.17,341,25.28,0
101,2023,25,714,13.17,345.3,25.41,0
101,2023,25,715,13.17,348.9,25.38,0
101,2023,25,716,13.16,352.2,25.35,0
101,2023,25,717,13.16,355.9,25.39,0
101,2023,25,718,13.16,360.5,25.46,0
101,2023,25,719,13.16,365.1,25.49,0
101,2023,25,720,13.16,369.7,25.44,0
101,2023,25,721,13.16,374.9,25.51,0
101,2023,25,722,13.16,379.7,25.64,0
101,2023,25,723,13.16,382.9,25.6,0
101,2023,25,724,13.16,386.1,25.58,0
101,2023,25,725,13.16,391.6,25.56,0
101,2023,25,726,13.15,396.3,25.58,0
101,2023,25,727,13.15,399.5,25.69,0
101,2023,25,728,13.15,402.8,25.78,0
101,2023,25,729,13.15,407.9,25.83,0
101,2023,25,730,13.15,412.2,25.92,0
101,2023,25,731,13.15,416,25.91,0
101,2023,25,732,13.15,418.3,25.92,0
101,2023,25,733,13.15,422.6,25.84,0
101,2023,25,734,13.14,425.6,25.78,0
101,2023,25,735,13.14,430.3,25.82,0
101,2023,25,736,13.14,434,25.79,0
101,2023,25,737,13.14,439,25.81,0
101,2023,25,738,13.14,442.4,25.91,0
101,2023,25,739,13.14,445.6,25.94,0
101,2023,25,740,13.14,449.6,26.04,0
101,2023,25,741,13.14,454.4,26.13,0
101,2023,25,742,13.13,457.4,26.14,0
101,2023,25,743,13.13,460.3,26.11,0
101,2023,25,744,13.13,464.5,26.25,0
101,2023,25,745,13.13,469.7,26.31,0
101,2023,25,746,13.13,474.3,26.33,0
101,2023,25,747,13.13,478.1,26.32,0
101,2023,25,748,13.13,480.8,26.26,0
101,2023,25,749,13.13,485.2,26.37,0
101,2023,25,750,13.13,491.4,26.4,0
101,2023,25,751,13.13,494.3,26.46,0
101,2023,25,752,13.13,499.2,26.55,0
101,2023,25,753,13.13,505.1,26.57,0
101,2023,25,754,13.12,509.7,26.65,0
101,2023,25,755,13.12,512.9,26.66,0
101,2023,25,756,13.12,516.8,26.68,0
101,2023,25,757,13.12,519.7,26.65,0
101,2023,25,758,13.12,520.4,26.67,0
101,2023,25,759,13.12,523.7,26.72,0
101,2023,25,800,13.12,528.4,26.58,0
101,2023,25,801,13.12,534.4,26.53,0
101,2023,25,802,13.11,540.4,26.43,0
101,2023,25,803,13.11,542.8,26.37,0
101,2023,25,804,13.12,545.6,26.39,0
101,2023,25,805,13.11,444.9,26.45,0
101,2023,25,806,13.11,543.4,26.51,0
101,2023,25,807,13.11,562.8,26.6,0
101,2023,25,808,13.11,567.1,26.56,0
101,2023,25,809,13.11,571.2,26.69,0
101,2023,25,810,13.11,578.4,26.7,0
101,2023,25,811,13.11,581.6,26.69,0
101,2023,25,812,13.11,582.1,26.87,0
101,2023,25,813,13.11,591.1,27.06,0
101,2023,25,814,13.1,612.4,27.2,0
101,2023,25,815,13.11,614.5,27.28,0
101,2023,25,816,13.11,622.1,27.18,0
101,2023,25,817,13.11,631.6,27.15,0
101,2023,25,818,13.11,640.5,27.23,0
101,2023,25,819,13.11,644.4,27.27,0
101,2023,25,820,13.11,610.6,27.27,0
101,2023,25,821,13.1,210.3,27.16,0
101,2023,25,822,13.1,453,26.84,0
101,2023,25,823,13.1,586.4,26.78,0
101,2023,25,824,13.1,518.1,26.92,0
101,2023,25,825,13.1,235,26.98,0
101,2023,25,826,13.1,531.3,26.82,0
101,2023,25,827,13.1,645.9,26.88,0
101,2023,25,828,13.1,633.7,27.11,0
101,2023,25,829,13.1,660.5,27.27,0
101,2023,25,830,13.1,677.6,27.31,0
101,2023,25,831,13.1,689.2,27.16,0
101,2023,25,832,13.1,702,27.29,0
101,2023,25,833,13.1,311.1,27.35,0
101,2023,25,834,13.1,249.8,27.18,0
101,2023,25,835,13.1,216.7,27.03,0
101,2023,25,836,13.09,193,26.99,0
101,2023,25,837,13.1,181.7,26.88,0
101,2023,25,838,13.1,209.9,26.85,0
101,2023,25,839,13.1,241.7,26.8,0
101,2023,25,840,13.1,223.3,26.7,0
101,2023,25,841,13.1,225.6,26.7,0
101,2023,25,842,13.1,310.4,26.68,0
101,2023,25,843,13.1,647.4,26.71,0
101,2023,25,844,13.1,472,26.86,0
101,2023,25,845,13.11,224.9,26.78,0
101,2023,25,846,13.1,196.4,26.79,0
101,2023,25,847,13.11,488.7,26.77,0
101,2023,25,848,13.1,812,26.83,0
101,2023,25,849,13.11,367.6,26.99,0
101,2023,25,850,13.11,183.4,27.16,0
101,2023,25,851,13.11,177.7,27.11,0
101,2023,25,852,13.11,595.1,27.05,0
101,2023,25,853,13.1,815,27.16,0
101,2023,25,854,13.1,808,27.33,0
101,2023,25,855,13.11,422.6,27.39,0
101,2023,25,856,13.11,189.1,27.33,0
101,2023,25,857,13.11,231.9,27.15,0
101,2023,25,858,13.11,209.7,27.07,0
101,2023,25,859,13.1,383.7,27,0
101,2023,25,900,13.1,777,27.03,0
101,2023,25,901,13.11,832,27.22,0
101,2023,25,902,13.1,843,27.35,0
101,2023,25,903,13.1,856,27.6,0
101,2023,25,904,13.1,857,27.75,0
101,2023,25,905,13.1,846,27.9,0
101,2023,25,906,13.1,832,27.96,0
101,2023,25,907,13.1,824,28.22,0
101,2023,25,908,13.1,820,28.37,0
101,2023,25,909,13.1,819,28.42,0
101,2023,25,910,13.09,817,28.37,0
101,2023,25,911,13.09,818,28.22,0
101,2023,25,912,13.09,823,28.14,0
101,2023,25,913,13.09,827,28.23,0
101,2023,25,914,13.09,832,28.14,0
101,2023,25,915,13.09,831,28.01,0
101,2023,25,916,13.08,500.4,28.16,0
101,2023,25,917,13.08,375.3,28.19,0
101,2023,25,918,13.08,664.1,28.05,0
101,2023,25,919,13.09,848,27.92,0
101,2023,25,920,13.09,837,27.99,0
101,2023,25,921,13.09,839,28.01,0
101,2023,25,922,13.08,820,28.06,0
101,2023,25,923,13.08,751,28.13,0
101,2023,25,924,13.08,677.6,28.21,0
101,2023,25,925,13.08,515.5,28.19,0
101,2023,25,926,13.08,398.1,28.13,0
101,2023,25,927,13.08,428.1,27.96,0
101,2023,25,928,13.08,897,27.88,0
101,2023,25,929,13.08,897,27.9,0
101,2023,25,930,13.08,890,27.9,0
101,2023,25,931,13.08,881,27.85,0
101,2023,25,932,13.07,880,27.96,0
101,2023,25,933,13.08,873,27.83,0
101,2023,25,934,13.08,866,27.87,0
101,2023,25,935,13.08,866,28.06,0
101,2023,25,936,13.08,874,28.34,0
101,2023,25,937,13.08,885,28.64,0
101,2023,25,938,13.08,892,28.74,0
101,2023,25,939,13.08,899,28.66,0
101,2023,25,940,13.08,896,28.57,0
101,2023,25,941,13.08,887,28.39,0
101,2023,25,942,13.08,881,28.38,0
101,2023,25,943,13.08,880,28.54,0
101,2023,25,944,13.08,883,28.89,0
101,2023,25,945,13.08,883,28.99,0
101,2023,25,946,13.08,891,28.96,0
101,2023,25,947,13.08,900,28.98,0
101,2023,25,948,13.08,504.4,28.91,0
101,2023,25,949,13.08,603.7,28.78,0
101,2023,25,950,13.08,943,28.77,0
101,2023,25,951,13.08,350.8,28.79,0
101,2023,25,952,13.08,250.3,28.53,0
101,2023,25,953,13.08,757,28.46,0
101,2023,25,954,13.08,432.9,28.36,0
101,2023,25,955,13.08,854,28.45,0
101,2023,25,956,13.08,936,28.62,0
101,2023,25,957,13.09,935,28.87,0
101,2023,25,958,13.08,934,29.09,0
101,2023,25,959,13.08,928,28.91,0
101,2023,25,1000,13.09,924,28.8,0
101,2023,25,1001,13.08,923,28.83,0
101,2023,25,1002,13.09,923,28.88,0
101,2023,25,1003,13.09,920,28.92,0
101,2023,25,1004,13.09,920,28.86,0
101,2023,25,1005,13.09,925,28.95,0
101,2023,25,1006,13.09,931,28.98,0
101,2023,25,1007,13.09,931,29.18,0
101,2023,25,1008,13.09,932,29.23,0
101,2023,25,1009,13.09,937,29.36,0
101,2023,25,1010,13.09,942,29.43,0
101,2023,25,1011,13.09,937,29.56,0
101,2023,25,1012,13.09,938,29.8,0
101,2023,25,1013,13.09,942,29.86,0
101,2023,25,1014,13.09,947,29.67,0
101,2023,25,1015,13.09,948,29.6,0
101,2023,25,1016,13.09,949,29.78,0
101,2023,25,1017,13.09,951,29.78,0
101,2023,25,1018,13.09,950,29.62,0
101,2023,25,1019,13.09,954,29.57,0
101,2023,25,1020,13.09,966,29.53,0
101,2023,25,1021,13.09,956,29.48,0
101,2023,25,1022,13.09,949,29.73,0
101,2023,25,1023,13.09,945,29.6,0
101,2023,25,1024,13.09,945,29.73,0
101,2023,25,1025,13.09,945,30.03,0
101,2023,25,1026,13.09,945,30.1,0
101,2023,25,1027,13.09,947,30.08,0
101,2023,25,1028,13.09,949,30.19,0
101,2023,25,1029,13.09,950,30.26,0
101,2023,25,1030,13.09,950,30.16,0
101,2023,25,1031,13.09,953,30.19,0
101,2023,25,1032,13.09,959,30.03,0
101,2023,25,1033,13.09,963,29.85,0
101,2023,25,1034,13.09,964,29.69,0
101,2023,25,1035,13.09,966,29.86,0
101,2023,25,1036,13.09,972,29.73,0
101,2023,25,1037,13.09,988,29.86,0
101,2023,25,1038,13.09,987,29.89,0
101,2023,25,1039,13.09,985,29.53,0
101,2023,25,1040,13.09,987,29.39,0
101,2023,25,1041,13.09,982,29.37,0
101,2023,25,1042,13.09,975,29.52,0
101,2023,25,1043,13.09,972,29.74,0
101,2023,25,1044,13.09,945,30.08,0
101,2023,25,1045,13.09,835,30.01,0
101,2023,25,1046,13.09,968,29.62,0
101,2023,25,1047,13.09,986,29.63,0
101,2023,25,1048,13.09,993,29.64,0
101,2023,25,1049,13.09,1002,29.73,0
101,2023,25,1050,13.09,1013,29.79,0
101,2023,25,1051,13.09,1017,29.94,0
101,2023,25,1052,13.09,1016,30.03,0
101,2023,25,1053,13.09,1023,30.18,0
101,2023,25,1054,13.09,1018,30.48,0
101,2023,25,1055,13.09,1020,30.43,0
101,2023,25,1056,13.09,1024,30.1,0
101,2023,25,1057,13.09,1027,29.83,0
101,2023,25,1058,13.09,1034,29.87,0
101,2023,25,1059,13.09,1034,29.93,0
101,2023,25,1100,13.09,1023,30.01,0
101,2023,25,1101,13.09,1014,29.99,0
101,2023,25,1102,13.09,1006,30.25,0
101,2023,25,1103,13.09,994,30.35,0
101,2023,25,1104,13.09,992,30.42,0
101,2023,25,1105,13.09,989,30.35,0
101,2023,25,1106,13.09,992,30.18,0
101,2023,25,1107,13.09,990,30.19,0
101,2023,25,1108,13.09,986,30.2,0
101,2023,25,1109,13.09,986,30.19,0
101,2023,25,1110,13.09,989,30.27,0
101,2023,25,1111,13.09,991,30.24,0
101,2023,25,1112,13.09,994,30.2,0
101,2023,25,1113,13.09,995,30.29,0
101,2023,25,1114,13.09,996,30.53,0
101,2023,25,1115,13.09,997,30.32,0
101,2023,25,1116,13.09,1001,30.45,0
101,2023,25,1117,13.09,1003,30.72,0
101,2023,25,1118,13.09,1004,30.65,0
101,2023,25,1119,13.09,1000,30.53,0
101,2023,25,1120,13.09,997,30.57,0
101,2023,25,1121,13.09,998,30.42,0
101,2023,25,1122,13.09,999,30.34,0
101,2023,25,1123,13.09,1003,30.56,0
101,2023,25,1124,13.09,1007,30.57,0
101,2023,25,1125,13.09,1010,30.6,0
101,2023,25,1126,13.09,1010,30.38,0
101,2023,25,1127,13.09,1009,30.32,0
101,2023,25,1128,13.09,1007,30.25,0
101,2023,25,1129,13.09,1006,30.38,0
101,2023,25,1130,13.09,1009,30.58,0
101,2023,25,1131,13.09,1014,30.64,0
101,2023,25,1132,13.09,1018,30.65,0
101,2023,25,1133,13.09,1028,30.72,0
101,2023,25,1134,13.09,1033,30.89,0
101,2023,25,1135,13.09,1038,30.95,0
101,2023,25,1136,13.09,1039,30.8,0
101,2023,25,1137,13.09,1035,30.81,0
101,2023,25,1138,13.09,1038,30.36,0
101,2023,25,1139,13.09,1040,30.17,0
101,2023,25,1140,13.09,1041,30.25,0
101,2023,25,1141,13.09,1039,30.32,0
101,2023,25,1142,13.09,1037,30.47,0
101,2023,25,1143,13.09,1037,30.55,0
101,2023,25,1144,13.09,1041,30.32,0
101,2023,25,1145,13.09,1043,30.26,0
101,2023,25,1146,13.09,1045,30.22,0
101,2023,25,1147,13.09,1055,30.27,0
101,2023,25,1148,13.09,1057,30.45,0
101,2023,25,1149,13.09,1059,30.72,0
101,2023,25,1150,13.09,1058,30.82,0
101,2023,25,1151,13.09,1044,30.93,0
101,2023,25,1152,13.08,1036,30.81,0
101,2023,25,1153,13.09,1033,30.57,0
101,2023,25,1154,13.09,1036,30.7,0
101,2023,25,1155,13.09,659,30.83,0
101,2023,25,1156,13.09,299.1,30.46,0
101,2023,25,1157,13.09,579.6,30.4,0
101,2023,25,1158,13.09,1017,30.46,0
101,2023,25,1159,13.09,1046,30.65,0
101,2023,25,1200,13.09,1022,30.6,0
101,2023,25,1201,13.09,1012,30.82,0
101,2023,25,1202,13.09,1008,30.96,0
101,2023,25,1203,13.09,1005,30.68,0
101,2023,25,1204,13.09,1000,30.53,0
101,2023,25,1205,13.09,996,30.67,0
101,2023,25,1206,13.09,997,30.85,0
101,2023,25,1207,13.09,999,30.77,0
101,2023,25,1208,13.08,1000,31.08,0
101,2023,25,1209,13.09,1000,31.05,0
101,2023,25,1210,13.09,999,31.16,0
101,2023,25,1211,13.09,999,31.02,0
101,2023,25,1212,13.09,991,30.69,0
101,2023,25,1213,13.09,990,30.62,0
101,2023,25,1214,13.09,993,30.73,0
101,2023,25,1215,13.09,996,30.91,0
101,2023,25,1216,13.09,1000,30.81,0
101,2023,25,1217,13.09,998,30.6,0
101,2023,25,1218,13.09,994,30.47,0
101,2023,25,1219,13.09,988,30.76,0
101,2023,25,1220,13.08,984,30.82,0
101,2023,25,1221,13.09,982,30.7,0
101,2023,25,1222,13.09,978,30.62,0
101,2023,25,1223,13.09,975,30.72,0
101,2023,25,1224,13.08,975,30.92,0
101,2023,25,1225,13.09,977,30.84,0
101,2023,25,1226,13.08,975,30.97,0
101,2023,25,1227,13.09,971,30.64,0
101,2023,25,1228,13.09,969,30.64,0
101,2023,25,1229,13.09,970,30.77,0
101,2023,25,1230,13.09,973,30.85,0
101,2023,25,1231,13.09,970,31.14,0
101,2023,25,1232,13.09,971,31.38,0
101,2023,25,1233,13.09,971,31.39,0
101,2023,25,1234,13.09,974,31.04,0
101,2023,25,1235,13.09,973,30.97,0
101,2023,25,1236,13.08,968,31.21,0
101,2023,25,1237,13.09,963,31.26,0
101,2023,25,1238,13.08,958,31.35,0
101,2023,25,1239,13.08,955,31.2,0
101,2023,25,1240,13.08,950,30.98,0
101,2023,25,1241,13.08,949,31.03,0
101,2023,25,1242,13.08,948,31.2,0
101,2023,25,1243,13.08,946,31.36,0
101,2023,25,1244,13.08,945,31.11,0
101,2023,25,1245,13.09,947,31.06,0
101,2023,25,1246,13.09,947,31.17,0
101,2023,25,1247,13.09,944,31.16,0
101,2023,25,1248,13.08,941,31.26,0
101,2023,25,1249,13.09,942,31.12,0
101,2023,25,1250,13.08,941,30.96,0
101,2023,25,1251,13.08,941,30.7,0
101,2023,25,1252,13.08,938,30.71,0
101,2023,25,1253,13.08,935,30.69,0
101,2023,25,1254,13.08,929,30.92,0
101,2023,25,1255,13.08,924,31.18,0
101,2023,25,1256,13.08,921,31.24,0
101,2023,25,1257,13.08,919,31.18,0
101,2023,25,1258,13.08,918,31.14,0
101,2023,25,1259,13.08,915,31.25,0
101,2023,25,1300,13.08,915,31.39,0
101,2023,25,1301,13.08,916,31.48,0
101,2023,25,1302,13.08,916,31.53,0
101,2023,25,1303,13.08,914,31.43,0
101,2023,25,1304,13.08,912,31.18,0
101,2023,25,1305,13.08,909,31.25,0
101,2023,25,1306,13.08,906,31.41,0
101,2023,25,1307,13.08,904,31.52,0
101,2023,25,1308,13.08,900,31.25,0
101,2023,25,1309,13.08,899,31.33,0
101,2023,25,1310,13.08,899,31.46,0
101,2023,25,1311,13.09,898,31.19,0
101,2023,25,1312,13.08,897,31.01,0
101,2023,25,1313,13.08,897,30.92,0
101,2023,25,1314,13.08,896,30.99,0
101,2023,25,1315,13.08,893,30.86,0
101,2023,25,1316,13.08,892,30.67,0
101,2023,25,1317,13.09,890,30.59,0
101,2023,25,1318,13.08,886,30.69,0
101,2023,25,1319,13.08,883,30.56,0
101,2023,25,1320,13.08,880,30.7,0
101,2023,25,1321,13.09,879,30.72,0
101,2023,25,1322,13.08,877,30.72,0
101,2023,25,1323,13.08,875,30.88,0
101,2023,25,1324,13.09,873,30.62,0
101,2023,25,1325,13.08,872,30.55,0
101,2023,25,1326,13.08,873,30.64,0
101,2023,25,1327,13.08,874,30.89,0
101,2023,25,1328,13.08,872,31.02,0
101,2023,25,1329,13.09,871,31.12,0
101,2023,25,1330,13.08,870,31.1,0
101,2023,25,1331,13.09,867,30.94,0
101,2023,25,1332,13.08,863,30.69,0
101,2023,25,1333,13.09,862,30.8,0
101,2023,25,1334,13.09,861,30.76,0
101,2023,25,1335,13.09,861,30.83,0
101,2023,25,1336,13.09,860,30.82,0
101,2023,25,1337,13.09,858,31.05,0
101,2023,25,1338,13.09,857,31.22,0
101,2023,25,1339,13.09,855,31.22,0
101,2023,25,1340,13.09,853,31.12,0
101,2023,25,1341,13.09,849,30.9,0
101,2023,25,1342,13.08,847,30.91,0
101,2023,25,1343,13.09,845,31.23,0
101,2023,25,1344,13.09,846,31.46,0
101,2023,25,1345,13.09,846,31.64,0
101,2023,25,1346,13.09,845,31.4,0
101,2023,25,1347,13.09,839,31.15,0
101,2023,25,1348,13.09,832,31.03,0
101,2023,25,1349,13.09,829,30.81,0
101,2023,25,1350,13.08,828,30.72,0
101,2023,25,1351,13.09,828,30.72,0
101,2023,25,1352,13.08,827,30.85,0
101,2023,25,1353,13.09,826,30.98,0
101,2023,25,1354,13.09,823,30.82,0
101,2023,25,1355,13.09,821,30.61,0
101,2023,25,1356,13.09,818,30.69,0
101,2023,25,1357,13.09,816,30.94,0
101,2023,25,1358,13.09,813,30.72,0
101,2023,25,1359,13.09,811,30.64,0
101,2023,25,1400,13.09,809,30.87,0
101,2023,25,1401,13.09,807,30.65,0
101,2023,25,1402,13.09,805,30.59,0
101,2023,25,1403,13.09,801,30.44,0
101,2023,25,1404,13.09,798,30.58,0
101,2023,25,1405,13.09,795,30.38,0
101,2023,25,1406,13.09,792,30.31,0
101,2023,25,1407,13.09,790,30.45,0
101,2023,25,1408,13.09,789,30.67,0
101,2023,25,1409,13.09,787,30.54,0
101,2023,25,1410,13.09,786,30.55,0
101,2023,25,1411,13.09,783,30.36,0
101,2023,25,1412,13.09,780,30.44,0
101,2023,25,1413,13.09,778,30.5,0
101,2023,25,1414,13.09,775,30.46,0
101,2023,25,1415,13.09,772,30.66,0
101,2023,25,1416,13.09,768,30.64,0
101,2023,25,1417,13.09,764,30.54,0
101,2023,25,1418,13.09,760,30.58,0
101,2023,25,1419,13.09,757,30.76,0
101,2023,25,1420,13.09,755,30.85,0
101,2023,25,1421,13.09,752,30.59,0
101,2023,25,1422,13.09,750,30.4,0
101,2023,25,1423,13.09,749,30.44,0
101,2023,25,1424,13.09,747,30.68,0
101,2023,25,1425,13.09,744,30.56,0
101,2023,25,1426,13.09,741,30.39,0
101,2023,25,1427,13.09,737,30.46,0
101,2023,25,1428,13.09,735,30.6,0
101,2023,25,1429,13.09,731,30.67,0
101,2023,25,1430,13.09,729,30.83,0
101,2023,25,1431,13.09,726,30.5,0
101,2023,25,1432,13.09,723,30.56,0
101,2023,25,1433,13.09,720,30.6,0
101,2023,25,1434,13.09,717,30.52,0
101,2023,25,1435,13.09,714,30.39,0
101,2023,25,1436,13.09,710,30.41,0
101,2023,25,1437,13.09,708,30.51,0
101,2023,25,1438,13.09,706,30.51,0
101,2023,25,1439,13.09,703,30.27,0
101,2023,25,1440,13.09,699.4,30.16,0
101,2023,25,1441,13.09,695.6,30.13,0
101,2023,25,1442,13.09,691.7,30.06,0
101,2023,25,1443,13.09,688.1,30.1,0
101,2023,25,1444,13.09,685.3,30.05,0
101,2023,25,1445,13.09,681.5,30.05,0
101,2023,25,1446,13.09,678.8,30.1,0
101,2023,25,1447,13.09,676.2,30.24,0
101,2023,25,1448,13.09,673.1,30.43,0
101,2023,25,1449,13.09,669.6,30.53,0
101,2023,25,1450,13.09,666.1,30.34,0
101,2023,25,1451,13.09,662.3,30.28,0
101,2023,25,1452,13.09,658,30.2,0
101,2023,25,1453,13.09,653.9,30.09,0
101,2023,25,1454,13.09,650.2,30.24,0
101,2023,25,1455,13.09,647.4,30.36,0
101,2023,25,1456,13.09,643.3,30.18,0
101,2023,25,1457,13.09,639.6,30.2,0
101,2023,25,1458,13.09,635.9,30.13,0
101,2023,25,1459,13.09,632.1,29.97,0
101,2023,25,1500,13.09,628.7,30.03,0
101,2023,25,1501,13.09,625.7,30.18,0
101,2023,25,1502,13.09,621.7,30.11,0
101,2023,25,1503,13.1,617.3,30.25,0
101,2023,25,1504,13.1,613.8,30.43,0
101,2023,25,1505,13.1,609.7,30.41,0
101,2023,25,1506,13.09,606.4,30.3,0
101,2023,25,1507,13.1,602.8,30.41,0
101,2023,25,1508,13.09,598.2,30.2,0
101,2023,25,1509,13.1,594.8,30.21,0
101,2023,25,1510,13.1,590.9,30.26,0
101,2023,25,1511,13.1,588.6,30.32,0
101,2023,25,1512,13.1,583.7,30.22,0
101,2023,25,1513,13.1,579.7,30.12,0
101,2023,25,1514,13.1,576,30.16,0
101,2023,25,1515,13.1,572.7,30,0
101,2023,25,1516,13.1,569.1,29.9,0
101,2023,25,1517,13.1,565.8,29.86,0
101,2023,25,1518,13.1,563.3,29.9,0
101,2023,25,1519,13.1,560.2,29.91,0
101,2023,25,1520,13.1,557.3,29.97,0
101,2023,25,1521,13.1,553.6,29.83,0
101,2023,25,1522,13.1,550,29.96,0
101,2023,25,1523,13.1,545.5,29.82,0
101,2023,25,1524,13.1,541.3,29.72,0
101,2023,25,1525,13.1,537.3,29.73,0
101,2023,25,1526,13.09,533,29.68,0
101,2023,25,1527,13.1,528.6,29.48,0
101,2023,25,1528,13.1,524,29.47,0
101,2023,25,1529,13.1,520.2,29.45,0
101,2023,25,1530,13.1,516.4,29.48,0
101,2023,25,1531,13.1,512.8,29.48,0
101,2023,25,1532,13.1,509.3,29.54,0
101,2023,25,1533,13.1,505.9,29.52,0
101,2023,25,1534,13.1,501.9,29.45,0
101,2023,25,1535,13.1,497.8,29.23,0
101,2023,25,1536,13.1,494,29.25,0
101,2023,25,1537,13.1,490,29.24,0
101,2023,25,1538,13.1,486.5,29.39,0
101,2023,25,1539,13.1,482.2,29.34,0
101,2023,25,1540,13.1,478,29.35,0
101,2023,25,1541,13.1,474.1,29.55,0
101,2023,25,1542,13.1,469.7,29.68,0
101,2023,25,1543,13.1,465.6,29.55,0
101,2023,25,1544,13.1,461.8,29.36,0
101,2023,25,1545,13.1,458.1,29.28,0
101,2023,25,1546,13.1,454.1,29.3,0
101,2023,25,1547,13.1,450.6,29.16,0
101,2023,25,1548,13.1,446.7,29.12,0
101,2023,25,1549,13.1,443,29.08,0
101,2023,25,1550,13.1,439.4,29.1,0
101,2023,25,1551,13.1,435.6,29.12,0
101,2023,25,1552,13.1,431.7,29.13,0
101,2023,25,1553,13.1,427.6,29,0
101,2023,25,1554,13.1,423.8,29.05,0
101,2023,25,1555,13.11,420.2,29.13,0
101,2023,25,1556,13.1,416.2,29.1,0
101,2023,25,1557,13.1,412.1,29.07,0
101,2023,25,1558,13.1,408,29.12,0
101,2023,25,1559,13.11,404.6,29.02,0
101,2023,25,1600,13.11,401.2,28.95,0
101,2023,25,1601,13.11,397.9,28.94,0
101,2023,25,1602,13.11,394.5,29.03,0
101,2023,25,1603,13.1,391,29.13,0
101,2023,25,1604,13.11,387.4,29.06,0
101,2023,25,1605,13.11,383.8,28.87,0
101,2023,25,1606,13.1,380.4,28.92,0
101,2023,25,1607,13.11,377.3,28.92,0
101,2023,25,1608,13.1,373.6,28.85,0
101,2023,25,1609,13.11,369.5,28.87,0
101,2023,25,1610,13.1,365.8,28.82,0
101,2023,25,1611,13.11,361.9,28.75,0
101,2023,25,1612,13.1,358.3,28.73,0
101,2023,25,1613,13.1,354.7,28.61,0
101,2023,25,1614,13.1,350.6,28.53,0
101,2023,25,1615,13.11,346.6,28.61,0
101,2023,25,1616,13.11,342.4,28.65,0
101,2023,25,1617,13.11,338,28.58,0
101,2023,25,1618,13.1,333.9,28.55,0
101,2023,25,1619,13.11,330.3,28.57,0
101,2023,25,1620,13.11,326.3,28.65,0
101,2023,25,1621,13.11,322.2,28.67,0
101,2023,25,1622,13.11,318,28.67,0
101,2023,25,1623,13.11,313.4,28.65,0
101,2023,25,1624,13.11,309.8,28.64,0
101,2023,25,1625,13.11,306,28.55,0
101,2023,25,1626,13.11,301.9,28.52,0
101,2023,25,1627,13.11,298.6,28.47,0
101,2023,25,1628,13.11,294.5,28.45,0
101,2023,25,1629,13.11,290.5,28.35,0
101,2023,25,1630,13.1,286.6,28.33,0
101,2023,25,1631,13.11,282.3,28.32,0
101,2023,25,1632,13.11,278.3,28.25,0
101,2023,25,1633,13.11,273.7,28.18,0
101,2023,25,1634,13.11,269.5,28.19,0
101,2023,25,1635,13.11,265.8,28.2,0
101,2023,25,1636,13.11,262.7,28.2,0
101,2023,25,1637,13.11,258.8,28.21,0
101,2023,25,1638,13.11,255.2,28.24,0
101,2023,25,1639,13.11,251.8,28.23,0
101,2023,25,1640,13.11,247.8,28.2,0
101,2023,25,1641,13.11,244,28.16,0
101,2023,25,1642,13.11,240.4,28.02,0
101,2023,25,1643,13.11,236.5,27.99,0
101,2023,25,1644,13.11,233.4,28.01,0
101,2023,25,1645,13.11,229.6,27.95,0
101,2023,25,1646,13.11,226.2,27.93,0
101,2023,25,1647,13.11,222.1,27.94,0
101,2023,25,1648,13.11,218.1,27.93,0
101,2023,25,1649,13.11,214,27.9,0
101,2023,25,1650,13.11,210.3,27.89,0
101,2023,25,1651,13.11,206.6,27.88,0
101,2023,25,1652,13.11,202.9,27.82,0
101,2023,25,1653,13.11,199.2,27.82,0
101,2023,25,1654,13.11,195.1,27.82,0
101,2023,25,1655,13.11,191.6,27.75,0
101,2023,25,1656,13.11,187.7,27.67,0
101,2023,25,1657,13.11,183.6,27.63,0
101,2023,25,1658,13.11,179.9,27.6,0
101,2023,25,1659,13.11,175.6,27.55,0
101,2023,25,1700,13.11,171.6,27.54,0
101,2023,25,1701,13.11,167.8,27.53,0
101,2023,25,1702,13.11,163.4,27.47,0
101,2023,25,1703,13.11,159.3,27.46,0
101,2023,25,1704,13.11,155.2,27.44,0
101,2023,25,1705,13.11,150.8,27.41,0
101,2023,25,1706,13.11,146.5,27.42,0
101,2023,25,1707,13.12,143,27.41,0
101,2023,25,1708,13.12,139,27.38,0
101,2023,25,1709,13.11,135.5,27.34,0
101,2023,25,1710,13.12,131.6,27.3,0
101,2023,25,1711,13.12,127.9,27.28,0
101,2023,25,1712,13.12,124,27.27,0
101,2023,25,1713,13.12,119.7,27.25,0
101,2023,25,1714,13.12,115.6,27.23,0
101,2023,25,1715,13.12,111.9,27.21,0
101,2023,25,1716,13.12,107.9,27.2,0
101,2023,25,1717,13.12,104,27.2,0
101,2023,25,1718,13.12,100.6,27.15,0
101,2023,25,1719,13.12,97.4,27.1,0
101,2023,25,1720,13.12,94.5,27.04,0
101,2023,25,1721,13.12,91.2,27,0
101,2023,25,1722,13.12,87.7,26.98,0
101,2023,25,1723,13.12,84.2,26.93,0
101,2023,25,1724,13.12,80.7,26.91,0
101,2023,25,1725,13.11,77.5,26.91,0
101,2023,25,1726,13.11,74.4,26.86,0
101,2023,25,1727,13.11,71,26.83,0
101,2023,25,1728,13.1,67.74,26.78,0
101,2023,25,1729,13.1,64.36,26.76,0
101,2023,25,1730,13.09,61.57,26.74,0
101,2023,25,1731,13.09,58.75,26.71,0
101,2023,25,1732,13.08,55.4,26.68,0
101,2023,25,1733,13.07,52.13,26.63,0
101,2023,25,1734,13.06,49.08,26.59,0
101,2023,25,1735,13.06,45.9,26.56,0
101,2023,25,1736,13.05,42.66,26.52,0
101,2023,25,1737,13.04,39.11,26.47,0
101,2023,25,1738,13.03,36.07,26.45,0
101,2023,25,1739,13.02,33.11,26.42,0
101,2023,25,1740,13.02,30.26,26.37,0
101,2023,25,1741,13.01,27.73,26.32,0
101,2023,25,1742,13,25.22,26.28,0
101,2023,25,1743,13,22.49,26.25,0
101,2023,25,1744,12.99,19.84,26.23,0
101,2023,25,1745,12.99,17.3,26.2,0
101,2023,25,1746,12.98,14.88,26.17,0
101,2023,25,1747,12.98,12.96,26.14,0
101,2023,25,1748,12.97,11.38,26.1,0
101,2023,25,1749,12.97,10.03,26.06,0
101,2023,25,1750,12.96,8.71,26.03,0
101,2023,25,1751,12.96,7.58,26,0
101,2023,25,1752,12.95,6.678,25.97,0
101,2023,25,1753,12.95,5.974,25.94,0
101,2023,25,1754,12.95,5.297,25.9,0
101,2023,25,1755,12.94,4.706,25.86,0
101,2023,25,1756,12.94,4.114,25.82,0
101,2023,25,1757,12.93,3.889,25.78,0
101,2023,25,1758,12.93,3.663,25.74,0
101,2023,25,1759,12.93,3.071,25.71,0
101,2023,25,1800,12.92,2.79,25.69,0
101,2023,25,1801,12.92,2.367,25.68,0
101,2023,25,1802,12.91,2.226,25.65,0
101,2023,25,1803,12.91,1.719,25.62,0
101,2023,25,1804,12.91,1.691,25.59,0
101,2023,25,1805,12.9,1.493,25.57,0
101,2023,25,1806,12.9,1.043,25.54,0
101,2023,25,1807,12.9,1.014,25.48,0
101,2023,25,1808,12.89,.761,25.44,0
101,2023,25,1809,12.89,.338,25.42,0
101,2023,25,1810,12.89,.338,25.4,0
101,2023,25,1811,12.89,.338,25.37,0
101,2023,25,1812,12.88,.338,25.37,0
101,2023,25,1813,12.88,.338,25.35,0
101,2023,25,1814,12.88,.338,25.33,0
101,2023,25,1815,12.88,.338,25.29,0
101,2023,25,1816,12.88,.338,25.26,0
101,2023,25,1817,12.87,.338,25.24,0
101,2023,25,1818,12.87,.338,25.21,0
101,2023,25,1819,12.87,.338,25.18,0
101,2023,25,1820,12.86,.338,25.15,0
101,2023,25,1821,12.86,.282,25.11,0
101,2023,25,1822,12.86,.225,25.1,0
101,2023,25,1823,12.86,.282,25.07,0
101,2023,25,1824,12.86,.169,25.04,0
101,2023,25,1825,12.86,.282,25.03,0
101,2023,25,1826,12.85,.254,25,0
101,2023,25,1827,12.85,.254,24.97,0
101,2023,25,1828,12.85,.31,24.94,0
101,2023,25,1829,12.84,.197,24.93,0
101,2023,25,1830,12.84,.169,24.91,0
101,2023,25,1831,12.84,.225,24.88,0
101,2023,25,1832,12.84,.282,24.85,0
101,2023,25,1833,12.84,.113,24.84,0
101,2023,25,1834,12.84,.113,24.81,0
101,2023,25,1835,12.84,.141,24.8,0
101,2023,25,1836,12.84,.169,24.79,0
101,2023,25,1837,12.83,.085,24.77,0
101,2023,25,1838,12.83,.113,24.75,0
101,2023,25,1839,12.83,.225,24.73,0
101,2023,25,1840,12.83,.113,24.71,0
101,2023,25,1841,12.83,.113,24.69,0
101,2023,25,1842,12.82,.113,24.67,0
101,2023,25,1843,12.82,.141,24.63,0
101,2023,25,1844,12.82,0,24.6,0
101,2023,25,1845,12.82,.113,24.58,0
101,2023,25,1846,12.82,.113,24.56,0
101,2023,25,1847,12.82,0,24.53,0
101,2023,25,1848,12.82,.085,24.51,0
101,2023,25,1849,12.82,.028,24.47,0
101,2023,25,1850,12.82,.169,24.44,0
101,2023,25,1851,12.81,.197,24.44,0
101,2023,25,1852,12.81,.085,24.42,0
101,2023,25,1853,12.81,.056,24.39,0
101,2023,25,1854,12.81,.113,24.37,0
101,2023,25,1855,12.81,0,24.34,0
101,2023,25,1856,12.81,.056,24.33,0
101,2023,25,1857,12.8,.028,24.3,0
101,2023,25,1858,12.8,0,24.28,0
101,2023,25,1859,12.8,.028,24.24,0
101,2023,25,1900,12.8,.028,24.21,0
101,2023,25,1901,12.8,.056,24.19,0
101,2023,25,1902,12.8,0,24.18,0
101,2023,25,1903,12.8,.028,24.15,0
101,2023,25,1904,12.8,0,24.14,0
101,2023,25,1905,12.8,.028,24.13,0
101,2023,25,1906,12.8,.028,24.11,0
101,2023,25,1907,12.8,0,24.1,0
101,2023,25,1908,12.8,0,24.1,0
101,2023,25,1909,12.8,0,24.1,0
101,2023,25,1910,12.8,0,24.08,0
101,2023,25,1911,12.79,0,24.08,0
101,2023,25,1912,12.79,0,24.1,0
101,2023,25,1913,12.79,0,24.09,0
101,2023,25,1914,12.79,0,24.09,0
101,2023,25,1915,12.79,0,24.08,0
101,2023,25,1916,12.79,0,24.08,0
101,2023,25,1917,12.79,0,24.06,0
101,2023,25,1918,12.79,0,24.06,0
101,2023,25,1919,12.79,0,24.05,0
101,2023,25,1920,12.79,0,24.03,0
101,2023,25,1921,12.79,0,24.04,0
101,2023,25,1922,12.79,0,24.02,0
101,2023,25,1923,12.79,0,24,0
101,2023,25,1924,12.79,0,23.98,0
101,2023,25,1925,12.79,0,23.95,0
101,2023,25,1926,12.78,0,23.91,0
101,2023,25,1927,12.78,0,23.91,0
101,2023,25,1928,12.78,0,23.93,0
101,2023,25,1929,12.78,0,23.91,0
101,2023,25,1930,12.78,0,23.89,0
101,2023,25,1931,12.78,0,23.89,0
101,2023,25,1932,12.78,0,23.89,0
101,2023,25,1933,12.78,0,23.9,0
101,2023,25,1934,12.78,0,23.88,0
101,2023,25,1935,12.78,0,23.87,0
101,2023,25,1936,12.78,0,23.86,0
101,2023,25,1937,12.77,0,23.84,0
101,2023,25,1938,12.77,0,23.82,0
101,2023,25,1939,12.77,0,23.83,0
101,2023,25,1940,12.77,0,23.81,0
101,2023,25,1941,12.77,0,23.82,0
101,2023,25,1942,12.77,0,23.81,0
101,2023,25,1943,12.77,0,23.81,0
101,2023,25,1944,12.77,0,23.79,0
101,2023,25,1945,12.77,0,23.81,0
101,2023,25,1946,12.77,0,23.85,0
101,2023,25,1947,12.77,0,23.85,0
101,2023,25,1948,12.77,0,23.84,0
101,2023,25,1949,12.77,0,23.81,0
101,2023,25,1950,12.77,0,23.79,0
101,2023,25,1951,12.77,0,23.77,0
101,2023,25,1952,12.77,0,23.75,0
101,2023,25,1953,12.77,0,23.75,0
101,2023,25,1954,12.76,0,23.75,0
101,2023,25,1955,12.76,0,23.75,0
101,2023,25,1956,12.76,0,23.73,0
101,2023,25,1957,12.76,0,23.71,0
101,2023,25,1958,12.76,0,23.71,0
101,2023,25,1959,12.76,0,23.7,0
101,2023,25,2000,12.76,0,23.68,0
101,2023,25,2001,12.76,0,23.68,0
101,2023,25,2002,12.76,0,23.68,0
101,2023,25,2003,12.76,0,23.68,0
101,2023,25,2004,12.76,0,23.67,0
101,2023,25,2005,12.76,0,23.66,0
101,2023,25,2006,12.76,0,23.66,0
101,2023,25,2007,12.76,0,23.65,0
101,2023,25,2008,12.76,0,23.67,0
101,2023,25,2009,12.76,0,23.69,0
101,2023,25,2010,12.75,0,23.7,0
101,2023,25,2011,12.75,0,23.7,0
101,2023,25,2012,12.75,0,23.7,0
101,2023,25,2013,12.75,0,23.72,0
101,2023,25,2014,12.75,0,23.71,0
101,2023,25,2015,12.75,0,23.72,0
101,2023,25,2016,12.75,0,23.7,0
101,2023,25,2017,12.75,0,23.68,0
101,2023,25,2018,12.75,0,23.67,0
101,2023,25,2019,12.75,0,23.67,0
101,2023,25,2020,12.75,0,23.66,0
101,2023,25,2021,12.75,0,23.65,0
101,2023,25,2022,12.75,0,23.64,0
101,2023,25,2023,12.75,0,23.64,0
101,2023,25,2024,12.75,0,23.62,0
101,2023,25,2025,12.75,0,23.61,0
101,2023,25,2026,12.75,0,23.6,0
101,2023,25,2027,12.75,0,23.59,0
101,2023,25,2028,12.75,0,23.57,0
101,2023,25,2029,12.75,0,23.55,0
101,2023,25,2030,12.75,0,23.53,0
101,2023,25,2031,12.75,0,23.51,0
101,2023,25,2032,12.75,0,23.48,0
101,2023,25,2033,12.75,0,23.46,0
101,2023,25,2034,12.75,0,23.45,0
101,2023,25,2035,12.75,0,23.43,0
101,2023,25,2036,12.75,0,23.4,0
101,2023,25,2037,12.75,0,23.38,0
101,2023,25,2038,12.75,0,23.36,0
101,2023,25,2039,12.75,0,23.35,0
101,2023,25,2040,12.75,0,23.33,0
101,2023,25,2041,12.74,0,23.3,0
101,2023,25,2042,12.74,0,23.29,0
101,2023,25,2043,12.74,0,23.28,0
101,2023,25,2044,12.74,0,23.25,0
101,2023,25,2045,12.74,0,23.25,0
101,2023,25,2046,12.74,0,23.25,0
101,2023,25,2047,12.74,0,23.25,0
101,2023,25,2048,12.74,0,23.25,0
101,2023,25,2049,12.74,0,23.25,0
101,2023,25,2050,12.74,0,23.25,0
101,2023,25,2051,12.74,0,23.25,0
101,2023,25,2052,12.74,0,23.23,0
101,2023,25,2053,12.74,0,23.22,0
101,2023,25,2054,12.74,0,23.23,0
101,2023,25,2055,12.74,0,23.22,0
101,2023,25,2056,12.74,0,23.22,0
101,2023,25,2057,12.73,0,23.21,0
101,2023,25,2058,12.73,0,23.22,0
101,2023,25,2059,12.74,0,23.22,0
101,2023,25,2100,12.73,0,23.22,0
101,2023,25,2101,12.73,0,23.23,0
101,2023,25,2102,12.73,0,23.21,0
101,2023,25,2103,12.73,0,23.21,0
101,2023,25,2104,12.73,0,23.21,0
101,2023,25,2105,12.73,0,23.21,0
101,2023,25,2106,12.73,0,23.2,0
101,2023,25,2107,12.73,0,23.18,0
101,2023,25,2108,12.73,0,23.15,0
101,2023,25,2109,12.73,0,23.15,0
101,2023,25,2110,12.73,0,23.13,0
101,2023,25,2111,12.73,0,23.13,0
101,2023,25,2112,12.73,0,23.11,0
101,2023,25,2113,12.73,0,23.08,0
101,2023,25,2114,12.73,0,23.08,0
101,2023,25,2115,12.73,0,23.08,0
101,2023,25,2116,12.73,0,23.07,0
101,2023,25,2117,12.73,0,23.06,0
101,2023,25,2118,12.73,0,23.05,0
101,2023,25,2119,12.73,0,23.04,0
101,2023,25,2120,12.73,0,23.03,0
101,2023,25,2121,12.73,0,23.05,0
101,2023,25,2122,12.73,0,23.05,0
101,2023,25,2123,12.73,0,23.06,0
101,2023,25,2124,12.73,0,23.06,0
101,2023,25,2125,12.73,0,23.08,0
101,2023,25,2126,12.73,0,23.09,0
101,2023,25,2127,12.73,0,23.08,0
101,2023,25,2128,12.73,0,23.06,0
101,2023,25,2129,12.73,0,23.05,0
101,2023,25,2130,12.73,0,23.06,0
101,2023,25,2131,12.73,0,23.05,0
101,2023,25,2132,12.73,0,23.06,0
101,2023,25,2133,12.73,0,23.03,0
101,2023,25,2134,12.72,0,23.02,0
101,2023,25,2135,12.73,0,22.99,0
101,2023,25,2136,12.72,0,22.98,0
101,2023,25,2137,12.73,0,22.96,0
101,2023,25,2138,12.72,0,22.94,0
101,2023,25,2139,12.72,0,22.93,0
101,2023,25,2140,12.72,0,22.94,0
101,2023,25,2141,12.72,0,22.94,0
101,2023,25,2142,12.72,0,22.94,0
101,2023,25,2143,12.72,0,22.96,0
101,2023,25,2144,12.72,0,22.97,0
101,2023,25,2145,12.72,0,22.97,0
101,2023,25,2146,12.72,0,22.97,0
101,2023,25,2147,12.72,0,22.99,0
101,2023,25,2148,12.72,0,22.97,0
101,2023,25,2149,12.72,0,22.97,0
101,2023,25,2150,12.72,0,22.97,0
101,2023,25,2151,12.72,0,22.96,0
101,2023,25,2152,12.72,0,22.95,0
101,2023,25,2153,12.72,0,22.95,0
101,2023,25,2154,12.72,0,22.95,0
101,2023,25,2155,12.72,0,22.94,0
101,2023,25,2156,12.72,0,22.91,0
101,2023,25,2157,12.72,0,22.9,0
101,2023,25,2158,12.72,0,22.91,0
101,2023,25,2159,12.72,0,22.92,0
101,2023,25,2200,12.72,0,22.92,0
101,2023,25,2201,12.72,0,22.92,0
101,2023,25,2202,12.72,0,22.93,0
101,2023,25,2203,12.72,0,22.92,0
101,2023,25,2204,12.72,0,22.91,0
101,2023,25,2205,12.72,0,22.89,0
101,2023,25,2206,12.72,0,22.88,0
101,2023,25,2207,12.71,0,22.88,0
101,2023,25,2208,12.71,0,22.87,0
101,2023,25,2209,12.72,0,22.87,0
101,2023,25,2210,12.71,0,22.86,0
101,2023,25,2211,12.71,0,22.86,0
101,2023,25,2212,12.71,0,22.85,0
101,2023,25,2213,12.71,0,22.85,0
101,2023,25,2214,12.71,0,22.83,0
101,2023,25,2215,12.71,0,22.81,0
101,2023,25,2216,12.71,0,22.8,0
101,2023,25,2217,12.71,0,22.79,0
101,2023,25,2218,12.71,0,22.79,0
101,2023,25,2219,12.71,0,22.78,0
101,2023,25,2220,12.71,0,22.77,0
101,2023,25,2221,12.71,0,22.77,0
101,2023,25,2222,12.71,0,22.76,0
101,2023,25,2223,12.71,0,22.73,0
101,2023,25,2224,12.71,0,22.7,0
101,2023,25,2225,12.71,0,22.67,0
101,2023,25,2226,12.71,0,22.67,0
101,2023,25,2227,12.71,0,22.64,0
101,2023,25,2228,12.71,0,22.6,0
101,2023,25,2229,12.71,0,22.59,0
101,2023,25,2230,12.71,0,22.58,0
101,2023,25,2231,12.71,0,22.56,0
101,2023,25,2232,12.71,0,22.55,0
101,2023,25,2233,12.71,0,22.54,0
101,2023,25,2234,12.71,0,22.54,0
101,2023,25,2235,12.71,0,22.52,0
101,2023,25,2236,12.71,0,22.51,0
101,2023,25,2237,12.71,0,22.51,0
101,2023,25,2238,12.71,0,22.49,0
101,2023,25,2239,12.71,0,22.48,0
101,2023,25,2240,12.71,0,22.48,0
101,2023,25,2241,12.71,0,22.47,0
101,2023,25,2242,12.71,0,22.46,0
101,2023,25,2243,12.71,0,22.45,0
101,2023,25,2244,12.71,0,22.43,0
101,2023,25,2245,12.71,0,22.44,0
101,2023,25,2246,12.71,0,22.44,0
101,2023,25,2247,12.71,0,22.46,0
101,2023,25,2248,12.71,0,22.46,0
101,2023,25,2249,12.71,0,22.46,0
101,2023,25,2250,12.71,0,22.46,0
101,2023,25,2251,12.71,0,22.43,0
101,2023,25,2252,12.71,0,22.38,0
101,2023,25,2253,12.71,0,22.33,0
101,2023,25,2254,12.71,0,22.31,0
101,2023,25,2255,12.71,0,22.3,0
101,2023,25,2256,12.7,0,22.29,0
101,2023,25,2257,12.7,0,22.28,0
101,2023,25,2258,12.7,0,22.3,0
101,2023,25,2259,12.7,0,22.31,0
101,2023,25,2300,12.7,0,22.31,0
101,2023,25,2301,12.7,0,22.31,0
101,2023,25,2302,12.7,0,22.31,0
101,2023,25,2303,12.7,0,22.28,0
101,2023,25,2304,12.7,0,22.26,0
101,2023,25,2305,12.7,0,22.23,0
101,2023,25,2306,12.7,0,22.19,0
101,2023,25,2307,12.7,0,22.17,0
101,2023,25,2308,12.7,0,22.17,0
101,2023,25,2309,12.7,0,22.18,0
101,2023,25,2310,12.7,0,22.17,0
101,2023,25,2311,12.7,0,22.15,0
101,2023,25,2312,12.7,0,22.08,0
101,2023,25,2313,12.7,0,21.94,0
101,2023,25,2314,12.7,0,21.86,0
101,2023,25,2315,12.7,0,21.84,0
101,2023,25,2316,12.7,0,21.81,0
101,2023,25,2317,12.7,0,21.75,0
101,2023,25,2318,12.7,0,21.71,0
101,2023,25,2319,12.7,0,21.7,0
101,2023,25,2320,12.7,0,21.69,0
101,2023,25,2321,12.7,0,21.74,0
101,2023,25,2322,12.7,0,21.76,0
101,2023,25,2323,12.7,0,21.78,0
101,2023,25,2324,12.7,0,21.8,0
101,2023,25,2325,12.7,0,21.84,0
101,2023,25,2326,12.7,0,21.85,0
101,2023,25,2327,12.7,0,21.86,0
101,2023,25,2328,12.69,0,21.91,0
101,2023,25,2329,12.7,0,21.96,0
101,2023,25,2330,12.7,0,22,0
101,2023,25,2331,12.69,0,22.03,0
101,2023,25,2332,12.69,0,22.06,0
101,2023,25,2333,12.69,.028,22.09,0
101,2023,25,2334,12.69,0,22.1,0
101,2023,25,2335,12.69,0,22.11,0
101,2023,25,2336,12.69,0,22.09,0
101,2023,25,2337,12.69,0,22.06,0
101,2023,25,2338,12.7,0,22.04,0
101,2023,25,2339,12.7,.028,22.01,0
101,2023,25,2340,12.69,0,21.99,0
101,2023,25,2341,12.69,0,21.96,0
101,2023,25,2342,12.69,.028,21.95,0
101,2023,25,2343,12.7,0,21.93,0
101,2023,25,2344,12.7,0,21.91,0
101,2023,25,2345,12.7,0,21.9,0
101,2023,25,2346,12.7,0,21.92,0
101,2023,25,2347,12.69,.056,21.93,0
101,2023,25,2348,12.69,.056,21.94,0
101,2023,25,2349,12.69,.028,21.93,0
101,2023,25,2350,12.69,0,21.93,0
101,2023,25,2351,12.69,0,21.95,0
101,2023,25,2352,12.69,0,21.95,0
101,2023,25,2353,12.69,0,21.99,0
101,2023,25,2354,12.69,0,22,0
101,2023,25,2355,12.69,0,22.02,0
101,2023,25,2356,12.69,0,22.02,0
101,2023,25,2357,12.69,0,22.03,0
101,2023,25,2358,12.69,0,22.03,0
101,2023,25,2359,12.69,0,22.01,0
