a,b,dia_juliano,d,e,f,g,h
101,2023,123,0.0,12.53,0.0,22.8,0.0
101,2023,123,1.0,12.54,0.0,22.8,0.0
101,2023,123,2.0,12.54,0.0,22.82,0.0
101,2023,123,3.0,12.53,0.0,22.83,0.0
101,2023,123,4.0,12.54,0.0,22.85,0.0
101,2023,123,5.0,12.54,0.0,22.84,0.0
101,2023,123,6.0,12.54,0.0,22.82,0.0
101,2023,123,7.0,12.53,0.0,22.82,0.0
101,2023,123,8.0,12.53,0.0,22.82,0.0
101,2023,123,9.0,12.53,0.0,22.85,0.0
101,2023,123,10.0,12.53,0.0,22.88,0.0
101,2023,123,11.0,12.53,0.0,22.9,0.0
101,2023,123,12.0,12.53,0.0,22.92,0.0
101,2023,123,13.0,12.53,0.0,22.9,0.0
101,2023,123,14.0,12.53,0.0,22.88,0.0
101,2023,123,15.0,12.53,0.0,22.87,0.0
101,2023,123,16.0,12.53,0.0,22.85,0.0
101,2023,123,17.0,12.52,0.0,22.87,0.0
101,2023,123,18.0,12.53,0.0,22.88,0.0
101,2023,123,19.0,12.53,0.0,22.89,0.0
101,2023,123,20.0,12.53,0.0,22.89,0.0
101,2023,123,21.0,12.52,0.0,22.88,0.0
101,2023,123,22.0,12.53,0.0,22.87,0.0
101,2023,123,23.0,12.52,0.0,22.86,0.0
101,2023,123,24.0,12.52,0.0,22.84,0.0
101,2023,123,25.0,12.52,0.0,22.8,0.0
101,2023,123,26.0,12.52,0.0,22.77,0.0
101,2023,123,27.0,12.52,0.0,22.74,0.0
101,2023,123,28.0,12.52,0.0,22.7,0.0
101,2023,123,29.0,12.52,0.0,22.68,0.0
101,2023,123,30.0,12.52,0.0,22.65,0.0
101,2023,123,31.0,12.52,0.0,22.76,0.0
101,2023,123,32.0,12.52,0.0,22.85,0.0
101,2023,123,33.0,12.52,0.0,22.81,0.0
101,2023,123,34.0,12.52,0.0,22.73,0.0
101,2023,123,35.0,12.52,0.0,22.74,0.0
101,2023,123,36.0,12.52,0.0,22.77,0.0
101,2023,123,37.0,12.52,0.0,22.78,0.0
101,2023,123,38.0,12.52,0.0,22.78,0.0
101,2023,123,39.0,12.52,0.0,22.78,0.0
101,2023,123,40.0,12.52,0.0,22.78,0.0
101,2023,123,41.0,12.52,0.0,22.79,0.0
101,2023,123,42.0,12.51,0.0,22.81,0.0
101,2023,123,43.0,12.52,0.0,22.79,0.0
101,2023,123,44.0,12.52,0.0,22.83,0.0
101,2023,123,45.0,12.52,0.0,22.83,0.0
101,2023,123,46.0,12.52,0.0,22.85,0.0
101,2023,123,47.0,12.51,0.0,22.87,0.0
101,2023,123,48.0,12.51,0.0,22.85,0.0
101,2023,123,49.0,12.51,0.0,22.85,0.0
101,2023,123,50.0,12.52,0.0,22.85,0.0
101,2023,123,51.0,12.51,0.0,22.85,0.0
101,2023,123,52.0,12.52,0.0,22.84,0.0
101,2023,123,53.0,12.51,0.0,22.87,0.0
101,2023,123,54.0,12.51,0.0,22.85,0.0
101,2023,123,55.0,12.51,0.0,22.88,0.0
101,2023,123,56.0,12.51,0.0,22.93,0.0
101,2023,123,57.0,12.51,0.0,22.92,0.0
101,2023,123,58.0,12.51,0.0,22.88,0.0
101,2023,123,59.0,12.51,0.0,22.88,0.0
101,2023,123,100.0,12.51,0.0,22.88,0.0
101,2023,123,101.0,12.51,0.0,22.86,0.0
101,2023,123,102.0,12.51,0.0,22.89,0.0
101,2023,123,103.0,12.51,0.0,22.9,0.0
101,2023,123,104.0,12.51,0.0,22.92,0.0
101,2023,123,105.0,12.51,0.0,22.92,0.0
101,2023,123,106.0,12.51,0.0,22.88,0.0
101,2023,123,107.0,12.51,0.0,22.86,0.0
101,2023,123,108.0,12.51,0.0,22.87,0.0
101,2023,123,109.0,12.51,0.0,22.88,0.0
101,2023,123,110.0,12.51,0.0,22.88,0.0
101,2023,123,111.0,12.51,0.0,22.86,0.0
101,2023,123,112.0,12.51,0.0,22.85,0.0
101,2023,123,113.0,12.5,0.0,22.84,0.0
101,2023,123,114.0,12.51,0.0,22.84,0.0
101,2023,123,115.0,12.51,0.0,22.83,0.0
101,2023,123,116.0,12.51,0.0,22.83,0.0
101,2023,123,117.0,12.5,0.0,22.86,0.0
101,2023,123,118.0,12.51,0.0,22.89,0.0
101,2023,123,119.0,12.51,0.0,22.89,0.0
101,2023,123,120.0,12.5,0.0,22.88,0.0
101,2023,123,121.0,12.5,0.0,22.9,0.0
101,2023,123,122.0,12.5,0.0,22.91,0.0
101,2023,123,123.0,12.5,0.0,22.91,0.0
101,2023,123,124.0,12.5,0.0,22.93,0.0
101,2023,123,125.0,12.5,0.0,22.95,0.0
101,2023,123,126.0,12.5,0.0,22.97,0.0
101,2023,123,127.0,12.5,0.0,22.99,0.0
101,2023,123,128.0,12.5,0.0,23.0,0.0
101,2023,123,129.0,12.5,0.0,23.0,0.0
101,2023,123,130.0,12.5,0.0,23.01,0.0
101,2023,123,131.0,12.5,0.0,23.01,0.0
101,2023,123,132.0,12.5,0.0,23.01,0.0
101,2023,123,133.0,12.5,0.0,23.03,0.0
101,2023,123,134.0,12.5,0.0,23.03,0.0
101,2023,123,135.0,12.5,0.0,23.03,0.0
101,2023,123,136.0,12.5,0.0,23.03,0.0
101,2023,123,137.0,12.5,0.0,23.03,0.0
101,2023,123,138.0,12.5,0.0,23.03,0.0
101,2023,123,139.0,12.5,0.0,23.05,0.0
101,2023,123,140.0,12.5,0.0,23.05,0.0
101,2023,123,141.0,12.5,0.0,23.05,0.0
101,2023,123,142.0,12.5,0.0,23.03,0.0
101,2023,123,143.0,12.5,0.0,23.03,0.0
101,2023,123,144.0,12.5,0.0,23.03,0.0
101,2023,123,145.0,12.5,0.0,23.02,0.0
101,2023,123,146.0,12.5,0.0,23.02,0.0
101,2023,123,147.0,12.5,0.0,23.01,0.0
101,2023,123,148.0,12.5,0.0,23.02,0.0
101,2023,123,149.0,12.5,0.0,23.02,0.0
101,2023,123,150.0,12.5,0.0,23.03,0.0
101,2023,123,151.0,12.5,0.0,23.03,0.0
101,2023,123,152.0,12.5,0.0,23.03,0.0
101,2023,123,153.0,12.5,0.0,23.03,0.0
101,2023,123,154.0,12.5,0.0,23.03,0.0
101,2023,123,155.0,12.5,0.0,23.02,0.0
101,2023,123,156.0,12.5,0.0,23.03,0.0
101,2023,123,157.0,12.5,0.0,23.02,0.0
101,2023,123,158.0,12.5,0.0,23.02,0.0
101,2023,123,159.0,12.5,0.0,23.02,0.0
101,2023,123,200.0,12.5,0.0,23.02,0.0
101,2023,123,201.0,12.5,0.0,23.05,0.0
101,2023,123,202.0,12.5,0.0,23.08,0.0
101,2023,123,203.0,12.5,0.0,23.11,0.0
101,2023,123,204.0,12.5,0.0,23.12,0.0
101,2023,123,205.0,12.5,0.0,23.12,0.0
101,2023,123,206.0,12.5,0.0,23.15,0.0
101,2023,123,207.0,12.5,0.0,23.18,0.0
101,2023,123,208.0,12.5,0.0,23.2,0.0
101,2023,123,209.0,12.5,0.0,23.22,0.0
101,2023,123,210.0,12.5,0.0,23.22,0.0
101,2023,123,211.0,12.49,0.0,23.22,0.0
101,2023,123,212.0,12.49,0.0,23.22,0.0
101,2023,123,213.0,12.5,0.0,23.22,0.0
101,2023,123,214.0,12.49,0.0,23.22,0.0
101,2023,123,215.0,12.49,0.0,23.22,0.0
101,2023,123,216.0,12.49,0.0,23.23,0.0
101,2023,123,217.0,12.49,0.0,23.24,0.0
101,2023,123,218.0,12.49,0.0,23.24,0.0
101,2023,123,219.0,12.49,0.0,23.24,0.0
101,2023,123,220.0,12.49,0.0,23.24,0.0
101,2023,123,221.0,12.49,0.0,23.24,0.0
101,2023,123,222.0,12.49,0.0,23.22,0.0
101,2023,123,223.0,12.49,0.0,23.22,0.0
101,2023,123,224.0,12.49,0.0,23.2,0.0
101,2023,123,225.0,12.49,0.0,23.19,0.0
101,2023,123,226.0,12.49,0.0,23.17,0.0
101,2023,123,227.0,12.49,0.0,23.16,0.0
101,2023,123,228.0,12.49,0.0,23.14,0.0
101,2023,123,229.0,12.49,0.0,23.12,0.0
101,2023,123,230.0,12.49,0.0,23.11,0.0
101,2023,123,231.0,12.49,0.0,23.09,0.0
101,2023,123,232.0,12.49,0.0,23.08,0.0
101,2023,123,233.0,12.49,0.0,23.07,0.0
101,2023,123,234.0,12.49,0.0,23.07,0.0
101,2023,123,235.0,12.49,0.0,23.07,0.0
101,2023,123,236.0,12.49,0.0,23.07,0.0
101,2023,123,237.0,12.49,0.0,23.09,0.0
101,2023,123,238.0,12.49,0.0,23.09,0.0
101,2023,123,239.0,12.49,0.0,23.09,0.0
101,2023,123,240.0,12.49,0.0,23.1,0.0
101,2023,123,241.0,12.49,0.0,23.11,0.0
101,2023,123,242.0,12.49,0.0,23.1,0.0
101,2023,123,243.0,12.49,0.0,23.09,0.0
101,2023,123,244.0,12.49,0.0,23.09,0.0
101,2023,123,245.0,12.49,0.0,23.08,0.0
101,2023,123,246.0,12.49,0.0,23.07,0.0
101,2023,123,247.0,12.49,0.0,23.07,0.0
101,2023,123,248.0,12.49,0.0,23.05,0.0
101,2023,123,249.0,12.49,0.0,23.04,0.0
101,2023,123,250.0,12.49,0.0,23.04,0.0
101,2023,123,251.0,12.49,0.0,23.04,0.0
101,2023,123,252.0,12.49,0.0,23.04,0.0
101,2023,123,253.0,12.49,0.0,23.04,0.0
101,2023,123,254.0,12.49,0.0,23.05,0.0
101,2023,123,255.0,12.49,0.0,23.07,0.0
101,2023,123,256.0,12.49,0.0,23.11,0.0
101,2023,123,257.0,12.49,0.0,23.13,0.0
101,2023,123,258.0,12.49,0.0,23.15,0.0
101,2023,123,259.0,12.49,0.0,23.16,0.0
101,2023,123,300.0,12.49,0.0,23.19,0.0
101,2023,123,301.0,12.49,0.0,23.19,0.0
101,2023,123,302.0,12.49,0.0,23.19,0.0
101,2023,123,303.0,12.49,0.0,23.19,0.0
101,2023,123,304.0,12.49,0.0,23.2,0.0
101,2023,123,305.0,12.49,0.0,23.2,0.0
101,2023,123,306.0,12.49,0.0,23.21,0.0
101,2023,123,307.0,12.49,0.0,23.21,0.0
101,2023,123,308.0,12.49,0.0,23.22,0.0
101,2023,123,309.0,12.49,0.0,23.24,0.0
101,2023,123,310.0,12.49,0.0,23.24,0.0
101,2023,123,311.0,12.49,0.0,23.24,0.0
101,2023,123,312.0,12.49,0.0,23.24,0.0
101,2023,123,313.0,12.49,0.0,23.25,0.0
101,2023,123,314.0,12.49,0.0,23.26,0.0
101,2023,123,315.0,12.49,0.0,23.26,0.0
101,2023,123,316.0,12.49,0.0,23.27,0.0
101,2023,123,317.0,12.49,0.0,23.27,0.0
101,2023,123,318.0,12.49,0.0,23.26,0.0
101,2023,123,319.0,12.49,0.0,23.27,0.0
101,2023,123,320.0,12.49,0.0,23.28,0.0
101,2023,123,321.0,12.49,0.0,23.29,0.0
101,2023,123,322.0,12.49,0.0,23.3,0.0
101,2023,123,323.0,12.49,0.0,23.31,0.0
101,2023,123,324.0,12.49,0.0,23.34,0.0
101,2023,123,325.0,12.49,0.0,23.35,0.0
101,2023,123,326.0,12.49,0.0,23.36,0.0
101,2023,123,327.0,12.49,0.0,23.38,0.0
101,2023,123,328.0,12.49,0.0,23.41,0.0
101,2023,123,329.0,12.49,0.0,23.41,0.0
101,2023,123,330.0,12.49,0.0,23.43,0.0
101,2023,123,331.0,12.49,0.0,23.43,0.0
101,2023,123,332.0,12.49,0.0,23.44,0.0
101,2023,123,333.0,12.49,0.0,23.44,0.0
101,2023,123,334.0,12.49,0.0,23.41,0.0
101,2023,123,335.0,12.49,0.0,23.41,0.0
101,2023,123,336.0,12.49,0.0,23.4,0.0
101,2023,123,337.0,12.49,0.0,23.4,0.0
101,2023,123,338.0,12.49,0.0,23.39,0.0
101,2023,123,339.0,12.49,0.0,23.4,0.0
101,2023,123,340.0,12.49,0.0,23.41,0.0
101,2023,123,341.0,12.49,0.0,23.41,0.0
101,2023,123,342.0,12.49,0.0,23.41,0.0
101,2023,123,343.0,12.49,0.0,23.41,0.0
101,2023,123,344.0,12.49,0.0,23.39,0.0
101,2023,123,345.0,12.49,0.0,23.41,0.0
101,2023,123,346.0,12.49,0.0,23.41,0.0
101,2023,123,347.0,12.49,0.0,23.41,0.0
101,2023,123,348.0,12.49,0.0,23.41,0.0
101,2023,123,349.0,12.49,0.0,23.41,0.0
101,2023,123,350.0,12.49,0.0,23.41,0.0
101,2023,123,351.0,12.49,0.0,23.41,0.0
101,2023,123,352.0,12.49,0.0,23.44,0.0
101,2023,123,353.0,12.49,0.0,23.44,0.0
101,2023,123,354.0,12.49,0.0,23.44,0.0
101,2023,123,355.0,12.49,0.0,23.44,0.0
101,2023,123,356.0,12.49,0.0,23.44,0.0
101,2023,123,357.0,12.49,0.0,23.43,0.0
101,2023,123,358.0,12.49,0.0,23.43,0.0
101,2023,123,359.0,12.49,0.0,23.43,0.0
101,2023,123,400.0,12.49,0.0,23.43,0.0
101,2023,123,401.0,12.49,0.0,23.43,0.0
101,2023,123,402.0,12.49,0.0,23.43,0.0
101,2023,123,403.0,12.49,0.0,23.42,0.0
101,2023,123,404.0,12.49,0.0,23.41,0.0
101,2023,123,405.0,12.49,0.0,23.42,0.0
101,2023,123,406.0,12.49,0.0,23.43,0.0
101,2023,123,407.0,12.49,0.0,23.43,0.0
101,2023,123,408.0,12.49,0.0,23.42,0.0
101,2023,123,409.0,12.49,0.0,23.44,0.0
101,2023,123,410.0,12.49,0.0,23.44,0.0
101,2023,123,411.0,12.49,0.0,23.44,0.0
101,2023,123,412.0,12.49,0.0,23.44,0.0
101,2023,123,413.0,12.49,0.0,23.44,0.0
101,2023,123,414.0,12.49,0.0,23.44,0.0
101,2023,123,415.0,12.48,0.0,23.44,0.0
101,2023,123,416.0,12.49,0.0,23.44,0.0
101,2023,123,417.0,12.49,0.0,23.44,0.0
101,2023,123,418.0,12.49,0.0,23.44,0.0
101,2023,123,419.0,12.49,0.0,23.42,0.0
101,2023,123,420.0,12.48,0.0,23.41,0.0
101,2023,123,421.0,12.49,0.0,23.42,0.0
101,2023,123,422.0,12.48,0.0,23.42,0.0
101,2023,123,423.0,12.49,0.0,23.41,0.0
101,2023,123,424.0,12.48,0.0,23.41,0.0
101,2023,123,425.0,12.49,0.0,23.41,0.0
101,2023,123,426.0,12.48,0.0,23.41,0.0
101,2023,123,427.0,12.49,0.0,23.41,0.0
101,2023,123,428.0,12.48,0.0,23.41,0.0
101,2023,123,429.0,12.49,0.0,23.41,0.0
101,2023,123,430.0,12.49,0.0,23.41,0.0
101,2023,123,431.0,12.49,0.0,23.4,0.0
101,2023,123,432.0,12.48,0.0,23.41,0.0
101,2023,123,433.0,12.49,0.0,23.41,0.0
101,2023,123,434.0,12.48,0.0,23.41,0.0
101,2023,123,435.0,12.49,0.0,23.42,0.0
101,2023,123,436.0,12.49,0.0,23.43,0.0
101,2023,123,437.0,12.49,0.0,23.42,0.0
101,2023,123,438.0,12.49,0.0,23.41,0.0
101,2023,123,439.0,12.49,0.0,23.41,0.0
101,2023,123,440.0,12.48,0.0,23.41,0.0
101,2023,123,441.0,12.49,0.0,23.41,0.0
101,2023,123,442.0,12.48,0.0,23.41,0.0
101,2023,123,443.0,12.48,0.0,23.41,0.0
101,2023,123,444.0,12.48,0.0,23.41,0.0
101,2023,123,445.0,12.48,0.0,23.41,0.0
101,2023,123,446.0,12.49,0.0,23.4,0.0
101,2023,123,447.0,12.48,0.0,23.39,0.0
101,2023,123,448.0,12.49,0.0,23.39,0.0
101,2023,123,449.0,12.49,0.0,23.38,0.0
101,2023,123,450.0,12.49,0.0,23.38,0.0
101,2023,123,451.0,12.49,0.0,23.37,0.0
101,2023,123,452.0,12.49,0.0,23.37,0.0
101,2023,123,453.0,12.49,0.0,23.36,0.0
101,2023,123,454.0,12.48,0.0,23.37,0.0
101,2023,123,455.0,12.49,0.0,23.37,0.0
101,2023,123,456.0,12.48,0.0,23.37,0.0
101,2023,123,457.0,12.48,0.0,23.36,0.0
101,2023,123,458.0,12.49,0.0,23.36,0.0
101,2023,123,459.0,12.48,0.0,23.36,0.0
101,2023,123,500.0,12.48,0.0,23.36,0.0
101,2023,123,501.0,12.48,0.0,23.37,0.0
101,2023,123,502.0,12.48,0.0,23.37,0.0
101,2023,123,503.0,12.48,0.0,23.37,0.0
101,2023,123,504.0,12.49,0.0,23.37,0.0
101,2023,123,505.0,12.48,0.0,23.37,0.0
101,2023,123,506.0,12.48,0.0,23.36,0.0
101,2023,123,507.0,12.48,0.0,23.36,0.0
101,2023,123,508.0,12.48,0.0,23.36,0.0
101,2023,123,509.0,12.48,0.0,23.36,0.0
101,2023,123,510.0,12.48,0.0,23.36,0.0
101,2023,123,511.0,12.49,0.0,23.36,0.0
101,2023,123,512.0,12.48,0.0,23.36,0.0
101,2023,123,513.0,12.48,0.0,23.36,0.0
101,2023,123,514.0,12.48,0.0,23.36,0.0
101,2023,123,515.0,12.48,0.0,23.36,0.0
101,2023,123,516.0,12.48,0.0,23.35,0.0
101,2023,123,517.0,12.48,0.0,23.34,0.0
101,2023,123,518.0,12.48,1.015,23.34,0.0
101,2023,123,519.0,12.48,1.015,23.34,0.0
101,2023,123,520.0,12.48,1.241,23.33,0.0
101,2023,123,521.0,12.48,1.664,23.33,0.0
101,2023,123,522.0,12.48,1.692,23.32,0.0
101,2023,123,523.0,12.48,1.889,23.31,0.0
101,2023,123,524.0,12.48,2.312,23.31,0.0
101,2023,123,525.0,12.48,2.369,23.31,0.0
101,2023,123,526.0,12.48,2.594,23.3,0.0
101,2023,123,527.0,12.48,3.017,23.29,0.0
101,2023,123,528.0,12.48,3.299,23.29,0.0
101,2023,123,529.0,12.48,3.779,23.29,0.0
101,2023,123,530.0,12.48,4.061,23.27,0.0
101,2023,123,531.0,12.48,4.54,23.25,0.0
101,2023,123,532.0,12.48,5.048,23.24,0.0
101,2023,123,533.0,12.48,5.555,23.24,0.0
101,2023,123,534.0,12.48,6.147,23.24,0.0
101,2023,123,535.0,12.48,6.627,23.24,0.0
101,2023,123,536.0,12.48,7.08,23.24,0.0
101,2023,123,537.0,12.48,7.64,23.23,0.0
101,2023,123,538.0,12.48,8.32,23.22,0.0
101,2023,123,539.0,12.48,8.91,23.21,0.0
101,2023,123,540.0,12.48,9.5,23.21,0.0
101,2023,123,541.0,12.48,10.1,23.2,0.0
101,2023,123,542.0,12.48,10.77,23.19,0.0
101,2023,123,543.0,12.48,11.62,23.19,0.0
101,2023,123,544.0,12.48,12.6,23.19,0.0
101,2023,123,545.0,12.48,13.54,23.2,0.0
101,2023,123,546.0,12.48,14.18,23.21,0.0
101,2023,123,547.0,12.48,14.66,23.21,0.0
101,2023,123,548.0,12.49,15.71,23.21,0.0
101,2023,123,549.0,12.49,16.72,23.23,0.0
101,2023,123,550.0,12.49,17.43,23.24,0.0
101,2023,123,551.0,12.49,17.88,23.24,0.0
101,2023,123,552.0,12.5,18.3,23.24,0.0
101,2023,123,553.0,12.5,19.23,23.24,0.0
101,2023,123,554.0,12.51,20.11,23.24,0.0
101,2023,123,555.0,12.51,20.39,23.25,0.0
101,2023,123,556.0,12.51,20.7,23.26,0.0
101,2023,123,557.0,12.51,20.98,23.26,0.0
101,2023,123,558.0,12.52,21.4,23.27,0.0
101,2023,123,559.0,12.52,21.74,23.28,0.0
101,2023,123,600.0,12.52,22.19,23.29,0.0
101,2023,123,601.0,12.52,22.62,23.3,0.0
101,2023,123,602.0,12.52,23.04,23.31,0.0
101,2023,123,603.0,12.53,23.57,23.31,0.0
101,2023,123,604.0,12.53,24.03,23.31,0.0
101,2023,123,605.0,12.53,24.81,23.32,0.0
101,2023,123,606.0,12.54,25.83,23.34,0.0
101,2023,123,607.0,12.54,26.7,23.34,0.0
101,2023,123,608.0,12.54,27.8,23.33,0.0
101,2023,123,609.0,12.55,28.88,23.33,0.0
101,2023,123,610.0,12.55,30.45,23.34,0.0
101,2023,123,611.0,12.56,32.6,23.34,0.0
101,2023,123,612.0,12.58,35.28,23.33,0.0
101,2023,123,613.0,12.59,37.7,23.31,0.0
101,2023,123,614.0,12.61,38.74,23.3,0.0
101,2023,123,615.0,12.62,40.01,23.32,0.0
101,2023,123,616.0,12.63,40.61,23.33,0.0
101,2023,123,617.0,12.65,40.89,23.34,0.0
101,2023,123,618.0,12.66,42.1,23.34,0.0
101,2023,123,619.0,12.68,44.47,23.35,0.0
101,2023,123,620.0,12.7,47.71,23.37,0.0
101,2023,123,621.0,12.73,50.84,23.41,0.0
101,2023,123,622.0,12.77,53.44,23.42,0.0
101,2023,123,623.0,12.8,56.76,23.43,0.0
101,2023,123,624.0,12.84,60.49,23.43,0.0
101,2023,123,625.0,12.89,65.53,23.44,0.0
101,2023,123,626.0,12.93,73.9,23.42,0.0
101,2023,123,627.0,13.0,86.0,23.47,0.0
101,2023,123,628.0,13.08,96.1,23.53,0.0
101,2023,123,629.0,13.17,102.9,23.56,0.0
101,2023,123,630.0,13.23,107.4,23.55,0.0
101,2023,123,631.0,13.24,114.3,23.61,0.0
101,2023,123,632.0,13.24,123.8,23.67,0.0
101,2023,123,633.0,13.23,120.0,23.69,0.0
101,2023,123,634.0,13.23,118.7,23.62,0.0
101,2023,123,635.0,13.23,119.7,23.65,0.0
101,2023,123,636.0,13.23,120.7,23.72,0.0
101,2023,123,637.0,13.23,120.0,23.61,0.0
101,2023,123,638.0,13.23,115.4,23.63,0.0
101,2023,123,639.0,13.23,114.2,23.61,0.0
101,2023,123,640.0,13.23,120.5,23.6,0.0
101,2023,123,641.0,13.23,161.8,23.58,0.0
101,2023,123,642.0,13.23,182.9,23.65,0.0
101,2023,123,643.0,13.23,243.6,23.74,0.0
101,2023,123,644.0,13.23,174.7,23.77,0.0
101,2023,123,645.0,13.23,166.0,23.86,0.0
101,2023,123,646.0,13.23,191.6,23.91,0.0
101,2023,123,647.0,13.23,238.6,23.8,0.0
101,2023,123,648.0,13.23,245.0,23.9,0.0
101,2023,123,649.0,13.22,208.7,24.02,0.0
101,2023,123,650.0,13.23,267.8,24.16,0.0
101,2023,123,651.0,13.22,272.8,24.13,0.0
101,2023,123,652.0,13.22,278.9,24.16,0.0
101,2023,123,653.0,13.22,285.1,24.15,0.0
101,2023,123,654.0,13.22,283.8,24.3,0.0
101,2023,123,655.0,13.22,247.2,24.07,0.0
101,2023,123,656.0,13.22,227.3,24.08,0.0
101,2023,123,657.0,13.22,252.3,24.09,0.0
101,2023,123,658.0,13.22,251.9,24.03,0.0
101,2023,123,659.0,13.22,240.6,24.01,0.0
101,2023,123,700.0,13.22,224.1,24.14,0.0
101,2023,123,701.0,13.22,204.0,24.24,0.0
101,2023,123,702.0,13.22,226.7,24.3,0.0
101,2023,123,703.0,13.22,272.4,24.19,0.0
101,2023,123,704.0,13.22,226.1,24.21,0.0
101,2023,123,705.0,13.22,208.2,24.3,0.0
101,2023,123,706.0,13.22,288.3,24.36,0.0
101,2023,123,707.0,13.22,310.8,24.42,0.0
101,2023,123,708.0,13.22,322.4,24.48,0.0
101,2023,123,709.0,13.22,318.9,24.48,0.0
101,2023,123,710.0,13.22,339.8,24.44,0.0
101,2023,123,711.0,13.22,363.4,24.58,0.0
101,2023,123,712.0,13.22,278.7,24.69,0.0
101,2023,123,713.0,13.21,295.0,24.7,0.0
101,2023,123,714.0,13.21,183.0,24.56,0.0
101,2023,123,715.0,13.21,150.7,24.56,0.0
101,2023,123,716.0,13.21,151.1,24.46,0.0
101,2023,123,717.0,13.21,150.9,24.4,0.0
101,2023,123,718.0,13.21,149.8,24.33,0.0
101,2023,123,719.0,13.21,150.9,24.33,0.0
101,2023,123,720.0,13.21,161.6,24.31,0.0
101,2023,123,721.0,13.21,214.6,24.36,0.0
101,2023,123,722.0,13.21,254.2,24.39,0.0
101,2023,123,723.0,13.21,317.9,24.46,0.0
101,2023,123,724.0,13.21,323.4,24.51,0.0
101,2023,123,725.0,13.21,353.8,24.55,0.0
101,2023,123,726.0,13.21,292.2,24.56,0.0
101,2023,123,727.0,13.21,402.0,24.56,0.0
101,2023,123,728.0,13.21,415.6,24.72,0.0
101,2023,123,729.0,13.21,360.5,24.84,0.0
101,2023,123,730.0,13.21,302.6,24.98,0.0
101,2023,123,731.0,13.21,444.2,25.04,0.0
101,2023,123,732.0,13.21,474.1,24.86,0.0
101,2023,123,733.0,13.2,479.8,25.1,0.0
101,2023,123,734.0,13.2,480.6,25.24,0.0
101,2023,123,735.0,13.2,485.2,25.19,0.0
101,2023,123,736.0,13.2,492.9,25.34,0.0
101,2023,123,737.0,13.2,499.3,25.45,0.0
101,2023,123,738.0,13.2,497.3,25.45,0.0
101,2023,123,739.0,13.2,453.0,25.68,0.0
101,2023,123,740.0,13.19,427.3,25.44,0.0
101,2023,123,741.0,13.19,441.4,25.25,0.0
101,2023,123,742.0,13.19,484.1,25.4,0.0
101,2023,123,743.0,13.19,395.6,25.58,0.0
101,2023,123,744.0,13.19,356.4,25.57,0.0
101,2023,123,745.0,13.19,355.3,25.36,0.0
101,2023,123,746.0,13.19,429.8,25.27,0.0
101,2023,123,747.0,13.19,492.5,25.28,0.0
101,2023,123,748.0,13.19,509.1,25.46,0.0
101,2023,123,749.0,13.18,500.8,25.39,0.0
101,2023,123,750.0,13.18,520.9,25.51,0.0
101,2023,123,751.0,13.18,467.9,25.69,0.0
101,2023,123,752.0,13.18,336.0,25.66,0.0
101,2023,123,753.0,13.18,438.6,25.66,0.0
101,2023,123,754.0,13.18,515.5,25.46,0.0
101,2023,123,755.0,13.18,380.8,25.53,0.0
101,2023,123,756.0,13.18,443.8,25.47,0.0
101,2023,123,757.0,13.18,356.4,25.47,0.0
101,2023,123,758.0,13.18,260.2,25.5,0.0
101,2023,123,759.0,13.18,279.3,25.53,0.0
101,2023,123,800.0,13.18,507.3,25.65,0.0
101,2023,123,801.0,13.18,613.2,25.82,0.0
101,2023,123,802.0,13.17,535.9,25.96,0.0
101,2023,123,803.0,13.17,492.1,26.06,0.0
101,2023,123,804.0,13.17,503.3,26.07,0.0
101,2023,123,805.0,13.17,594.9,26.2,0.0
101,2023,123,806.0,13.17,410.0,26.57,0.0
101,2023,123,807.0,13.17,343.8,26.54,0.0
101,2023,123,808.0,13.17,480.2,26.49,0.0
101,2023,123,809.0,13.17,506.9,26.43,0.0
101,2023,123,810.0,13.17,537.6,26.49,0.0
101,2023,123,811.0,13.17,549.9,26.42,0.0
101,2023,123,812.0,13.17,525.5,26.5,0.0
101,2023,123,813.0,13.16,536.3,26.64,0.0
101,2023,123,814.0,13.16,534.5,26.61,0.0
101,2023,123,815.0,13.16,371.1,26.5,0.0
101,2023,123,816.0,13.16,267.8,26.45,0.0
101,2023,123,817.0,13.16,250.8,26.43,0.0
101,2023,123,818.0,13.16,281.2,26.43,0.0
101,2023,123,819.0,13.16,252.5,26.28,0.0
101,2023,123,820.0,13.16,228.6,26.29,0.0
101,2023,123,821.0,13.16,212.8,26.22,0.0
101,2023,123,822.0,13.16,186.0,26.11,0.0
101,2023,123,823.0,13.16,151.5,26.02,0.0
101,2023,123,824.0,13.16,125.2,25.89,0.0
101,2023,123,825.0,13.16,111.5,25.84,0.0
101,2023,123,826.0,13.15,107.7,25.82,0.0
101,2023,123,827.0,13.14,108.7,25.75,0.0
101,2023,123,828.0,13.14,111.0,25.71,0.0
101,2023,123,829.0,13.14,116.1,25.7,0.0
101,2023,123,830.0,13.16,131.7,25.68,0.0
101,2023,123,831.0,13.17,160.1,25.65,0.0
101,2023,123,832.0,13.17,196.5,25.65,0.0
101,2023,123,833.0,13.17,216.3,25.7,0.0
101,2023,123,834.0,13.17,227.3,25.74,0.0
101,2023,123,835.0,13.17,237.6,25.8,0.0
101,2023,123,836.0,13.17,249.0,25.89,0.0
101,2023,123,837.0,13.17,268.6,26.01,0.0
101,2023,123,838.0,13.17,294.7,26.07,0.0
101,2023,123,839.0,13.17,318.2,26.01,0.0
101,2023,123,840.0,13.17,347.7,26.02,0.0
101,2023,123,841.0,13.17,374.2,26.04,0.0
101,2023,123,842.0,13.17,379.9,26.05,0.0
101,2023,123,843.0,13.17,412.9,26.1,0.0
101,2023,123,844.0,13.16,541.5,26.22,0.0
101,2023,123,845.0,13.17,609.0,26.28,0.0
101,2023,123,846.0,13.17,607.2,26.41,0.0
101,2023,123,847.0,13.17,408.6,26.42,0.0
101,2023,123,848.0,13.16,360.8,26.34,0.0
101,2023,123,849.0,13.16,338.5,26.33,0.0
101,2023,123,850.0,13.16,325.2,26.34,0.0
101,2023,123,851.0,13.16,321.7,26.41,0.0
101,2023,123,852.0,13.16,385.8,26.44,0.0
101,2023,123,853.0,13.16,460.5,26.53,0.0
101,2023,123,854.0,13.16,420.9,26.48,0.0
101,2023,123,855.0,13.16,415.2,26.48,0.0
101,2023,123,856.0,13.16,405.0,26.49,0.0
101,2023,123,857.0,13.16,390.1,26.51,0.0
101,2023,123,858.0,13.16,371.4,26.56,0.0
101,2023,123,859.0,13.16,348.2,26.58,0.0
101,2023,123,900.0,13.16,327.9,26.48,0.0
101,2023,123,901.0,13.16,311.5,26.5,0.0
101,2023,123,902.0,13.16,310.2,26.42,0.0
101,2023,123,903.0,13.16,303.7,26.43,0.0
101,2023,123,904.0,13.16,299.8,26.51,0.0
101,2023,123,905.0,13.16,293.7,26.46,0.0
101,2023,123,906.0,13.16,318.3,26.35,0.0
101,2023,123,907.0,13.16,360.6,26.37,0.0
101,2023,123,908.0,13.16,615.0,26.43,0.0
101,2023,123,909.0,13.16,683.2,26.37,0.0
101,2023,123,910.0,13.16,664.3,26.4,0.0
101,2023,123,911.0,13.16,681.0,26.53,0.0
101,2023,123,912.0,13.16,612.8,26.53,0.0
101,2023,123,913.0,13.15,512.4,26.55,0.0
101,2023,123,914.0,13.15,372.6,26.63,0.0
101,2023,123,915.0,13.15,317.5,26.66,0.0
101,2023,123,916.0,13.15,306.6,26.54,0.0
101,2023,123,917.0,13.15,288.1,26.5,0.0
101,2023,123,918.0,13.16,301.7,26.5,0.0
101,2023,123,919.0,13.15,292.8,26.53,0.0
101,2023,123,920.0,13.15,297.8,26.56,0.0
101,2023,123,921.0,13.15,266.8,26.63,0.0
101,2023,123,922.0,13.15,267.0,26.63,0.0
101,2023,123,923.0,13.15,280.0,26.59,0.0
101,2023,123,924.0,13.15,286.1,26.6,0.0
101,2023,123,925.0,13.15,294.7,26.56,0.0
101,2023,123,926.0,13.15,321.8,26.51,0.0
101,2023,123,927.0,13.15,328.1,26.52,0.0
101,2023,123,928.0,13.15,342.3,26.55,0.0
101,2023,123,929.0,13.15,432.7,26.64,0.0
101,2023,123,930.0,13.15,607.4,26.68,0.0
101,2023,123,931.0,13.15,438.6,26.75,0.0
101,2023,123,932.0,13.15,342.4,26.77,0.0
101,2023,123,933.0,13.15,314.8,26.82,0.0
101,2023,123,934.0,13.15,280.9,26.84,0.0
101,2023,123,935.0,13.15,256.9,26.86,0.0
101,2023,123,936.0,13.15,236.5,26.87,0.0
101,2023,123,937.0,13.15,225.1,26.84,0.0
101,2023,123,938.0,13.15,217.3,26.8,0.0
101,2023,123,939.0,13.15,227.8,26.88,0.0
101,2023,123,940.0,13.15,255.2,26.91,0.0
101,2023,123,941.0,13.15,255.8,26.92,0.0
101,2023,123,942.0,13.15,243.4,26.85,0.0
101,2023,123,943.0,13.15,231.6,26.82,0.0
101,2023,123,944.0,13.15,219.4,26.89,0.0
101,2023,123,945.0,13.15,202.8,26.89,0.0
101,2023,123,946.0,13.15,190.2,26.87,0.0
101,2023,123,947.0,13.15,193.1,26.84,0.0
101,2023,123,948.0,13.15,207.7,26.91,0.0
101,2023,123,949.0,13.15,228.7,26.95,0.0
101,2023,123,950.0,13.15,255.0,26.93,0.0
101,2023,123,951.0,13.15,288.2,26.92,0.0
101,2023,123,952.0,13.15,287.6,26.91,0.0
101,2023,123,953.0,13.15,285.4,26.94,0.0
101,2023,123,954.0,13.15,325.6,26.89,0.0
101,2023,123,955.0,13.15,371.8,26.91,0.0
101,2023,123,956.0,13.15,414.2,27.03,0.0
101,2023,123,957.0,13.15,437.7,27.09,0.0
101,2023,123,958.0,13.15,453.9,27.15,0.0
101,2023,123,959.0,13.15,466.6,27.17,0.0
101,2023,123,1000.0,13.15,479.5,27.33,0.0
101,2023,123,1001.0,13.15,492.1,27.25,0.0
101,2023,123,1002.0,13.15,494.8,27.2,0.0
101,2023,123,1003.0,13.15,508.5,27.29,0.0
101,2023,123,1004.0,13.15,517.5,27.45,0.0
101,2023,123,1005.0,13.15,522.6,27.64,0.0
101,2023,123,1006.0,13.15,578.7,27.66,0.0
101,2023,123,1007.0,13.15,888.0,27.74,0.0
101,2023,123,1008.0,13.14,1148.0,27.92,0.0
101,2023,123,1009.0,13.15,788.0,27.97,0.0
101,2023,123,1010.0,13.14,617.9,28.01,0.0
101,2023,123,1011.0,13.14,929.0,27.96,0.0
101,2023,123,1012.0,13.15,1003.0,28.16,0.0
101,2023,123,1013.0,13.14,992.0,28.39,0.0
101,2023,123,1014.0,13.14,949.0,28.55,0.0
101,2023,123,1015.0,13.14,867.0,28.61,0.0
101,2023,123,1016.0,13.14,379.4,28.56,0.0
101,2023,123,1017.0,13.14,617.4,28.4,0.0
101,2023,123,1018.0,13.14,895.0,28.31,0.0
101,2023,123,1019.0,13.14,538.0,28.18,0.0
101,2023,123,1020.0,13.14,329.2,28.22,0.0
101,2023,123,1021.0,13.13,346.5,28.33,0.0
101,2023,123,1022.0,13.14,505.8,28.38,0.0
101,2023,123,1023.0,13.14,950.0,28.5,0.0
101,2023,123,1024.0,13.14,646.6,28.59,0.0
101,2023,123,1025.0,13.14,848.0,28.58,0.0
101,2023,123,1026.0,13.13,615.9,28.67,0.0
101,2023,123,1027.0,13.13,482.4,28.58,0.0
101,2023,123,1028.0,13.13,393.0,28.43,0.0
101,2023,123,1029.0,13.13,331.2,28.37,0.0
101,2023,123,1030.0,13.13,337.1,28.44,0.0
101,2023,123,1031.0,13.13,433.8,28.41,0.0
101,2023,123,1032.0,13.14,300.6,28.3,0.0
101,2023,123,1033.0,13.13,265.3,28.18,0.0
101,2023,123,1034.0,13.13,237.9,28.12,0.0
101,2023,123,1035.0,13.13,224.4,28.04,0.0
101,2023,123,1036.0,13.13,224.6,28.03,0.0
101,2023,123,1037.0,13.13,213.7,28.03,0.0
101,2023,123,1038.0,13.13,188.7,27.99,0.0
101,2023,123,1039.0,13.13,190.3,27.91,0.0
101,2023,123,1040.0,13.13,203.4,27.88,0.0
101,2023,123,1041.0,13.14,230.1,27.84,0.0
101,2023,123,1042.0,13.14,260.9,27.85,0.0
101,2023,123,1043.0,13.14,282.5,27.84,0.0
101,2023,123,1044.0,13.14,296.0,27.81,0.0
101,2023,123,1045.0,13.14,307.4,27.86,0.0
101,2023,123,1046.0,13.14,308.4,27.93,0.0
101,2023,123,1047.0,13.14,300.9,27.93,0.0
101,2023,123,1048.0,13.14,286.5,27.87,0.0
101,2023,123,1049.0,13.14,273.8,27.63,0.0
101,2023,123,1050.0,13.14,264.3,27.52,0.0
101,2023,123,1051.0,13.14,262.7,27.46,0.0
101,2023,123,1052.0,13.14,269.5,27.44,0.0
101,2023,123,1053.0,13.14,285.8,27.45,0.0
101,2023,123,1054.0,13.14,316.8,27.36,0.0
101,2023,123,1055.0,13.14,350.3,27.32,0.0
101,2023,123,1056.0,13.14,404.8,27.32,0.0
101,2023,123,1057.0,13.14,728.0,27.35,0.0
101,2023,123,1058.0,13.14,789.0,27.34,0.0
101,2023,123,1059.0,13.14,1096.0,27.41,0.0
101,2023,123,1100.0,13.14,1037.0,27.58,0.0
101,2023,123,1101.0,13.14,544.8,27.69,0.0
101,2023,123,1102.0,13.13,529.5,27.79,0.0
101,2023,123,1103.0,13.14,745.0,27.85,0.0
101,2023,123,1104.0,13.13,1016.0,27.88,0.0
101,2023,123,1105.0,13.13,903.0,27.78,0.0
101,2023,123,1106.0,13.13,781.0,27.63,0.0
101,2023,123,1107.0,13.13,601.7,27.49,0.0
101,2023,123,1108.0,13.13,666.3,27.5,0.0
101,2023,123,1109.0,13.13,788.0,27.43,0.0
101,2023,123,1110.0,13.13,813.0,27.46,0.0
101,2023,123,1111.0,13.12,1034.0,27.54,0.0
101,2023,123,1112.0,13.13,1073.0,27.72,0.0
101,2023,123,1113.0,13.12,1000.0,27.88,0.0
101,2023,123,1114.0,13.12,1057.0,28.11,0.0
101,2023,123,1115.0,13.12,1070.0,28.3,0.0
101,2023,123,1116.0,13.12,1060.0,28.53,0.0
101,2023,123,1117.0,13.12,1061.0,28.55,0.0
101,2023,123,1118.0,13.12,1063.0,28.58,0.0
101,2023,123,1119.0,13.11,1066.0,28.54,0.0
101,2023,123,1120.0,13.11,1067.0,28.82,0.0
101,2023,123,1121.0,13.11,1070.0,28.73,0.0
101,2023,123,1122.0,13.11,1076.0,28.86,0.0
101,2023,123,1123.0,13.11,1079.0,28.96,0.0
101,2023,123,1124.0,13.1,1085.0,28.75,0.0
101,2023,123,1125.0,13.1,1089.0,28.65,0.0
101,2023,123,1126.0,13.1,1088.0,28.51,0.0
101,2023,123,1127.0,13.1,1082.0,28.55,0.0
101,2023,123,1128.0,13.1,1066.0,28.5,0.0
101,2023,123,1129.0,13.1,1041.0,28.3,0.0
101,2023,123,1130.0,13.1,1005.0,28.33,0.0
101,2023,123,1131.0,13.1,894.0,28.38,0.0
101,2023,123,1132.0,13.09,1056.0,28.3,0.0
101,2023,123,1133.0,13.09,1080.0,28.28,0.0
101,2023,123,1134.0,13.09,1136.0,28.28,0.0
101,2023,123,1135.0,13.09,889.0,28.28,0.0
101,2023,123,1136.0,13.09,761.0,28.24,0.0
101,2023,123,1137.0,13.09,921.0,28.16,0.0
101,2023,123,1138.0,13.09,776.0,28.35,0.0
101,2023,123,1139.0,13.09,1051.0,28.32,0.0
101,2023,123,1140.0,13.09,1184.0,28.53,0.0
101,2023,123,1141.0,13.09,1148.0,28.52,0.0
101,2023,123,1142.0,13.09,1144.0,28.42,0.0
101,2023,123,1143.0,13.09,1115.0,28.45,0.0
101,2023,123,1144.0,13.09,1094.0,28.41,0.0
101,2023,123,1145.0,13.09,1119.0,28.22,0.0
101,2023,123,1146.0,13.09,1120.0,28.19,0.0
101,2023,123,1147.0,13.09,959.0,28.4,0.0
101,2023,123,1148.0,13.09,916.0,28.57,0.0
101,2023,123,1149.0,13.09,1027.0,28.56,0.0
101,2023,123,1150.0,13.09,885.0,28.45,0.0
101,2023,123,1151.0,13.08,729.0,28.47,0.0
101,2023,123,1152.0,13.08,699.4,28.34,0.0
101,2023,123,1153.0,13.09,660.1,28.17,0.0
101,2023,123,1154.0,13.09,657.6,27.91,0.0
101,2023,123,1155.0,13.09,721.0,27.98,0.0
101,2023,123,1156.0,13.09,944.0,27.95,0.0
101,2023,123,1157.0,13.09,1022.0,27.94,0.0
101,2023,123,1158.0,13.09,1204.0,28.21,0.0
101,2023,123,1159.0,13.09,1295.0,28.33,0.0
101,2023,123,1200.0,13.09,1207.0,28.43,0.0
101,2023,123,1201.0,13.09,979.0,28.65,0.0
101,2023,123,1202.0,13.09,821.0,28.79,0.0
101,2023,123,1203.0,13.09,969.0,28.77,0.0
101,2023,123,1204.0,13.09,915.0,28.61,0.0
101,2023,123,1205.0,13.08,832.0,28.32,0.0
101,2023,123,1206.0,13.08,1068.0,28.35,0.0
101,2023,123,1207.0,13.08,1153.0,28.43,0.0
101,2023,123,1208.0,13.08,1134.0,28.58,0.0
101,2023,123,1209.0,13.08,1131.0,28.89,0.0
101,2023,123,1210.0,13.08,1028.0,28.84,0.0
101,2023,123,1211.0,13.08,1038.0,28.88,0.0
101,2023,123,1212.0,13.08,991.0,28.81,0.0
101,2023,123,1213.0,13.08,1025.0,28.89,0.0
101,2023,123,1214.0,13.08,1115.0,28.78,0.0
101,2023,123,1215.0,13.08,1154.0,28.83,0.0
101,2023,123,1216.0,13.08,1182.0,28.86,0.0
101,2023,123,1217.0,13.08,1166.0,28.65,0.0
101,2023,123,1218.0,13.08,1154.0,28.7,0.0
101,2023,123,1219.0,13.08,1163.0,28.73,0.0
101,2023,123,1220.0,13.08,1171.0,28.88,0.0
101,2023,123,1221.0,13.08,1184.0,28.81,0.0
101,2023,123,1222.0,13.07,920.0,28.79,0.0
101,2023,123,1223.0,13.07,744.0,28.75,0.0
101,2023,123,1224.0,13.07,705.0,28.82,0.0
101,2023,123,1225.0,13.07,503.7,28.73,0.0
101,2023,123,1226.0,13.07,335.6,28.55,0.0
101,2023,123,1227.0,13.07,294.5,28.37,0.0
101,2023,123,1228.0,13.07,288.2,28.36,0.0
101,2023,123,1229.0,13.08,344.1,28.38,0.0
101,2023,123,1230.0,13.08,318.4,28.34,0.0
101,2023,123,1231.0,13.08,259.4,28.22,0.0
101,2023,123,1232.0,13.08,272.1,28.21,0.0
101,2023,123,1233.0,13.08,318.5,28.16,0.0
101,2023,123,1234.0,13.08,315.2,28.1,0.0
101,2023,123,1235.0,13.08,310.5,28.07,0.0
101,2023,123,1236.0,13.08,320.9,27.97,0.0
101,2023,123,1237.0,13.09,351.0,27.78,0.0
101,2023,123,1238.0,13.09,429.2,27.71,0.0
101,2023,123,1239.0,13.09,483.2,27.59,0.0
101,2023,123,1240.0,13.09,406.9,27.67,0.0
101,2023,123,1241.0,13.09,452.3,27.77,0.0
101,2023,123,1242.0,13.09,529.8,27.85,0.0
101,2023,123,1243.0,13.09,504.2,27.81,0.0
101,2023,123,1244.0,13.09,489.4,27.83,0.0
101,2023,123,1245.0,13.09,570.3,27.83,0.0
101,2023,123,1246.0,13.1,628.2,27.9,0.0
101,2023,123,1247.0,13.09,466.7,27.91,0.0
101,2023,123,1248.0,13.1,408.8,27.82,0.0
101,2023,123,1249.0,13.09,366.0,27.8,0.0
101,2023,123,1250.0,13.1,356.4,27.73,0.0
101,2023,123,1251.0,13.1,352.4,27.8,0.0
101,2023,123,1252.0,13.09,403.3,27.82,0.0
101,2023,123,1253.0,13.1,375.5,27.84,0.0
101,2023,123,1254.0,13.09,359.6,27.81,0.0
101,2023,123,1255.0,13.1,353.8,27.74,0.0
101,2023,123,1256.0,13.1,335.9,27.65,0.0
101,2023,123,1257.0,13.1,316.3,27.61,0.0
101,2023,123,1258.0,13.1,299.5,27.67,0.0
101,2023,123,1259.0,13.1,288.4,27.67,0.0
101,2023,123,1300.0,13.1,284.5,27.62,0.0
101,2023,123,1301.0,13.1,283.4,27.55,0.0
101,2023,123,1302.0,13.1,282.6,27.59,0.0
101,2023,123,1303.0,13.1,278.2,27.68,0.0
101,2023,123,1304.0,13.1,264.4,27.71,0.0
101,2023,123,1305.0,13.1,249.3,27.79,0.0
101,2023,123,1306.0,13.11,242.4,27.87,0.0
101,2023,123,1307.0,13.11,242.9,27.81,0.0
101,2023,123,1308.0,13.11,248.4,27.77,0.0
101,2023,123,1309.0,13.11,252.9,27.76,0.0
101,2023,123,1310.0,13.11,261.7,27.78,0.0
101,2023,123,1311.0,13.11,271.3,27.8,0.0
101,2023,123,1312.0,13.11,278.8,27.79,0.0
101,2023,123,1313.0,13.11,279.1,27.85,0.0
101,2023,123,1314.0,13.11,284.5,27.84,0.0
101,2023,123,1315.0,13.11,306.7,27.81,0.0
101,2023,123,1316.0,13.11,339.3,27.78,0.0
101,2023,123,1317.0,13.11,376.6,27.76,0.0
101,2023,123,1318.0,13.11,414.7,27.62,0.0
101,2023,123,1319.0,13.11,444.6,27.42,0.0
101,2023,123,1320.0,13.11,484.6,27.3,0.0
101,2023,123,1321.0,13.11,561.3,27.36,0.0
101,2023,123,1322.0,13.11,649.7,27.4,0.0
101,2023,123,1323.0,13.11,817.0,27.39,0.0
101,2023,123,1324.0,13.11,802.0,27.47,0.0
101,2023,123,1325.0,13.11,848.0,27.56,0.0
101,2023,123,1326.0,13.11,1143.0,27.68,0.0
101,2023,123,1327.0,13.11,1168.0,27.9,0.0
101,2023,123,1328.0,13.11,1184.0,27.99,0.0
101,2023,123,1329.0,13.11,1179.0,28.04,0.0
101,2023,123,1330.0,13.11,1163.0,28.19,0.0
101,2023,123,1331.0,13.1,1133.0,28.42,0.0
101,2023,123,1332.0,13.1,1039.0,28.46,0.0
101,2023,123,1333.0,13.1,914.0,28.51,0.0
101,2023,123,1334.0,13.1,961.0,28.6,0.0
101,2023,123,1335.0,13.09,471.1,28.43,0.0
101,2023,123,1336.0,13.09,317.3,28.11,0.0
101,2023,123,1337.0,13.09,251.2,28.08,0.0
101,2023,123,1338.0,13.1,208.8,28.09,0.0
101,2023,123,1339.0,13.1,180.6,28.04,0.0
101,2023,123,1340.0,13.1,164.6,27.9,0.0
101,2023,123,1341.0,13.09,155.4,27.85,0.0
101,2023,123,1342.0,13.1,150.1,27.75,0.0
101,2023,123,1343.0,13.1,149.6,27.62,0.0
101,2023,123,1344.0,13.1,151.2,27.58,0.0
101,2023,123,1345.0,13.1,157.0,27.54,0.0
101,2023,123,1346.0,13.1,162.8,27.46,0.0
101,2023,123,1347.0,13.1,168.3,27.47,0.0
101,2023,123,1348.0,13.1,177.1,27.43,0.0
101,2023,123,1349.0,13.1,190.4,27.39,0.0
101,2023,123,1350.0,13.11,186.2,27.38,0.0
101,2023,123,1351.0,13.11,189.2,27.41,0.0
101,2023,123,1352.0,13.11,194.2,27.37,0.0
101,2023,123,1353.0,13.11,196.9,27.31,0.0
101,2023,123,1354.0,13.11,200.4,27.25,0.0
101,2023,123,1355.0,13.11,204.2,27.25,0.0
101,2023,123,1356.0,13.11,203.6,27.2,0.0
101,2023,123,1357.0,13.11,200.0,27.21,0.0
101,2023,123,1358.0,13.11,196.0,27.24,0.0
101,2023,123,1359.0,13.11,192.4,27.27,0.0
101,2023,123,1400.0,13.11,188.8,27.25,0.0
101,2023,123,1401.0,13.11,186.4,27.25,0.0
101,2023,123,1402.0,13.12,184.6,27.28,0.0
101,2023,123,1403.0,13.12,184.7,27.3,0.0
101,2023,123,1404.0,13.12,187.7,27.27,0.0
101,2023,123,1405.0,13.12,191.3,27.29,0.0
101,2023,123,1406.0,13.12,194.2,27.34,0.0
101,2023,123,1407.0,13.12,195.7,27.34,0.0
101,2023,123,1408.0,13.12,196.4,27.3,0.0
101,2023,123,1409.0,13.12,199.1,27.25,0.0
101,2023,123,1410.0,13.12,202.3,27.26,0.0
101,2023,123,1411.0,13.12,202.8,27.29,0.0
101,2023,123,1412.0,13.12,201.7,27.26,0.0
101,2023,123,1413.0,13.12,197.3,27.19,0.0
101,2023,123,1414.0,13.12,192.0,27.2,0.0
101,2023,123,0.0,13.12,188.9,27.23,0.0
101,2023,123,1416.0,13.12,184.3,27.24,0.0
101,2023,123,1417.0,13.12,188.4,27.21,0.0
101,2023,123,1418.0,13.12,195.2,27.26,0.0
101,2023,123,1419.0,13.12,199.9,27.31,0.0
101,2023,123,1420.0,13.12,202.8,27.35,0.0
101,2023,123,1421.0,13.13,203.9,27.3,0.0
101,2023,123,1422.0,13.12,200.6,27.28,0.0
101,2023,123,1423.0,13.13,195.1,27.27,0.0
101,2023,123,1424.0,13.12,190.6,27.25,0.0
101,2023,123,1425.0,13.13,186.8,27.22,0.0
101,2023,123,1426.0,13.13,183.7,27.22,0.0
101,2023,123,1427.0,13.12,181.4,27.16,0.0
101,2023,123,1428.0,13.13,179.4,27.12,0.0
101,2023,123,1429.0,13.13,178.1,27.08,0.0
101,2023,123,1430.0,13.13,176.5,27.03,0.0
101,2023,123,1431.0,13.13,174.0,26.99,0.0
101,2023,123,1432.0,13.12,171.4,26.95,0.0
101,2023,123,1433.0,13.13,169.2,26.9,0.0
101,2023,123,1434.0,13.13,166.9,26.88,0.0
101,2023,123,1435.0,13.13,164.5,26.88,0.0
101,2023,123,1436.0,13.13,162.0,26.88,0.0
101,2023,123,1437.0,13.13,159.6,26.85,0.0
101,2023,123,1438.0,13.13,157.0,26.82,0.0
101,2023,123,1439.0,13.13,154.3,26.8,0.0
101,2023,123,1440.0,13.13,151.0,26.75,0.0
101,2023,123,1441.0,13.13,147.6,26.73,0.0
101,2023,123,1442.0,13.13,144.7,26.7,0.0
101,2023,123,1443.0,13.13,142.3,26.69,0.0
101,2023,123,1444.0,13.13,139.7,26.68,0.0
101,2023,123,1445.0,13.13,136.9,26.68,0.0
101,2023,123,1446.0,13.13,133.9,26.65,0.0
101,2023,123,1447.0,13.14,130.2,26.64,0.0
101,2023,123,1448.0,13.13,125.9,26.64,0.0
101,2023,123,1449.0,13.13,122.3,26.62,0.0
101,2023,123,1450.0,13.13,119.6,26.63,0.0
101,2023,123,1451.0,13.14,118.1,26.63,0.0
101,2023,123,1452.0,13.13,117.1,26.6,0.0
101,2023,123,1453.0,13.14,116.3,26.56,0.0
101,2023,123,1454.0,13.14,115.7,26.52,0.0
101,2023,123,1455.0,13.14,115.4,26.49,0.0
101,2023,123,1456.0,13.14,115.0,26.49,0.0
101,2023,123,1457.0,13.14,114.8,26.45,0.0
101,2023,123,1458.0,13.14,114.4,26.43,0.0
101,2023,123,1459.0,13.14,114.3,26.41,0.0
101,2023,123,1500.0,13.14,114.5,26.36,0.0
101,2023,123,1501.0,13.14,115.0,26.33,0.0
101,2023,123,1502.0,13.14,115.5,26.34,0.0
101,2023,123,1503.0,13.14,116.4,26.35,0.0
101,2023,123,1504.0,13.14,117.1,26.35,0.0
101,2023,123,1505.0,13.14,117.9,26.32,0.0
101,2023,123,1506.0,13.14,118.7,26.29,0.0
101,2023,123,1507.0,13.14,119.8,26.26,0.0
101,2023,123,1508.0,13.14,121.1,26.22,0.0
101,2023,123,1509.0,13.14,122.7,26.22,0.0
101,2023,123,1510.0,13.14,124.9,26.19,0.0
101,2023,123,1511.0,13.15,131.3,26.2,0.0
101,2023,123,1512.0,13.14,144.3,26.24,0.0
101,2023,123,1513.0,13.14,156.5,26.23,0.0
101,2023,123,1514.0,13.15,182.3,26.2,0.0
101,2023,123,1515.0,13.15,192.2,26.22,0.0
101,2023,123,1516.0,13.15,258.0,26.25,0.0
101,2023,123,1517.0,13.15,275.2,26.3,0.0
101,2023,123,1518.0,13.15,262.3,26.33,0.0
101,2023,123,1519.0,13.15,193.8,26.29,0.0
101,2023,123,1520.0,13.15,190.7,26.3,0.0
101,2023,123,1521.0,13.15,230.2,26.27,0.0
101,2023,123,1522.0,13.15,242.4,26.32,0.0
101,2023,123,1523.0,13.15,249.7,26.3,0.0
101,2023,123,1524.0,13.15,299.0,26.28,0.0
101,2023,123,1525.0,13.15,263.3,26.29,0.0
101,2023,123,1526.0,13.15,343.1,26.29,0.0
101,2023,123,1527.0,13.15,416.5,26.31,0.0
101,2023,123,1528.0,13.15,414.5,26.37,0.0
101,2023,123,1529.0,13.15,469.7,26.44,0.0
101,2023,123,1530.0,13.15,500.4,26.53,0.0
101,2023,123,1531.0,13.15,387.6,26.65,0.0
101,2023,123,1532.0,13.15,358.7,26.73,0.0
101,2023,123,1533.0,13.15,299.6,26.7,0.0
101,2023,123,1534.0,13.15,253.7,26.65,0.0
101,2023,123,1535.0,13.15,252.5,26.62,0.0
101,2023,123,1536.0,13.15,257.0,26.62,0.0
101,2023,123,1537.0,13.15,260.4,26.61,0.0
101,2023,123,1538.0,13.15,262.4,26.6,0.0
101,2023,123,1539.0,13.15,238.1,26.59,0.0
101,2023,123,1540.0,13.15,215.5,26.67,0.0
101,2023,123,1541.0,13.15,198.0,26.67,0.0
101,2023,123,1542.0,13.15,184.3,26.63,0.0
101,2023,123,1543.0,13.15,171.5,26.61,0.0
101,2023,123,1544.0,13.15,161.2,26.63,0.0
101,2023,123,1545.0,13.15,152.8,26.7,0.0
101,2023,123,1546.0,13.15,145.6,26.68,0.0
101,2023,123,1547.0,13.15,140.0,26.64,0.0
101,2023,123,1548.0,13.15,135.0,26.59,0.0
101,2023,123,1549.0,13.15,129.2,26.6,0.0
101,2023,123,1550.0,13.15,126.3,26.62,0.0
101,2023,123,1551.0,13.15,125.0,26.65,0.0
101,2023,123,1552.0,13.15,123.1,26.7,0.0
101,2023,123,1553.0,13.15,119.7,26.72,0.0
101,2023,123,1554.0,13.15,116.0,26.72,0.0
101,2023,123,1555.0,13.15,111.9,26.64,0.0
101,2023,123,1556.0,13.15,107.6,26.56,0.0
101,2023,123,1557.0,13.15,103.6,26.53,0.0
101,2023,123,1558.0,13.15,100.2,26.55,0.0
101,2023,123,1559.0,13.15,98.6,26.51,0.0
101,2023,123,1600.0,13.15,97.0,26.49,0.0
101,2023,123,1601.0,13.15,93.7,26.48,0.0
101,2023,123,1602.0,13.15,90.4,26.48,0.0
101,2023,123,1603.0,13.15,87.9,26.44,0.0
101,2023,123,1604.0,13.15,85.7,26.44,0.0
101,2023,123,1605.0,13.15,83.8,26.42,0.0
101,2023,123,1606.0,13.15,81.6,26.39,0.0
101,2023,123,1607.0,13.15,79.6,26.35,0.0
101,2023,123,1608.0,13.15,78.6,26.33,0.0
101,2023,123,1609.0,13.15,77.8,26.3,0.0
101,2023,123,1610.0,13.14,77.9,26.26,0.0
101,2023,123,1611.0,13.14,78.9,26.22,0.0
101,2023,123,1612.0,13.13,80.8,26.2,0.0
101,2023,123,1613.0,13.12,82.3,26.19,0.0
101,2023,123,1614.0,13.11,84.8,26.18,0.0
101,2023,123,1615.0,13.11,83.9,26.16,0.0
101,2023,123,1616.0,13.1,83.3,26.17,0.0
101,2023,123,1617.0,13.09,85.9,26.16,0.0
101,2023,123,1618.0,13.08,91.7,26.16,0.0
101,2023,123,1619.0,13.08,91.8,26.16,0.0
101,2023,123,1620.0,13.07,90.8,26.15,0.0
101,2023,123,1621.0,13.06,90.6,26.12,0.0
101,2023,123,1622.0,13.06,91.9,26.1,0.0
101,2023,123,1623.0,13.05,92.7,26.08,0.0
101,2023,123,1624.0,13.05,91.1,26.07,0.0
101,2023,123,1625.0,13.05,87.6,26.08,0.0
101,2023,123,1626.0,13.04,83.8,26.08,0.0
101,2023,123,1627.0,13.04,79.5,26.1,0.0
101,2023,123,1628.0,13.03,74.6,26.12,0.0
101,2023,123,1629.0,13.03,71.0,26.13,0.0
101,2023,123,1630.0,13.02,68.95,26.12,0.0
101,2023,123,1631.0,13.01,66.64,26.12,0.0
101,2023,123,1632.0,13.01,63.6,26.13,0.0
101,2023,123,1633.0,13.0,60.86,26.08,0.0
101,2023,123,1634.0,12.99,57.98,26.08,0.0
101,2023,123,1635.0,12.98,55.31,26.06,0.0
101,2023,123,1636.0,12.96,52.91,26.03,0.0
101,2023,123,1637.0,12.95,50.43,26.03,0.0
101,2023,123,1638.0,12.94,48.43,26.03,0.0
101,2023,123,1639.0,12.93,46.93,25.99,0.0
101,2023,123,1640.0,12.91,46.68,25.97,0.0
101,2023,123,1641.0,12.91,46.74,25.96,0.0
101,2023,123,1642.0,12.89,47.33,25.94,0.0
101,2023,123,1643.0,12.89,46.94,25.94,0.0
101,2023,123,1644.0,12.88,46.06,25.91,0.0
101,2023,123,1645.0,12.87,44.68,25.89,0.0
101,2023,123,1646.0,12.86,43.1,25.88,0.0
101,2023,123,1647.0,12.85,41.07,25.86,0.0
101,2023,123,1648.0,12.84,38.76,25.84,0.0
101,2023,123,1649.0,12.84,36.48,25.84,0.0
101,2023,123,1650.0,12.83,34.48,25.82,0.0
101,2023,123,1651.0,12.82,32.42,25.81,0.0
101,2023,123,1652.0,12.81,30.16,25.81,0.0
101,2023,123,1653.0,12.81,28.08,25.81,0.0
101,2023,123,1654.0,12.8,26.41,25.79,0.0
101,2023,123,1655.0,12.8,24.89,25.76,0.0
101,2023,123,1656.0,12.79,23.23,25.75,0.0
101,2023,123,1657.0,12.79,21.59,25.73,0.0
101,2023,123,1658.0,12.79,19.79,25.7,0.0
101,2023,123,1659.0,12.79,17.99,25.68,0.0
101,2023,123,1700.0,12.78,16.29,25.65,0.0
101,2023,123,1701.0,12.78,14.74,25.63,0.0
101,2023,123,1702.0,12.78,13.25,25.6,0.0
101,2023,123,1703.0,12.78,12.07,25.59,0.0
101,2023,123,1704.0,12.78,10.91,25.54,0.0
101,2023,123,1705.0,12.77,9.78,25.51,0.0
101,2023,123,1706.0,12.78,8.63,25.49,0.0
101,2023,123,1707.0,12.77,7.67,25.46,0.0
101,2023,123,1708.0,12.77,6.709,25.44,0.0
101,2023,123,1709.0,12.77,6.005,25.42,0.0
101,2023,123,1710.0,12.76,5.384,25.4,0.0
101,2023,123,1711.0,12.76,4.764,25.38,0.0
101,2023,123,1712.0,12.76,4.37,25.36,0.0
101,2023,123,1713.0,12.76,4.059,25.34,0.0
101,2023,123,1714.0,12.76,3.862,25.31,0.0
101,2023,123,1715.0,12.76,3.721,25.29,0.0
101,2023,123,1716.0,12.76,3.242,25.27,0.0
101,2023,123,1717.0,12.75,3.016,25.25,0.0
101,2023,123,1718.0,12.75,2.368,25.23,0.0
101,2023,123,1719.0,12.75,1.945,25.21,0.0
101,2023,123,1720.0,12.75,1.691,25.19,0.0
101,2023,123,1721.0,12.75,1.691,25.17,0.0
101,2023,123,1722.0,12.75,1.184,25.15,0.0
101,2023,123,1723.0,12.75,1.015,25.13,0.0
101,2023,123,1724.0,12.75,1.015,25.11,0.0
101,2023,123,1725.0,12.75,0.0,25.1,0.0
101,2023,123,1726.0,12.75,0.0,25.07,0.0
101,2023,123,1727.0,12.75,0.0,25.07,0.0
101,2023,123,1728.0,12.75,0.0,25.05,0.0
101,2023,123,1729.0,12.74,0.0,25.03,0.0
101,2023,123,1730.0,12.74,0.0,25.02,0.0
101,2023,123,1731.0,12.74,0.0,25.02,0.0
101,2023,123,1732.0,12.74,0.0,25.0,0.0
101,2023,123,1733.0,12.74,0.0,24.99,0.0
101,2023,123,1734.0,12.74,0.0,24.97,0.0
101,2023,123,1735.0,12.74,0.0,24.95,0.0
101,2023,123,1736.0,12.74,0.0,24.93,0.0
101,2023,123,1737.0,12.74,0.0,24.91,0.0
101,2023,123,1738.0,12.73,0.0,24.87,0.0
101,2023,123,1739.0,12.73,0.0,24.83,0.0
101,2023,123,1740.0,12.73,0.0,24.8,0.0
101,2023,123,1741.0,12.73,0.0,24.79,0.0
101,2023,123,1742.0,12.73,0.0,24.76,0.0
101,2023,123,1743.0,12.73,0.0,24.74,0.0
101,2023,123,1744.0,12.73,0.0,24.72,0.0
101,2023,123,1745.0,12.73,0.0,24.69,0.0
101,2023,123,1746.0,12.73,0.0,24.67,0.0
101,2023,123,1747.0,12.73,0.0,24.66,0.0
101,2023,123,1748.0,12.73,0.0,24.65,0.0
101,2023,123,1749.0,12.73,0.0,24.66,0.0
101,2023,123,1750.0,12.72,0.0,24.67,0.0
101,2023,123,1751.0,12.73,0.0,24.66,0.0
101,2023,123,1752.0,12.72,0.0,24.66,0.0
101,2023,123,1753.0,12.73,0.0,24.66,0.0
101,2023,123,1754.0,12.72,0.0,24.66,0.0
101,2023,123,1755.0,12.72,0.0,24.64,0.0
101,2023,123,1756.0,12.72,0.0,24.64,0.0
101,2023,123,1757.0,12.72,0.0,24.64,0.0
101,2023,123,1758.0,12.72,0.0,24.64,0.0
101,2023,123,1759.0,12.72,0.0,24.64,0.0
101,2023,123,1800.0,12.72,0.0,24.67,0.0
101,2023,123,1801.0,12.72,0.0,24.68,0.0
101,2023,123,1802.0,12.72,0.0,24.69,0.0
101,2023,123,1803.0,12.72,0.0,24.69,0.0
101,2023,123,1804.0,12.72,0.0,24.7,0.0
101,2023,123,1805.0,12.71,0.0,24.71,0.0
101,2023,123,1806.0,12.71,0.0,24.71,0.0
101,2023,123,1807.0,12.71,0.0,24.71,0.0
101,2023,123,1808.0,12.71,0.0,24.69,0.0
101,2023,123,1809.0,12.71,0.0,24.69,0.0
101,2023,123,1810.0,12.71,0.0,24.69,0.0
101,2023,123,1811.0,12.71,0.0,24.69,0.0
101,2023,123,1812.0,12.71,0.0,24.69,0.0
101,2023,123,1813.0,12.71,0.0,24.68,0.0
101,2023,123,1814.0,12.71,0.0,24.66,0.0
101,2023,123,1815.0,12.71,0.0,24.66,0.0
101,2023,123,1816.0,12.71,0.0,24.63,0.0
101,2023,123,1817.0,12.71,0.0,24.6,0.0
101,2023,123,1818.0,12.7,0.0,24.58,0.0
101,2023,123,1819.0,12.7,0.0,24.56,0.0
101,2023,123,1820.0,12.7,0.0,24.55,0.0
101,2023,123,1821.0,12.7,0.0,24.54,0.0
101,2023,123,1822.0,12.71,0.0,24.52,0.0
101,2023,123,1823.0,12.7,0.0,24.5,0.0
101,2023,123,1824.0,12.7,0.0,24.48,0.0
101,2023,123,1825.0,12.7,0.0,24.46,0.0
101,2023,123,1826.0,12.7,0.0,24.43,0.0
101,2023,123,1827.0,12.7,0.0,24.43,0.0
101,2023,123,1828.0,12.7,0.0,24.41,0.0
101,2023,123,1829.0,12.7,0.0,24.4,0.0
101,2023,123,1830.0,12.7,0.0,24.4,0.0
101,2023,123,1831.0,12.7,0.0,24.39,0.0
101,2023,123,1832.0,12.7,0.0,24.37,0.0
101,2023,123,1833.0,12.7,0.0,24.35,0.0
101,2023,123,1834.0,12.7,0.0,24.33,0.0
101,2023,123,1835.0,12.7,0.0,24.33,0.0
101,2023,123,1836.0,12.7,0.0,24.32,0.0
101,2023,123,1837.0,12.7,0.0,24.32,0.0
101,2023,123,1838.0,12.7,0.0,24.31,0.0
101,2023,123,1839.0,12.69,0.0,24.3,0.0
101,2023,123,1840.0,12.7,0.0,24.3,0.0
101,2023,123,1841.0,12.7,0.0,24.28,0.0
101,2023,123,1842.0,12.69,0.0,24.28,0.0
101,2023,123,1843.0,12.69,0.0,24.27,0.0
101,2023,123,1844.0,12.69,0.0,24.27,0.0
101,2023,123,1845.0,12.69,0.0,24.26,0.0
101,2023,123,1846.0,12.69,0.0,24.27,0.0
101,2023,123,1847.0,12.69,0.0,24.27,0.0
101,2023,123,1848.0,12.69,0.0,24.27,0.0
101,2023,123,1849.0,12.69,0.0,24.27,0.0
101,2023,123,1850.0,12.69,0.0,24.28,0.0
101,2023,123,1851.0,12.69,0.0,24.28,0.0
101,2023,123,1852.0,12.69,0.0,24.27,0.0
101,2023,123,1853.0,12.69,0.0,24.28,0.0
101,2023,123,1854.0,12.69,0.0,24.29,0.0
101,2023,123,1855.0,12.69,0.0,24.3,0.0
101,2023,123,1856.0,12.69,0.0,24.3,0.0
101,2023,123,1857.0,12.68,0.0,24.3,0.0
101,2023,123,1858.0,12.69,0.0,24.3,0.0
101,2023,123,1859.0,12.68,0.0,24.32,0.0
101,2023,123,1900.0,12.68,0.0,24.32,0.0
101,2023,123,1901.0,12.68,0.0,24.33,0.0
101,2023,123,1902.0,12.68,0.0,24.33,0.0
101,2023,123,1903.0,12.68,0.0,24.33,0.0
101,2023,123,1904.0,12.69,0.0,24.33,0.0
101,2023,123,1905.0,12.68,0.0,24.33,0.0
101,2023,123,1906.0,12.68,0.0,24.34,0.0
101,2023,123,1907.0,12.68,0.0,24.34,0.0
101,2023,123,1908.0,12.68,0.0,24.35,0.0
101,2023,123,1909.0,12.68,0.0,24.36,0.0
101,2023,123,1910.0,12.68,0.0,24.37,0.0
101,2023,123,1911.0,12.68,0.0,24.37,0.0
101,2023,123,1912.0,12.68,0.0,24.38,0.0
101,2023,123,1913.0,12.68,0.0,24.38,0.0
101,2023,123,1914.0,12.68,0.0,24.38,0.0
101,2023,123,1915.0,12.68,0.0,24.38,0.0
101,2023,123,1916.0,12.68,0.0,24.39,0.0
101,2023,123,1917.0,12.68,0.0,24.4,0.0
101,2023,123,1918.0,12.68,0.0,24.4,0.0
101,2023,123,1919.0,12.68,0.0,24.4,0.0
101,2023,123,1920.0,12.68,0.0,24.39,0.0
101,2023,123,1921.0,12.68,0.0,24.39,0.0
101,2023,123,1922.0,12.68,0.0,24.38,0.0
101,2023,123,1923.0,12.68,0.0,24.38,0.0
101,2023,123,1924.0,12.68,0.0,24.37,0.0
101,2023,123,1925.0,12.68,0.0,24.36,0.0
101,2023,123,1926.0,12.68,0.0,24.35,0.0
101,2023,123,1927.0,12.68,0.0,24.33,0.0
101,2023,123,1928.0,12.67,0.0,24.32,0.0
101,2023,123,1929.0,12.67,0.0,24.31,0.0
101,2023,123,1930.0,12.67,0.0,24.29,0.0
101,2023,123,1931.0,12.67,0.0,24.28,0.0
101,2023,123,1932.0,12.67,0.0,24.25,0.0
101,2023,123,1933.0,12.67,0.0,24.23,0.0
101,2023,123,1934.0,12.67,0.0,24.21,0.0
101,2023,123,1935.0,12.67,0.0,24.19,0.0
101,2023,123,1936.0,12.67,0.0,24.17,0.0
101,2023,123,1937.0,12.67,0.0,24.15,0.0
101,2023,123,1938.0,12.67,0.0,24.14,0.0
101,2023,123,1939.0,12.67,0.0,24.13,0.0
101,2023,123,1940.0,12.67,0.0,24.13,0.0
101,2023,123,1941.0,12.67,0.0,24.12,0.0
101,2023,123,1942.0,12.67,0.0,24.11,0.0
101,2023,123,1943.0,12.67,0.0,24.1,0.0
101,2023,123,1944.0,12.67,0.0,24.1,0.0
101,2023,123,1945.0,12.67,0.0,24.1,0.0
101,2023,123,1946.0,12.67,0.0,24.08,0.0
101,2023,123,1947.0,12.67,0.0,24.07,0.0
101,2023,123,1948.0,12.67,0.0,24.06,0.0
101,2023,123,1949.0,12.67,0.0,24.04,0.0
101,2023,123,1950.0,12.67,0.0,24.03,0.0
101,2023,123,1951.0,12.67,0.0,24.03,0.0
101,2023,123,1952.0,12.67,0.0,24.02,0.0
101,2023,123,1953.0,12.67,0.0,24.02,0.0
101,2023,123,1954.0,12.67,0.0,24.01,0.0
101,2023,123,1955.0,12.67,0.0,24.01,0.0
101,2023,123,1956.0,12.67,0.0,24.0,0.0
101,2023,123,1957.0,12.66,0.0,23.99,0.0
101,2023,123,1958.0,12.66,0.0,23.98,0.0
101,2023,123,1959.0,12.66,0.0,23.97,0.0
101,2023,123,2000.0,12.66,0.0,23.97,0.0
101,2023,123,2001.0,12.66,0.0,23.97,0.0
101,2023,123,2002.0,12.66,0.0,23.97,0.0
101,2023,123,2003.0,12.66,0.0,23.96,0.0
101,2023,123,2004.0,12.66,0.0,23.96,0.0
101,2023,123,2005.0,12.66,0.0,23.94,0.0
101,2023,123,2006.0,12.66,0.0,23.95,0.0
101,2023,123,2007.0,12.66,0.0,23.94,0.0
101,2023,123,2008.0,12.66,0.0,23.94,0.0
101,2023,123,2009.0,12.66,0.0,23.92,0.0
101,2023,123,2010.0,12.66,0.0,23.92,0.0
101,2023,123,2011.0,12.66,0.0,23.92,0.0
101,2023,123,2012.0,12.66,0.0,23.91,0.0
101,2023,123,2013.0,12.66,0.0,23.9,0.0
101,2023,123,2014.0,12.66,0.0,23.9,0.0
101,2023,123,2015.0,12.66,0.0,23.89,0.0
101,2023,123,2016.0,12.66,0.0,23.88,0.0
101,2023,123,2017.0,12.66,0.0,23.86,0.0
101,2023,123,2018.0,12.66,0.0,23.85,0.0
101,2023,123,2019.0,12.66,0.0,23.84,0.0
101,2023,123,2020.0,12.65,0.0,23.82,0.0
101,2023,123,2021.0,12.65,0.0,23.8,0.0
101,2023,123,2022.0,12.65,0.0,23.78,0.0
101,2023,123,2023.0,12.65,0.0,23.77,0.0
101,2023,123,2024.0,12.65,0.0,23.76,0.0
101,2023,123,2025.0,12.65,0.0,23.74,0.0
101,2023,123,2026.0,12.65,0.0,23.73,0.0
101,2023,123,2027.0,12.65,0.0,23.72,0.0
101,2023,123,2028.0,12.65,0.0,23.7,0.0
101,2023,123,2029.0,12.65,0.0,23.67,0.0
101,2023,123,2030.0,12.65,0.0,23.63,0.0
101,2023,123,2031.0,12.65,0.0,23.62,0.0
101,2023,123,2032.0,12.65,0.0,23.61,0.0
101,2023,123,2033.0,12.65,0.0,23.59,0.0
101,2023,123,2034.0,12.65,0.0,23.58,0.0
101,2023,123,2035.0,12.65,0.0,23.54,0.0
101,2023,123,2036.0,12.65,0.0,23.54,0.0
101,2023,123,2037.0,12.65,0.0,23.52,0.0
101,2023,123,2038.0,12.65,0.0,23.52,0.0
101,2023,123,2039.0,12.65,0.0,23.52,0.0
101,2023,123,2040.0,12.65,0.0,23.51,0.0
101,2023,123,2041.0,12.65,0.0,23.51,0.0
101,2023,123,2042.0,12.65,0.0,23.51,0.0
101,2023,123,2043.0,12.65,0.0,23.51,0.0
101,2023,123,2044.0,12.65,0.0,23.49,0.0
101,2023,123,2045.0,12.65,0.0,23.49,0.0
101,2023,123,2046.0,12.64,0.0,23.49,0.0
101,2023,123,2047.0,12.64,0.0,23.49,0.0
101,2023,123,2048.0,12.64,0.0,23.5,0.0
101,2023,123,2049.0,12.64,0.0,23.49,0.0
101,2023,123,2050.0,12.64,0.0,23.49,0.0
101,2023,123,2051.0,12.64,0.0,23.49,0.0
101,2023,123,2052.0,12.64,0.0,23.49,0.0
101,2023,123,2053.0,12.64,0.0,23.49,0.0
101,2023,123,2054.0,12.64,0.0,23.51,0.0
101,2023,123,2055.0,12.64,0.0,23.5,0.0
101,2023,123,2056.0,12.64,0.0,23.49,0.0
101,2023,123,2057.0,12.64,0.0,23.49,0.0
101,2023,123,2058.0,12.64,0.0,23.49,0.0
101,2023,123,2059.0,12.64,0.0,23.49,0.0
101,2023,123,2100.0,12.64,0.0,23.49,0.0
101,2023,123,2101.0,12.64,0.0,23.49,0.0
101,2023,123,2102.0,12.64,0.0,23.48,0.0
101,2023,123,2103.0,12.64,0.0,23.47,0.0
101,2023,123,2104.0,12.64,0.0,23.46,0.0
101,2023,123,2105.0,12.64,0.0,23.46,0.0
101,2023,123,2106.0,12.64,0.0,23.45,0.0
101,2023,123,2107.0,12.63,0.0,23.46,0.0
101,2023,123,2108.0,12.64,0.0,23.45,0.0
101,2023,123,2109.0,12.64,0.0,23.44,0.0
101,2023,123,2110.0,12.64,0.0,23.43,0.0
101,2023,123,2111.0,12.64,0.0,23.4,0.0
101,2023,123,2112.0,12.64,0.0,23.37,0.0
101,2023,123,2113.0,12.63,0.0,23.35,0.0
101,2023,123,2114.0,12.64,0.0,23.34,0.0
101,2023,123,2115.0,12.63,0.0,23.35,0.0
101,2023,123,2116.0,12.64,0.0,23.34,0.0
101,2023,123,2117.0,12.63,0.0,23.34,0.0
101,2023,123,2118.0,12.63,0.0,23.33,0.0
101,2023,123,2119.0,12.63,0.0,23.33,0.0
101,2023,123,2120.0,12.63,0.0,23.32,0.0
101,2023,123,2121.0,12.63,0.0,23.32,0.0
101,2023,123,2122.0,12.63,0.0,23.31,0.0
101,2023,123,2123.0,12.63,0.0,23.3,0.0
101,2023,123,2124.0,12.63,0.0,23.29,0.0
101,2023,123,2125.0,12.63,0.0,23.25,0.0
101,2023,123,2126.0,12.63,0.0,23.25,0.0
101,2023,123,2127.0,12.63,0.0,23.21,0.0
101,2023,123,2128.0,12.63,0.0,23.19,0.0
101,2023,123,2129.0,12.63,0.0,23.17,0.0
101,2023,123,2130.0,12.63,0.0,23.17,0.0
101,2023,123,2131.0,12.63,0.0,23.17,0.0
101,2023,123,2132.0,12.63,0.0,23.15,0.0
101,2023,123,2133.0,12.63,0.0,23.15,0.0
101,2023,123,2134.0,12.63,0.0,23.16,0.0
101,2023,123,2135.0,12.63,0.0,23.16,0.0
101,2023,123,2136.0,12.63,0.0,23.15,0.0
101,2023,123,2137.0,12.63,0.0,23.17,0.0
101,2023,123,2138.0,12.63,0.0,23.17,0.0
101,2023,123,2139.0,12.63,0.0,23.19,0.0
101,2023,123,2140.0,12.63,0.0,23.21,0.0
101,2023,123,2141.0,12.63,0.0,23.22,0.0
101,2023,123,2142.0,12.63,0.0,23.22,0.0
101,2023,123,2143.0,12.63,0.0,23.24,0.0
101,2023,123,2144.0,12.62,0.0,23.26,0.0
101,2023,123,2145.0,12.62,0.0,23.25,0.0
101,2023,123,2146.0,12.62,0.0,23.26,0.0
101,2023,123,2147.0,12.62,0.0,23.25,0.0
101,2023,123,2148.0,12.62,0.0,23.24,0.0
101,2023,123,2149.0,12.62,0.0,23.24,0.0
101,2023,123,2150.0,12.62,0.0,23.24,0.0
101,2023,123,2151.0,12.62,0.0,23.24,0.0
101,2023,123,2152.0,12.62,0.0,23.25,0.0
101,2023,123,2153.0,12.62,0.0,23.24,0.0
101,2023,123,2154.0,12.62,0.0,23.24,0.0
101,2023,123,2155.0,12.62,0.0,23.24,0.0
101,2023,123,2156.0,12.62,0.0,23.24,0.0
101,2023,123,2157.0,12.62,0.0,23.25,0.0
101,2023,123,2158.0,12.62,0.0,23.27,0.0
101,2023,123,2159.0,12.62,0.0,23.29,0.0
101,2023,123,2200.0,12.62,0.0,23.27,0.0
101,2023,123,2201.0,12.62,0.0,23.28,0.0
101,2023,123,2202.0,12.62,0.0,23.29,0.0
101,2023,123,2203.0,12.62,0.0,23.29,0.0
101,2023,123,2204.0,12.62,0.0,23.29,0.0
101,2023,123,2205.0,12.62,0.0,23.28,0.0
101,2023,123,2206.0,12.62,0.0,23.28,0.0
101,2023,123,2207.0,12.62,0.0,23.26,0.0
101,2023,123,2208.0,12.62,0.0,23.25,0.0
101,2023,123,2209.0,12.62,0.0,23.22,0.0
101,2023,123,2210.0,12.62,0.0,23.21,0.0
101,2023,123,2211.0,12.62,0.0,23.2,0.0
101,2023,123,2212.0,12.62,0.0,23.19,0.0
101,2023,123,2213.0,12.61,0.0,23.18,0.0
101,2023,123,2214.0,12.62,0.0,23.19,0.0
101,2023,123,2215.0,12.62,0.0,23.19,0.0
101,2023,123,2216.0,12.62,0.0,23.19,0.0
101,2023,123,2217.0,12.61,0.0,23.17,0.0
101,2023,123,2218.0,12.61,0.0,23.16,0.0
101,2023,123,2219.0,12.61,0.0,23.14,0.0
101,2023,123,2220.0,12.61,0.0,23.14,0.0
101,2023,123,2221.0,12.61,0.0,23.13,0.0
101,2023,123,2222.0,12.61,0.0,23.12,0.0
101,2023,123,2223.0,12.61,0.0,23.11,0.0
101,2023,123,2224.0,12.61,0.0,23.09,0.0
101,2023,123,2225.0,12.61,0.0,23.09,0.0
101,2023,123,2226.0,12.61,0.0,23.09,0.0
101,2023,123,2227.0,12.61,0.0,23.07,0.0
101,2023,123,2228.0,12.61,0.0,23.05,0.0
101,2023,123,2229.0,12.61,0.0,23.04,0.0
101,2023,123,2230.0,12.61,0.0,23.04,0.0
101,2023,123,2231.0,12.61,0.0,23.02,0.0
101,2023,123,2232.0,12.61,0.0,23.02,0.0
101,2023,123,2233.0,12.61,0.0,23.0,0.0
101,2023,123,2234.0,12.61,0.0,22.99,0.0
101,2023,123,2235.0,12.61,0.0,22.99,0.0
101,2023,123,2236.0,12.61,0.0,22.99,0.0
101,2023,123,2237.0,12.61,0.0,22.98,0.0
101,2023,123,2238.0,12.61,0.0,22.97,0.0
101,2023,123,2239.0,12.61,0.0,22.97,0.0
101,2023,123,2240.0,12.61,0.0,22.98,0.0
101,2023,123,2241.0,12.61,0.0,22.99,0.0
101,2023,123,2242.0,12.61,0.0,22.98,0.0
101,2023,123,2243.0,12.61,0.0,22.97,0.0
101,2023,123,2244.0,12.6,0.0,22.96,0.0
101,2023,123,2245.0,12.61,0.0,22.94,0.0
101,2023,123,2246.0,12.6,0.0,22.94,0.0
101,2023,123,2247.0,12.6,0.0,22.95,0.0
101,2023,123,2248.0,12.61,0.0,22.94,0.0
101,2023,123,2249.0,12.6,0.0,22.95,0.0
101,2023,123,2250.0,12.6,0.0,22.94,0.0
101,2023,123,2251.0,12.6,0.0,22.94,0.0
101,2023,123,2252.0,12.6,0.0,22.94,0.0
101,2023,123,2253.0,12.6,0.0,22.92,0.0
101,2023,123,2254.0,12.6,0.0,22.9,0.0
101,2023,123,2255.0,12.6,0.0,22.9,0.0
101,2023,123,2256.0,12.6,0.0,22.91,0.0
101,2023,123,2257.0,12.6,0.0,22.9,0.0
101,2023,123,2258.0,12.6,0.0,22.89,0.0
101,2023,123,2259.0,12.6,0.0,22.87,0.0
101,2023,123,2300.0,12.6,0.0,22.88,0.0
101,2023,123,2301.0,12.6,0.0,22.89,0.0
101,2023,123,2302.0,12.6,0.0,22.89,0.0
101,2023,123,2303.0,12.6,0.0,22.89,0.0
101,2023,123,2304.0,12.6,0.0,22.89,0.0
101,2023,123,2305.0,12.6,0.0,22.95,0.0
101,2023,123,2306.0,12.6,0.0,22.97,0.0
101,2023,123,2307.0,12.6,0.0,22.96,0.0
101,2023,123,2308.0,12.6,0.0,22.96,0.0
101,2023,123,2309.0,12.6,0.0,22.97,0.0
101,2023,123,2310.0,12.6,0.0,22.92,0.0
101,2023,123,2311.0,12.6,0.0,22.89,0.0
101,2023,123,2312.0,12.6,0.0,22.88,0.0
101,2023,123,2313.0,12.6,0.0,22.89,0.0
101,2023,123,2314.0,12.6,0.0,22.89,0.0
101,2023,123,2315.0,12.6,0.0,22.94,0.0
101,2023,123,2316.0,12.59,0.0,23.0,0.0
101,2023,123,2317.0,12.59,0.0,23.0,0.0
101,2023,123,2318.0,12.6,0.0,23.02,0.0
101,2023,123,2319.0,12.59,0.0,23.02,0.0
101,2023,123,2320.0,12.6,0.0,23.03,0.0
101,2023,123,2321.0,12.59,0.0,23.06,0.0
101,2023,123,2322.0,12.59,0.0,23.04,0.0
101,2023,123,2323.0,12.6,0.0,23.05,0.0
101,2023,123,2324.0,12.59,0.0,23.04,0.0
101,2023,123,2325.0,12.59,0.0,23.06,0.0
101,2023,123,2326.0,12.59,0.0,23.07,0.0
101,2023,123,2327.0,12.59,0.0,23.08,0.0
101,2023,123,2328.0,12.59,0.0,23.07,0.0
101,2023,123,2329.0,12.59,0.0,23.07,0.0
101,2023,123,2330.0,12.59,0.0,23.07,0.0
101,2023,123,2331.0,12.59,0.0,23.07,0.0
101,2023,123,2332.0,12.59,0.0,23.08,0.0
101,2023,123,2333.0,12.59,0.0,23.09,0.0
101,2023,123,2334.0,12.59,0.0,23.09,0.0
101,2023,123,2335.0,12.59,0.0,23.08,0.0
101,2023,123,2336.0,12.59,0.0,23.1,0.0
101,2023,123,2337.0,12.59,0.0,23.09,0.0
101,2023,123,2338.0,12.59,0.0,23.09,0.0
101,2023,123,2339.0,12.59,0.0,23.1,0.0
101,2023,123,2340.0,12.59,0.0,23.09,0.0
101,2023,123,2341.0,12.59,0.0,23.08,0.0
101,2023,123,2342.0,12.59,0.0,23.07,0.0
101,2023,123,2343.0,12.59,0.0,23.07,0.0
101,2023,123,2344.0,12.59,0.0,23.07,0.0
101,2023,123,2345.0,12.59,0.0,23.05,0.0
101,2023,123,2346.0,12.59,0.0,23.05,0.0
101,2023,123,2347.0,12.59,0.0,23.05,0.0
101,2023,123,2348.0,12.59,0.0,23.03,0.0
101,2023,123,2349.0,12.59,0.0,23.01,0.0
101,2023,123,2350.0,12.59,0.0,23.03,0.0
101,2023,123,2351.0,12.59,0.0,23.03,0.0
101,2023,123,2352.0,12.59,0.0,23.03,0.0
101,2023,123,2353.0,12.58,0.0,23.02,0.0
101,2023,123,2354.0,12.59,0.0,23.03,0.0
101,2023,123,2355.0,12.58,0.0,23.02,0.0
101,2023,123,2356.0,12.58,0.0,23.02,0.0
101,2023,123,2357.0,12.58,0.0,23.01,0.0
101,2023,123,2358.0,12.58,0.0,22.99,0.0
101,2023,123,2359.0,12.58,0.0,23.0,0.0
