a,b,dia_juliano,d,e,f,g,h
101,2023,89,2400.0,12.76,0.0,23.88,0.0
101,2023,89,1.0,12.76,0.0,23.86,0.0
101,2023,89,2.0,12.76,0.0,23.83,0.0
101,2023,89,3.0,12.76,0.0,23.8,0.0
101,2023,89,4.0,12.76,0.0,23.77,0.0
101,2023,89,5.0,12.76,0.0,23.77,0.0
101,2023,89,6.0,12.76,0.0,23.78,0.0
101,2023,89,7.0,12.76,0.0,23.8,0.0
101,2023,89,8.0,12.76,0.0,23.79,0.0
101,2023,89,9.0,12.76,0.0,23.8,0.0
101,2023,89,10.0,12.76,0.0,23.8,0.0
101,2023,89,11.0,12.76,0.0,23.8,0.0
101,2023,89,12.0,12.76,0.0,23.78,0.0
101,2023,89,13.0,12.76,0.0,23.77,0.0
101,2023,89,14.0,12.76,0.0,23.78,0.0
101,2023,89,15.0,12.76,0.0,23.77,0.0
101,2023,89,16.0,12.76,0.0,23.78,0.0
101,2023,89,17.0,12.76,0.0,23.78,0.0
101,2023,89,18.0,12.76,0.0,23.78,0.0
101,2023,89,19.0,12.76,0.0,23.8,0.0
101,2023,89,20.0,12.76,0.0,23.87,0.0
101,2023,89,21.0,12.74,0.0,23.97,0.0
101,2023,89,22.0,12.72,0.0,23.96,0.0
101,2023,89,23.0,12.71,0.0,24.04,0.0
101,2023,89,24.0,12.7,0.0,24.09,0.0
101,2023,89,25.0,12.69,0.0,24.08,0.0
101,2023,89,26.0,12.69,0.0,24.02,0.0
101,2023,89,27.0,12.68,0.0,24.0,0.0
101,2023,89,28.0,12.68,0.0,23.97,0.0
101,2023,89,29.0,12.67,0.0,23.97,0.0
101,2023,89,30.0,12.67,0.0,23.93,0.0
101,2023,89,31.0,12.67,0.0,23.9,0.0
101,2023,89,32.0,12.67,0.0,23.89,0.0
101,2023,89,33.0,12.67,0.0,23.87,0.0
101,2023,89,34.0,12.67,0.0,23.85,0.0
101,2023,89,35.0,12.67,0.0,23.85,0.0
101,2023,89,36.0,12.67,0.0,23.84,0.0
101,2023,89,37.0,12.67,0.0,23.82,0.0
101,2023,89,38.0,12.67,0.0,23.8,0.0
101,2023,89,39.0,12.67,0.0,23.79,0.0
101,2023,89,40.0,12.67,0.0,23.8,0.0
101,2023,89,41.0,12.67,0.0,23.8,0.0
101,2023,89,42.0,12.67,0.0,23.8,0.0
101,2023,89,43.0,12.67,0.0,23.79,0.0
101,2023,89,44.0,12.67,0.0,23.79,0.0
101,2023,89,45.0,12.67,0.0,23.8,0.0
101,2023,89,46.0,12.67,0.0,23.8,0.0
101,2023,89,47.0,12.67,0.0,23.8,0.0
101,2023,89,48.0,12.67,0.0,23.79,0.0
101,2023,89,49.0,12.67,0.0,23.79,0.0
101,2023,89,50.0,12.67,0.0,23.78,0.0
101,2023,89,51.0,12.67,0.0,23.77,0.0
101,2023,89,52.0,12.67,0.0,23.76,0.0
101,2023,89,53.0,12.67,0.0,23.73,0.0
101,2023,89,54.0,12.67,0.0,23.72,0.0
101,2023,89,55.0,12.67,0.0,23.73,0.0
101,2023,89,56.0,12.67,0.0,23.73,0.0
101,2023,89,57.0,12.67,0.0,23.74,0.0
101,2023,89,58.0,12.67,0.0,23.75,0.0
101,2023,89,59.0,12.67,0.0,23.76,0.0
101,2023,89,100.0,12.67,0.0,23.74,0.0
101,2023,89,101.0,12.67,0.0,23.72,0.0
101,2023,89,102.0,12.67,0.0,23.7,0.0
101,2023,89,103.0,12.66,0.0,23.68,0.0
101,2023,89,104.0,12.67,0.0,23.69,0.0
101,2023,89,105.0,12.67,0.0,23.71,0.0
101,2023,89,106.0,12.66,0.0,23.72,0.0
101,2023,89,107.0,12.66,0.0,23.73,0.0
101,2023,89,108.0,12.66,0.0,23.71,0.0
101,2023,89,109.0,12.66,0.0,23.72,0.0
101,2023,89,110.0,12.66,0.0,23.73,0.0
101,2023,89,111.0,12.66,0.0,23.74,0.0
101,2023,89,112.0,12.66,0.0,23.74,0.0
101,2023,89,113.0,12.66,0.0,23.77,0.0
101,2023,89,114.0,12.66,0.0,23.77,0.0
101,2023,89,115.0,12.66,0.0,23.8,0.0
101,2023,89,116.0,12.66,0.0,23.84,0.0
101,2023,89,117.0,12.66,0.0,23.87,0.0
101,2023,89,118.0,12.66,0.0,23.9,0.0
101,2023,89,119.0,12.66,0.0,23.89,0.0
101,2023,89,120.0,12.66,0.0,23.89,0.0
101,2023,89,121.0,12.66,0.0,23.9,0.0
101,2023,89,122.0,12.66,0.0,23.92,0.0
101,2023,89,123.0,12.66,0.0,23.97,0.0
101,2023,89,124.0,12.66,0.0,24.03,0.0
101,2023,89,125.0,12.66,0.0,24.08,0.0
101,2023,89,126.0,12.65,0.0,24.15,0.0
101,2023,89,127.0,12.66,0.0,24.21,0.0
101,2023,89,128.0,12.65,0.0,24.3,0.0
101,2023,89,129.0,12.65,0.0,24.38,0.0
101,2023,89,130.0,12.65,0.0,24.41,0.0
101,2023,89,131.0,12.65,0.0,24.5,0.0
101,2023,89,132.0,12.65,0.0,24.54,0.0
101,2023,89,133.0,12.65,0.0,24.58,0.0
101,2023,89,134.0,12.65,0.0,24.59,0.0
101,2023,89,135.0,12.65,0.0,24.59,0.0
101,2023,89,136.0,12.65,0.0,24.58,0.0
101,2023,89,137.0,12.65,0.0,24.61,0.0
101,2023,89,138.0,12.65,0.0,24.59,0.0
101,2023,89,139.0,12.65,0.0,24.58,0.0
101,2023,89,140.0,12.65,0.0,24.57,0.0
101,2023,89,141.0,12.65,0.0,24.56,0.0
101,2023,89,142.0,12.65,0.0,24.54,0.0
101,2023,89,143.0,12.65,0.0,24.52,0.0
101,2023,89,144.0,12.65,0.0,24.51,0.0
101,2023,89,145.0,12.65,0.0,24.54,0.0
101,2023,89,146.0,12.65,0.0,24.56,0.0
101,2023,89,147.0,12.65,0.0,24.56,0.0
101,2023,89,148.0,12.65,0.0,24.54,0.0
101,2023,89,149.0,12.65,0.0,24.54,0.0
101,2023,89,150.0,12.65,0.0,24.53,0.0
101,2023,89,151.0,12.65,0.0,24.54,0.0
101,2023,89,152.0,12.65,0.0,24.51,0.0
101,2023,89,153.0,12.65,0.0,24.49,0.0
101,2023,89,154.0,12.65,0.0,24.48,0.0
101,2023,89,155.0,12.65,0.0,24.46,0.0
101,2023,89,156.0,12.65,0.0,24.45,0.0
101,2023,89,157.0,12.65,0.0,24.44,0.0
101,2023,89,158.0,12.64,0.0,24.44,0.0
101,2023,89,159.0,12.65,0.0,24.41,0.0
101,2023,89,200.0,12.65,0.0,24.42,0.0
101,2023,89,201.0,12.64,0.0,24.43,0.0
101,2023,89,202.0,12.65,0.0,24.43,0.0
101,2023,89,203.0,12.65,0.0,24.43,0.0
101,2023,89,204.0,12.65,0.0,24.41,0.0
101,2023,89,205.0,12.64,0.0,24.41,0.0
101,2023,89,206.0,12.65,0.0,24.43,0.0
101,2023,89,207.0,12.64,0.0,24.45,0.0
101,2023,89,208.0,12.64,0.0,24.45,0.0
101,2023,89,209.0,12.64,0.0,24.46,0.0
101,2023,89,210.0,12.64,0.0,24.46,0.0
101,2023,89,211.0,12.64,0.0,24.48,0.0
101,2023,89,212.0,12.64,0.0,24.49,0.0
101,2023,89,213.0,12.64,0.0,24.5,0.0
101,2023,89,214.0,12.64,0.0,24.5,0.0
101,2023,89,215.0,12.64,0.0,24.49,0.0
101,2023,89,216.0,12.64,0.0,24.5,0.0
101,2023,89,217.0,12.64,0.0,24.49,0.0
101,2023,89,218.0,12.64,0.0,24.48,0.0
101,2023,89,219.0,12.64,0.0,24.5,0.0
101,2023,89,220.0,12.64,0.0,24.52,0.0
101,2023,89,221.0,12.64,0.0,24.55,0.0
101,2023,89,222.0,12.64,0.0,24.59,0.0
101,2023,89,223.0,12.64,0.0,24.59,0.0
101,2023,89,224.0,12.64,0.0,24.56,0.0
101,2023,89,225.0,12.64,0.0,24.56,0.0
101,2023,89,226.0,12.64,0.0,24.57,0.0
101,2023,89,227.0,12.64,0.0,24.57,0.0
101,2023,89,228.0,12.64,0.0,24.56,0.0
101,2023,89,229.0,12.64,0.0,24.55,0.0
101,2023,89,230.0,12.64,0.0,24.54,0.0
101,2023,89,231.0,12.64,0.0,24.53,0.0
101,2023,89,232.0,12.64,0.0,24.52,0.0
101,2023,89,233.0,12.64,0.0,24.51,0.0
101,2023,89,234.0,12.64,0.0,24.49,0.0
101,2023,89,235.0,12.64,0.0,24.49,0.0
101,2023,89,236.0,12.64,0.0,24.48,0.0
101,2023,89,237.0,12.64,0.0,24.49,0.0
101,2023,89,238.0,12.64,0.0,24.48,0.0
101,2023,89,239.0,12.64,0.0,24.48,0.0
101,2023,89,240.0,12.64,0.0,24.5,0.0
101,2023,89,241.0,12.64,0.0,24.49,0.0
101,2023,89,242.0,12.64,0.0,24.47,0.0
101,2023,89,243.0,12.63,0.0,24.47,0.0
101,2023,89,244.0,12.64,0.0,24.48,0.0
101,2023,89,245.0,12.63,0.0,24.48,0.0
101,2023,89,246.0,12.63,0.0,24.48,0.0
101,2023,89,247.0,12.63,0.0,24.49,0.0
101,2023,89,248.0,12.63,0.0,24.47,0.0
101,2023,89,249.0,12.63,0.0,24.45,0.0
101,2023,89,250.0,12.64,0.0,24.44,0.0
101,2023,89,251.0,12.63,0.0,24.43,0.0
101,2023,89,252.0,12.63,0.0,24.43,0.0
101,2023,89,253.0,12.63,0.0,24.45,0.0
101,2023,89,254.0,12.63,0.0,24.46,0.0
101,2023,89,255.0,12.63,0.0,24.43,0.0
101,2023,89,256.0,12.63,0.0,24.42,0.0
101,2023,89,257.0,12.63,0.0,24.42,0.0
101,2023,89,258.0,12.63,0.0,24.42,0.0
101,2023,89,259.0,12.63,0.0,24.43,0.0
101,2023,89,300.0,12.63,0.0,24.42,0.0
101,2023,89,301.0,12.63,0.0,24.44,0.0
101,2023,89,302.0,12.63,0.0,24.43,0.0
101,2023,89,303.0,12.63,0.0,24.41,0.0
101,2023,89,304.0,12.63,0.0,24.41,0.0
101,2023,89,305.0,12.63,0.0,24.42,0.0
101,2023,89,306.0,12.63,0.0,24.43,0.0
101,2023,89,307.0,12.63,0.0,24.43,0.0
101,2023,89,308.0,12.63,0.0,24.43,0.0
101,2023,89,309.0,12.63,0.0,24.42,0.0
101,2023,89,310.0,12.63,0.0,24.41,0.0
101,2023,89,311.0,12.63,0.0,24.41,0.0
101,2023,89,312.0,12.63,0.0,24.39,0.0
101,2023,89,313.0,12.63,0.0,24.38,0.0
101,2023,89,314.0,12.63,0.0,24.35,0.0
101,2023,89,315.0,12.63,0.0,24.35,0.0
101,2023,89,316.0,12.63,0.0,24.34,0.0
101,2023,89,317.0,12.63,0.0,24.33,0.0
101,2023,89,318.0,12.63,0.0,24.33,0.0
101,2023,89,319.0,12.63,0.0,24.33,0.0
101,2023,89,320.0,12.63,0.0,24.33,0.0
101,2023,89,321.0,12.63,0.0,24.33,0.0
101,2023,89,322.0,12.63,0.0,24.31,0.0
101,2023,89,323.0,12.63,0.0,24.31,0.0
101,2023,89,324.0,12.63,0.0,24.31,0.0
101,2023,89,325.0,12.63,0.0,24.33,0.0
101,2023,89,326.0,12.63,0.0,24.33,0.0
101,2023,89,327.0,12.63,0.0,24.36,0.0
101,2023,89,328.0,12.63,0.0,24.39,0.0
101,2023,89,329.0,12.63,0.0,24.41,0.0
101,2023,89,330.0,12.63,0.0,24.43,0.0
101,2023,89,331.0,12.63,0.0,24.44,0.0
101,2023,89,332.0,12.63,0.0,24.43,0.0
101,2023,89,333.0,12.63,0.0,24.43,0.0
101,2023,89,334.0,12.63,0.0,24.45,0.0
101,2023,89,335.0,12.63,0.0,24.47,0.0
101,2023,89,336.0,12.63,0.0,24.49,0.0
101,2023,89,337.0,12.63,0.0,24.48,0.0
101,2023,89,338.0,12.63,0.0,24.47,0.0
101,2023,89,339.0,12.63,0.0,24.45,0.0
101,2023,89,340.0,12.63,0.0,24.44,0.0
101,2023,89,341.0,12.63,0.0,24.44,0.0
101,2023,89,342.0,12.63,0.0,24.42,0.0
101,2023,89,343.0,12.63,0.0,24.4,0.0
101,2023,89,344.0,12.63,0.0,24.39,0.0
101,2023,89,345.0,12.63,0.0,24.39,0.0
101,2023,89,346.0,12.63,0.0,24.38,0.0
101,2023,89,347.0,12.63,0.0,24.38,0.0
101,2023,89,348.0,12.63,0.0,24.36,0.0
101,2023,89,349.0,12.63,0.0,24.36,0.0
101,2023,89,350.0,12.63,0.0,24.33,0.0
101,2023,89,351.0,12.63,0.0,24.33,0.0
101,2023,89,352.0,12.63,0.0,24.33,0.0
101,2023,89,353.0,12.63,0.0,24.31,0.0
101,2023,89,354.0,12.63,0.0,24.31,0.0
101,2023,89,355.0,12.62,0.0,24.32,0.0
101,2023,89,356.0,12.63,0.0,24.31,0.0
101,2023,89,357.0,12.63,0.0,24.31,0.0
101,2023,89,358.0,12.63,0.0,24.31,0.0
101,2023,89,359.0,12.62,0.0,24.3,0.0
101,2023,89,400.0,12.62,0.0,24.32,0.0
101,2023,89,401.0,12.63,0.0,24.32,0.0
101,2023,89,402.0,12.63,0.0,24.32,0.0
101,2023,89,403.0,12.63,0.0,24.31,0.0
101,2023,89,404.0,12.63,0.0,24.31,0.0
101,2023,89,405.0,12.63,0.0,24.32,0.0
101,2023,89,406.0,12.62,0.0,24.34,0.0
101,2023,89,407.0,12.63,0.0,24.35,0.0
101,2023,89,408.0,12.62,0.0,24.36,0.0
101,2023,89,409.0,12.62,0.0,24.36,0.0
101,2023,89,410.0,12.62,0.0,24.36,0.0
101,2023,89,411.0,12.63,0.0,24.36,0.0
101,2023,89,412.0,12.62,0.0,24.35,0.0
101,2023,89,413.0,12.62,0.0,24.35,0.0
101,2023,89,414.0,12.62,0.0,24.34,0.0
101,2023,89,415.0,12.63,0.0,24.32,0.0
101,2023,89,416.0,12.62,0.0,24.31,0.0
101,2023,89,417.0,12.62,0.0,24.3,0.0
101,2023,89,418.0,12.62,0.0,24.31,0.0
101,2023,89,419.0,12.62,0.0,24.3,0.0
101,2023,89,420.0,12.63,0.0,24.29,0.0
101,2023,89,421.0,12.62,0.0,24.28,0.0
101,2023,89,422.0,12.62,0.0,24.28,0.0
101,2023,89,423.0,12.63,0.0,24.28,0.0
101,2023,89,424.0,12.63,0.0,24.28,0.0
101,2023,89,425.0,12.62,0.0,24.28,0.0
101,2023,89,426.0,12.62,0.0,24.27,0.0
101,2023,89,427.0,12.62,0.0,24.28,0.0
101,2023,89,428.0,12.62,0.0,24.28,0.0
101,2023,89,429.0,12.62,0.0,24.26,0.0
101,2023,89,430.0,12.62,0.0,24.25,0.0
101,2023,89,431.0,12.62,0.0,24.25,0.0
101,2023,89,432.0,12.62,0.0,24.26,0.0
101,2023,89,433.0,12.62,0.0,24.26,0.0
101,2023,89,434.0,12.62,0.0,24.25,0.0
101,2023,89,435.0,12.62,0.0,24.24,0.0
101,2023,89,436.0,12.62,0.0,24.25,0.0
101,2023,89,437.0,12.62,0.0,24.25,0.0
101,2023,89,438.0,12.62,0.0,24.23,0.0
101,2023,89,439.0,12.62,0.0,24.23,0.0
101,2023,89,440.0,12.62,0.0,24.2,0.0
101,2023,89,441.0,12.62,0.0,24.2,0.0
101,2023,89,442.0,12.62,0.0,24.21,0.0
101,2023,89,443.0,12.62,0.0,24.2,0.0
101,2023,89,444.0,12.62,0.0,24.2,0.0
101,2023,89,445.0,12.62,0.0,24.2,0.0
101,2023,89,446.0,12.62,0.0,24.2,0.0
101,2023,89,447.0,12.62,0.0,24.2,0.0
101,2023,89,448.0,12.62,0.0,24.19,0.0
101,2023,89,449.0,12.62,0.0,24.19,0.0
101,2023,89,450.0,12.62,0.0,24.18,0.0
101,2023,89,451.0,12.62,0.0,24.18,0.0
101,2023,89,452.0,12.62,0.0,24.16,0.0
101,2023,89,453.0,12.62,0.0,24.15,0.0
101,2023,89,454.0,12.62,0.0,24.15,0.0
101,2023,89,455.0,12.62,0.0,24.15,0.0
101,2023,89,456.0,12.62,0.0,24.14,0.0
101,2023,89,457.0,12.62,0.0,24.17,0.0
101,2023,89,458.0,12.62,0.0,24.18,0.0
101,2023,89,459.0,12.62,0.0,24.18,0.0
101,2023,89,500.0,12.62,0.0,24.18,0.0
101,2023,89,501.0,12.62,0.0,24.18,0.0
101,2023,89,502.0,12.62,0.0,24.17,0.0
101,2023,89,503.0,12.62,0.0,24.16,0.0
101,2023,89,504.0,12.62,0.0,24.18,0.0
101,2023,89,505.0,12.62,0.0,24.19,0.0
101,2023,89,506.0,12.62,0.0,24.18,0.0
101,2023,89,507.0,12.62,0.0,24.18,0.0
101,2023,89,508.0,12.62,0.0,24.15,0.0
101,2023,89,509.0,12.62,0.0,24.12,0.0
101,2023,89,510.0,12.62,0.0,24.12,0.0
101,2023,89,511.0,12.62,0.0,24.1,0.0
101,2023,89,512.0,12.62,0.0,24.09,0.0
101,2023,89,513.0,12.62,0.0,24.08,0.0
101,2023,89,514.0,12.62,0.0,24.08,0.0
101,2023,89,515.0,12.62,0.0,24.1,0.0
101,2023,89,516.0,12.62,0.0,24.08,0.0
101,2023,89,517.0,12.62,0.0,24.06,0.0
101,2023,89,518.0,12.62,0.0,24.04,0.0
101,2023,89,519.0,12.62,0.0,24.04,0.0
101,2023,89,520.0,12.62,0.0,24.05,0.0
101,2023,89,521.0,12.62,0.0,24.07,0.0
101,2023,89,522.0,12.62,0.0,24.1,0.0
101,2023,89,523.0,12.62,1.015,24.12,0.0
101,2023,89,524.0,12.62,1.1,24.11,0.0
101,2023,89,525.0,12.62,1.354,24.1,0.0
101,2023,89,526.0,12.62,1.692,24.1,0.0
101,2023,89,527.0,12.62,1.889,24.11,0.0
101,2023,89,528.0,12.62,2.284,24.11,0.0
101,2023,89,529.0,12.62,2.792,24.11,0.0
101,2023,89,530.0,12.62,3.327,24.17,0.0
101,2023,89,531.0,12.62,3.891,24.18,0.0
101,2023,89,532.0,12.62,4.258,24.23,0.0
101,2023,89,533.0,12.62,5.104,24.24,0.0
101,2023,89,534.0,12.62,6.175,24.25,0.0
101,2023,89,535.0,12.62,6.909,24.25,0.0
101,2023,89,536.0,12.62,7.47,24.26,0.0
101,2023,89,537.0,12.62,8.94,24.26,0.0
101,2023,89,538.0,12.62,10.43,24.26,0.0
101,2023,89,539.0,12.62,10.94,24.28,0.0
101,2023,89,540.0,12.62,11.08,24.29,0.0
101,2023,89,541.0,12.62,11.93,24.32,0.0
101,2023,89,542.0,12.62,12.52,24.33,0.0
101,2023,89,543.0,12.62,13.34,24.33,0.0
101,2023,89,544.0,12.62,14.18,24.31,0.0
101,2023,89,545.0,12.62,14.95,24.32,0.0
101,2023,89,546.0,12.62,15.79,24.31,0.0
101,2023,89,547.0,12.62,16.58,24.31,0.0
101,2023,89,548.0,12.62,16.92,24.32,0.0
101,2023,89,549.0,12.62,17.31,24.33,0.0
101,2023,89,550.0,12.62,17.93,24.33,0.0
101,2023,89,551.0,12.63,18.86,24.34,0.0
101,2023,89,552.0,12.63,19.82,24.36,0.0
101,2023,89,553.0,12.63,20.98,24.36,0.0
101,2023,89,554.0,12.63,22.19,24.35,0.0
101,2023,89,555.0,12.63,23.43,24.34,0.0
101,2023,89,556.0,12.64,24.84,24.35,0.0
101,2023,89,557.0,12.65,26.93,24.35,0.0
101,2023,89,558.0,12.66,29.64,24.37,0.0
101,2023,89,559.0,12.67,32.68,24.36,0.0
101,2023,89,600.0,12.68,35.5,24.36,0.0
101,2023,89,601.0,12.7,38.04,24.38,0.0
101,2023,89,602.0,12.7,39.99,24.38,0.0
101,2023,89,603.0,12.71,41.17,24.38,0.0
101,2023,89,604.0,12.72,41.68,24.36,0.0
101,2023,89,605.0,12.73,42.38,24.38,0.0
101,2023,89,606.0,12.74,43.31,24.38,0.0
101,2023,89,607.0,12.75,45.0,24.4,0.0
101,2023,89,608.0,12.77,47.32,24.41,0.0
101,2023,89,609.0,12.78,50.0,24.43,0.0
101,2023,89,610.0,12.79,52.87,24.44,0.0
101,2023,89,611.0,12.81,55.92,24.45,0.0
101,2023,89,612.0,12.83,58.57,24.48,0.0
101,2023,89,613.0,12.86,60.4,24.51,0.0
101,2023,89,614.0,12.89,62.21,24.5,0.0
101,2023,89,615.0,12.92,64.72,24.5,0.0
101,2023,89,616.0,12.95,68.55,24.52,0.0
101,2023,89,617.0,13.0,72.6,24.54,0.0
101,2023,89,618.0,13.04,75.6,24.55,0.0
101,2023,89,619.0,13.08,76.6,24.59,0.0
101,2023,89,620.0,13.12,76.8,24.59,0.0
101,2023,89,621.0,13.16,77.3,24.6,0.0
101,2023,89,622.0,13.19,79.6,24.62,0.0
101,2023,89,623.0,13.21,83.9,24.66,0.0
101,2023,89,624.0,13.22,88.4,24.69,0.0
101,2023,89,625.0,13.22,91.3,24.72,0.0
101,2023,89,626.0,13.22,93.2,24.73,0.0
101,2023,89,627.0,13.22,95.4,24.77,0.0
101,2023,89,628.0,13.22,98.4,24.79,0.0
101,2023,89,629.0,13.22,101.1,24.82,0.0
101,2023,89,630.0,13.21,103.8,24.85,0.0
101,2023,89,631.0,13.22,107.1,24.9,0.0
101,2023,89,632.0,13.21,113.2,24.92,0.0
101,2023,89,633.0,13.22,127.3,24.96,0.0
101,2023,89,634.0,13.22,128.9,25.02,0.0
101,2023,89,635.0,13.21,127.4,25.08,0.0
101,2023,89,636.0,13.21,127.4,25.12,0.0
101,2023,89,637.0,13.21,127.3,25.16,0.0
101,2023,89,638.0,13.21,130.2,25.21,0.0
101,2023,89,639.0,13.21,144.4,25.23,0.0
101,2023,89,640.0,13.21,162.0,25.28,0.0
101,2023,89,641.0,13.21,143.8,25.33,0.0
101,2023,89,642.0,13.21,145.5,25.4,0.0
101,2023,89,643.0,13.21,148.5,25.42,0.0
101,2023,89,644.0,13.21,152.5,25.45,0.0
101,2023,89,645.0,13.21,165.6,25.53,0.0
101,2023,89,646.0,13.21,220.9,25.59,0.0
101,2023,89,647.0,13.21,276.6,25.71,0.0
101,2023,89,648.0,13.21,318.8,25.86,0.0
101,2023,89,649.0,13.2,329.4,26.04,0.0
101,2023,89,650.0,13.2,340.9,26.28,0.0
101,2023,89,651.0,13.2,339.8,26.43,0.0
101,2023,89,652.0,13.2,340.1,26.54,0.0
101,2023,89,653.0,13.2,334.0,26.66,0.0
101,2023,89,654.0,13.19,326.7,26.73,0.0
101,2023,89,655.0,13.19,321.3,26.76,0.0
101,2023,89,656.0,13.19,318.5,26.82,0.0
101,2023,89,657.0,13.19,317.6,26.88,0.0
101,2023,89,658.0,13.18,317.1,26.93,0.0
101,2023,89,659.0,13.19,316.4,27.02,0.0
101,2023,89,700.0,13.18,316.4,27.14,0.0
101,2023,89,701.0,13.18,317.2,27.27,0.0
101,2023,89,702.0,13.18,318.1,27.28,0.0
101,2023,89,703.0,13.18,319.6,27.24,0.0
101,2023,89,704.0,13.18,323.0,27.32,0.0
101,2023,89,705.0,13.17,327.4,27.34,0.0
101,2023,89,706.0,13.17,330.4,27.33,0.0
101,2023,89,707.0,13.17,336.5,27.39,0.0
101,2023,89,708.0,13.17,295.6,27.37,0.0
101,2023,89,709.0,13.17,296.9,27.31,0.0
101,2023,89,710.0,13.17,339.5,27.28,0.0
101,2023,89,711.0,13.17,346.5,27.24,0.0
101,2023,89,712.0,13.16,350.0,27.15,0.0
101,2023,89,713.0,13.16,353.4,27.11,0.0
101,2023,89,714.0,13.16,357.7,27.15,0.0
101,2023,89,715.0,13.16,360.8,27.17,0.0
101,2023,89,716.0,13.16,364.3,27.14,0.0
101,2023,89,717.0,13.16,368.3,27.18,0.0
101,2023,89,718.0,13.16,371.9,27.25,0.0
101,2023,89,719.0,13.16,376.6,27.23,0.0
101,2023,89,720.0,13.15,380.1,27.29,0.0
101,2023,89,721.0,13.15,383.9,27.22,0.0
101,2023,89,722.0,13.15,388.0,27.18,0.0
101,2023,89,723.0,13.15,391.0,27.18,0.0
101,2023,89,724.0,13.15,394.2,27.23,0.0
101,2023,89,725.0,13.15,397.7,27.28,0.0
101,2023,89,726.0,13.15,401.6,27.24,0.0
101,2023,89,727.0,13.14,404.6,27.21,0.0
101,2023,89,728.0,13.14,407.4,27.26,0.0
101,2023,89,729.0,13.14,410.4,27.26,0.0
101,2023,89,730.0,13.14,414.5,27.32,0.0
101,2023,89,731.0,13.14,419.3,27.38,0.0
101,2023,89,732.0,13.14,424.3,27.43,0.0
101,2023,89,733.0,13.14,431.0,27.52,0.0
101,2023,89,734.0,13.13,440.2,27.53,0.0
101,2023,89,735.0,13.13,456.2,27.54,0.0
101,2023,89,736.0,13.13,443.3,27.51,0.0
101,2023,89,737.0,13.13,454.6,27.45,0.0
101,2023,89,738.0,13.13,451.2,27.41,0.0
101,2023,89,739.0,13.13,465.6,27.42,0.0
101,2023,89,740.0,13.13,473.1,27.47,0.0
101,2023,89,741.0,13.13,476.8,27.46,0.0
101,2023,89,742.0,13.13,482.6,27.54,0.0
101,2023,89,743.0,13.13,490.8,27.65,0.0
101,2023,89,744.0,13.12,501.1,27.71,0.0
101,2023,89,745.0,13.12,510.6,27.61,0.0
101,2023,89,746.0,13.12,485.9,27.69,0.0
101,2023,89,747.0,13.12,458.4,27.68,0.0
101,2023,89,748.0,13.12,430.9,27.64,0.0
101,2023,89,749.0,13.12,527.7,27.58,0.0
101,2023,89,750.0,13.12,535.9,27.58,0.0
101,2023,89,751.0,13.12,535.9,27.62,0.0
101,2023,89,752.0,13.12,536.5,27.56,0.0
101,2023,89,753.0,13.12,539.2,27.54,0.0
101,2023,89,754.0,13.11,541.8,27.64,0.0
101,2023,89,755.0,13.11,543.9,27.72,0.0
101,2023,89,756.0,13.11,548.7,27.79,0.0
101,2023,89,757.0,13.11,555.3,27.88,0.0
101,2023,89,758.0,13.11,561.6,27.88,0.0
101,2023,89,759.0,13.11,564.3,27.96,0.0
101,2023,89,800.0,13.11,566.6,27.9,0.0
101,2023,89,801.0,13.11,571.8,27.97,0.0
101,2023,89,802.0,13.11,576.3,28.01,0.0
101,2023,89,803.0,13.11,580.4,28.06,0.0
101,2023,89,804.0,13.11,586.0,28.09,0.0
101,2023,89,805.0,13.1,600.2,28.15,0.0
101,2023,89,806.0,13.1,470.5,28.08,0.0
101,2023,89,807.0,13.1,461.6,27.99,0.0
101,2023,89,808.0,13.1,557.2,28.0,0.0
101,2023,89,809.0,13.1,606.1,28.02,0.0
101,2023,89,810.0,13.1,599.8,27.97,0.0
101,2023,89,811.0,13.1,596.7,28.09,0.0
101,2023,89,812.0,13.1,597.9,28.09,0.0
101,2023,89,813.0,13.1,585.1,28.13,0.0
101,2023,89,814.0,13.1,544.7,28.22,0.0
101,2023,89,815.0,13.1,563.6,28.25,0.0
101,2023,89,816.0,13.1,599.3,28.35,0.0
101,2023,89,817.0,13.1,603.4,28.33,0.0
101,2023,89,818.0,13.09,607.0,28.3,0.0
101,2023,89,819.0,13.1,609.5,28.3,0.0
101,2023,89,820.0,13.09,610.8,28.3,0.0
101,2023,89,821.0,13.09,614.9,28.33,0.0
101,2023,89,822.0,13.09,619.6,28.42,0.0
101,2023,89,823.0,13.09,621.8,28.39,0.0
101,2023,89,824.0,13.09,624.8,28.41,0.0
101,2023,89,825.0,13.09,629.7,28.43,0.0
101,2023,89,826.0,13.09,632.2,28.4,0.0
101,2023,89,827.0,13.08,637.8,28.42,0.0
101,2023,89,828.0,13.08,641.0,28.41,0.0
101,2023,89,829.0,13.08,646.7,28.47,0.0
101,2023,89,830.0,13.09,652.2,28.51,0.0
101,2023,89,831.0,13.09,655.6,28.44,0.0
101,2023,89,832.0,13.09,660.7,28.57,0.0
101,2023,89,833.0,13.08,671.0,28.61,0.0
101,2023,89,834.0,13.08,235.5,28.62,0.0
101,2023,89,835.0,13.08,372.2,28.52,0.0
101,2023,89,836.0,13.09,708.0,28.48,0.0
101,2023,89,837.0,13.09,592.8,28.43,0.0
101,2023,89,838.0,13.08,697.4,28.45,0.0
101,2023,89,839.0,13.08,217.3,28.48,0.0
101,2023,89,840.0,13.09,205.4,28.31,0.0
101,2023,89,841.0,13.09,698.9,28.16,0.0
101,2023,89,842.0,13.09,725.0,28.17,0.0
101,2023,89,843.0,13.08,490.9,28.16,0.0
101,2023,89,844.0,13.08,675.0,28.27,0.0
101,2023,89,845.0,13.09,737.0,28.38,0.0
101,2023,89,846.0,13.09,751.0,28.49,0.0
101,2023,89,847.0,13.08,769.0,28.49,0.0
101,2023,89,848.0,13.08,794.0,28.53,0.0
101,2023,89,849.0,13.09,821.0,28.62,0.0
101,2023,89,850.0,13.08,822.0,28.61,0.0
101,2023,89,851.0,13.08,767.0,28.61,0.0
101,2023,89,852.0,13.08,721.0,28.56,0.0
101,2023,89,853.0,13.08,779.0,28.58,0.0
101,2023,89,854.0,13.08,756.0,28.72,0.0
101,2023,89,855.0,13.07,790.0,28.81,0.0
101,2023,89,856.0,13.07,788.0,28.82,0.0
101,2023,89,857.0,13.07,783.0,28.72,0.0
101,2023,89,858.0,13.07,783.0,28.64,0.0
101,2023,89,859.0,13.07,786.0,28.6,0.0
101,2023,89,900.0,13.07,788.0,28.82,0.0
101,2023,89,901.0,13.07,788.0,28.95,0.0
101,2023,89,902.0,13.07,796.0,29.02,0.0
101,2023,89,903.0,13.07,804.0,29.03,0.0
101,2023,89,904.0,13.07,808.0,29.09,0.0
101,2023,89,905.0,13.07,796.0,29.34,0.0
101,2023,89,906.0,13.07,793.0,29.5,0.0
101,2023,89,907.0,13.06,805.0,29.63,0.0
101,2023,89,908.0,13.06,768.0,29.75,0.0
101,2023,89,909.0,13.07,640.7,29.54,0.0
101,2023,89,910.0,13.06,816.0,29.52,0.0
101,2023,89,911.0,13.06,535.7,29.26,0.0
101,2023,89,912.0,13.06,406.1,28.95,0.0
101,2023,89,913.0,13.06,812.0,28.69,0.0
101,2023,89,914.0,13.06,821.0,28.77,0.0
101,2023,89,915.0,13.06,829.0,28.78,0.0
101,2023,89,916.0,13.06,749.0,28.89,0.0
101,2023,89,917.0,13.06,418.5,28.99,0.0
101,2023,89,918.0,13.06,743.0,28.95,0.0
101,2023,89,919.0,13.06,855.0,28.8,0.0
101,2023,89,920.0,13.06,843.0,29.04,0.0
101,2023,89,921.0,13.07,844.0,29.15,0.0
101,2023,89,922.0,13.06,850.0,29.14,0.0
101,2023,89,923.0,13.06,856.0,29.21,0.0
101,2023,89,924.0,13.06,863.0,29.3,0.0
101,2023,89,925.0,13.06,882.0,29.26,0.0
101,2023,89,926.0,13.06,713.0,29.39,0.0
101,2023,89,927.0,13.06,412.2,29.27,0.0
101,2023,89,928.0,13.06,672.0,29.11,0.0
101,2023,89,929.0,13.06,875.0,29.04,0.0
101,2023,89,930.0,13.06,967.0,29.17,0.0
101,2023,89,931.0,13.06,849.0,29.14,0.0
101,2023,89,932.0,13.06,477.5,29.06,0.0
101,2023,89,933.0,13.06,504.2,29.08,0.0
101,2023,89,934.0,13.06,299.3,28.95,0.0
101,2023,89,935.0,13.06,611.0,28.75,0.0
101,2023,89,936.0,13.06,814.0,28.75,0.0
101,2023,89,937.0,13.06,916.0,28.86,0.0
101,2023,89,938.0,13.07,952.0,28.85,0.0
101,2023,89,939.0,13.07,949.0,28.92,0.0
101,2023,89,940.0,13.07,962.0,29.02,0.0
101,2023,89,941.0,13.07,953.0,29.05,0.0
101,2023,89,942.0,13.07,952.0,29.2,0.0
101,2023,89,943.0,13.07,946.0,29.41,0.0
101,2023,89,944.0,13.07,949.0,29.4,0.0
101,2023,89,945.0,13.07,967.0,29.39,0.0
101,2023,89,946.0,13.07,931.0,29.3,0.0
101,2023,89,947.0,13.07,931.0,29.21,0.0
101,2023,89,948.0,13.07,930.0,29.26,0.0
101,2023,89,949.0,13.08,934.0,29.26,0.0
101,2023,89,950.0,13.08,950.0,29.23,0.0
101,2023,89,951.0,13.08,957.0,29.36,0.0
101,2023,89,952.0,13.08,958.0,29.52,0.0
101,2023,89,953.0,13.08,944.0,29.62,0.0
101,2023,89,954.0,13.08,930.0,29.6,0.0
101,2023,89,955.0,13.09,931.0,29.64,0.0
101,2023,89,956.0,13.08,941.0,29.59,0.0
101,2023,89,957.0,13.08,947.0,29.42,0.0
101,2023,89,958.0,13.08,951.0,29.27,0.0
101,2023,89,959.0,13.08,958.0,29.23,0.0
101,2023,89,1000.0,13.08,967.0,29.24,0.0
101,2023,89,1001.0,13.08,977.0,29.51,0.0
101,2023,89,1002.0,13.09,994.0,29.69,0.0
101,2023,89,1003.0,13.08,908.0,29.67,0.0
101,2023,89,1004.0,13.09,949.0,29.63,0.0
101,2023,89,1005.0,13.09,934.0,29.54,0.0
101,2023,89,1006.0,13.09,934.0,29.57,0.0
101,2023,89,1007.0,13.09,937.0,29.58,0.0
101,2023,89,1008.0,13.09,934.0,29.48,0.0
101,2023,89,1009.0,13.09,933.0,29.47,0.0
101,2023,89,1010.0,13.09,946.0,29.51,0.0
101,2023,89,1011.0,13.09,973.0,29.66,0.0
101,2023,89,1012.0,13.09,985.0,29.73,0.0
101,2023,89,1013.0,13.08,994.0,29.85,0.0
101,2023,89,1014.0,13.09,991.0,29.81,0.0
101,2023,89,1015.0,13.09,986.0,29.94,0.0
101,2023,89,1016.0,13.09,975.0,30.06,0.0
101,2023,89,1017.0,13.09,971.0,30.04,0.0
101,2023,89,1018.0,13.09,974.0,29.94,0.0
101,2023,89,1019.0,13.09,811.0,29.95,0.0
101,2023,89,1020.0,13.09,797.0,30.0,0.0
101,2023,89,1021.0,13.09,1007.0,29.87,0.0
101,2023,89,1022.0,13.09,1016.0,29.99,0.0
101,2023,89,1023.0,13.09,1020.0,30.14,0.0
101,2023,89,1024.0,13.09,1016.0,30.07,0.0
101,2023,89,1025.0,13.09,1023.0,30.16,0.0
101,2023,89,1026.0,13.09,933.0,30.14,0.0
101,2023,89,1027.0,13.09,482.9,30.14,0.0
101,2023,89,1028.0,13.09,384.8,30.04,0.0
101,2023,89,1029.0,13.09,249.4,29.86,0.0
101,2023,89,1030.0,13.09,292.4,29.61,0.0
101,2023,89,1031.0,13.09,457.6,29.55,0.0
101,2023,89,1032.0,13.09,716.0,29.45,0.0
101,2023,89,1033.0,13.09,946.0,29.51,0.0
101,2023,89,1034.0,13.09,1105.0,29.77,0.0
101,2023,89,1035.0,13.09,1099.0,30.0,0.0
101,2023,89,1036.0,13.09,1029.0,30.02,0.0
101,2023,89,1037.0,13.09,763.0,30.07,0.0
101,2023,89,1038.0,13.09,508.2,30.1,0.0
101,2023,89,1039.0,13.09,1063.0,30.07,0.0
101,2023,89,1040.0,13.09,1081.0,30.2,0.0
101,2023,89,1041.0,13.09,1104.0,30.19,0.0
101,2023,89,1042.0,13.09,492.8,30.1,0.0
101,2023,89,1043.0,13.09,930.0,29.76,0.0
101,2023,89,1044.0,13.09,1067.0,29.62,0.0
101,2023,89,1045.0,13.09,1071.0,29.74,0.0
101,2023,89,1046.0,13.09,1065.0,29.88,0.0
101,2023,89,1047.0,13.09,1067.0,29.71,0.0
101,2023,89,1048.0,13.09,1063.0,29.8,0.0
101,2023,89,1049.0,13.09,784.0,29.93,0.0
101,2023,89,1050.0,13.09,256.3,29.92,0.0
101,2023,89,1051.0,13.09,494.8,29.8,0.0
101,2023,89,1052.0,13.09,1063.0,29.75,0.0
101,2023,89,1053.0,13.09,1053.0,29.64,0.0
101,2023,89,1054.0,13.09,1049.0,29.75,0.0
101,2023,89,1055.0,13.09,747.0,29.92,0.0
101,2023,89,1056.0,13.09,222.8,29.87,0.0
101,2023,89,1057.0,13.09,248.0,29.66,0.0
101,2023,89,1058.0,13.09,314.8,29.53,0.0
101,2023,89,1059.0,13.09,843.0,29.51,0.0
101,2023,89,1100.0,13.09,1065.0,29.49,0.0
101,2023,89,1101.0,13.09,1099.0,29.68,0.0
101,2023,89,1102.0,13.09,937.0,29.68,0.0
101,2023,89,1103.0,13.09,976.0,29.66,0.0
101,2023,89,1104.0,13.09,1050.0,29.54,0.0
101,2023,89,1105.0,13.09,1012.0,29.57,0.0
101,2023,89,1106.0,13.09,1020.0,29.84,0.0
101,2023,89,1107.0,13.09,1011.0,29.9,0.0
101,2023,89,1108.0,13.09,1006.0,29.89,0.0
101,2023,89,1109.0,13.09,1009.0,29.99,0.0
101,2023,89,1110.0,13.09,1014.0,29.97,0.0
101,2023,89,1111.0,13.09,1023.0,30.0,0.0
101,2023,89,1112.0,13.09,1034.0,30.11,0.0
101,2023,89,1113.0,13.09,1013.0,30.22,0.0
101,2023,89,1114.0,13.09,1063.0,30.31,0.0
101,2023,89,1115.0,13.09,863.0,30.51,0.0
101,2023,89,1116.0,13.09,1084.0,30.54,0.0
101,2023,89,1117.0,13.09,734.0,30.57,0.0
101,2023,89,1118.0,13.09,961.0,30.31,0.0
101,2023,89,1119.0,13.09,817.0,30.22,0.0
101,2023,89,1120.0,13.09,402.6,30.31,0.0
101,2023,89,1121.0,13.09,1015.0,30.03,0.0
101,2023,89,1122.0,13.09,1104.0,30.07,0.0
101,2023,89,1123.0,13.09,828.0,30.12,0.0
101,2023,89,1124.0,13.09,315.0,30.02,0.0
101,2023,89,1125.0,13.09,510.9,29.98,0.0
101,2023,89,1126.0,13.09,1010.0,30.07,0.0
101,2023,89,1127.0,13.09,1068.0,30.06,0.0
101,2023,89,1128.0,13.09,1082.0,29.96,0.0
101,2023,89,1129.0,13.09,654.7,30.05,0.0
101,2023,89,1130.0,13.09,883.0,29.92,0.0
101,2023,89,1131.0,13.09,1037.0,29.81,0.0
101,2023,89,1132.0,13.09,685.2,29.89,0.0
101,2023,89,1133.0,13.09,1094.0,30.21,0.0
101,2023,89,1134.0,13.09,999.0,30.25,0.0
101,2023,89,1135.0,13.09,915.0,30.28,0.0
101,2023,89,1136.0,13.09,1172.0,30.52,0.0
101,2023,89,1137.0,13.09,979.0,30.61,0.0
101,2023,89,1138.0,13.09,349.0,30.46,0.0
101,2023,89,1139.0,13.09,413.0,30.42,0.0
101,2023,89,1140.0,13.09,815.0,30.11,0.0
101,2023,89,1141.0,13.09,508.2,30.02,0.0
101,2023,89,1142.0,13.09,1061.0,29.95,0.0
101,2023,89,1143.0,13.09,427.3,30.09,0.0
101,2023,89,1144.0,13.08,342.8,30.13,0.0
101,2023,89,1145.0,13.09,627.7,29.85,0.0
101,2023,89,1146.0,13.09,729.0,29.83,0.0
101,2023,89,1147.0,13.09,1064.0,29.86,0.0
101,2023,89,1148.0,13.09,1044.0,29.82,0.0
101,2023,89,1149.0,13.09,469.6,29.75,0.0
101,2023,89,1150.0,13.09,245.9,29.65,0.0
101,2023,89,1151.0,13.09,261.7,29.45,0.0
101,2023,89,1152.0,13.09,706.0,29.35,0.0
101,2023,89,1153.0,13.09,689.0,29.43,0.0
101,2023,89,1154.0,13.09,994.0,29.47,0.0
101,2023,89,1155.0,13.09,1058.0,29.68,0.0
101,2023,89,1156.0,13.09,1086.0,29.82,0.0
101,2023,89,1157.0,13.09,1103.0,29.88,0.0
101,2023,89,1158.0,13.09,729.0,29.82,0.0
101,2023,89,1159.0,13.09,258.6,29.73,0.0
101,2023,89,1200.0,13.09,234.2,29.63,0.0
101,2023,89,1201.0,13.09,265.2,29.67,0.0
101,2023,89,1202.0,13.09,686.5,29.59,0.0
101,2023,89,1203.0,13.09,1011.0,29.6,0.0
101,2023,89,1204.0,13.09,1016.0,29.7,0.0
101,2023,89,1205.0,13.09,1013.0,30.0,0.0
101,2023,89,1206.0,13.09,1011.0,29.98,0.0
101,2023,89,1207.0,13.09,1007.0,30.07,0.0
101,2023,89,1208.0,13.09,1007.0,30.27,0.0
101,2023,89,1209.0,13.09,842.0,30.28,0.0
101,2023,89,1210.0,13.09,256.1,29.97,0.0
101,2023,89,1211.0,13.09,753.0,29.69,0.0
101,2023,89,1212.0,13.09,974.0,29.6,0.0
101,2023,89,1213.0,13.09,985.0,29.62,0.0
101,2023,89,1214.0,13.09,992.0,29.7,0.0
101,2023,89,1215.0,13.09,975.0,29.94,0.0
101,2023,89,1216.0,13.09,972.0,30.22,0.0
101,2023,89,1217.0,13.09,966.0,30.38,0.0
101,2023,89,1218.0,13.09,966.0,30.21,0.0
101,2023,89,1219.0,13.09,979.0,29.97,0.0
101,2023,89,1220.0,13.09,1001.0,30.08,0.0
101,2023,89,1221.0,13.09,1025.0,30.31,0.0
101,2023,89,1222.0,13.09,1028.0,30.48,0.0
101,2023,89,1223.0,13.09,1003.0,30.76,0.0
101,2023,89,1224.0,13.09,1002.0,30.72,0.0
101,2023,89,1225.0,13.09,593.3,30.66,0.0
101,2023,89,1226.0,13.09,628.4,30.43,0.0
101,2023,89,1227.0,13.09,940.0,30.14,0.0
101,2023,89,1228.0,13.09,968.0,30.05,0.0
101,2023,89,1229.0,13.09,960.0,30.03,0.0
101,2023,89,1230.0,13.09,955.0,30.08,0.0
101,2023,89,1231.0,13.09,947.0,30.07,0.0
101,2023,89,1232.0,13.09,941.0,30.14,0.0
101,2023,89,1233.0,13.09,945.0,30.14,0.0
101,2023,89,1234.0,13.09,945.0,30.22,0.0
101,2023,89,1235.0,13.09,979.0,30.42,0.0
101,2023,89,1236.0,13.09,977.0,30.27,0.0
101,2023,89,1237.0,13.09,1004.0,30.21,0.0
101,2023,89,1238.0,13.09,1013.0,30.61,0.0
101,2023,89,1239.0,13.09,1014.0,30.5,0.0
101,2023,89,1240.0,13.09,629.9,30.71,0.0
101,2023,89,1241.0,13.09,821.0,30.75,0.0
101,2023,89,1242.0,13.09,954.0,30.45,0.0
101,2023,89,1243.0,13.09,941.0,30.41,0.0
101,2023,89,1244.0,13.09,931.0,30.39,0.0
101,2023,89,1245.0,13.09,927.0,30.44,0.0
101,2023,89,1246.0,13.09,923.0,30.61,0.0
101,2023,89,1247.0,13.09,807.0,30.53,0.0
101,2023,89,1248.0,13.09,924.0,30.21,0.0
101,2023,89,1249.0,13.09,928.0,30.21,0.0
101,2023,89,1250.0,13.09,936.0,30.25,0.0
101,2023,89,1251.0,13.09,945.0,30.4,0.0
101,2023,89,1252.0,13.09,945.0,30.28,0.0
101,2023,89,1253.0,13.09,943.0,30.17,0.0
101,2023,89,1254.0,13.09,957.0,30.19,0.0
101,2023,89,1255.0,13.09,982.0,30.39,0.0
101,2023,89,1256.0,13.09,997.0,30.29,0.0
101,2023,89,1257.0,13.09,992.0,30.42,0.0
101,2023,89,1258.0,13.09,986.0,30.59,0.0
101,2023,89,1259.0,13.09,990.0,30.75,0.0
101,2023,89,1300.0,13.09,998.0,30.82,0.0
101,2023,89,1301.0,13.09,1011.0,30.85,0.0
101,2023,89,1302.0,13.09,979.0,30.64,0.0
101,2023,89,1303.0,13.09,321.4,30.26,0.0
101,2023,89,1304.0,13.09,341.9,30.41,0.0
101,2023,89,1305.0,13.09,439.8,30.36,0.0
101,2023,89,1306.0,13.09,219.7,30.19,0.0
101,2023,89,1307.0,13.08,232.4,29.9,0.0
101,2023,89,1308.0,13.09,506.4,29.74,0.0
101,2023,89,1309.0,13.08,894.0,29.76,0.0
101,2023,89,1310.0,13.08,941.0,29.91,0.0
101,2023,89,1311.0,13.09,948.0,29.98,0.0
101,2023,89,1312.0,13.08,959.0,30.11,0.0
101,2023,89,1313.0,13.08,722.0,30.07,0.0
101,2023,89,1314.0,13.08,477.1,29.82,0.0
101,2023,89,1315.0,13.08,546.1,29.85,0.0
101,2023,89,1316.0,13.08,328.4,29.99,0.0
101,2023,89,1317.0,13.09,250.2,30.05,0.0
101,2023,89,1318.0,13.08,193.9,29.86,0.0
101,2023,89,1319.0,13.08,164.5,29.69,0.0
101,2023,89,1320.0,13.08,315.7,29.63,0.0
101,2023,89,1321.0,13.08,861.0,29.67,0.0
101,2023,89,1322.0,13.08,876.0,29.93,0.0
101,2023,89,1323.0,13.08,798.0,30.1,0.0
101,2023,89,1324.0,13.08,818.0,30.11,0.0
101,2023,89,1325.0,13.08,793.0,30.18,0.0
101,2023,89,1326.0,13.08,645.2,30.3,0.0
101,2023,89,1327.0,13.08,906.0,30.39,0.0
101,2023,89,1328.0,13.08,835.0,30.18,0.0
101,2023,89,1329.0,13.08,239.8,30.08,0.0
101,2023,89,1330.0,13.08,203.2,30.04,0.0
101,2023,89,1331.0,13.08,189.4,29.86,0.0
101,2023,89,1332.0,13.08,179.1,29.68,0.0
101,2023,89,1333.0,13.08,180.2,29.51,0.0
101,2023,89,1334.0,13.08,183.4,29.49,0.0
101,2023,89,1335.0,13.08,200.3,29.5,0.0
101,2023,89,1336.0,13.08,343.6,29.42,0.0
101,2023,89,1337.0,13.08,721.0,29.38,0.0
101,2023,89,1338.0,13.08,867.0,29.5,0.0
101,2023,89,1339.0,13.08,864.0,29.71,0.0
101,2023,89,1340.0,13.08,866.0,29.88,0.0
101,2023,89,1341.0,13.08,763.0,30.07,0.0
101,2023,89,1342.0,13.08,515.9,30.22,0.0
101,2023,89,1343.0,13.08,402.7,30.21,0.0
101,2023,89,1344.0,13.08,496.4,29.97,0.0
101,2023,89,1345.0,13.08,193.2,29.72,0.0
101,2023,89,1346.0,13.08,189.7,29.56,0.0
101,2023,89,1347.0,13.08,510.6,29.46,0.0
101,2023,89,1348.0,13.08,719.0,29.57,0.0
101,2023,89,1349.0,13.08,818.0,29.59,0.0
101,2023,89,1350.0,13.08,826.0,29.66,0.0
101,2023,89,1351.0,13.08,839.0,29.88,0.0
101,2023,89,1352.0,13.08,852.0,29.92,0.0
101,2023,89,1353.0,13.08,848.0,29.9,0.0
101,2023,89,1354.0,13.08,837.0,30.0,0.0
101,2023,89,1355.0,13.07,510.1,30.18,0.0
101,2023,89,1356.0,13.08,692.6,30.11,0.0
101,2023,89,1357.0,13.07,779.0,30.14,0.0
101,2023,89,1358.0,13.07,771.0,30.04,0.0
101,2023,89,1359.0,13.07,756.0,30.14,0.0
101,2023,89,1400.0,13.07,748.0,30.23,0.0
101,2023,89,1401.0,13.07,740.0,30.16,0.0
101,2023,89,1402.0,13.07,741.0,30.1,0.0
101,2023,89,1403.0,13.07,745.0,29.99,0.0
101,2023,89,1404.0,13.07,742.0,29.95,0.0
101,2023,89,1405.0,13.07,753.0,30.04,0.0
101,2023,89,1406.0,13.07,768.0,30.23,0.0
101,2023,89,1407.0,13.06,773.0,30.24,0.0
101,2023,89,1408.0,13.06,482.0,30.13,0.0
101,2023,89,1409.0,13.06,255.0,30.0,0.0
101,2023,89,1410.0,13.06,467.3,29.99,0.0
101,2023,89,1411.0,13.07,725.0,29.93,0.0
101,2023,89,1412.0,13.06,778.0,29.93,0.0
101,2023,89,1413.0,13.07,785.0,29.97,0.0
101,2023,89,1414.0,13.06,731.0,30.06,0.0
101,2023,89,0.0,13.06,510.5,30.03,0.0
101,2023,89,1416.0,13.07,524.3,29.82,0.0
101,2023,89,1417.0,13.07,166.5,29.81,0.0
101,2023,89,1418.0,13.07,137.5,29.63,0.0
101,2023,89,1419.0,13.06,127.9,29.44,0.0
101,2023,89,1420.0,13.07,126.3,29.37,0.0
101,2023,89,1421.0,13.07,137.6,29.25,0.0
101,2023,89,1422.0,13.07,605.2,29.19,0.0
101,2023,89,1423.0,13.07,645.3,29.28,0.0
101,2023,89,1424.0,13.07,647.5,29.28,0.0
101,2023,89,1425.0,13.07,648.8,29.43,0.0
101,2023,89,1426.0,13.07,649.1,29.55,0.0
101,2023,89,1427.0,13.07,651.6,29.71,0.0
101,2023,89,1428.0,13.07,651.9,29.82,0.0
101,2023,89,1429.0,13.07,476.6,29.89,0.0
101,2023,89,1430.0,13.07,157.9,29.8,0.0
101,2023,89,1431.0,13.07,136.0,29.77,0.0
101,2023,89,1432.0,13.07,127.9,29.62,0.0
101,2023,89,1433.0,13.07,128.8,29.43,0.0
101,2023,89,1434.0,13.07,542.2,29.31,0.0
101,2023,89,1435.0,13.07,601.1,29.39,0.0
101,2023,89,1436.0,13.07,596.2,29.55,0.0
101,2023,89,1437.0,13.07,589.8,29.64,0.0
101,2023,89,1438.0,13.07,585.7,29.66,0.0
101,2023,89,1439.0,13.07,586.2,29.66,0.0
101,2023,89,1440.0,13.08,583.4,29.67,0.0
101,2023,89,1441.0,13.07,578.1,29.65,0.0
101,2023,89,1442.0,13.07,575.7,29.51,0.0
101,2023,89,1443.0,13.07,575.6,29.66,0.0
101,2023,89,1444.0,13.07,575.5,29.73,0.0
101,2023,89,1445.0,13.07,576.4,29.62,0.0
101,2023,89,1446.0,13.07,579.0,29.62,0.0
101,2023,89,1447.0,13.07,582.1,29.73,0.0
101,2023,89,1448.0,13.07,588.0,29.66,0.0
101,2023,89,1449.0,13.07,592.3,29.58,0.0
101,2023,89,1450.0,13.07,592.7,29.53,0.0
101,2023,89,1451.0,13.07,592.4,29.56,0.0
101,2023,89,1452.0,13.07,592.9,29.61,0.0
101,2023,89,1453.0,13.07,596.7,29.74,0.0
101,2023,89,1454.0,13.07,564.4,29.75,0.0
101,2023,89,1455.0,13.07,305.6,29.78,0.0
101,2023,89,1456.0,13.07,243.5,29.77,0.0
101,2023,89,1457.0,13.07,208.3,29.49,0.0
101,2023,89,1458.0,13.07,528.0,29.36,0.0
101,2023,89,1459.0,13.07,527.3,29.48,0.0
101,2023,89,1500.0,13.07,523.8,29.55,0.0
101,2023,89,1501.0,13.07,519.4,29.53,0.0
101,2023,89,1502.0,13.07,517.1,29.58,0.0
101,2023,89,1503.0,13.07,512.8,29.5,0.0
101,2023,89,1504.0,13.07,509.3,29.47,0.0
101,2023,89,1505.0,13.07,508.0,29.61,0.0
101,2023,89,1506.0,13.07,505.8,29.65,0.0
101,2023,89,1507.0,13.07,502.5,29.49,0.0
101,2023,89,1508.0,13.07,496.6,29.43,0.0
101,2023,89,1509.0,13.07,491.5,29.59,0.0
101,2023,89,1510.0,13.07,486.3,29.51,0.0
101,2023,89,1511.0,13.07,479.3,29.52,0.0
101,2023,89,1512.0,13.07,338.2,29.51,0.0
101,2023,89,1513.0,13.07,472.7,29.5,0.0
101,2023,89,1514.0,13.07,472.9,29.36,0.0
101,2023,89,1515.0,13.07,471.4,29.37,0.0
101,2023,89,1516.0,13.07,467.8,29.52,0.0
101,2023,89,1517.0,13.07,465.6,29.61,0.0
101,2023,89,1518.0,13.07,462.8,29.63,0.0
101,2023,89,1519.0,13.07,459.3,29.7,0.0
101,2023,89,1520.0,13.08,459.2,29.5,0.0
101,2023,89,1521.0,13.07,455.2,29.43,0.0
101,2023,89,1522.0,13.07,446.5,29.51,0.0
101,2023,89,1523.0,13.07,213.5,29.65,0.0
101,2023,89,1524.0,13.07,106.8,29.7,0.0
101,2023,89,1525.0,13.07,103.3,29.45,0.0
101,2023,89,1526.0,13.07,99.0,29.23,0.0
101,2023,89,1527.0,13.07,384.1,29.08,0.0
101,2023,89,1528.0,13.07,427.6,29.03,0.0
101,2023,89,1529.0,13.08,429.4,29.12,0.0
101,2023,89,1530.0,13.08,428.1,29.11,0.0
101,2023,89,1531.0,13.07,424.4,29.1,0.0
101,2023,89,1532.0,13.08,417.5,29.18,0.0
101,2023,89,1533.0,13.08,414.2,29.24,0.0
101,2023,89,1534.0,13.08,411.2,29.14,0.0
101,2023,89,1535.0,13.08,399.4,29.1,0.0
101,2023,89,1536.0,13.08,297.5,29.13,0.0
101,2023,89,1537.0,13.07,246.8,29.14,0.0
101,2023,89,1538.0,13.06,95.9,29.12,0.0
101,2023,89,1539.0,13.05,88.7,29.0,0.0
101,2023,89,1540.0,13.05,86.4,28.87,0.0
101,2023,89,1541.0,13.04,86.3,28.79,0.0
101,2023,89,1542.0,13.04,89.7,28.7,0.0
101,2023,89,1543.0,13.07,296.3,28.64,0.0
101,2023,89,1544.0,13.08,368.8,28.69,0.0
101,2023,89,1545.0,13.08,366.5,28.77,0.0
101,2023,89,1546.0,13.08,365.5,28.85,0.0
101,2023,89,1547.0,13.08,351.7,28.84,0.0
101,2023,89,1548.0,13.09,347.5,28.87,0.0
101,2023,89,1549.0,13.08,341.2,28.91,0.0
101,2023,89,1550.0,13.08,343.1,28.87,0.0
101,2023,89,1551.0,13.09,342.2,28.87,0.0
101,2023,89,1552.0,13.08,334.3,28.82,0.0
101,2023,89,1553.0,13.08,191.0,28.84,0.0
101,2023,89,1554.0,13.08,84.2,28.74,0.0
101,2023,89,1555.0,13.08,83.3,28.63,0.0
101,2023,89,1556.0,13.08,201.8,28.56,0.0
101,2023,89,1557.0,13.08,322.8,28.49,0.0
101,2023,89,1558.0,13.09,323.0,28.55,0.0
101,2023,89,1559.0,13.09,321.5,28.57,0.0
101,2023,89,1600.0,13.09,319.7,28.68,0.0
101,2023,89,1601.0,13.09,313.4,28.71,0.0
101,2023,89,1602.0,13.09,252.8,28.7,0.0
101,2023,89,1603.0,13.07,144.2,28.68,0.0
101,2023,89,1604.0,13.08,228.9,28.58,0.0
101,2023,89,1605.0,13.09,306.9,28.57,0.0
101,2023,89,1606.0,13.09,305.2,28.63,0.0
101,2023,89,1607.0,13.08,235.6,28.73,0.0
101,2023,89,1608.0,13.07,157.5,28.78,0.0
101,2023,89,1609.0,13.07,181.0,28.68,0.0
101,2023,89,1610.0,13.06,97.7,28.58,0.0
101,2023,89,1611.0,13.05,116.9,28.48,0.0
101,2023,89,1612.0,13.05,99.5,28.41,0.0
101,2023,89,1613.0,13.04,94.1,28.43,0.0
101,2023,89,1614.0,13.04,157.5,28.38,0.0
101,2023,89,1615.0,13.06,187.4,28.36,0.0
101,2023,89,1616.0,13.06,199.2,28.35,0.0
101,2023,89,1617.0,13.07,250.9,28.36,0.0
101,2023,89,1618.0,13.06,146.2,28.39,0.0
101,2023,89,1619.0,13.05,122.4,28.37,0.0
101,2023,89,1620.0,13.04,119.4,28.36,0.0
101,2023,89,1621.0,13.03,120.9,28.33,0.0
101,2023,89,1622.0,13.03,174.6,28.36,0.0
101,2023,89,1623.0,13.03,137.5,28.32,0.0
101,2023,89,1624.0,13.03,137.5,28.28,0.0
101,2023,89,1625.0,13.05,232.9,28.26,0.0
101,2023,89,1626.0,13.06,224.1,28.27,0.0
101,2023,89,1627.0,13.07,215.9,28.29,0.0
101,2023,89,1628.0,13.07,227.2,28.29,0.0
101,2023,89,1629.0,13.08,222.2,28.25,0.0
101,2023,89,1630.0,13.08,222.6,28.26,0.0
101,2023,89,1631.0,13.08,219.0,28.28,0.0
101,2023,89,1632.0,13.08,213.4,28.33,0.0
101,2023,89,1633.0,13.08,209.3,28.36,0.0
101,2023,89,1634.0,13.09,205.3,28.4,0.0
101,2023,89,1635.0,13.09,195.9,28.4,0.0
101,2023,89,1636.0,13.09,194.4,28.4,0.0
101,2023,89,1637.0,13.09,188.6,28.32,0.0
101,2023,89,1638.0,13.09,186.0,28.29,0.0
101,2023,89,1639.0,13.09,183.3,28.29,0.0
101,2023,89,1640.0,13.09,179.9,28.26,0.0
101,2023,89,1641.0,13.09,175.5,28.31,0.0
101,2023,89,1642.0,13.09,172.4,28.31,0.0
101,2023,89,1643.0,13.09,169.9,28.32,0.0
101,2023,89,1644.0,13.09,169.6,28.34,0.0
101,2023,89,1645.0,13.09,171.8,28.38,0.0
101,2023,89,1646.0,13.09,174.9,28.42,0.0
101,2023,89,1647.0,13.09,177.1,28.4,0.0
101,2023,89,1648.0,13.09,175.3,28.37,0.0
101,2023,89,1649.0,13.09,169.7,28.37,0.0
101,2023,89,1650.0,13.08,162.3,28.34,0.0
101,2023,89,1651.0,13.08,155.7,28.3,0.0
101,2023,89,1652.0,13.08,151.1,28.24,0.0
101,2023,89,1653.0,13.07,146.2,28.16,0.0
101,2023,89,1654.0,13.07,139.5,28.16,0.0
101,2023,89,1655.0,13.06,134.1,28.15,0.0
101,2023,89,1656.0,13.05,132.0,28.12,0.0
101,2023,89,1657.0,13.04,131.9,28.06,0.0
101,2023,89,1658.0,13.04,131.8,28.0,0.0
101,2023,89,1659.0,13.03,127.2,27.91,0.0
101,2023,89,1700.0,13.03,119.7,27.85,0.0
101,2023,89,1701.0,13.02,111.8,27.83,0.0
101,2023,89,1702.0,13.01,104.5,27.83,0.0
101,2023,89,1703.0,13.0,98.1,27.75,0.0
101,2023,89,1704.0,12.99,91.8,27.7,0.0
101,2023,89,1705.0,12.98,86.0,27.67,0.0
101,2023,89,1706.0,12.97,80.7,27.64,0.0
101,2023,89,1707.0,12.95,75.1,27.56,0.0
101,2023,89,1708.0,12.94,69.63,27.5,0.0
101,2023,89,1709.0,12.93,64.67,27.48,0.0
101,2023,89,1710.0,12.92,60.58,27.45,0.0
101,2023,89,1711.0,12.91,57.48,27.4,0.0
101,2023,89,1712.0,12.89,54.66,27.38,0.0
101,2023,89,1713.0,12.88,51.79,27.36,0.0
101,2023,89,1714.0,12.87,48.3,27.33,0.0
101,2023,89,1715.0,12.86,42.83,27.31,0.0
101,2023,89,1716.0,12.84,35.36,27.28,0.0
101,2023,89,1717.0,12.83,33.53,27.24,0.0
101,2023,89,1718.0,12.83,29.45,27.23,0.0
101,2023,89,1719.0,12.82,22.15,27.2,0.0
101,2023,89,1720.0,12.81,17.58,27.16,0.0
101,2023,89,1721.0,12.8,15.36,27.13,0.0
101,2023,89,1722.0,12.8,13.33,27.1,0.0
101,2023,89,1723.0,12.79,11.21,27.08,0.0
101,2023,89,1724.0,12.79,8.71,27.05,0.0
101,2023,89,1725.0,12.78,6.622,27.02,0.0
101,2023,89,1726.0,12.78,5.636,26.96,0.0
101,2023,89,1727.0,12.78,4.96,26.94,0.0
101,2023,89,1728.0,12.78,4.424,26.92,0.0
101,2023,89,1729.0,12.77,3.945,26.87,0.0
101,2023,89,1730.0,12.77,3.692,26.83,0.0
101,2023,89,1731.0,12.77,3.325,26.79,0.0
101,2023,89,1732.0,12.77,3.015,26.74,0.0
101,2023,89,1733.0,12.76,2.48,26.67,0.0
101,2023,89,1734.0,12.76,2.339,26.63,0.0
101,2023,89,1735.0,12.76,1.944,26.6,0.0
101,2023,89,1736.0,12.75,1.691,26.57,0.0
101,2023,89,1737.0,12.75,1.606,26.52,0.0
101,2023,89,1738.0,12.75,1.24,26.48,0.0
101,2023,89,1739.0,12.75,1.015,26.45,0.0
101,2023,89,1740.0,12.75,1.015,26.41,0.0
101,2023,89,1741.0,12.75,0.0,26.38,0.0
101,2023,89,1742.0,12.75,0.0,26.35,0.0
101,2023,89,1743.0,12.75,0.0,26.32,0.0
101,2023,89,1744.0,12.75,0.0,26.31,0.0
101,2023,89,1745.0,12.74,0.0,26.28,0.0
101,2023,89,1746.0,12.74,0.0,26.26,0.0
101,2023,89,1747.0,12.74,0.0,26.24,0.0
101,2023,89,1748.0,12.74,0.0,26.21,0.0
101,2023,89,1749.0,12.74,0.0,26.2,0.0
101,2023,89,1750.0,12.74,0.0,26.19,0.0
101,2023,89,1751.0,12.74,0.0,26.16,0.0
101,2023,89,1752.0,12.73,0.0,26.16,0.0
101,2023,89,1753.0,12.73,0.0,26.14,0.0
101,2023,89,1754.0,12.73,0.0,26.13,0.0
101,2023,89,1755.0,12.73,0.0,26.12,0.0
101,2023,89,1756.0,12.73,0.0,26.1,0.0
101,2023,89,1757.0,12.73,0.0,26.11,0.0
101,2023,89,1758.0,12.73,0.0,26.1,0.0
101,2023,89,1759.0,12.73,0.0,26.09,0.0
101,2023,89,1800.0,12.73,0.0,26.08,0.0
101,2023,89,1801.0,12.73,0.0,26.08,0.0
101,2023,89,1802.0,12.73,0.0,26.08,0.0
101,2023,89,1803.0,12.72,0.0,26.08,0.0
101,2023,89,1804.0,12.73,0.0,26.07,0.0
101,2023,89,1805.0,12.72,0.0,26.06,0.0
101,2023,89,1806.0,12.72,0.0,26.07,0.0
101,2023,89,1807.0,12.72,0.0,26.04,0.0
101,2023,89,1808.0,12.72,0.0,26.02,0.0
101,2023,89,1809.0,12.72,0.0,25.96,0.0
101,2023,89,1810.0,12.72,0.0,25.92,0.0
101,2023,89,1811.0,12.72,0.0,25.9,0.0
101,2023,89,1812.0,12.72,0.0,25.86,0.0
101,2023,89,1813.0,12.72,0.0,25.8,0.0
101,2023,89,1814.0,12.72,0.0,25.72,0.0
101,2023,89,1815.0,12.72,0.0,25.65,0.0
101,2023,89,1816.0,12.72,0.0,25.6,0.0
101,2023,89,1817.0,12.72,0.0,25.56,0.0
101,2023,89,1818.0,12.71,0.0,25.51,0.0
101,2023,89,1819.0,12.71,0.0,25.46,0.0
101,2023,89,1820.0,12.72,0.0,25.42,0.0
101,2023,89,1821.0,12.71,0.0,25.36,0.0
101,2023,89,1822.0,12.71,0.0,25.31,0.0
101,2023,89,1823.0,12.71,0.0,25.26,0.0
101,2023,89,1824.0,12.71,0.0,25.22,0.0
101,2023,89,1825.0,12.71,0.0,25.19,0.0
101,2023,89,1826.0,12.71,0.0,25.16,0.0
101,2023,89,1827.0,12.71,0.0,25.14,0.0
101,2023,89,1828.0,12.71,0.0,25.12,0.0
101,2023,89,1829.0,12.71,0.0,25.1,0.0
101,2023,89,1830.0,12.7,0.0,25.06,0.0
101,2023,89,1831.0,12.71,0.0,25.02,0.0
101,2023,89,1832.0,12.7,0.0,24.99,0.0
101,2023,89,1833.0,12.7,0.0,24.98,0.0
101,2023,89,1834.0,12.7,0.0,24.95,0.0
101,2023,89,1835.0,12.7,0.0,24.93,0.0
101,2023,89,1836.0,12.7,0.0,24.91,0.0
101,2023,89,1837.0,12.7,0.0,24.9,0.0
101,2023,89,1838.0,12.7,0.0,24.89,0.0
101,2023,89,1839.0,12.7,0.0,24.88,0.0
101,2023,89,1840.0,12.7,0.0,24.87,0.0
101,2023,89,1841.0,12.7,0.0,24.86,0.0
101,2023,89,1842.0,12.7,0.0,24.86,0.0
101,2023,89,1843.0,12.7,0.0,24.85,0.0
101,2023,89,1844.0,12.7,0.0,24.85,0.0
101,2023,89,1845.0,12.7,0.0,24.84,0.0
101,2023,89,1846.0,12.7,0.0,24.83,0.0
101,2023,89,1847.0,12.69,0.0,24.82,0.0
101,2023,89,1848.0,12.7,0.0,24.82,0.0
101,2023,89,1849.0,12.7,0.0,24.81,0.0
101,2023,89,1850.0,12.7,0.0,24.81,0.0
101,2023,89,1851.0,12.69,0.0,24.8,0.0
101,2023,89,1852.0,12.69,0.0,24.79,0.0
101,2023,89,1853.0,12.69,0.0,24.78,0.0
101,2023,89,1854.0,12.69,0.0,24.77,0.0
101,2023,89,1855.0,12.69,0.0,24.76,0.0
101,2023,89,1856.0,12.69,0.0,24.77,0.0
101,2023,89,1857.0,12.69,0.0,24.77,0.0
101,2023,89,1858.0,12.69,0.0,24.76,0.0
101,2023,89,1859.0,12.69,0.0,24.77,0.0
101,2023,89,1900.0,12.69,0.0,24.76,0.0
101,2023,89,1901.0,12.69,0.0,24.76,0.0
101,2023,89,1902.0,12.69,0.0,24.75,0.0
101,2023,89,1903.0,12.68,0.0,24.73,0.0
101,2023,89,1904.0,12.69,0.0,24.73,0.0
101,2023,89,1905.0,12.69,0.0,24.72,0.0
101,2023,89,1906.0,12.69,0.0,24.71,0.0
101,2023,89,1907.0,12.68,0.0,24.71,0.0
101,2023,89,1908.0,12.68,0.0,24.7,0.0
101,2023,89,1909.0,12.68,0.0,24.7,0.0
101,2023,89,1910.0,12.68,0.0,24.69,0.0
101,2023,89,1911.0,12.68,0.0,24.68,0.0
101,2023,89,1912.0,12.68,0.0,24.69,0.0
101,2023,89,1913.0,12.68,0.0,24.68,0.0
101,2023,89,1914.0,12.68,0.0,24.68,0.0
101,2023,89,1915.0,12.68,0.0,24.67,0.0
101,2023,89,1916.0,12.68,0.0,24.66,0.0
101,2023,89,1917.0,12.68,0.0,24.67,0.0
101,2023,89,1918.0,12.68,0.0,24.67,0.0
101,2023,89,1919.0,12.68,0.0,24.67,0.0
101,2023,89,1920.0,12.68,0.0,24.65,0.0
101,2023,89,1921.0,12.68,0.0,24.65,0.0
101,2023,89,1922.0,12.68,0.0,24.65,0.0
101,2023,89,1923.0,12.67,0.0,24.65,0.0
101,2023,89,1924.0,12.68,0.0,24.65,0.0
101,2023,89,1925.0,12.68,0.0,24.64,0.0
101,2023,89,1926.0,12.67,0.0,24.63,0.0
101,2023,89,1927.0,12.67,0.0,24.64,0.0
101,2023,89,1928.0,12.67,0.0,24.64,0.0
101,2023,89,1929.0,12.67,0.0,24.65,0.0
101,2023,89,1930.0,12.67,0.0,24.65,0.0
101,2023,89,1931.0,12.67,0.0,24.67,0.0
101,2023,89,1932.0,12.67,0.0,24.67,0.0
101,2023,89,1933.0,12.67,0.0,24.67,0.0
101,2023,89,1934.0,12.67,0.0,24.68,0.0
101,2023,89,1935.0,12.67,0.0,24.68,0.0
101,2023,89,1936.0,12.67,0.0,24.68,0.0
101,2023,89,1937.0,12.67,0.0,24.69,0.0
101,2023,89,1938.0,12.67,0.0,24.68,0.0
101,2023,89,1939.0,12.67,0.0,24.68,0.0
101,2023,89,1940.0,12.66,0.0,24.68,0.0
101,2023,89,1941.0,12.66,0.0,24.68,0.0
101,2023,89,1942.0,12.66,0.0,24.68,0.0
101,2023,89,1943.0,12.66,0.0,24.68,0.0
101,2023,89,1944.0,12.66,0.0,24.68,0.0
101,2023,89,1945.0,12.66,0.0,24.67,0.0
101,2023,89,1946.0,12.66,0.0,24.68,0.0
101,2023,89,1947.0,12.66,0.0,24.68,0.0
101,2023,89,1948.0,12.66,0.0,24.66,0.0
101,2023,89,1949.0,12.66,0.0,24.66,0.0
101,2023,89,1950.0,12.66,0.0,24.64,0.0
101,2023,89,1951.0,12.66,0.0,24.63,0.0
101,2023,89,1952.0,12.66,0.0,24.61,0.0
101,2023,89,1953.0,12.66,0.0,24.6,0.0
101,2023,89,1954.0,12.66,0.0,24.59,0.0
101,2023,89,1955.0,12.65,0.0,24.59,0.0
101,2023,89,1956.0,12.65,0.0,24.59,0.0
101,2023,89,1957.0,12.65,0.0,24.58,0.0
101,2023,89,1958.0,12.65,0.0,24.57,0.0
101,2023,89,1959.0,12.66,0.0,24.56,0.0
101,2023,89,2000.0,12.65,0.0,24.56,0.0
101,2023,89,2001.0,12.65,0.0,24.54,0.0
101,2023,89,2002.0,12.65,0.0,24.53,0.0
101,2023,89,2003.0,12.65,0.0,24.53,0.0
101,2023,89,2004.0,12.65,0.0,24.53,0.0
101,2023,89,2005.0,12.65,0.0,24.52,0.0
101,2023,89,2006.0,12.65,0.0,24.5,0.0
101,2023,89,2007.0,12.65,0.0,24.49,0.0
101,2023,89,2008.0,12.65,0.0,24.48,0.0
101,2023,89,2009.0,12.65,0.0,24.48,0.0
101,2023,89,2010.0,12.65,0.0,24.48,0.0
101,2023,89,2011.0,12.65,0.0,24.46,0.0
101,2023,89,2012.0,12.65,0.0,24.45,0.0
101,2023,89,2013.0,12.65,0.0,24.45,0.0
101,2023,89,2014.0,12.65,0.0,24.43,0.0
101,2023,89,2015.0,12.65,0.0,24.43,0.0
101,2023,89,2016.0,12.64,0.0,24.43,0.0
101,2023,89,2017.0,12.64,0.0,24.44,0.0
101,2023,89,2018.0,12.65,0.0,24.43,0.0
101,2023,89,2019.0,12.64,0.0,24.44,0.0
101,2023,89,2020.0,12.65,0.0,24.43,0.0
101,2023,89,2021.0,12.65,0.0,24.43,0.0
101,2023,89,2022.0,12.64,0.0,24.42,0.0
101,2023,89,2023.0,12.64,0.0,24.43,0.0
101,2023,89,2024.0,12.64,0.0,24.43,0.0
101,2023,89,2025.0,12.64,0.0,24.43,0.0
101,2023,89,2026.0,12.64,0.0,24.42,0.0
101,2023,89,2027.0,12.64,0.0,24.4,0.0
101,2023,89,2028.0,12.64,0.0,24.4,0.0
101,2023,89,2029.0,12.64,0.0,24.39,0.0
101,2023,89,2030.0,12.64,0.0,24.37,0.0
101,2023,89,2031.0,12.64,0.0,24.35,0.0
101,2023,89,2032.0,12.64,0.0,24.34,0.0
101,2023,89,2033.0,12.64,0.0,24.32,0.0
101,2023,89,2034.0,12.64,0.0,24.3,0.0
101,2023,89,2035.0,12.64,0.0,24.3,0.0
101,2023,89,2036.0,12.64,0.0,24.28,0.0
101,2023,89,2037.0,12.64,0.0,24.26,0.0
101,2023,89,2038.0,12.64,0.0,24.25,0.0
101,2023,89,2039.0,12.64,0.0,24.25,0.0
101,2023,89,2040.0,12.63,0.0,24.24,0.0
101,2023,89,2041.0,12.63,0.0,24.22,0.0
101,2023,89,2042.0,12.63,0.0,24.22,0.0
101,2023,89,2043.0,12.63,0.0,24.22,0.0
101,2023,89,2044.0,12.64,0.0,24.21,0.0
101,2023,89,2045.0,12.63,0.0,24.2,0.0
101,2023,89,2046.0,12.63,0.0,24.2,0.0
101,2023,89,2047.0,12.63,0.0,24.19,0.0
101,2023,89,2048.0,12.63,0.0,24.17,0.0
101,2023,89,2049.0,12.63,0.0,24.17,0.0
101,2023,89,2050.0,12.63,0.0,24.16,0.0
101,2023,89,2051.0,12.63,0.0,24.15,0.0
101,2023,89,2052.0,12.63,0.0,24.13,0.0
101,2023,89,2053.0,12.63,0.0,24.1,0.0
101,2023,89,2054.0,12.63,0.0,24.08,0.0
101,2023,89,2055.0,12.63,0.0,24.07,0.0
101,2023,89,2056.0,12.63,0.0,24.06,0.0
101,2023,89,2057.0,12.63,0.0,24.04,0.0
101,2023,89,2058.0,12.63,0.0,24.02,0.0
101,2023,89,2059.0,12.63,0.0,24.02,0.0
101,2023,89,2100.0,12.63,0.0,24.01,0.0
101,2023,89,2101.0,12.63,0.0,24.0,0.0
101,2023,89,2102.0,12.63,0.0,24.0,0.0
101,2023,89,2103.0,12.63,0.0,23.98,0.0
101,2023,89,2104.0,12.63,0.0,23.99,0.0
101,2023,89,2105.0,12.62,0.0,23.99,0.0
101,2023,89,2106.0,12.63,0.0,23.98,0.0
101,2023,89,2107.0,12.63,0.0,23.98,0.0
101,2023,89,2108.0,12.63,0.0,23.97,0.0
101,2023,89,2109.0,12.63,0.0,23.97,0.0
101,2023,89,2110.0,12.63,0.0,23.97,0.0
101,2023,89,2111.0,12.63,0.0,23.96,0.0
101,2023,89,2112.0,12.63,0.0,23.95,0.0
101,2023,89,2113.0,12.62,0.0,23.95,0.0
101,2023,89,2114.0,12.62,0.0,23.95,0.0
101,2023,89,2115.0,12.63,0.0,23.94,0.0
101,2023,89,2116.0,12.62,0.0,23.92,0.0
101,2023,89,2117.0,12.63,0.0,23.91,0.0
101,2023,89,2118.0,12.62,0.0,23.9,0.0
101,2023,89,2119.0,12.62,0.0,23.9,0.0
101,2023,89,2120.0,12.62,0.0,23.9,0.0
101,2023,89,2121.0,12.62,0.0,23.9,0.0
101,2023,89,2122.0,12.62,0.0,23.88,0.0
101,2023,89,2123.0,12.62,0.0,23.88,0.0
101,2023,89,2124.0,12.62,0.0,23.87,0.0
101,2023,89,2125.0,12.62,0.0,23.88,0.0
101,2023,89,2126.0,12.62,0.0,23.87,0.0
101,2023,89,2127.0,12.62,0.0,23.85,0.0
101,2023,89,2128.0,12.62,0.0,23.84,0.0
101,2023,89,2129.0,12.62,0.0,23.82,0.0
101,2023,89,2130.0,12.62,0.0,23.8,0.0
101,2023,89,2131.0,12.62,0.0,23.8,0.0
101,2023,89,2132.0,12.62,0.0,23.79,0.0
101,2023,89,2133.0,12.62,0.0,23.77,0.0
101,2023,89,2134.0,12.62,0.0,23.75,0.0
101,2023,89,2135.0,12.62,0.0,23.74,0.0
101,2023,89,2136.0,12.62,0.0,23.71,0.0
101,2023,89,2137.0,12.62,0.0,23.69,0.0
101,2023,89,2138.0,12.62,0.0,23.67,0.0
101,2023,89,2139.0,12.62,0.0,23.65,0.0
101,2023,89,2140.0,12.62,0.0,23.63,0.0
101,2023,89,2141.0,12.62,0.0,23.61,0.0
101,2023,89,2142.0,12.62,0.0,23.58,0.0
101,2023,89,2143.0,12.62,0.0,23.55,0.0
101,2023,89,2144.0,12.62,0.0,23.51,0.0
101,2023,89,2145.0,12.62,0.0,23.49,0.0
101,2023,89,2146.0,12.62,0.0,23.48,0.0
101,2023,89,2147.0,12.61,0.0,23.46,0.0
101,2023,89,2148.0,12.61,0.0,23.44,0.0
101,2023,89,2149.0,12.61,0.0,23.43,0.0
101,2023,89,2150.0,12.62,0.0,23.42,0.0
101,2023,89,2151.0,12.61,0.0,23.39,0.0
101,2023,89,2152.0,12.61,0.0,23.36,0.0
101,2023,89,2153.0,12.61,0.0,23.33,0.0
101,2023,89,2154.0,12.61,0.0,23.31,0.0
101,2023,89,2155.0,12.61,0.0,23.28,0.0
101,2023,89,2156.0,12.61,0.0,23.27,0.0
101,2023,89,2157.0,12.61,0.0,23.25,0.0
101,2023,89,2158.0,12.61,0.0,23.24,0.0
101,2023,89,2159.0,12.61,0.0,23.21,0.0
101,2023,89,2200.0,12.61,0.0,23.19,0.0
101,2023,89,2201.0,12.61,0.0,23.17,0.0
101,2023,89,2202.0,12.61,0.0,23.16,0.0
101,2023,89,2203.0,12.61,0.0,23.14,0.0
101,2023,89,2204.0,12.61,0.0,23.14,0.0
101,2023,89,2205.0,12.61,0.0,23.14,0.0
101,2023,89,2206.0,12.61,0.0,23.13,0.0
101,2023,89,2207.0,12.61,0.0,23.13,0.0
101,2023,89,2208.0,12.61,0.0,23.13,0.0
101,2023,89,2209.0,12.61,0.0,23.11,0.0
101,2023,89,2210.0,12.61,0.0,23.11,0.0
101,2023,89,2211.0,12.61,0.0,23.1,0.0
101,2023,89,2212.0,12.61,0.0,23.08,0.0
101,2023,89,2213.0,12.61,0.0,23.07,0.0
101,2023,89,2214.0,12.61,0.0,23.04,0.0
101,2023,89,2215.0,12.61,0.0,23.03,0.0
101,2023,89,2216.0,12.61,0.0,23.01,0.0
101,2023,89,2217.0,12.61,0.0,22.99,0.0
101,2023,89,2218.0,12.61,0.0,22.98,0.0
101,2023,89,2219.0,12.61,0.0,22.97,0.0
101,2023,89,2220.0,12.61,0.0,22.96,0.0
101,2023,89,2221.0,12.61,0.0,22.95,0.0
101,2023,89,2222.0,12.6,0.0,22.95,0.0
101,2023,89,2223.0,12.61,0.0,22.93,0.0
101,2023,89,2224.0,12.61,0.0,22.91,0.0
101,2023,89,2225.0,12.61,0.0,22.88,0.0
101,2023,89,2226.0,12.61,0.0,22.86,0.0
101,2023,89,2227.0,12.61,0.0,22.84,0.0
101,2023,89,2228.0,12.6,0.0,22.85,0.0
101,2023,89,2229.0,12.6,0.0,22.85,0.0
101,2023,89,2230.0,12.61,0.0,22.84,0.0
101,2023,89,2231.0,12.61,0.0,22.84,0.0
101,2023,89,2232.0,12.61,0.0,22.84,0.0
101,2023,89,2233.0,12.6,0.0,22.84,0.0
101,2023,89,2234.0,12.61,0.0,22.85,0.0
101,2023,89,2235.0,12.6,0.0,22.85,0.0
101,2023,89,2236.0,12.6,0.0,22.84,0.0
101,2023,89,2237.0,12.6,0.0,22.8,0.0
101,2023,89,2238.0,12.6,0.0,22.8,0.0
101,2023,89,2239.0,12.6,0.0,22.79,0.0
101,2023,89,2240.0,12.6,0.0,22.8,0.0
101,2023,89,2241.0,12.6,0.0,22.81,0.0
101,2023,89,2242.0,12.6,0.0,22.79,0.0
101,2023,89,2243.0,12.6,0.0,22.75,0.0
101,2023,89,2244.0,12.6,0.0,22.75,0.0
101,2023,89,2245.0,12.6,0.0,22.78,0.0
101,2023,89,2246.0,12.6,0.0,22.79,0.0
101,2023,89,2247.0,12.6,0.0,22.8,0.0
101,2023,89,2248.0,12.6,0.0,22.78,0.0
101,2023,89,2249.0,12.6,0.0,22.77,0.0
101,2023,89,2250.0,12.6,0.0,22.75,0.0
101,2023,89,2251.0,12.6,0.0,22.75,0.0
101,2023,89,2252.0,12.6,0.0,22.76,0.0
101,2023,89,2253.0,12.6,0.0,22.78,0.0
101,2023,89,2254.0,12.6,0.0,22.77,0.0
101,2023,89,2255.0,12.6,0.0,22.77,0.0
101,2023,89,2256.0,12.6,0.0,22.75,0.0
101,2023,89,2257.0,12.6,0.0,22.76,0.0
101,2023,89,2258.0,12.6,0.0,22.75,0.0
101,2023,89,2259.0,12.6,0.0,22.73,0.0
101,2023,89,2300.0,12.6,0.0,22.64,0.0
101,2023,89,2301.0,12.6,0.0,22.56,0.0
101,2023,89,2302.0,12.6,0.0,22.55,0.0
101,2023,89,2303.0,12.6,0.0,22.54,0.0
101,2023,89,2304.0,12.6,0.0,22.52,0.0
101,2023,89,2305.0,12.6,0.0,22.5,0.0
101,2023,89,2306.0,12.6,0.0,22.48,0.0
101,2023,89,2307.0,12.6,0.0,22.47,0.0
101,2023,89,2308.0,12.6,0.0,22.46,0.0
101,2023,89,2309.0,12.59,0.0,22.44,0.0
101,2023,89,2310.0,12.6,0.0,22.42,0.0
101,2023,89,2311.0,12.6,0.0,22.4,0.0
101,2023,89,2312.0,12.6,0.0,22.38,0.0
101,2023,89,2313.0,12.6,0.0,22.36,0.0
101,2023,89,2314.0,12.6,0.0,22.34,0.0
101,2023,89,2315.0,12.59,0.0,22.33,0.0
101,2023,89,2316.0,12.6,0.0,22.31,0.0
101,2023,89,2317.0,12.6,0.0,22.29,0.0
101,2023,89,2318.0,12.6,0.0,22.27,0.0
101,2023,89,2319.0,12.59,0.0,22.26,0.0
101,2023,89,2320.0,12.59,0.0,22.25,0.0
101,2023,89,2321.0,12.59,0.0,22.26,0.0
101,2023,89,2322.0,12.59,0.0,22.26,0.0
101,2023,89,2323.0,12.6,0.0,22.27,0.0
101,2023,89,2324.0,12.59,0.0,22.27,0.0
101,2023,89,2325.0,12.6,0.0,22.29,0.0
101,2023,89,2326.0,12.59,0.0,22.29,0.0
101,2023,89,2327.0,12.6,0.0,22.27,0.0
101,2023,89,2328.0,12.59,0.0,22.27,0.0
101,2023,89,2329.0,12.59,0.0,22.26,0.0
101,2023,89,2330.0,12.59,0.0,22.24,0.0
101,2023,89,2331.0,12.59,0.0,22.27,0.0
101,2023,89,2332.0,12.59,0.0,22.31,0.0
101,2023,89,2333.0,12.59,0.0,22.33,0.0
101,2023,89,2334.0,12.59,0.0,22.34,0.0
101,2023,89,2335.0,12.59,0.0,22.35,0.0
101,2023,89,2336.0,12.59,0.0,22.35,0.0
101,2023,89,2337.0,12.59,0.0,22.34,0.0
101,2023,89,2338.0,12.59,0.0,22.32,0.0
101,2023,89,2339.0,12.59,0.0,22.28,0.0
101,2023,89,2340.0,12.59,0.0,22.25,0.0
101,2023,89,2341.0,12.59,0.0,22.22,0.0
101,2023,89,2342.0,12.59,0.0,22.21,0.0
101,2023,89,2343.0,12.59,0.0,22.18,0.0
101,2023,89,2344.0,12.59,0.0,22.16,0.0
101,2023,89,2345.0,12.59,0.0,22.14,0.0
101,2023,89,2346.0,12.59,0.0,22.12,0.0
101,2023,89,2347.0,12.59,0.0,22.11,0.0
101,2023,89,2348.0,12.59,0.0,22.11,0.0
101,2023,89,2349.0,12.59,0.0,22.13,0.0
101,2023,89,2350.0,12.59,0.0,22.15,0.0
101,2023,89,2351.0,12.59,0.0,22.19,0.0
101,2023,89,2352.0,12.59,0.0,22.19,0.0
101,2023,89,2353.0,12.59,0.0,22.21,0.0
101,2023,89,2354.0,12.59,0.0,22.28,0.0
101,2023,89,2355.0,12.59,0.0,22.31,0.0
101,2023,89,2356.0,12.59,0.0,22.32,0.0
101,2023,89,2357.0,12.59,0.0,22.32,0.0
101,2023,89,2358.0,12.59,0.0,22.29,0.0
101,2023,89,2359.0,12.59,0.0,22.27,0.0
