a,b,dia_juliano,d,e,f,g,h
101,2023,17,2400,12.7,0,22.25,0
101,2023,17,1,12.7,0,22.25,0
101,2023,17,2,12.7,0,22.23,0
101,2023,17,3,12.7,0,22.22,0
101,2023,17,4,12.7,0,22.21,0
101,2023,17,5,12.7,0,22.21,0
101,2023,17,6,12.7,0,22.23,0
101,2023,17,7,12.7,0,22.27,0
101,2023,17,8,12.7,0,22.31,0
101,2023,17,9,12.7,0,22.33,0
101,2023,17,10,12.7,0,22.35,0
101,2023,17,11,12.7,0,22.37,0
101,2023,17,12,12.7,0,22.39,0
101,2023,17,13,12.7,0,22.41,0
101,2023,17,14,12.7,0,22.43,0
101,2023,17,15,12.7,0,22.46,0
101,2023,17,16,12.7,0,22.47,0
101,2023,17,17,12.7,0,22.48,0
101,2023,17,18,12.7,0,22.5,0
101,2023,17,19,12.7,0,22.51,0
101,2023,17,20,12.7,0,22.5,0
101,2023,17,21,12.7,0,22.51,0
101,2023,17,22,12.7,0,22.52,0
101,2023,17,23,12.7,0,22.51,0
101,2023,17,24,12.7,0,22.52,0
101,2023,17,25,12.7,0,22.54,0
101,2023,17,26,12.7,0,22.49,0
101,2023,17,27,12.7,0,22.39,0
101,2023,17,28,12.7,0,22.42,0
101,2023,17,29,12.7,0,22.43,0
101,2023,17,30,12.7,0,22.4,0
101,2023,17,31,12.7,0,22.38,0
101,2023,17,32,12.7,0,22.37,0
101,2023,17,33,12.7,0,22.36,0
101,2023,17,34,12.7,0,22.36,0
101,2023,17,35,12.7,0,22.35,0
101,2023,17,36,12.7,0,22.35,0
101,2023,17,37,12.7,0,22.34,0
101,2023,17,38,12.7,0,22.32,0
101,2023,17,39,12.7,0,22.3,0
101,2023,17,40,12.7,0,22.27,0
101,2023,17,41,12.7,0,22.27,0
101,2023,17,42,12.7,0,22.32,0
101,2023,17,43,12.7,0,22.32,0
101,2023,17,44,12.7,0,22.32,0
101,2023,17,45,12.7,0,22.31,0
101,2023,17,46,12.7,0,22.3,0
101,2023,17,47,12.69,0,22.32,0
101,2023,17,48,12.7,0,22.31,0
101,2023,17,49,12.7,0,22.31,0
101,2023,17,50,12.7,0,22.31,0
101,2023,17,51,12.7,0,22.3,0
101,2023,17,52,12.7,0,22.27,0
101,2023,17,53,12.7,0,22.28,0
101,2023,17,54,12.7,0,22.3,0
101,2023,17,55,12.7,0,22.29,0
101,2023,17,56,12.7,0,22.28,0
101,2023,17,57,12.69,0,22.27,0
101,2023,17,58,12.7,0,22.27,0
101,2023,17,59,12.69,0,22.28,0
101,2023,17,100,12.7,0,22.25,0
101,2023,17,101,12.69,0,22.23,0
101,2023,17,102,12.69,0,22.24,0
101,2023,17,103,12.69,0,22.25,0
101,2023,17,104,12.69,0,22.22,0
101,2023,17,105,12.69,0,22.2,0
101,2023,17,106,12.69,0,22.18,0
101,2023,17,107,12.69,0,22.17,0
101,2023,17,108,12.69,0,22.16,0
101,2023,17,109,12.69,0,22.12,0
101,2023,17,110,12.69,0,22.1,0
101,2023,17,111,12.69,0,22.11,0
101,2023,17,112,12.69,0,22.13,0
101,2023,17,113,12.69,0,22.16,0
101,2023,17,114,12.69,0,22.17,0
101,2023,17,115,12.69,0,22.17,0
101,2023,17,116,12.69,0,22.14,0
101,2023,17,117,12.69,0,22.12,0
101,2023,17,118,12.69,0,22.13,0
101,2023,17,119,12.69,0,22.09,0
101,2023,17,120,12.69,0,22.05,0
101,2023,17,121,12.69,0,22.04,0
101,2023,17,122,12.69,0,22.04,0
101,2023,17,123,12.69,0,22.11,0
101,2023,17,124,12.69,0,22.12,0
101,2023,17,125,12.69,0,22.14,0
101,2023,17,126,12.69,0,22.15,0
101,2023,17,127,12.69,0,22.16,0
101,2023,17,128,12.69,0,22.14,0
101,2023,17,129,12.68,0,22.13,0
101,2023,17,130,12.69,0,22.11,0
101,2023,17,131,12.68,0,22.07,0
101,2023,17,132,12.68,0,22.05,0
101,2023,17,133,12.68,0,22.04,0
101,2023,17,134,12.68,0,22.05,0
101,2023,17,135,12.68,0,22.08,0
101,2023,17,136,12.68,0,22.1,0
101,2023,17,137,12.68,0,22.03,0
101,2023,17,138,12.68,0,22.01,0
101,2023,17,139,12.68,0,21.96,0
101,2023,17,140,12.68,0,21.95,0
101,2023,17,141,12.68,0,21.93,0
101,2023,17,142,12.68,0,21.95,0
101,2023,17,143,12.68,0,21.98,0
101,2023,17,144,12.68,0,21.97,0
101,2023,17,145,12.68,0,21.97,0
101,2023,17,146,12.68,0,21.99,0
101,2023,17,147,12.68,0,21.95,0
101,2023,17,148,12.68,0,21.86,0
101,2023,17,149,12.68,0,21.84,0
101,2023,17,150,12.68,0,21.86,0
101,2023,17,151,12.68,0,21.83,0
101,2023,17,152,12.68,0,21.76,0
101,2023,17,153,12.68,0,21.69,0
101,2023,17,154,12.68,0,21.67,0
101,2023,17,155,12.68,0,21.68,0
101,2023,17,156,12.68,0,21.71,0
101,2023,17,157,12.68,0,21.74,0
101,2023,17,158,12.68,0,21.73,0
101,2023,17,159,12.68,0,21.73,0
101,2023,17,200,12.68,0,21.73,0
101,2023,17,201,12.68,0,21.73,0
101,2023,17,202,12.68,0,21.73,0
101,2023,17,203,12.68,0,21.75,0
101,2023,17,204,12.68,0,21.76,0
101,2023,17,205,12.68,0,21.77,0
101,2023,17,206,12.68,0,21.78,0
101,2023,17,207,12.68,0,21.78,0
101,2023,17,208,12.68,0,21.78,0
101,2023,17,209,12.68,0,21.78,0
101,2023,17,210,12.67,0,21.77,0
101,2023,17,211,12.68,0,21.78,0
101,2023,17,212,12.68,0,21.82,0
101,2023,17,213,12.68,0,21.84,0
101,2023,17,214,12.68,0,21.85,0
101,2023,17,215,12.67,0,21.84,0
101,2023,17,216,12.67,0,21.84,0
101,2023,17,217,12.67,0,21.84,0
101,2023,17,218,12.67,0,21.86,0
101,2023,17,219,12.67,0,21.87,0
101,2023,17,220,12.67,0,21.87,0
101,2023,17,221,12.67,0,21.86,0
101,2023,17,222,12.67,0,21.85,0
101,2023,17,223,12.67,0,21.85,0
101,2023,17,224,12.67,0,21.85,0
101,2023,17,225,12.67,0,21.84,0
101,2023,17,226,12.67,0,21.83,0
101,2023,17,227,12.67,0,21.83,0
101,2023,17,228,12.67,0,21.86,0
101,2023,17,229,12.67,0,21.89,0
101,2023,17,230,12.67,0,21.95,0
101,2023,17,231,12.67,0,22.02,0
101,2023,17,232,12.67,0,22.04,0
101,2023,17,233,12.67,0,22.03,0
101,2023,17,234,12.67,0,22.02,0
101,2023,17,235,12.66,0,22.02,0
101,2023,17,236,12.67,0,21.99,0
101,2023,17,237,12.67,0,21.99,0
101,2023,17,238,12.66,0,21.98,0
101,2023,17,239,12.67,0,22,0
101,2023,17,240,12.66,0,22.01,0
101,2023,17,241,12.67,0,22,0
101,2023,17,242,12.66,0,21.98,0
101,2023,17,243,12.66,0,21.96,0
101,2023,17,244,12.66,0,21.94,0
101,2023,17,245,12.66,0,21.92,0
101,2023,17,246,12.66,0,21.91,0
101,2023,17,247,12.66,0,21.89,0
101,2023,17,248,12.66,0,21.87,0
101,2023,17,249,12.66,0,21.86,0
101,2023,17,250,12.66,0,21.85,0
101,2023,17,251,12.66,0,21.83,0
101,2023,17,252,12.66,0,21.82,0
101,2023,17,253,12.66,0,21.81,0
101,2023,17,254,12.66,0,21.79,0
101,2023,17,255,12.66,0,21.77,0
101,2023,17,256,12.66,0,21.75,0
101,2023,17,257,12.66,0,21.74,0
101,2023,17,258,12.66,0,21.72,0
101,2023,17,259,12.66,0,21.7,0
101,2023,17,300,12.66,0,21.68,0
101,2023,17,301,12.66,0,21.71,0
101,2023,17,302,12.66,0,21.74,0
101,2023,17,303,12.66,0,21.75,0
101,2023,17,304,12.66,0,21.75,0
101,2023,17,305,12.66,0,21.74,0
101,2023,17,306,12.66,0,21.74,0
101,2023,17,307,12.66,0,21.74,0
101,2023,17,308,12.66,0,21.74,0
101,2023,17,309,12.66,0,21.75,0
101,2023,17,310,12.65,0,21.75,0
101,2023,17,311,12.66,0,21.8,0
101,2023,17,312,12.66,0,21.82,0
101,2023,17,313,12.66,0,21.79,0
101,2023,17,314,12.65,0,21.75,0
101,2023,17,315,12.65,0,21.71,0
101,2023,17,316,12.65,0,21.7,0
101,2023,17,317,12.65,0,21.68,0
101,2023,17,318,12.65,0,21.69,0
101,2023,17,319,12.65,0,21.67,0
101,2023,17,320,12.65,0,21.65,0
101,2023,17,321,12.65,0,21.65,0
101,2023,17,322,12.65,0,21.67,0
101,2023,17,323,12.65,0,21.67,0
101,2023,17,324,12.65,0,21.64,0
101,2023,17,325,12.65,0,21.65,0
101,2023,17,326,12.65,0,21.65,0
101,2023,17,327,12.65,0,21.65,0
101,2023,17,328,12.65,0,21.68,0
101,2023,17,329,12.65,0,21.71,0
101,2023,17,330,12.65,0,21.72,0
101,2023,17,331,12.65,0,21.7,0
101,2023,17,332,12.65,0,21.68,0
101,2023,17,333,12.65,0,21.68,0
101,2023,17,334,12.65,0,21.65,0
101,2023,17,335,12.65,0,21.66,0
101,2023,17,336,12.64,0,21.72,0
101,2023,17,337,12.64,0,21.77,0
101,2023,17,338,12.64,0,21.76,0
101,2023,17,339,12.64,0,21.74,0
101,2023,17,340,12.64,0,21.73,0
101,2023,17,341,12.64,0,21.79,0
101,2023,17,342,12.64,0,21.81,0
101,2023,17,343,12.64,0,21.8,0
101,2023,17,344,12.64,0,21.72,0
101,2023,17,345,12.64,0,21.71,0
101,2023,17,346,12.64,0,21.71,0
101,2023,17,347,12.64,0,21.72,0
101,2023,17,348,12.64,0,21.72,0
101,2023,17,349,12.64,0,21.71,0
101,2023,17,350,12.64,0,21.71,0
101,2023,17,351,12.64,0,21.69,0
101,2023,17,352,12.64,0,21.69,0
101,2023,17,353,12.64,0,21.74,0
101,2023,17,354,12.64,0,21.74,0
101,2023,17,355,12.64,0,21.74,0
101,2023,17,356,12.64,0,21.75,0
101,2023,17,357,12.64,0,21.74,0
101,2023,17,358,12.64,0,21.73,0
101,2023,17,359,12.64,0,21.72,0
101,2023,17,400,12.64,0,21.72,0
101,2023,17,401,12.64,0,21.71,0
101,2023,17,402,12.64,0,21.67,0
101,2023,17,403,12.63,0,21.67,0
101,2023,17,404,12.63,0,21.66,0
101,2023,17,405,12.63,0,21.64,0
101,2023,17,406,12.63,0,21.63,0
101,2023,17,407,12.63,0,21.66,0
101,2023,17,408,12.63,0,21.66,0
101,2023,17,409,12.63,0,21.64,0
101,2023,17,410,12.63,0,21.63,0
101,2023,17,411,12.63,0,21.62,0
101,2023,17,412,12.63,0,21.6,0
101,2023,17,413,12.63,0,21.58,0
101,2023,17,414,12.63,0,21.58,0
101,2023,17,415,12.63,0,21.61,0
101,2023,17,416,12.63,0,21.63,0
101,2023,17,417,12.63,0,21.64,0
101,2023,17,418,12.63,0,21.63,0
101,2023,17,419,12.63,0,21.63,0
101,2023,17,420,12.63,0,21.64,0
101,2023,17,421,12.63,0,21.64,0
101,2023,17,422,12.63,0,21.65,0
101,2023,17,423,12.63,0,21.65,0
101,2023,17,424,12.63,0,21.66,0
101,2023,17,425,12.63,0,21.62,0
101,2023,17,426,12.63,0,21.6,0
101,2023,17,427,12.62,.028,21.55,0
101,2023,17,428,12.62,0,21.51,0
101,2023,17,429,12.62,0,21.52,0
101,2023,17,430,12.62,0,21.49,0
101,2023,17,431,12.62,.085,21.58,0
101,2023,17,432,12.62,0,21.63,0
101,2023,17,433,12.62,0,21.65,0
101,2023,17,434,12.62,0,21.62,0
101,2023,17,435,12.62,0,21.6,0
101,2023,17,436,12.62,0,21.61,0
101,2023,17,437,12.62,0,21.63,0
101,2023,17,438,12.62,0,21.63,0
101,2023,17,439,12.62,0,21.65,0
101,2023,17,440,12.62,0,21.6,0
101,2023,17,441,12.62,0,21.61,0
101,2023,17,442,12.62,0,21.56,0
101,2023,17,443,12.62,0,21.37,0
101,2023,17,444,12.62,0,21.49,0
101,2023,17,445,12.62,0,21.59,0
101,2023,17,446,12.62,0,21.66,0
101,2023,17,447,12.62,0,21.68,0
101,2023,17,448,12.62,0,21.68,0
101,2023,17,449,12.62,0,21.65,0
101,2023,17,450,12.62,0,21.65,0
101,2023,17,451,12.62,0,21.63,0
101,2023,17,452,12.62,0,21.61,0
101,2023,17,453,12.62,0,21.58,0
101,2023,17,454,12.62,0,21.57,0
101,2023,17,455,12.62,0,21.57,0
101,2023,17,456,12.62,0,21.57,0
101,2023,17,457,12.62,0,21.58,0
101,2023,17,458,12.62,0,21.64,0
101,2023,17,459,12.62,0,21.62,0
101,2023,17,500,12.62,.028,21.65,0
101,2023,17,501,12.61,.254,21.64,0
101,2023,17,502,12.62,.536,21.63,0
101,2023,17,503,12.61,.677,21.66,0
101,2023,17,504,12.61,.677,21.66,0
101,2023,17,505,12.61,1.072,21.6,0
101,2023,17,506,12.61,1.523,21.53,0
101,2023,17,507,12.61,2.312,21.52,0
101,2023,17,508,12.61,2.707,21.5,0
101,2023,17,509,12.61,2.679,21.52,0
101,2023,17,510,12.61,2.51,21.58,0
101,2023,17,511,12.61,2.651,21.59,0
101,2023,17,512,12.61,2.707,21.57,0
101,2023,17,513,12.61,2.933,21.55,0
101,2023,17,514,12.61,3.384,21.53,0
101,2023,17,515,12.61,3.919,21.52,0
101,2023,17,516,12.61,4.54,21.51,0
101,2023,17,517,12.61,5.47,21.5,0
101,2023,17,518,12.61,6.514,21.5,0
101,2023,17,519,12.61,7.27,21.49,0
101,2023,17,520,12.62,8.04,21.5,0
101,2023,17,521,12.62,8.8,21.5,0
101,2023,17,522,12.62,9.47,21.5,0
101,2023,17,523,12.63,10.24,21.5,0
101,2023,17,524,12.64,11.25,21.49,0
101,2023,17,525,12.65,12.12,21.49,0
101,2023,17,526,12.67,13.08,21.5,0
101,2023,17,527,12.67,14.24,21.52,0
101,2023,17,528,12.68,15.45,21.55,0
101,2023,17,529,12.69,16.66,21.55,0
101,2023,17,530,12.7,17.6,21.57,0
101,2023,17,531,12.72,18.5,21.6,0
101,2023,17,532,12.74,19.51,21.61,0
101,2023,17,533,12.76,20.64,21.62,0
101,2023,17,534,12.78,21.8,21.62,0
101,2023,17,535,12.8,23.04,21.61,0
101,2023,17,536,12.81,24.25,21.6,0
101,2023,17,537,12.83,25.43,21.61,0
101,2023,17,538,12.85,26.48,21.63,0
101,2023,17,539,12.87,27.58,21.61,0
101,2023,17,540,12.88,28.48,21.58,0
101,2023,17,541,12.9,29.66,21.62,0
101,2023,17,542,12.92,31.05,21.65,0
101,2023,17,543,12.94,32.68,21.63,0
101,2023,17,544,12.96,34.57,21.64,0
101,2023,17,545,12.99,40.24,21.68,0
101,2023,17,546,13.01,47.03,21.7,0
101,2023,17,547,13.04,48.16,21.69,0
101,2023,17,548,13.08,48.3,21.69,0
101,2023,17,549,13.14,53.63,21.68,0
101,2023,17,550,13.22,60.03,21.72,0
101,2023,17,551,13.24,73.1,21.75,0
101,2023,17,552,13.25,91.9,21.8,0
101,2023,17,553,13.25,101.1,21.88,0
101,2023,17,554,13.25,101.8,21.93,0
101,2023,17,555,13.25,97.9,21.99,0
101,2023,17,556,13.25,86.8,22.06,0
101,2023,17,557,13.25,75.2,22.15,0
101,2023,17,558,13.25,79.1,22.25,0
101,2023,17,559,13.25,86,22.31,0
101,2023,17,600,13.25,78.1,22.36,0
101,2023,17,601,13.25,78.2,22.39,0
101,2023,17,602,13.25,76.6,22.44,0
101,2023,17,603,13.25,70.3,22.45,0
101,2023,17,604,13.25,67.62,22.49,0
101,2023,17,605,13.25,70.8,22.51,0
101,2023,17,606,13.25,77.2,22.46,0
101,2023,17,607,13.25,78,22.41,0
101,2023,17,608,13.25,75.8,22.39,0
101,2023,17,609,13.25,81.9,22.33,0
101,2023,17,610,13.25,98.3,22.34,0
101,2023,17,611,13.25,122,22.38,0
101,2023,17,612,13.25,128.5,22.4,0
101,2023,17,613,13.25,119.1,22.43,0
101,2023,17,614,13.25,125.1,22.5,0
101,2023,17,615,13.25,133.8,22.57,0
101,2023,17,616,13.24,134.1,22.72,0
101,2023,17,617,13.24,132,22.79,0
101,2023,17,618,13.24,142.3,22.83,0
101,2023,17,619,13.24,147.5,22.88,0
101,2023,17,620,13.24,138.2,22.99,0
101,2023,17,621,13.24,150.9,23.05,0
101,2023,17,622,13.24,164.1,23.15,0
101,2023,17,623,13.24,176.6,23.16,0
101,2023,17,624,13.24,177.9,23.13,0
101,2023,17,625,13.24,149.2,23.29,0
101,2023,17,626,13.23,134.1,23.4,0
101,2023,17,627,13.23,139.1,23.62,0
101,2023,17,628,13.23,106.6,23.64,0
101,2023,17,629,13.23,102.3,23.61,0
101,2023,17,630,13.23,93.5,23.6,0
101,2023,17,631,13.23,90.3,23.65,0
101,2023,17,632,13.23,93.8,23.64,0
101,2023,17,633,13.23,93.8,23.55,0
101,2023,17,634,13.23,99.6,23.52,0
101,2023,17,635,13.23,123.5,23.51,0
101,2023,17,636,13.23,150.1,23.5,0
101,2023,17,637,13.23,167.2,23.53,0
101,2023,17,638,13.23,171.6,23.57,0
101,2023,17,639,13.23,161.5,23.59,0
101,2023,17,640,13.23,122,23.58,0
101,2023,17,641,13.23,94.1,23.52,0
101,2023,17,642,13.23,88.2,23.51,0
101,2023,17,643,13.23,84.6,23.53,0
101,2023,17,644,13.23,80.1,23.55,0
101,2023,17,645,13.22,76.2,23.57,0
101,2023,17,646,13.23,73.7,23.57,0
101,2023,17,647,13.23,71.7,23.51,0
101,2023,17,648,13.22,68.43,23.45,0
101,2023,17,649,13.23,64.26,23.48,0
101,2023,17,650,13.23,61.19,23.46,0
101,2023,17,651,13.23,64.88,23.4,0
101,2023,17,652,13.23,82.9,23.38,0
101,2023,17,653,13.23,116.9,23.38,0
101,2023,17,654,13.23,168.5,23.38,0
101,2023,17,655,13.23,218.4,23.38,0
101,2023,17,656,13.23,220.6,23.53,0
101,2023,17,657,13.23,211.3,23.67,0
101,2023,17,658,13.23,205.1,23.75,0
101,2023,17,659,13.22,224.9,23.85,0
101,2023,17,700,13.22,251.7,23.98,0
101,2023,17,701,13.22,264.6,24.08,0
101,2023,17,702,13.22,264,24.34,0
101,2023,17,703,13.22,265.5,24.58,0
101,2023,17,704,13.22,268.6,24.79,0
101,2023,17,705,13.22,288.9,24.89,0
101,2023,17,706,13.22,316.4,25.07,0
101,2023,17,707,13.21,336.9,25.32,0
101,2023,17,708,13.21,328.9,25.46,0
101,2023,17,709,13.21,340.5,25.56,0
101,2023,17,710,13.21,344.1,25.76,0
101,2023,17,711,13.2,346.1,25.86,0
101,2023,17,712,13.2,347.2,25.95,0
101,2023,17,713,13.2,352,26.03,0
101,2023,17,714,13.2,355.8,26.13,0
101,2023,17,715,13.2,372,26.1,0
101,2023,17,716,13.19,384.1,26.15,0
101,2023,17,717,13.19,393,25.96,0
101,2023,17,718,13.19,395.2,25.76,0
101,2023,17,719,13.18,401.8,25.76,0
101,2023,17,720,13.18,409,25.89,0
101,2023,17,721,13.18,414.4,26.03,0
101,2023,17,722,13.18,419.5,26.28,0
101,2023,17,723,13.18,422.5,26.44,0
101,2023,17,724,13.18,422.7,26.38,0
101,2023,17,725,13.17,425.4,26.25,0
101,2023,17,726,13.17,429.4,26.28,0
101,2023,17,727,13.17,431.2,26.16,0
101,2023,17,728,13.17,432.1,26.26,0
101,2023,17,729,13.16,431,26.37,0
101,2023,17,730,13.16,430.2,26.35,0
101,2023,17,731,13.16,434.7,26.38,0
101,2023,17,732,13.16,439.4,26.3,0
101,2023,17,733,13.16,444.7,26.61,0
101,2023,17,734,13.15,448.4,26.45,0
101,2023,17,735,13.15,444,26.41,0
101,2023,17,736,13.15,431.5,26.48,0
101,2023,17,737,13.15,407.5,26.6,0
101,2023,17,738,13.15,457.1,26.62,0
101,2023,17,739,13.14,401.3,26.5,0
101,2023,17,740,13.14,448.8,26.42,0
101,2023,17,741,13.14,464.2,26.31,0
101,2023,17,742,13.14,485.4,26.31,0
101,2023,17,743,13.14,483.8,26.3,0
101,2023,17,744,13.14,489.5,26.38,0
101,2023,17,745,13.14,495.1,26.25,0
101,2023,17,746,13.13,503.6,26.34,0
101,2023,17,747,13.13,510.2,26.47,0
101,2023,17,748,13.13,519.7,26.45,0
101,2023,17,749,13.13,517.6,26.46,0
101,2023,17,750,13.13,520.5,26.45,0
101,2023,17,751,13.13,479.2,26.48,0
101,2023,17,752,13.13,481.7,26.52,0
101,2023,17,753,13.13,534.6,26.58,0
101,2023,17,754,13.12,536.5,26.49,0
101,2023,17,755,13.12,278.1,26.39,0
101,2023,17,756,13.12,353.1,26.41,0
101,2023,17,757,13.12,563.3,26.45,0
101,2023,17,758,13.12,603.5,26.61,0
101,2023,17,759,13.12,524.8,26.75,0
101,2023,17,800,13.12,314.5,26.65,0
101,2023,17,801,13.12,367.7,26.65,0
101,2023,17,802,13.12,556.2,26.63,0
101,2023,17,803,13.12,314.1,26.7,0
101,2023,17,804,13.12,216.6,26.76,0
101,2023,17,805,13.12,157.3,26.71,0
101,2023,17,806,13.12,130.8,26.73,0
101,2023,17,807,13.12,110.1,26.69,0
101,2023,17,808,13.12,105.3,26.53,0
101,2023,17,809,13.12,116.4,26.36,0
101,2023,17,810,13.12,151.8,26.35,0
101,2023,17,811,13.13,209.8,26.28,0
101,2023,17,812,13.13,256.7,26.24,0
101,2023,17,813,13.13,352.8,26.17,0
101,2023,17,814,13.13,303.3,26.13,0
101,2023,17,815,13.13,311.6,26.1,0
101,2023,17,816,13.13,376.1,26.1,0
101,2023,17,817,13.13,319.3,26.1,0
101,2023,17,818,13.13,292.4,26.1,0
101,2023,17,819,13.13,265.8,26.06,0
101,2023,17,820,13.13,288.7,26.08,0
101,2023,17,821,13.13,269.5,26.14,0
101,2023,17,822,13.13,244.2,26.14,0
101,2023,17,823,13.13,230.3,26.11,0
101,2023,17,824,13.13,238.5,26.14,0
101,2023,17,825,13.14,247.1,26.06,0
101,2023,17,826,13.14,250.6,26.05,0
101,2023,17,827,13.14,249.7,25.98,0
101,2023,17,828,13.14,250.8,25.97,0
101,2023,17,829,13.14,256.2,26.01,0
101,2023,17,830,13.14,255.2,26.02,0
101,2023,17,831,13.14,275.7,25.96,0
101,2023,17,832,13.14,379.2,25.97,0
101,2023,17,833,13.14,289,25.97,0
101,2023,17,834,13.14,304.1,25.99,0
101,2023,17,835,13.14,321.2,26.01,0
101,2023,17,836,13.14,337.5,26.05,0
101,2023,17,837,13.14,357.3,26.05,0
101,2023,17,838,13.14,369.8,26.15,0
101,2023,17,839,13.14,379,26.2,0
101,2023,17,840,13.14,393.8,26.26,0
101,2023,17,841,13.14,449.3,26.26,0
101,2023,17,842,13.14,780,26.29,0
101,2023,17,843,13.14,840,26.41,0
101,2023,17,844,13.14,853,26.75,0
101,2023,17,845,13.14,861,26.96,0
101,2023,17,846,13.13,845,27.15,0
101,2023,17,847,13.13,866,27.08,0
101,2023,17,848,13.13,881,26.81,0
101,2023,17,849,13.13,886,26.77,0
101,2023,17,850,13.12,873,26.82,0
101,2023,17,851,13.12,866,26.93,0
101,2023,17,852,13.12,866,27.15,0
101,2023,17,853,13.12,853,27.44,0
101,2023,17,854,13.11,832,27.44,0
101,2023,17,855,13.11,816,27.29,0
101,2023,17,856,13.11,804,27.28,0
101,2023,17,857,13.11,813,27.31,0
101,2023,17,858,13.1,851,27.28,0
101,2023,17,859,13.11,851,27.39,0
101,2023,17,900,13.1,762,27.43,0
101,2023,17,901,13.1,666.7,27.46,0
101,2023,17,902,13.1,724,27.42,0
101,2023,17,903,13.1,828,27.61,0
101,2023,17,904,13.1,712,27.6,0
101,2023,17,905,13.1,392.4,27.48,0
101,2023,17,906,13.1,367.8,27.5,0
101,2023,17,907,13.1,315,27.42,0
101,2023,17,908,13.09,265.1,27.42,0
101,2023,17,909,13.1,252.5,27.27,0
101,2023,17,910,13.1,240.7,27.19,0
101,2023,17,911,13.1,214.1,27.23,0
101,2023,17,912,13.1,188.3,27.24,0
101,2023,17,913,13.1,178.6,27.25,0
101,2023,17,914,13.1,176,27.24,0
101,2023,17,915,13.1,174.3,27.25,0
101,2023,17,916,13.1,173.8,27.27,0
101,2023,17,917,13.1,178.8,27.2,0
101,2023,17,918,13.1,193.1,27.17,0
101,2023,17,919,13.1,229,27.09,0
101,2023,17,920,13.11,269.2,27.14,0
101,2023,17,921,13.11,347.3,27.12,0
101,2023,17,922,13.11,350.7,27.19,0
101,2023,17,923,13.11,325.3,27.21,0
101,2023,17,924,13.11,457.3,27.29,0
101,2023,17,925,13.11,582.1,27.38,0
101,2023,17,926,13.11,770,27.36,0
101,2023,17,927,13.11,505,27.19,0
101,2023,17,928,13.11,378.7,27.1,0
101,2023,17,929,13.11,415.1,26.99,0
101,2023,17,930,13.11,379.5,27.05,0
101,2023,17,931,13.11,349.2,27.27,0
101,2023,17,932,13.11,331.4,27.4,0
101,2023,17,933,13.11,324.3,27.37,0
101,2023,17,934,13.11,329.4,27.36,0
101,2023,17,935,13.11,357.4,27.25,0
101,2023,17,936,13.11,442.1,27.21,0
101,2023,17,937,13.11,494.8,27.06,0
101,2023,17,938,13.11,570.9,27.08,0
101,2023,17,939,13.11,650,27.11,0
101,2023,17,940,13.11,393.8,27.08,0
101,2023,17,941,13.11,349.3,27.06,0
101,2023,17,942,13.11,326,27.14,0
101,2023,17,943,13.11,310.8,27.24,0
101,2023,17,944,13.11,306.4,27.27,0
101,2023,17,945,13.11,309.1,27.09,0
101,2023,17,946,13.11,312.4,27.1,0
101,2023,17,947,13.11,315.7,27.18,0
101,2023,17,948,13.1,317.5,27.16,0
101,2023,17,949,13.11,322.9,27.18,0
101,2023,17,950,13.11,334.9,27.25,0
101,2023,17,951,13.11,361.4,27.3,0
101,2023,17,952,13.11,399.3,27.33,0
101,2023,17,953,13.11,496,27.25,0
101,2023,17,954,13.11,456.7,27.3,0
101,2023,17,955,13.11,568.2,27.42,0
101,2023,17,956,13.11,397.8,27.58,0
101,2023,17,957,13.1,360,27.59,0
101,2023,17,958,13.11,368.7,27.62,0
101,2023,17,959,13.1,391,27.62,0
101,2023,17,1000,13.1,417.9,27.61,0
101,2023,17,1001,13.11,497.6,27.68,0
101,2023,17,1002,13.1,497.8,27.95,0
101,2023,17,1003,13.11,556.3,28.18,0
101,2023,17,1004,13.1,712,28.23,0
101,2023,17,1005,13.1,834,28.24,0
101,2023,17,1006,13.1,770,28.08,0
101,2023,17,1007,13.11,1005,28.24,0
101,2023,17,1008,13.1,916,28.36,0
101,2023,17,1009,13.1,1119,28.52,0
101,2023,17,1010,13.1,1044,28.53,0
101,2023,17,1011,13.1,895,28.77,0
101,2023,17,1012,13.1,843,28.79,0
101,2023,17,1013,13.1,936,28.64,0
101,2023,17,1014,13.1,911,28.68,0
101,2023,17,1015,13.1,825,29.04,0
101,2023,17,1016,13.09,849,29.03,0
101,2023,17,1017,13.1,650.5,29.18,0
101,2023,17,1018,13.09,523,29.4,0
101,2023,17,1019,13.09,473.4,29.2,0
101,2023,17,1020,13.09,446.3,29,0
101,2023,17,1021,13.09,428.9,28.86,0
101,2023,17,1022,13.09,430.8,28.56,0
101,2023,17,1023,13.09,441,28.59,0
101,2023,17,1024,13.09,430.9,28.71,0
101,2023,17,1025,13.09,424.5,28.72,0
101,2023,17,1026,13.09,443.4,28.63,0
101,2023,17,1027,13.09,498.5,28.58,0
101,2023,17,1028,13.09,542.8,28.59,0
101,2023,17,1029,13.09,575.5,28.57,0
101,2023,17,1030,13.09,602.9,28.61,0
101,2023,17,1031,13.09,568.4,28.72,0
101,2023,17,1032,13.09,524.5,28.79,0
101,2023,17,1033,13.09,544.4,28.8,0
101,2023,17,1034,13.09,588.1,28.91,0
101,2023,17,1035,13.09,673.6,28.87,0
101,2023,17,1036,13.09,633.2,28.86,0
101,2023,17,1037,13.09,722,28.81,0
101,2023,17,1038,13.09,718,29.04,0
101,2023,17,1039,13.09,810,29.32,0
101,2023,17,1040,13.09,803,29.58,0
101,2023,17,1041,13.09,688,29.61,0
101,2023,17,1042,13.09,669.7,29.47,0
101,2023,17,1043,13.09,645.7,29.43,0
101,2023,17,1044,13.09,630.8,29.46,0
101,2023,17,1045,13.09,703,29.4,0
101,2023,17,1046,13.09,651.4,29.26,0
101,2023,17,1047,13.09,633.7,29.2,0
101,2023,17,1048,13.09,542,29.07,0
101,2023,17,1049,13.09,457.2,28.94,0
101,2023,17,1050,13.09,420.6,28.77,0
101,2023,17,1051,13.09,391.2,28.82,0
101,2023,17,1052,13.09,364.2,28.97,0
101,2023,17,1053,13.09,341.8,28.93,0
101,2023,17,1054,13.09,320.8,29.02,0
101,2023,17,1055,13.09,301.9,29.05,0
101,2023,17,1056,13.09,298,29.03,0
101,2023,17,1057,13.09,298.3,28.99,0
101,2023,17,1058,13.09,289.9,28.96,0
101,2023,17,1059,13.09,281.7,28.88,0
101,2023,17,1100,13.09,281.6,28.82,0
101,2023,17,1101,13.09,289.4,28.77,0
101,2023,17,1102,13.09,306.1,28.77,0
101,2023,17,1103,13.09,335.4,28.68,0
101,2023,17,1104,13.09,374,28.69,0
101,2023,17,1105,13.09,423,28.69,0
101,2023,17,1106,13.09,476.3,28.63,0
101,2023,17,1107,13.09,553.1,28.52,0
101,2023,17,1108,13.09,667.9,28.51,0
101,2023,17,1109,13.09,693.7,28.6,0
101,2023,17,1110,13.09,796,28.63,0
101,2023,17,1111,13.09,1148,28.82,0
101,2023,17,1112,13.09,889,28.96,0
101,2023,17,1113,13.09,1183,28.89,0
101,2023,17,1114,13.09,1161,29.06,0
101,2023,17,1115,13.09,872,29.17,0
101,2023,17,1116,13.09,1109,29.18,0
101,2023,17,1117,13.09,1018,29.36,0
101,2023,17,1118,13.09,1205,29.39,0
101,2023,17,1119,13.09,1101,29.56,0
101,2023,17,1120,13.09,1099,29.63,0
101,2023,17,1121,13.09,1008,29.67,0
101,2023,17,1122,13.09,682.4,30.04,0
101,2023,17,1123,13.08,795,30.04,0
101,2023,17,1124,13.08,1090,30.1,0
101,2023,17,1125,13.08,936,30.31,0
101,2023,17,1126,13.08,586.4,29.92,0
101,2023,17,1127,13.08,721,29.69,0
101,2023,17,1128,13.08,399.1,29.53,0
101,2023,17,1129,13.09,370.6,29.52,0
101,2023,17,1130,13.08,397.2,29.53,0
101,2023,17,1131,13.09,423.4,29.39,0
101,2023,17,1132,13.08,422,29.25,0
101,2023,17,1133,13.08,435.1,29.24,0
101,2023,17,1134,13.09,453.3,29.3,0
101,2023,17,1135,13.08,465.9,29.33,0
101,2023,17,1136,13.08,652.8,29.38,0
101,2023,17,1137,13.08,929,29.55,0
101,2023,17,1138,13.08,943,29.57,0
101,2023,17,1139,13.08,1177,29.71,0
101,2023,17,1140,13.08,1021,30.08,0
101,2023,17,1141,13.09,911,29.94,0
101,2023,17,1142,13.08,772,29.69,0
101,2023,17,1143,13.08,724,29.61,0
101,2023,17,1144,13.08,639.8,29.56,0
101,2023,17,1145,13.09,570,29.38,0
101,2023,17,1146,13.08,448.8,29.3,0
101,2023,17,1147,13.09,469.1,29.37,0
101,2023,17,1148,13.08,857,29.4,0
101,2023,17,1149,13.08,430.3,29.25,0
101,2023,17,1150,13.08,352,29.25,0
101,2023,17,1151,13.09,408,29.35,0
101,2023,17,1152,13.08,571.3,29.23,0
101,2023,17,1153,13.08,582.7,29.01,0
101,2023,17,1154,13.08,589.1,28.96,0
101,2023,17,1155,13.09,492.2,28.97,0
101,2023,17,1156,13.08,642.6,29.1,0
101,2023,17,1157,13.09,1009,29.17,0
101,2023,17,1158,13.08,976,29.23,0
101,2023,17,1159,13.09,667.2,29.15,0
101,2023,17,1200,13.08,497,29.07,0
101,2023,17,1201,13.08,450.4,29.06,0
101,2023,17,1202,13.09,546.2,29.02,0
101,2023,17,1203,13.09,868,29.18,0
101,2023,17,1204,13.08,1134,29.2,0
101,2023,17,1205,13.09,866,29.3,0
101,2023,17,1206,13.08,742,29.54,0
101,2023,17,1207,13.09,708,29.7,0
101,2023,17,1208,13.09,1118,29.62,0
101,2023,17,1209,13.08,1145,29.48,0
101,2023,17,1210,13.08,1235,29.76,0
101,2023,17,1211,13.08,1102,29.89,0
101,2023,17,1212,13.08,828,29.59,0
101,2023,17,1213,13.08,699.3,29.32,0
101,2023,17,1214,13.08,1057,29.24,0
101,2023,17,1215,13.08,573.5,29.45,0
101,2023,17,1216,13.08,693.5,29.6,0
101,2023,17,1217,13.08,1193,29.65,0
101,2023,17,1218,13.08,1172,29.7,0
101,2023,17,1219,13.08,1116,29.56,0
101,2023,17,1220,13.08,1134,29.63,0
101,2023,17,1221,13.08,723,29.61,0
101,2023,17,1222,13.08,417.6,29.6,0
101,2023,17,1223,13.08,709,29.47,0
101,2023,17,1224,13.08,723,29.34,0
101,2023,17,1225,13.08,680,29.25,0
101,2023,17,1226,13.08,901,29.3,0
101,2023,17,1227,13.08,965,29.58,0
101,2023,17,1228,13.08,461.6,29.82,0
101,2023,17,1229,13.08,418.6,29.7,0
101,2023,17,1230,13.08,451.6,29.52,0
101,2023,17,1231,13.08,549.5,29.61,0
101,2023,17,1232,13.08,546.8,29.73,0
101,2023,17,1233,13.08,445.8,29.93,0
101,2023,17,1234,13.08,386.3,29.72,0
101,2023,17,1235,13.08,402.4,29.54,0
101,2023,17,1236,13.08,525.4,29.55,0
101,2023,17,1237,13.08,558.6,29.43,0
101,2023,17,1238,13.08,546.8,29.31,0
101,2023,17,1239,13.08,717,29.4,0
101,2023,17,1240,13.08,553,29.58,0
101,2023,17,1241,13.08,582.2,29.5,0
101,2023,17,1242,13.08,499.6,29.47,0
101,2023,17,1243,13.08,366.2,29.46,0
101,2023,17,1244,13.08,325.9,29.59,0
101,2023,17,1245,13.08,338.8,29.68,0
101,2023,17,1246,13.08,350.3,29.56,0
101,2023,17,1247,13.08,312.4,29.38,0
101,2023,17,1248,13.08,292.6,29.32,0
101,2023,17,1249,13.08,286.1,29.28,0
101,2023,17,1250,13.08,296.8,29.3,0
101,2023,17,1251,13.08,333.9,29.19,0
101,2023,17,1252,13.08,387.7,29.27,0
101,2023,17,1253,13.08,680,29.4,0
101,2023,17,1254,13.08,501.4,29.49,0
101,2023,17,1255,13.08,433.1,29.46,0
101,2023,17,1256,13.09,495.8,29.45,0
101,2023,17,1257,13.09,633.4,29.47,0
101,2023,17,1258,13.08,1062,29.43,0
101,2023,17,1259,13.08,518,29.58,0
101,2023,17,1300,13.08,301.2,29.36,0
101,2023,17,1301,13.08,278.4,29.29,0
101,2023,17,1302,13.08,285.1,29.11,0
101,2023,17,1303,13.08,317.9,29.01,0
101,2023,17,1304,13.08,371.4,29.05,0
101,2023,17,1305,13.08,659.1,29.03,0
101,2023,17,1306,13.08,889,29.11,0
101,2023,17,1307,13.08,468.3,29.33,0
101,2023,17,1308,13.09,334.4,29.59,0
101,2023,17,1309,13.08,318.3,29.61,0
101,2023,17,1310,13.08,324.3,29.55,0
101,2023,17,1311,13.09,334.7,29.45,0
101,2023,17,1312,13.08,388.1,29.28,0
101,2023,17,1313,13.08,981,29.32,0
101,2023,17,1314,13.08,949,29.57,0
101,2023,17,1315,13.08,1040,29.85,0
101,2023,17,1316,13.08,663.7,30.07,0
101,2023,17,1317,13.09,924,30.14,0
101,2023,17,1318,13.08,503.2,30.14,0
101,2023,17,1319,13.08,434.5,30.03,0
101,2023,17,1320,13.08,394.2,29.88,0
101,2023,17,1321,13.08,408.9,29.81,0
101,2023,17,1322,13.08,331.4,29.81,0
101,2023,17,1323,13.08,310.3,29.54,0
101,2023,17,1324,13.08,592.5,29.57,0
101,2023,17,1325,13.08,969,29.56,0
101,2023,17,1326,13.08,1020,29.56,0
101,2023,17,1327,13.08,914,29.65,0
101,2023,17,1328,13.08,892,29.69,0
101,2023,17,1329,13.08,1012,29.77,0
101,2023,17,1330,13.08,1021,30.09,0
101,2023,17,1331,13.08,1055,30.17,0
101,2023,17,1332,13.08,666.4,29.93,0
101,2023,17,1333,13.08,345.5,29.86,0
101,2023,17,1334,13.08,336.7,29.88,0
101,2023,17,1335,13.08,360.8,29.77,0
101,2023,17,1336,13.08,706,29.49,0
101,2023,17,1337,13.08,1043,29.44,0
101,2023,17,1338,13.08,1016,29.58,0
101,2023,17,1339,13.08,585.1,29.46,0
101,2023,17,1340,13.08,381.5,29.53,0
101,2023,17,1341,13.08,364.3,29.63,0
101,2023,17,1342,13.08,394.5,29.58,0
101,2023,17,1343,13.08,544,29.46,0
101,2023,17,1344,13.08,840,29.48,0
101,2023,17,1345,13.08,598.4,29.76,0
101,2023,17,1346,13.08,763,29.67,0
101,2023,17,1347,13.08,1011,29.7,0
101,2023,17,1348,13.08,942,29.7,0
101,2023,17,1349,13.08,830,29.65,0
101,2023,17,1350,13.09,950,29.62,0
101,2023,17,1351,13.08,971,29.9,0
101,2023,17,1352,13.08,935,29.96,0
101,2023,17,1353,13.08,957,29.89,0
101,2023,17,1354,13.08,967,29.89,0
101,2023,17,1355,13.08,967,29.98,0
101,2023,17,1356,13.08,881,30.18,0
101,2023,17,1357,13.08,962,30.53,0
101,2023,17,1358,13.08,949,30.6,0
101,2023,17,1359,13.08,965,30.59,0
101,2023,17,1400,13.08,1024,30.42,0
101,2023,17,1401,13.08,1044,30.38,0
101,2023,17,1402,13.08,1065,30.39,0
101,2023,17,1403,13.08,1079,30.56,0
101,2023,17,1404,13.08,641.5,30.8,0
101,2023,17,1405,13.08,384.4,30.61,0
101,2023,17,1406,13.08,384.9,30.14,0
101,2023,17,1407,13.08,573.3,29.83,0
101,2023,17,1408,13.08,729,29.91,0
101,2023,17,1409,13.08,428.9,30.02,0
101,2023,17,1410,13.08,358.9,29.97,0
101,2023,17,1411,13.08,321.8,29.83,0
101,2023,17,1412,13.08,328.4,29.71,0
101,2023,17,1413,13.08,373.2,29.52,0
101,2023,17,1414,13.08,446.6,29.35,0
101,2023,17,1415,13.08,445.4,29.34,0
101,2023,17,1416,13.08,350.5,29.31,0
101,2023,17,1417,13.08,291.9,29.28,0
101,2023,17,1418,13.08,268.1,29.3,0
101,2023,17,1419,13.08,250.6,29.16,0
101,2023,17,1420,13.08,238.3,29.09,0
101,2023,17,1421,13.08,233.5,29.08,0
101,2023,17,1422,13.08,233.9,29.08,0
101,2023,17,1423,13.08,224.1,28.98,0
101,2023,17,1424,13.08,236.9,28.85,0
101,2023,17,1425,13.08,260.7,28.81,0
101,2023,17,1426,13.08,282.5,28.78,0
101,2023,17,1427,13.08,299.5,28.85,0
101,2023,17,1428,13.08,352.4,28.88,0
101,2023,17,1429,13.08,537.5,28.85,0
101,2023,17,1430,13.08,549.1,28.98,0
101,2023,17,1431,13.08,377.7,28.99,0
101,2023,17,1432,13.08,461.5,28.82,0
101,2023,17,1433,13.08,526.2,28.71,0
101,2023,17,1434,13.08,819,28.86,0
101,2023,17,1435,13.08,724,29.03,0
101,2023,17,1436,13.08,710,29.06,0
101,2023,17,1437,13.09,789,28.98,0
101,2023,17,1438,13.08,806,29.2,0
101,2023,17,1439,13.09,677.9,29.15,0
101,2023,17,1440,13.09,726,29.22,0
101,2023,17,1441,13.09,310.1,29.37,0
101,2023,17,1442,13.09,216.8,29.28,0
101,2023,17,1443,13.09,210.4,29.29,0
101,2023,17,1444,13.09,244.3,29.29,0
101,2023,17,1445,13.09,340,29.19,0
101,2023,17,1446,13.09,335.8,29.07,0
101,2023,17,1447,13.09,330.9,29.14,0
101,2023,17,1448,13.09,340.3,29.03,0
101,2023,17,1449,13.09,503.5,29.13,0
101,2023,17,1450,13.09,744,29.28,0
101,2023,17,1451,13.09,748,29.29,0
101,2023,17,1452,13.09,749,29.32,0
101,2023,17,1453,13.09,756,29.28,0
101,2023,17,1454,13.09,764,29.3,0
101,2023,17,1455,13.09,776,29.38,0
101,2023,17,1456,13.09,794,29.5,0
101,2023,17,1457,13.09,813,29.6,0
101,2023,17,1458,13.09,676.2,29.66,0
101,2023,17,1459,13.09,838,29.75,0
101,2023,17,1500,13.09,849,29.69,0
101,2023,17,1501,13.09,615.8,29.43,0
101,2023,17,1502,13.09,297.3,29.3,0
101,2023,17,1503,13.09,256.9,29.18,0
101,2023,17,1504,13.09,225.7,29.07,0
101,2023,17,1505,13.09,196,28.91,0
101,2023,17,1506,13.09,182.4,28.87,0
101,2023,17,1507,13.09,180,28.81,0
101,2023,17,1508,13.09,181.9,28.75,0
101,2023,17,1509,13.09,186.6,28.66,0
101,2023,17,1510,13.09,200.2,28.56,0
101,2023,17,1511,13.09,271,28.5,0
101,2023,17,1512,13.09,313,28.52,0
101,2023,17,1513,13.09,350.2,28.48,0
101,2023,17,1514,13.09,278.5,28.47,0
101,2023,17,1515,13.09,252.9,28.46,0
101,2023,17,1516,13.09,257.9,28.47,0
101,2023,17,1517,13.09,269.1,28.44,0
101,2023,17,1518,13.09,279.7,28.48,0
101,2023,17,1519,13.09,318.6,28.42,0
101,2023,17,1520,13.09,375.3,28.43,0
101,2023,17,1521,13.1,371.3,28.49,0
101,2023,17,1522,13.09,277,28.53,0
101,2023,17,1523,13.1,260.4,28.51,0
101,2023,17,1524,13.09,261,28.47,0
101,2023,17,1525,13.1,265.7,28.52,0
101,2023,17,1526,13.1,286.5,28.48,0
101,2023,17,1527,13.1,267.4,28.35,0
101,2023,17,1528,13.1,256.2,28.3,0
101,2023,17,1529,13.1,265.3,28.28,0
101,2023,17,1530,13.1,264,28.2,0
101,2023,17,1531,13.1,268.8,28.14,0
101,2023,17,1532,13.1,262.9,28.2,0
101,2023,17,1533,13.1,251,28.28,0
101,2023,17,1534,13.1,244.4,28.33,0
101,2023,17,1535,13.1,244.7,28.34,0
101,2023,17,1536,13.1,242.7,28.28,0
101,2023,17,1537,13.1,257.5,28.29,0
101,2023,17,1538,13.1,311.3,28.26,0
101,2023,17,1539,13.1,312.3,28.21,0
101,2023,17,1540,13.1,283.2,28.23,0
101,2023,17,1541,13.1,278.2,28.29,0
101,2023,17,1542,13.1,281,28.24,0
101,2023,17,1543,13.1,284.3,28.23,0
101,2023,17,1544,13.1,289.6,28.27,0
101,2023,17,1545,13.1,277.8,28.36,0
101,2023,17,1546,13.1,285.8,28.31,0
101,2023,17,1547,13.1,313.7,28.22,0
101,2023,17,1548,13.1,404.7,28.18,0
101,2023,17,1549,13.1,391.5,28.24,0
101,2023,17,1550,13.1,233.5,28.17,0
101,2023,17,1551,13.1,180.6,28.15,0
101,2023,17,1552,13.1,170.3,28.18,0
101,2023,17,1553,13.1,158.4,28.19,0
101,2023,17,1554,13.1,151.9,28.14,0
101,2023,17,1555,13.1,148.4,28.07,0
101,2023,17,1556,13.1,142,28,0
101,2023,17,1557,13.11,134,27.98,0
101,2023,17,1558,13.1,126.7,27.91,0
101,2023,17,1559,13.1,120.2,27.82,0
101,2023,17,1600,13.1,114.8,27.77,0
101,2023,17,1601,13.1,110.9,27.77,0
101,2023,17,1602,13.1,124.3,27.76,0
101,2023,17,1603,13.1,162.8,27.73,0
101,2023,17,1604,13.1,130,27.71,0
101,2023,17,1605,13.11,111.9,27.7,0
101,2023,17,1606,13.1,111.5,27.68,0
101,2023,17,1607,13.1,134.6,27.67,0
101,2023,17,1608,13.1,212.5,27.66,0
101,2023,17,1609,13.1,135.5,27.68,0
101,2023,17,1610,13.1,118.4,27.7,0
101,2023,17,1611,13.11,123.9,27.7,0
101,2023,17,1612,13.11,218.8,27.7,0
101,2023,17,1613,13.11,236.9,27.72,0
101,2023,17,1614,13.11,155,27.74,0
101,2023,17,1615,13.11,136.8,27.75,0
101,2023,17,1616,13.11,130.1,27.77,0
101,2023,17,1617,13.11,117.1,27.7,0
101,2023,17,1618,13.11,109.7,27.69,0
101,2023,17,1619,13.11,108.9,27.65,0
101,2023,17,1620,13.11,109.1,27.61,0
101,2023,17,1621,13.11,110.5,27.55,0
101,2023,17,1622,13.11,112.4,27.51,0
101,2023,17,1623,13.11,114.7,27.47,0
101,2023,17,1624,13.11,115.9,27.44,0
101,2023,17,1625,13.11,117.7,27.42,0
101,2023,17,1626,13.11,120.1,27.42,0
101,2023,17,1627,13.11,122.8,27.41,0
101,2023,17,1628,13.11,126.2,27.4,0
101,2023,17,1629,13.11,134.2,27.38,0
101,2023,17,1630,13.11,133.7,27.37,0
101,2023,17,1631,13.11,142.4,27.36,0
101,2023,17,1632,13.11,137.7,27.3,0
101,2023,17,1633,13.11,138.8,27.33,0
101,2023,17,1634,13.11,139.5,27.33,0
101,2023,17,1635,13.11,139,27.36,0
101,2023,17,1636,13.11,136.6,27.36,0
101,2023,17,1637,13.11,130.6,27.32,0
101,2023,17,1638,13.11,125.9,27.32,0
101,2023,17,1639,13.12,122.1,27.32,0
101,2023,17,1640,13.12,119.3,27.31,0
101,2023,17,1641,13.12,115.5,27.33,0
101,2023,17,1642,13.12,111.5,27.31,0
101,2023,17,1643,13.12,107,27.32,0
101,2023,17,1644,13.12,102.4,27.26,0
101,2023,17,1645,13.12,98.3,27.27,0
101,2023,17,1646,13.12,94.5,27.24,0
101,2023,17,1647,13.12,91.8,27.2,0
101,2023,17,1648,13.12,88.9,27.17,0
101,2023,17,1649,13.12,85.5,27.14,0
101,2023,17,1650,13.12,81.5,27.1,0
101,2023,17,1651,13.12,78.3,27.07,0
101,2023,17,1652,13.12,75.2,27.06,0
101,2023,17,1653,13.12,71.3,27.06,0
101,2023,17,1654,13.12,66.86,27.02,0
101,2023,17,1655,13.12,62.55,27,0
101,2023,17,1656,13.12,58.49,26.96,0
101,2023,17,1657,13.12,54.46,26.95,0
101,2023,17,1658,13.12,54.92,26.93,0
101,2023,17,1659,13.12,48.6,26.92,0
101,2023,17,1700,13.12,46.24,26.9,0
101,2023,17,1701,13.12,45.98,26.86,0
101,2023,17,1702,13.12,45.05,26.84,0
101,2023,17,1703,13.12,39.14,26.84,0
101,2023,17,1704,13.12,35.73,26.82,0
101,2023,17,1705,13.11,33.67,26.81,0
101,2023,17,1706,13.1,32.04,26.78,0
101,2023,17,1707,13.1,30.52,26.76,0
101,2023,17,1708,13.09,29.28,26.74,0
101,2023,17,1709,13.08,28.09,26.72,0
101,2023,17,1710,13.07,27.11,26.7,0
101,2023,17,1711,13.06,26.35,26.67,0
101,2023,17,1712,13.05,25.67,26.65,0
101,2023,17,1713,13.05,25.08,26.63,0
101,2023,17,1714,13.04,24.54,26.62,0
101,2023,17,1715,13.03,24.06,26.6,0
101,2023,17,1716,13.03,23.64,26.59,0
101,2023,17,1717,13.02,23.02,26.57,0
101,2023,17,1718,13.01,22.65,26.54,0
101,2023,17,1719,13.01,22.06,26.54,0
101,2023,17,1720,13,21.39,26.51,0
101,2023,17,1721,12.99,20.68,26.49,0
101,2023,17,1722,12.99,19.64,26.48,0
101,2023,17,1723,12.98,18.51,26.48,0
101,2023,17,1724,12.98,17.33,26.47,0
101,2023,17,1725,12.97,16.15,26.45,0
101,2023,17,1726,12.97,14.88,26.44,0
101,2023,17,1727,12.96,13.69,26.43,0
101,2023,17,1728,12.96,12.54,26.42,0
101,2023,17,1729,12.96,11.38,26.41,0
101,2023,17,1730,12.95,10.43,26.4,0
101,2023,17,1731,12.95,9.61,26.4,0
101,2023,17,1732,12.94,8.79,26.38,0
101,2023,17,1733,12.94,8.09,26.35,0
101,2023,17,1734,12.93,7.44,26.33,0
101,2023,17,1735,12.93,6.847,26.31,0
101,2023,17,1736,12.93,6.763,26.29,0
101,2023,17,1737,12.92,6.678,26.27,0
101,2023,17,1738,12.92,5.777,26.29,0
101,2023,17,1739,12.91,5.044,26.28,0
101,2023,17,1740,12.91,4.706,26.25,0
101,2023,17,1741,12.91,4.171,26.25,0
101,2023,17,1742,12.91,4.058,26.23,0
101,2023,17,1743,12.9,3.776,26.21,0
101,2023,17,1744,12.9,3.663,26.19,0
101,2023,17,1745,12.9,3.213,26.16,0
101,2023,17,1746,12.89,3.043,26.14,0
101,2023,17,1747,12.89,2.762,26.14,0
101,2023,17,1748,12.89,2.395,26.14,0
101,2023,17,1749,12.89,2.339,26.14,0
101,2023,17,1750,12.88,1.888,26.14,0
101,2023,17,1751,12.88,1.691,26.13,0
101,2023,17,1752,12.88,1.663,26.11,0
101,2023,17,1753,12.88,1.324,26.11,0
101,2023,17,1754,12.88,1.014,26.09,0
101,2023,17,1755,12.87,1.014,26.08,0
101,2023,17,1756,12.87,1.014,26.04,0
101,2023,17,1757,12.87,1.55,26.03,0
101,2023,17,1758,12.86,1.691,26.01,0
101,2023,17,1759,12.86,1.184,25.99,0
101,2023,17,1800,12.86,.902,26,0
101,2023,17,1801,12.86,.62,25.99,0
101,2023,17,1802,12.86,.366,25.98,0
101,2023,17,1803,12.86,.338,25.97,0
101,2023,17,1804,12.85,.338,25.95,0
101,2023,17,1805,12.85,.338,25.93,0
101,2023,17,1806,12.85,.338,25.91,0
101,2023,17,1807,12.85,.338,25.9,0
101,2023,17,1808,12.85,.31,25.89,0
101,2023,17,1809,12.85,.113,25.87,0
101,2023,17,1810,12.84,.169,25.87,0
101,2023,17,1811,12.84,.085,25.87,0
101,2023,17,1812,12.84,.141,25.87,0
101,2023,17,1813,12.84,0,25.85,0
101,2023,17,1814,12.84,.085,25.84,0
101,2023,17,1815,12.83,.028,25.83,0
101,2023,17,1816,12.83,.085,25.84,0
101,2023,17,1817,12.83,.028,25.82,0
101,2023,17,1818,12.83,.113,25.8,0
101,2023,17,1819,12.83,.085,25.76,0
101,2023,17,1820,12.83,.056,25.72,0
101,2023,17,1821,12.83,.085,25.71,0
101,2023,17,1822,12.83,.085,25.7,0
101,2023,17,1823,12.82,.085,25.68,0
101,2023,17,1824,12.82,.028,25.65,0
101,2023,17,1825,12.82,0,25.63,0
101,2023,17,1826,12.82,.113,25.61,0
101,2023,17,1827,12.82,0,25.6,0
101,2023,17,1828,12.82,.028,25.59,0
101,2023,17,1829,12.81,0,25.58,0
101,2023,17,1830,12.82,.056,25.57,0
101,2023,17,1831,12.82,0,25.55,0
101,2023,17,1832,12.82,0,25.55,0
101,2023,17,1833,12.81,.028,25.54,0
101,2023,17,1834,12.81,.028,25.53,0
101,2023,17,1835,12.81,.085,25.52,0
101,2023,17,1836,12.81,.028,25.52,0
101,2023,17,1837,12.81,.028,25.5,0
101,2023,17,1838,12.81,0,25.5,0
101,2023,17,1839,12.81,.028,25.49,0
101,2023,17,1840,12.81,0,25.48,0
101,2023,17,1841,12.8,0,25.47,0
101,2023,17,1842,12.8,0,25.46,0
101,2023,17,1843,12.8,0,25.45,0
101,2023,17,1844,12.8,0,25.45,0
101,2023,17,1845,12.8,0,25.45,0
101,2023,17,1846,12.8,0,25.44,0
101,2023,17,1847,12.8,0,25.43,0
101,2023,17,1848,12.8,0,25.43,0
101,2023,17,1849,12.8,0,25.42,0
101,2023,17,1850,12.8,0,25.43,0
101,2023,17,1851,12.8,0,25.44,0
101,2023,17,1852,12.8,0,25.44,0
101,2023,17,1853,12.8,0,25.44,0
101,2023,17,1854,12.8,0,25.44,0
101,2023,17,1855,12.8,0,25.41,0
101,2023,17,1856,12.79,0,25.41,0
101,2023,17,1857,12.8,.028,25.42,0
101,2023,17,1858,12.79,0,25.41,0
101,2023,17,1859,12.79,0,25.4,0
101,2023,17,1900,12.79,0,25.39,0
101,2023,17,1901,12.79,0,25.37,0
101,2023,17,1902,12.79,.028,25.36,0
101,2023,17,1903,12.79,0,25.34,0
101,2023,17,1904,12.79,0,25.34,0
101,2023,17,1905,12.79,0,25.34,0
101,2023,17,1906,12.79,0,25.33,0
101,2023,17,1907,12.79,0,25.31,0
101,2023,17,1908,12.79,0,25.31,0
101,2023,17,1909,12.79,0,25.3,0
101,2023,17,1910,12.79,0,25.28,0
101,2023,17,1911,12.78,0,25.26,0
101,2023,17,1912,12.79,0,25.25,0
101,2023,17,1913,12.79,0,25.24,0
101,2023,17,1914,12.78,0,25.21,0
101,2023,17,1915,12.79,0,25.19,0
101,2023,17,1916,12.78,0,25.18,0
101,2023,17,1917,12.78,0,25.16,0
101,2023,17,1918,12.78,0,25.15,0
101,2023,17,1919,12.78,0,25.15,0
101,2023,17,1920,12.78,0,25.14,0
101,2023,17,1921,12.78,0,25.13,0
101,2023,17,1922,12.78,0,25.12,0
101,2023,17,1923,12.78,0,25.12,0
101,2023,17,1924,12.78,0,25.1,0
101,2023,17,1925,12.78,0,25.09,0
101,2023,17,1926,12.78,0,25.08,0
101,2023,17,1927,12.78,0,25.06,0
101,2023,17,1928,12.78,0,25.04,0
101,2023,17,1929,12.78,0,25.03,0
101,2023,17,1930,12.77,0,25.03,0
101,2023,17,1931,12.78,0,25.03,0
101,2023,17,1932,12.78,0,24.99,0
101,2023,17,1933,12.77,0,24.97,0
101,2023,17,1934,12.77,0,24.97,0
101,2023,17,1935,12.77,0,24.96,0
101,2023,17,1936,12.77,0,24.96,0
101,2023,17,1937,12.77,0,24.95,0
101,2023,17,1938,12.77,0,24.93,0
101,2023,17,1939,12.77,0,24.92,0
101,2023,17,1940,12.77,0,24.91,0
101,2023,17,1941,12.77,0,24.9,0
101,2023,17,1942,12.77,0,24.9,0
101,2023,17,1943,12.77,0,24.9,0
101,2023,17,1944,12.77,0,24.9,0
101,2023,17,1945,12.77,0,24.89,0
101,2023,17,1946,12.77,0,24.87,0
101,2023,17,1947,12.77,0,24.87,0
101,2023,17,1948,12.77,0,24.86,0
101,2023,17,1949,12.77,0,24.85,0
101,2023,17,1950,12.76,0,24.83,0
101,2023,17,1951,12.77,0,24.82,0
101,2023,17,1952,12.76,0,24.82,0
101,2023,17,1953,12.77,0,24.81,0
101,2023,17,1954,12.77,0,24.8,0
101,2023,17,1955,12.76,0,24.8,0
101,2023,17,1956,12.76,0,24.8,0
101,2023,17,1957,12.76,0,24.79,0
101,2023,17,1958,12.76,0,24.79,0
101,2023,17,1959,12.76,0,24.8,0
101,2023,17,2000,12.76,0,24.81,0
101,2023,17,2001,12.76,0,24.81,0
101,2023,17,2002,12.76,0,24.81,0
101,2023,17,2003,12.76,0,24.81,0
101,2023,17,2004,12.76,0,24.81,0
101,2023,17,2005,12.76,0,24.81,0
101,2023,17,2006,12.76,0,24.8,0
101,2023,17,2007,12.76,0,24.79,0
101,2023,17,2008,12.76,0,24.79,0
101,2023,17,2009,12.76,0,24.78,0
101,2023,17,2010,12.76,0,24.79,0
101,2023,17,2011,12.76,0,24.79,0
101,2023,17,2012,12.76,0,24.78,0
101,2023,17,2013,12.76,0,24.76,0
101,2023,17,2014,12.76,0,24.74,0
101,2023,17,2015,12.76,0,24.71,0
101,2023,17,2016,12.76,0,24.68,0
101,2023,17,2017,12.76,0,24.67,0
101,2023,17,2018,12.76,0,24.66,0
101,2023,17,2019,12.76,0,24.65,0
101,2023,17,2020,12.75,0,24.64,0
101,2023,17,2021,12.75,0,24.62,0
101,2023,17,2022,12.75,0,24.63,0
101,2023,17,2023,12.75,0,24.63,0
101,2023,17,2024,12.75,0,24.63,0
101,2023,17,2025,12.75,0,24.62,0
101,2023,17,2026,12.75,0,24.62,0
101,2023,17,2027,12.75,0,24.62,0
101,2023,17,2028,12.75,0,24.62,0
101,2023,17,2029,12.75,0,24.62,0
101,2023,17,2030,12.75,0,24.62,0
101,2023,17,2031,12.75,0,24.63,0
101,2023,17,2032,12.75,0,24.64,0
101,2023,17,2033,12.75,0,24.64,0
101,2023,17,2034,12.75,0,24.64,0
101,2023,17,2035,12.75,0,24.64,0
101,2023,17,2036,12.75,0,24.65,0
101,2023,17,2037,12.75,0,24.66,0
101,2023,17,2038,12.75,0,24.68,0
101,2023,17,2039,12.75,0,24.71,0
101,2023,17,2040,12.75,0,24.72,0
101,2023,17,2041,12.75,0,24.74,0
101,2023,17,2042,12.75,0,24.77,0
101,2023,17,2043,12.75,0,24.81,0
101,2023,17,2044,12.75,0,24.82,0
101,2023,17,2045,12.75,0,24.84,0
101,2023,17,2046,12.75,0,24.85,0
101,2023,17,2047,12.74,0,24.84,0
101,2023,17,2048,12.75,0,24.83,0
101,2023,17,2049,12.75,0,24.8,0
101,2023,17,2050,12.75,0,24.78,0
101,2023,17,2051,12.75,0,24.77,0
101,2023,17,2052,12.75,0,24.75,0
101,2023,17,2053,12.75,0,24.74,0
101,2023,17,2054,12.75,0,24.73,0
101,2023,17,2055,12.75,0,24.74,0
101,2023,17,2056,12.75,0,24.74,0
101,2023,17,2057,12.75,0,24.75,0
101,2023,17,2058,12.75,0,24.77,0
101,2023,17,2059,12.75,0,24.79,0
101,2023,17,2100,12.75,0,24.8,0
101,2023,17,2101,12.75,0,24.8,0
101,2023,17,2102,12.75,0,24.8,0
101,2023,17,2103,12.75,0,24.81,0
101,2023,17,2104,12.75,0,24.82,0
101,2023,17,2105,12.75,0,24.83,0
101,2023,17,2106,12.74,0,24.82,0
101,2023,17,2107,12.75,0,24.83,0
101,2023,17,2108,12.75,0,24.82,0
101,2023,17,2109,12.74,0,24.82,0
101,2023,17,2110,12.74,0,24.84,0
101,2023,17,2111,12.74,0,24.83,0
101,2023,17,2112,12.74,0,24.82,0
101,2023,17,2113,12.74,0,24.82,0
101,2023,17,2114,12.74,0,24.8,0
101,2023,17,2115,12.74,0,24.8,0
101,2023,17,2116,12.74,0,24.79,0
101,2023,17,2117,12.74,0,24.79,0
101,2023,17,2118,12.74,0,24.79,0
101,2023,17,2119,12.74,0,24.79,0
101,2023,17,2120,12.74,0,24.76,0
101,2023,17,2121,12.74,0,24.74,0
101,2023,17,2122,12.74,0,24.71,0
101,2023,17,2123,12.74,0,24.67,0
101,2023,17,2124,12.74,0,24.66,0
101,2023,17,2125,12.74,0,24.65,0
101,2023,17,2126,12.74,0,24.64,0
101,2023,17,2127,12.74,0,24.63,0
101,2023,17,2128,12.74,0,24.62,0
101,2023,17,2129,12.74,0,24.61,0
101,2023,17,2130,12.74,0,24.59,0
101,2023,17,2131,12.74,0,24.57,0
101,2023,17,2132,12.74,0,24.56,0
101,2023,17,2133,12.74,0,24.54,0
101,2023,17,2134,12.74,0,24.52,0
101,2023,17,2135,12.74,0,24.49,0
101,2023,17,2136,12.74,0,24.47,0
101,2023,17,2137,12.74,0,24.45,0
101,2023,17,2138,12.74,0,24.44,0
101,2023,17,2139,12.74,0,24.43,0
101,2023,17,2140,12.74,0,24.44,0
101,2023,17,2141,12.74,0,24.43,0
101,2023,17,2142,12.74,0,24.43,0
101,2023,17,2143,12.74,0,24.42,0
101,2023,17,2144,12.74,0,24.41,0
101,2023,17,2145,12.73,0,24.41,0
101,2023,17,2146,12.74,0,24.44,0
101,2023,17,2147,12.73,0,24.45,0
101,2023,17,2148,12.73,0,24.44,0
101,2023,17,2149,12.73,0,24.44,0
101,2023,17,2150,12.73,0,24.45,0
101,2023,17,2151,12.73,0,24.45,0
101,2023,17,2152,12.73,0,24.44,0
101,2023,17,2153,12.73,0,24.44,0
101,2023,17,2154,12.73,0,24.44,0
101,2023,17,2155,12.73,0,24.44,0
101,2023,17,2156,12.73,0,24.44,0
101,2023,17,2157,12.73,0,24.44,0
101,2023,17,2158,12.73,0,24.44,0
101,2023,17,2159,12.73,0,24.43,0
101,2023,17,2200,12.73,0,24.41,0
101,2023,17,2201,12.73,0,24.42,0
101,2023,17,2202,12.73,0,24.4,0
101,2023,17,2203,12.73,0,24.43,0
101,2023,17,2204,12.73,0,24.46,0
101,2023,17,2205,12.73,0,24.48,0
101,2023,17,2206,12.73,0,24.51,0
101,2023,17,2207,12.73,0,24.52,0
101,2023,17,2208,12.73,0,24.51,0
101,2023,17,2209,12.73,0,24.51,0
101,2023,17,2210,12.73,0,24.5,0
101,2023,17,2211,12.73,0,24.5,0
101,2023,17,2212,12.73,0,24.49,0
101,2023,17,2213,12.73,0,24.49,0
101,2023,17,2214,12.73,0,24.48,0
101,2023,17,2215,12.73,0,24.47,0
101,2023,17,2216,12.73,0,24.46,0
101,2023,17,2217,12.73,0,24.44,0
101,2023,17,2218,12.73,0,24.43,0
101,2023,17,2219,12.73,0,24.41,0
101,2023,17,2220,12.73,0,24.38,0
101,2023,17,2221,12.73,0,24.35,0
101,2023,17,2222,12.73,0,24.31,0
101,2023,17,2223,12.73,0,24.29,0
101,2023,17,2224,12.73,0,24.26,0
101,2023,17,2225,12.73,0,24.24,0
101,2023,17,2226,12.73,0,24.23,0
101,2023,17,2227,12.73,0,24.21,0
101,2023,17,2228,12.73,0,24.2,0
101,2023,17,2229,12.73,0,24.18,0
101,2023,17,2230,12.73,0,24.17,0
101,2023,17,2231,12.73,0,24.16,0
101,2023,17,2232,12.73,0,24.14,0
101,2023,17,2233,12.73,0,24.13,0
101,2023,17,2234,12.73,0,24.11,0
101,2023,17,2235,12.73,0,24.1,0
101,2023,17,2236,12.73,0,24.1,0
101,2023,17,2237,12.73,0,24.08,0
101,2023,17,2238,12.73,0,24.09,0
101,2023,17,2239,12.73,0,24.08,0
101,2023,17,2240,12.73,0,24.08,0
101,2023,17,2241,12.73,0,24.07,0
101,2023,17,2242,12.73,0,24.06,0
101,2023,17,2243,12.73,0,24.07,0
101,2023,17,2244,12.73,0,24.1,0
101,2023,17,2245,12.73,0,24.1,0
101,2023,17,2246,12.73,0,24.1,0
101,2023,17,2247,12.73,0,24.09,0
101,2023,17,2248,12.73,0,24.1,0
101,2023,17,2249,12.73,0,24.1,0
101,2023,17,2250,12.73,0,24.1,0
101,2023,17,2251,12.73,0,24.11,0
101,2023,17,2252,12.73,0,24.11,0
101,2023,17,2253,12.73,0,24.11,0
101,2023,17,2254,12.73,0,24.11,0
101,2023,17,2255,12.73,0,24.1,0
101,2023,17,2256,12.73,0,24.06,0
101,2023,17,2257,12.73,0,24,0
101,2023,17,2258,12.73,0,23.96,0
101,2023,17,2259,12.73,0,23.92,0
101,2023,17,2300,12.73,0,23.9,0
101,2023,17,2301,12.73,0,23.88,0
101,2023,17,2302,12.73,0,23.88,0
101,2023,17,2303,12.73,0,23.87,0
101,2023,17,2304,12.73,0,23.84,0
101,2023,17,2305,12.73,0,23.83,0
101,2023,17,2306,12.73,0,23.8,0
101,2023,17,2307,12.72,0,23.77,0
101,2023,17,2308,12.72,0,23.73,0
101,2023,17,2309,12.72,0,23.68,0
101,2023,17,2310,12.73,0,23.64,0
101,2023,17,2311,12.72,0,23.6,0
101,2023,17,2312,12.72,0,23.58,0
101,2023,17,2313,12.72,0,23.55,0
101,2023,17,2314,12.72,0,23.51,0
101,2023,17,2315,12.72,0,23.47,0
101,2023,17,2316,12.72,0,23.42,0
101,2023,17,2317,12.72,0,23.38,0
101,2023,17,2318,12.72,0,23.34,0
101,2023,17,2319,12.72,0,23.32,0
101,2023,17,2320,12.72,0,23.3,0
101,2023,17,2321,12.72,0,23.28,0
101,2023,17,2322,12.72,0,23.24,0
101,2023,17,2323,12.72,0,23.22,0
101,2023,17,2324,12.72,0,23.2,0
101,2023,17,2325,12.72,0,23.18,0
101,2023,17,2326,12.72,0,23.18,0
101,2023,17,2327,12.72,0,23.18,0
101,2023,17,2328,12.72,0,23.18,0
101,2023,17,2329,12.72,0,23.18,0
101,2023,17,2330,12.72,0,23.18,0
101,2023,17,2331,12.72,0,23.17,0
101,2023,17,2332,12.72,0,23.16,0
101,2023,17,2333,12.72,0,23.16,0
101,2023,17,2334,12.72,0,23.15,0
101,2023,17,2335,12.72,0,23.15,0
101,2023,17,2336,12.72,0,23.15,0
101,2023,17,2337,12.72,0,23.18,0
101,2023,17,2338,12.72,0,23.23,0
101,2023,17,2339,12.72,0,23.28,0
101,2023,17,2340,12.71,0,23.32,0
101,2023,17,2341,12.72,0,23.32,0
101,2023,17,2342,12.71,0,23.32,0
101,2023,17,2343,12.71,0,23.33,0
101,2023,17,2344,12.72,0,23.37,0
101,2023,17,2345,12.71,0,23.46,0
101,2023,17,2346,12.71,0,23.5,0
101,2023,17,2347,12.71,0,23.5,0
101,2023,17,2348,12.71,0,23.41,0
101,2023,17,2349,12.71,0,23.41,0
101,2023,17,2350,12.71,0,23.38,0
101,2023,17,2351,12.71,0,23.35,0
101,2023,17,2352,12.71,0,23.3,0
101,2023,17,2353,12.71,0,23.27,0
101,2023,17,2354,12.71,0,23.23,0
101,2023,17,2355,12.71,0,23.2,0
101,2023,17,2356,12.71,0,23.2,0
101,2023,17,2357,12.71,0,23.18,0
101,2023,17,2358,12.71,0,23.19,0
101,2023,17,2359,12.71,0,23.2,0
