a,b,dia_juliano,d,e,f,g,h
101,2023,92,2400.0,12.63,0.0,22.72,0.0
101,2023,92,1.0,12.63,0.0,22.71,0.0
101,2023,92,2.0,12.63,0.0,22.71,0.0
101,2023,92,3.0,12.64,0.0,22.71,0.0
101,2023,92,4.0,12.65,0.0,22.7,0.0
101,2023,92,5.0,12.64,0.0,22.69,0.0
101,2023,92,6.0,12.64,0.0,22.69,0.0
101,2023,92,7.0,12.64,0.0,22.69,0.0
101,2023,92,8.0,12.64,0.0,22.68,0.0
101,2023,92,9.0,12.63,0.0,22.67,0.0
101,2023,92,10.0,12.63,0.0,22.66,0.0
101,2023,92,11.0,12.63,0.0,22.66,0.0
101,2023,92,12.0,12.64,0.0,22.64,0.0
101,2023,92,13.0,12.64,0.0,22.63,0.0
101,2023,92,14.0,12.63,0.0,22.6,0.0
101,2023,92,15.0,12.63,0.0,22.6,0.0
101,2023,92,16.0,12.63,0.0,22.61,0.0
101,2023,92,17.0,12.63,0.0,22.59,0.0
101,2023,92,18.0,12.63,0.0,22.57,0.0
101,2023,92,19.0,12.63,0.0,22.54,0.0
101,2023,92,20.0,12.63,0.0,22.53,0.0
101,2023,92,21.0,12.63,0.0,22.52,0.0
101,2023,92,22.0,12.63,0.0,22.52,0.0
101,2023,92,23.0,12.64,0.0,22.53,0.0
101,2023,92,24.0,12.65,0.0,22.54,0.0
101,2023,92,25.0,12.64,0.0,22.55,0.0
101,2023,92,26.0,12.64,0.0,22.54,0.0
101,2023,92,27.0,12.63,0.0,22.54,0.0
101,2023,92,28.0,12.63,0.0,22.54,0.0
101,2023,92,29.0,12.63,0.0,22.53,0.0
101,2023,92,30.0,12.63,0.0,22.52,0.0
101,2023,92,31.0,12.63,0.0,22.5,0.0
101,2023,92,32.0,12.62,0.0,22.49,0.0
101,2023,92,33.0,12.62,0.0,22.48,0.0
101,2023,92,34.0,12.62,0.0,22.46,0.0
101,2023,92,35.0,12.62,0.0,22.45,0.0
101,2023,92,36.0,12.62,0.0,22.44,0.0
101,2023,92,37.0,12.62,0.0,22.42,0.0
101,2023,92,38.0,12.62,0.0,22.42,0.0
101,2023,92,39.0,12.62,0.0,22.42,0.0
101,2023,92,40.0,12.62,0.0,22.4,0.0
101,2023,92,41.0,12.62,0.0,22.39,0.0
101,2023,92,42.0,12.62,0.0,22.37,0.0
101,2023,92,43.0,12.62,0.0,22.36,0.0
101,2023,92,44.0,12.62,0.0,22.34,0.0
101,2023,92,45.0,12.62,0.0,22.36,0.0
101,2023,92,46.0,12.62,0.0,22.4,0.0
101,2023,92,47.0,12.62,0.0,22.41,0.0
101,2023,92,48.0,12.62,0.0,22.39,0.0
101,2023,92,49.0,12.61,0.0,22.41,0.0
101,2023,92,50.0,12.62,0.0,22.41,0.0
101,2023,92,51.0,12.62,0.0,22.35,0.0
101,2023,92,52.0,12.61,0.0,22.34,0.0
101,2023,92,53.0,12.62,0.0,22.35,0.0
101,2023,92,54.0,12.62,0.0,22.33,0.0
101,2023,92,55.0,12.62,0.0,22.42,0.0
101,2023,92,56.0,12.62,0.0,22.31,0.0
101,2023,92,57.0,12.62,0.0,22.22,0.0
101,2023,92,58.0,12.62,0.0,22.24,0.0
101,2023,92,59.0,12.61,0.0,22.22,0.0
101,2023,92,100.0,12.62,0.0,22.25,0.0
101,2023,92,101.0,12.62,0.0,22.28,0.0
101,2023,92,102.0,12.62,0.0,22.3,0.0
101,2023,92,103.0,12.62,0.0,22.35,0.0
101,2023,92,104.0,12.61,0.0,22.38,0.0
101,2023,92,105.0,12.61,0.0,22.39,0.0
101,2023,92,106.0,12.61,0.0,22.41,0.0
101,2023,92,107.0,12.61,0.0,22.4,0.0
101,2023,92,108.0,12.61,0.0,22.39,0.0
101,2023,92,109.0,12.61,0.0,22.37,0.0
101,2023,92,110.0,12.61,0.0,22.37,0.0
101,2023,92,111.0,12.61,0.0,22.39,0.0
101,2023,92,112.0,12.61,0.0,22.4,0.0
101,2023,92,113.0,12.61,0.0,22.33,0.0
101,2023,92,114.0,12.61,0.0,22.31,0.0
101,2023,92,115.0,12.61,0.0,22.34,0.0
101,2023,92,116.0,12.61,0.0,22.34,0.0
101,2023,92,117.0,12.61,0.0,22.36,0.0
101,2023,92,118.0,12.61,0.0,22.37,0.0
101,2023,92,119.0,12.61,0.0,22.4,0.0
101,2023,92,120.0,12.61,0.0,22.44,0.0
101,2023,92,121.0,12.61,0.0,22.43,0.0
101,2023,92,122.0,12.61,0.0,22.38,0.0
101,2023,92,123.0,12.61,0.0,22.4,0.0
101,2023,92,124.0,12.61,0.0,22.37,0.0
101,2023,92,125.0,12.6,0.0,22.31,0.0
101,2023,92,126.0,12.6,0.0,22.32,0.0
101,2023,92,127.0,12.6,0.0,22.35,0.0
101,2023,92,128.0,12.6,0.0,22.36,0.0
101,2023,92,129.0,12.6,0.0,22.33,0.0
101,2023,92,130.0,12.61,0.0,22.36,0.0
101,2023,92,131.0,12.6,0.0,22.33,0.0
101,2023,92,132.0,12.6,0.0,22.32,0.0
101,2023,92,133.0,12.6,0.0,22.33,0.0
101,2023,92,134.0,12.6,0.0,22.38,0.0
101,2023,92,135.0,12.6,0.0,22.35,0.0
101,2023,92,136.0,12.6,0.0,22.35,0.0
101,2023,92,137.0,12.6,0.0,22.36,0.0
101,2023,92,138.0,12.6,0.0,22.35,0.0
101,2023,92,139.0,12.6,0.0,22.35,0.0
101,2023,92,140.0,12.6,0.0,22.36,0.0
101,2023,92,141.0,12.6,0.0,22.38,0.0
101,2023,92,142.0,12.6,0.0,22.4,0.0
101,2023,92,143.0,12.6,0.0,22.4,0.0
101,2023,92,144.0,12.6,0.0,22.38,0.0
101,2023,92,145.0,12.6,0.0,22.36,0.0
101,2023,92,146.0,12.6,0.0,22.33,0.0
101,2023,92,147.0,12.6,0.0,22.32,0.0
101,2023,92,148.0,12.6,0.0,22.3,0.0
101,2023,92,149.0,12.6,0.0,22.29,0.0
101,2023,92,150.0,12.6,0.0,22.3,0.0
101,2023,92,151.0,12.6,0.0,22.28,0.0
101,2023,92,152.0,12.6,0.0,22.3,0.0
101,2023,92,153.0,12.6,0.0,22.32,0.0
101,2023,92,154.0,12.59,0.0,22.31,0.0
101,2023,92,155.0,12.6,0.0,22.28,0.0
101,2023,92,156.0,12.6,0.0,22.29,0.0
101,2023,92,157.0,12.6,0.0,22.32,0.0
101,2023,92,158.0,12.59,0.0,22.3,0.0
101,2023,92,159.0,12.6,0.0,22.29,0.0
101,2023,92,200.0,12.6,0.0,22.29,0.0
101,2023,92,201.0,12.59,0.0,22.3,0.0
101,2023,92,202.0,12.59,0.0,22.28,0.0
101,2023,92,203.0,12.59,0.0,22.28,0.0
101,2023,92,204.0,12.59,0.0,22.28,0.0
101,2023,92,205.0,12.59,0.0,22.28,0.0
101,2023,92,206.0,12.59,0.0,22.27,0.0
101,2023,92,207.0,12.59,0.0,22.24,0.0
101,2023,92,208.0,12.59,0.0,22.21,0.0
101,2023,92,209.0,12.59,0.0,22.2,0.0
101,2023,92,210.0,12.59,0.0,22.19,0.0
101,2023,92,211.0,12.59,0.0,22.19,0.0
101,2023,92,212.0,12.59,0.0,22.2,0.0
101,2023,92,213.0,12.59,0.0,22.2,0.0
101,2023,92,214.0,12.59,0.0,22.22,0.0
101,2023,92,215.0,12.59,0.0,22.22,0.0
101,2023,92,216.0,12.59,0.0,22.2,0.0
101,2023,92,217.0,12.59,0.0,22.19,0.0
101,2023,92,218.0,12.59,0.0,22.21,0.0
101,2023,92,219.0,12.59,0.0,22.2,0.0
101,2023,92,220.0,12.59,0.0,22.18,0.0
101,2023,92,221.0,12.58,0.0,22.19,0.0
101,2023,92,222.0,12.58,0.0,22.19,0.0
101,2023,92,223.0,12.58,0.0,22.23,0.0
101,2023,92,224.0,12.59,0.0,22.27,0.0
101,2023,92,225.0,12.58,0.0,22.29,0.0
101,2023,92,226.0,12.59,0.0,22.31,0.0
101,2023,92,227.0,12.58,0.0,22.31,0.0
101,2023,92,228.0,12.58,0.0,22.3,0.0
101,2023,92,229.0,12.58,0.0,22.3,0.0
101,2023,92,230.0,12.58,0.0,22.3,0.0
101,2023,92,231.0,12.58,0.0,22.29,0.0
101,2023,92,232.0,12.58,0.0,22.28,0.0
101,2023,92,233.0,12.58,0.0,22.27,0.0
101,2023,92,234.0,12.58,0.0,22.23,0.0
101,2023,92,235.0,12.58,0.0,22.2,0.0
101,2023,92,236.0,12.58,0.0,22.22,0.0
101,2023,92,237.0,12.58,0.0,22.22,0.0
101,2023,92,238.0,12.58,0.0,22.22,0.0
101,2023,92,239.0,12.58,0.0,22.21,0.0
101,2023,92,240.0,12.58,0.0,22.2,0.0
101,2023,92,241.0,12.58,0.0,22.2,0.0
101,2023,92,242.0,12.58,0.0,22.2,0.0
101,2023,92,243.0,12.58,0.0,22.21,0.0
101,2023,92,244.0,12.58,0.0,22.21,0.0
101,2023,92,245.0,12.58,0.0,22.23,0.0
101,2023,92,246.0,12.58,0.0,22.22,0.0
101,2023,92,247.0,12.58,0.0,22.24,0.0
101,2023,92,248.0,12.58,0.0,22.25,0.0
101,2023,92,249.0,12.58,0.0,22.24,0.0
101,2023,92,250.0,12.58,0.0,22.23,0.0
101,2023,92,251.0,12.58,0.0,22.23,0.0
101,2023,92,252.0,12.58,0.0,22.23,0.0
101,2023,92,253.0,12.58,0.0,22.25,0.0
101,2023,92,254.0,12.58,0.0,22.27,0.0
101,2023,92,255.0,12.57,0.0,22.25,0.0
101,2023,92,256.0,12.58,0.0,22.25,0.0
101,2023,92,257.0,12.57,0.0,22.23,0.0
101,2023,92,258.0,12.58,0.0,22.22,0.0
101,2023,92,259.0,12.57,0.0,22.21,0.0
101,2023,92,300.0,12.57,0.0,22.19,0.0
101,2023,92,301.0,12.57,0.0,22.17,0.0
101,2023,92,302.0,12.58,0.0,22.12,0.0
101,2023,92,303.0,12.57,0.0,22.1,0.0
101,2023,92,304.0,12.57,0.0,22.1,0.0
101,2023,92,305.0,12.57,0.0,22.1,0.0
101,2023,92,306.0,12.57,0.0,22.1,0.0
101,2023,92,307.0,12.57,0.0,22.1,0.0
101,2023,92,308.0,12.57,0.0,22.09,0.0
101,2023,92,309.0,12.57,0.0,22.12,0.0
101,2023,92,310.0,12.57,0.0,22.13,0.0
101,2023,92,311.0,12.57,0.0,22.11,0.0
101,2023,92,312.0,12.57,0.0,22.11,0.0
101,2023,92,313.0,12.57,0.0,22.11,0.0
101,2023,92,314.0,12.57,0.0,22.09,0.0
101,2023,92,315.0,12.57,0.0,22.11,0.0
101,2023,92,316.0,12.57,0.0,22.11,0.0
101,2023,92,317.0,12.57,0.0,22.14,0.0
101,2023,92,318.0,12.57,0.0,22.14,0.0
101,2023,92,319.0,12.57,0.0,22.14,0.0
101,2023,92,320.0,12.57,0.0,22.17,0.0
101,2023,92,321.0,12.57,0.0,22.18,0.0
101,2023,92,322.0,12.57,0.0,22.18,0.0
101,2023,92,323.0,12.57,0.0,22.18,0.0
101,2023,92,324.0,12.57,0.0,22.17,0.0
101,2023,92,325.0,12.57,0.0,22.16,0.0
101,2023,92,326.0,12.57,0.0,22.16,0.0
101,2023,92,327.0,12.57,0.0,22.15,0.0
101,2023,92,328.0,12.57,0.0,22.15,0.0
101,2023,92,329.0,12.57,0.0,22.13,0.0
101,2023,92,330.0,12.57,0.0,22.12,0.0
101,2023,92,331.0,12.57,0.0,22.11,0.0
101,2023,92,332.0,12.57,0.0,22.1,0.0
101,2023,92,333.0,12.57,0.0,22.1,0.0
101,2023,92,334.0,12.57,0.0,22.1,0.0
101,2023,92,335.0,12.57,0.0,22.11,0.0
101,2023,92,336.0,12.57,0.0,22.12,0.0
101,2023,92,337.0,12.57,0.0,22.13,0.0
101,2023,92,338.0,12.57,0.0,22.15,0.0
101,2023,92,339.0,12.57,0.0,22.17,0.0
101,2023,92,340.0,12.57,0.0,22.14,0.0
101,2023,92,341.0,12.57,0.0,22.13,0.0
101,2023,92,342.0,12.57,0.0,22.13,0.0
101,2023,92,343.0,12.57,0.0,22.17,0.0
101,2023,92,344.0,12.57,0.0,22.18,0.0
101,2023,92,345.0,12.57,0.0,22.2,0.0
101,2023,92,346.0,12.57,0.0,22.18,0.0
101,2023,92,347.0,12.56,0.0,22.19,0.0
101,2023,92,348.0,12.57,0.0,22.16,0.0
101,2023,92,349.0,12.56,0.0,22.15,0.0
101,2023,92,350.0,12.56,0.0,22.14,0.0
101,2023,92,351.0,12.57,0.0,22.13,0.0
101,2023,92,352.0,12.57,0.0,22.11,0.0
101,2023,92,353.0,12.57,0.0,22.12,0.0
101,2023,92,354.0,12.56,0.0,22.12,0.0
101,2023,92,355.0,12.56,0.0,22.09,0.0
101,2023,92,356.0,12.57,0.0,22.0,0.0
101,2023,92,357.0,12.56,0.0,22.01,0.0
101,2023,92,358.0,12.57,0.0,22.02,0.0
101,2023,92,359.0,12.57,0.0,22.04,0.0
101,2023,92,400.0,12.57,0.0,22.06,0.0
101,2023,92,401.0,12.57,0.0,22.07,0.0
101,2023,92,402.0,12.57,0.0,22.06,0.0
101,2023,92,403.0,12.56,0.0,22.06,0.0
101,2023,92,404.0,12.57,0.0,22.07,0.0
101,2023,92,405.0,12.56,0.0,22.07,0.0
101,2023,92,406.0,12.57,0.0,22.09,0.0
101,2023,92,407.0,12.57,0.0,22.1,0.0
101,2023,92,408.0,12.56,0.0,22.1,0.0
101,2023,92,409.0,12.56,0.0,22.08,0.0
101,2023,92,410.0,12.56,0.0,22.07,0.0
101,2023,92,411.0,12.57,0.0,22.08,0.0
101,2023,92,412.0,12.56,0.0,22.1,0.0
101,2023,92,413.0,12.56,0.0,22.12,0.0
101,2023,92,414.0,12.56,0.0,22.14,0.0
101,2023,92,415.0,12.56,0.0,22.16,0.0
101,2023,92,416.0,12.56,0.0,22.13,0.0
101,2023,92,417.0,12.56,0.0,22.13,0.0
101,2023,92,418.0,12.56,0.0,22.13,0.0
101,2023,92,419.0,12.56,0.0,22.15,0.0
101,2023,92,420.0,12.56,0.0,22.15,0.0
101,2023,92,421.0,12.57,0.0,22.13,0.0
101,2023,92,422.0,12.57,0.0,22.12,0.0
101,2023,92,423.0,12.57,0.0,22.12,0.0
101,2023,92,424.0,12.57,0.0,22.12,0.0
101,2023,92,425.0,12.57,0.0,22.12,0.0
101,2023,92,426.0,12.56,0.0,22.13,0.0
101,2023,92,427.0,12.56,0.0,22.12,0.0
101,2023,92,428.0,12.56,0.0,22.13,0.0
101,2023,92,429.0,12.56,0.0,22.1,0.0
101,2023,92,430.0,12.56,0.0,22.07,0.0
101,2023,92,431.0,12.56,0.0,22.0,0.0
101,2023,92,432.0,12.56,0.0,22.04,0.0
101,2023,92,433.0,12.56,0.0,22.08,0.0
101,2023,92,434.0,12.56,0.0,22.13,0.0
101,2023,92,435.0,12.56,0.0,22.09,0.0
101,2023,92,436.0,12.56,0.0,22.06,0.0
101,2023,92,437.0,12.56,0.0,22.05,0.0
101,2023,92,438.0,12.56,0.0,22.09,0.0
101,2023,92,439.0,12.56,0.0,22.08,0.0
101,2023,92,440.0,12.56,0.0,22.06,0.0
101,2023,92,441.0,12.57,0.0,22.07,0.0
101,2023,92,442.0,12.57,0.0,22.11,0.0
101,2023,92,443.0,12.57,0.0,22.1,0.0
101,2023,92,444.0,12.57,0.0,22.08,0.0
101,2023,92,445.0,12.57,0.0,22.06,0.0
101,2023,92,446.0,12.57,0.0,22.05,0.0
101,2023,92,447.0,12.56,0.0,22.06,0.0
101,2023,92,448.0,12.56,0.0,22.06,0.0
101,2023,92,449.0,12.56,0.0,22.05,0.0
101,2023,92,450.0,12.56,0.0,22.08,0.0
101,2023,92,451.0,12.56,0.0,22.07,0.0
101,2023,92,452.0,12.56,0.0,22.11,0.0
101,2023,92,453.0,12.56,0.0,22.15,0.0
101,2023,92,454.0,12.56,0.0,22.16,0.0
101,2023,92,455.0,12.56,0.0,22.13,0.0
101,2023,92,456.0,12.56,0.0,22.16,0.0
101,2023,92,457.0,12.56,0.0,22.16,0.0
101,2023,92,458.0,12.56,0.0,22.16,0.0
101,2023,92,459.0,12.56,0.0,22.09,0.0
101,2023,92,500.0,12.56,0.0,22.07,0.0
101,2023,92,501.0,12.56,0.0,22.06,0.0
101,2023,92,502.0,12.56,0.0,22.07,0.0
101,2023,92,503.0,12.56,0.0,22.12,0.0
101,2023,92,504.0,12.56,0.0,22.11,0.0
101,2023,92,505.0,12.56,0.0,22.1,0.0
101,2023,92,506.0,12.56,0.0,22.07,0.0
101,2023,92,507.0,12.56,0.0,22.07,0.0
101,2023,92,508.0,12.56,0.0,22.1,0.0
101,2023,92,509.0,12.56,0.0,22.05,0.0
101,2023,92,510.0,12.56,0.0,22.04,0.0
101,2023,92,511.0,12.56,0.0,22.03,0.0
101,2023,92,512.0,12.56,0.0,22.03,0.0
101,2023,92,513.0,12.56,0.0,22.02,0.0
101,2023,92,514.0,12.56,0.0,22.04,0.0
101,2023,92,515.0,12.56,0.0,22.03,0.0
101,2023,92,516.0,12.56,0.0,22.04,0.0
101,2023,92,517.0,12.56,0.0,22.02,0.0
101,2023,92,518.0,12.56,1.128,22.05,0.0
101,2023,92,519.0,12.56,1.58,22.06,0.0
101,2023,92,520.0,12.56,2.003,22.05,0.0
101,2023,92,521.0,12.56,2.144,22.03,0.0
101,2023,92,522.0,12.56,2.623,22.07,0.0
101,2023,92,523.0,12.56,3.216,22.09,0.0
101,2023,92,524.0,12.56,3.385,22.08,0.0
101,2023,92,525.0,12.56,3.695,22.06,0.0
101,2023,92,526.0,12.56,4.005,22.04,0.0
101,2023,92,527.0,12.56,4.062,22.05,0.0
101,2023,92,528.0,12.56,4.09,22.05,0.0
101,2023,92,529.0,12.56,4.4,22.06,0.0
101,2023,92,530.0,12.56,4.908,22.08,0.0
101,2023,92,531.0,12.56,5.641,22.06,0.0
101,2023,92,532.0,12.56,6.657,22.07,0.0
101,2023,92,533.0,12.57,8.01,22.07,0.0
101,2023,92,534.0,12.57,9.59,22.08,0.0
101,2023,92,535.0,12.58,11.34,22.07,0.0
101,2023,92,536.0,12.59,13.65,22.07,0.0
101,2023,92,537.0,12.61,18.81,22.08,0.0
101,2023,92,538.0,12.62,23.81,22.06,0.0
101,2023,92,539.0,12.63,23.5,22.08,0.0
101,2023,92,540.0,12.64,23.64,22.09,0.0
101,2023,92,541.0,12.66,26.37,22.1,0.0
101,2023,92,542.0,12.67,27.08,22.09,0.0
101,2023,92,543.0,12.7,30.89,22.09,0.0
101,2023,92,544.0,12.76,41.97,22.12,0.0
101,2023,92,545.0,12.85,49.14,22.18,0.0
101,2023,92,546.0,12.95,47.08,22.25,0.0
101,2023,92,547.0,13.12,46.85,22.29,0.0
101,2023,92,548.0,13.25,47.39,22.34,0.0
101,2023,92,549.0,13.26,48.88,22.39,0.0
101,2023,92,550.0,13.26,56.22,22.44,0.0
101,2023,92,551.0,13.26,65.27,22.51,0.0
101,2023,92,552.0,13.26,65.81,22.55,0.0
101,2023,92,553.0,13.26,64.03,22.56,0.0
101,2023,92,554.0,13.26,60.05,22.57,0.0
101,2023,92,555.0,13.26,53.79,22.61,0.0
101,2023,92,556.0,13.26,52.35,22.62,0.0
101,2023,92,557.0,13.26,55.68,22.64,0.0
101,2023,92,558.0,13.26,54.3,22.65,0.0
101,2023,92,559.0,13.26,58.19,22.65,0.0
101,2023,92,600.0,13.26,63.35,22.65,0.0
101,2023,92,601.0,13.26,72.6,22.63,0.0
101,2023,92,602.0,13.26,79.6,22.64,0.0
101,2023,92,603.0,13.26,86.5,22.67,0.0
101,2023,92,604.0,13.26,85.4,22.69,0.0
101,2023,92,605.0,13.26,81.3,22.77,0.0
101,2023,92,606.0,13.25,78.2,22.8,0.0
101,2023,92,607.0,13.25,73.6,22.87,0.0
101,2023,92,608.0,13.25,73.6,22.89,0.0
101,2023,92,609.0,13.25,82.7,22.89,0.0
101,2023,92,610.0,13.25,97.3,22.95,0.0
101,2023,92,611.0,13.25,116.9,23.01,0.0
101,2023,92,612.0,13.25,137.4,23.15,0.0
101,2023,92,613.0,13.25,121.5,23.19,0.0
101,2023,92,614.0,13.25,111.4,23.19,0.0
101,2023,92,615.0,13.25,117.0,23.18,0.0
101,2023,92,616.0,13.25,120.9,23.21,0.0
101,2023,92,617.0,13.25,114.4,23.24,0.0
101,2023,92,618.0,13.25,125.6,23.27,0.0
101,2023,92,619.0,13.25,143.4,23.29,0.0
101,2023,92,620.0,13.25,161.9,23.34,0.0
101,2023,92,621.0,13.24,164.4,23.44,0.0
101,2023,92,622.0,13.25,128.5,23.49,0.0
101,2023,92,623.0,13.25,105.8,23.51,0.0
101,2023,92,624.0,13.25,101.3,23.56,0.0
101,2023,92,625.0,13.24,110.4,23.5,0.0
101,2023,92,626.0,13.24,134.1,23.48,0.0
101,2023,92,627.0,13.24,143.5,23.53,0.0
101,2023,92,628.0,13.24,125.0,23.52,0.0
101,2023,92,629.0,13.24,135.7,23.55,0.0
101,2023,92,630.0,13.24,167.2,23.52,0.0
101,2023,92,631.0,13.24,183.9,23.54,0.0
101,2023,92,632.0,13.24,195.4,23.66,0.0
101,2023,92,633.0,13.24,187.8,23.79,0.0
101,2023,92,634.0,13.24,172.6,23.87,0.0
101,2023,92,635.0,13.24,184.5,23.85,0.0
101,2023,92,636.0,13.24,193.9,23.87,0.0
101,2023,92,637.0,13.24,194.1,23.8,0.0
101,2023,92,638.0,13.24,194.9,23.79,0.0
101,2023,92,639.0,13.24,212.4,23.8,0.0
101,2023,92,640.0,13.23,256.2,23.91,0.0
101,2023,92,641.0,13.24,259.3,24.06,0.0
101,2023,92,642.0,13.23,257.7,24.19,0.0
101,2023,92,643.0,13.23,252.3,24.31,0.0
101,2023,92,644.0,13.23,258.6,24.35,0.0
101,2023,92,645.0,13.23,240.8,24.37,0.0
101,2023,92,646.0,13.23,198.4,24.45,0.0
101,2023,92,647.0,13.23,159.7,24.5,0.0
101,2023,92,648.0,13.23,167.2,24.48,0.0
101,2023,92,649.0,13.23,211.3,24.46,0.0
101,2023,92,650.0,13.22,219.5,24.49,0.0
101,2023,92,651.0,13.22,203.4,24.43,0.0
101,2023,92,652.0,13.23,193.9,24.35,0.0
101,2023,92,653.0,13.22,188.4,24.36,0.0
101,2023,92,654.0,13.22,183.3,24.4,0.0
101,2023,92,655.0,13.22,217.4,24.38,0.0
101,2023,92,656.0,13.22,257.8,24.39,0.0
101,2023,92,657.0,13.22,289.6,24.45,0.0
101,2023,92,658.0,13.22,315.1,24.49,0.0
101,2023,92,659.0,13.22,328.9,24.49,0.0
101,2023,92,700.0,13.22,318.6,24.53,0.0
101,2023,92,701.0,13.22,301.2,24.44,0.0
101,2023,92,702.0,13.22,326.6,24.56,0.0
101,2023,92,703.0,13.22,339.8,24.69,0.0
101,2023,92,704.0,13.22,328.3,24.78,0.0
101,2023,92,705.0,13.21,337.7,24.87,0.0
101,2023,92,706.0,13.21,357.7,24.85,0.0
101,2023,92,707.0,13.21,348.6,24.81,0.0
101,2023,92,708.0,13.21,344.0,24.75,0.0
101,2023,92,709.0,13.21,333.6,24.81,0.0
101,2023,92,710.0,13.21,337.7,24.72,0.0
101,2023,92,711.0,13.21,353.5,24.78,0.0
101,2023,92,712.0,13.21,362.7,24.81,0.0
101,2023,92,713.0,13.2,384.8,24.87,0.0
101,2023,92,714.0,13.2,365.0,24.82,0.0
101,2023,92,715.0,13.2,317.3,24.8,0.0
101,2023,92,716.0,13.2,304.0,24.86,0.0
101,2023,92,717.0,13.2,331.4,24.99,0.0
101,2023,92,718.0,13.19,352.0,25.16,0.0
101,2023,92,719.0,13.2,391.7,25.25,0.0
101,2023,92,720.0,13.19,387.9,25.35,0.0
101,2023,92,721.0,13.19,379.9,25.37,0.0
101,2023,92,722.0,13.19,383.7,25.42,0.0
101,2023,92,723.0,13.19,389.1,25.58,0.0
101,2023,92,724.0,13.19,436.9,25.53,0.0
101,2023,92,725.0,13.19,469.8,25.54,0.0
101,2023,92,726.0,13.18,486.8,25.56,0.0
101,2023,92,727.0,13.18,457.3,25.6,0.0
101,2023,92,728.0,13.18,458.9,25.58,0.0
101,2023,92,729.0,13.18,500.6,25.68,0.0
101,2023,92,730.0,13.18,509.2,25.88,0.0
101,2023,92,731.0,13.17,510.9,25.98,0.0
101,2023,92,732.0,13.17,502.7,26.02,0.0
101,2023,92,733.0,13.17,482.8,26.22,0.0
101,2023,92,734.0,13.17,510.3,26.34,0.0
101,2023,92,735.0,13.17,524.8,26.48,0.0
101,2023,92,736.0,13.16,531.1,26.63,0.0
101,2023,92,737.0,13.16,522.6,26.72,0.0
101,2023,92,738.0,13.16,501.0,26.81,0.0
101,2023,92,739.0,13.16,472.9,26.89,0.0
101,2023,92,740.0,13.15,432.3,26.96,0.0
101,2023,92,741.0,13.15,420.4,27.03,0.0
101,2023,92,742.0,13.15,414.5,27.01,0.0
101,2023,92,743.0,13.15,432.8,26.98,0.0
101,2023,92,744.0,13.15,489.9,27.0,0.0
101,2023,92,745.0,13.15,499.9,27.03,0.0
101,2023,92,746.0,13.14,488.7,27.29,0.0
101,2023,92,747.0,13.14,408.4,27.38,0.0
101,2023,92,748.0,13.14,374.5,27.4,0.0
101,2023,92,749.0,13.14,351.6,27.53,0.0
101,2023,92,750.0,13.14,339.6,27.4,0.0
101,2023,92,751.0,13.14,342.1,27.39,0.0
101,2023,92,752.0,13.14,391.1,27.31,0.0
101,2023,92,753.0,13.14,438.1,27.31,0.0
101,2023,92,754.0,13.14,452.6,27.41,0.0
101,2023,92,755.0,13.14,509.5,27.25,0.0
101,2023,92,756.0,13.13,555.9,27.22,0.0
101,2023,92,757.0,13.14,562.5,27.31,0.0
101,2023,92,758.0,13.13,479.0,27.53,0.0
101,2023,92,759.0,13.13,458.4,27.64,0.0
101,2023,92,800.0,13.13,412.5,27.58,0.0
101,2023,92,801.0,13.13,403.6,27.46,0.0
101,2023,92,802.0,13.13,284.9,27.55,0.0
101,2023,92,803.0,13.13,314.5,27.39,0.0
101,2023,92,804.0,13.13,320.5,27.25,0.0
101,2023,92,805.0,13.13,278.8,27.35,0.0
101,2023,92,806.0,13.13,257.1,27.41,0.0
101,2023,92,807.0,13.13,242.2,27.52,0.0
101,2023,92,808.0,13.13,241.8,27.66,0.0
101,2023,92,809.0,13.13,247.2,27.78,0.0
101,2023,92,810.0,13.13,284.2,27.83,0.0
101,2023,92,811.0,13.13,439.3,27.81,0.0
101,2023,92,812.0,13.13,361.6,27.76,0.0
101,2023,92,813.0,13.13,319.8,27.58,0.0
101,2023,92,814.0,13.13,337.7,27.48,0.0
101,2023,92,815.0,13.13,316.4,27.38,0.0
101,2023,92,816.0,13.13,310.9,27.34,0.0
101,2023,92,817.0,13.13,304.7,27.39,0.0
101,2023,92,818.0,13.13,305.7,27.29,0.0
101,2023,92,819.0,13.13,327.3,27.26,0.0
101,2023,92,820.0,13.13,362.0,27.37,0.0
101,2023,92,821.0,13.13,383.9,27.5,0.0
101,2023,92,822.0,13.13,363.4,27.47,0.0
101,2023,92,823.0,13.13,449.5,27.37,0.0
101,2023,92,824.0,13.13,518.8,27.33,0.0
101,2023,92,825.0,13.13,564.4,27.27,0.0
101,2023,92,826.0,13.13,570.3,27.29,0.0
101,2023,92,827.0,13.13,573.0,27.36,0.0
101,2023,92,828.0,13.13,459.8,27.59,0.0
101,2023,92,829.0,13.13,390.6,27.67,0.0
101,2023,92,830.0,13.13,367.5,27.58,0.0
101,2023,92,831.0,13.13,399.4,27.46,0.0
101,2023,92,832.0,13.13,486.6,27.57,0.0
101,2023,92,833.0,13.13,449.2,27.58,0.0
101,2023,92,834.0,13.12,449.7,27.6,0.0
101,2023,92,835.0,13.12,414.0,27.81,0.0
101,2023,92,836.0,13.12,399.5,27.9,0.0
101,2023,92,837.0,13.12,445.6,27.95,0.0
101,2023,92,838.0,13.12,446.2,28.03,0.0
101,2023,92,839.0,13.12,437.8,28.19,0.0
101,2023,92,840.0,13.12,401.8,28.24,0.0
101,2023,92,841.0,13.12,407.6,28.08,0.0
101,2023,92,842.0,13.12,382.3,28.04,0.0
101,2023,92,843.0,13.12,337.0,27.91,0.0
101,2023,92,844.0,13.12,380.0,27.79,0.0
101,2023,92,845.0,13.12,324.4,27.86,0.0
101,2023,92,846.0,13.12,273.9,27.86,0.0
101,2023,92,847.0,13.12,274.7,27.9,0.0
101,2023,92,848.0,13.12,288.3,27.86,0.0
101,2023,92,849.0,13.12,353.8,27.77,0.0
101,2023,92,850.0,13.12,517.6,27.79,0.0
101,2023,92,851.0,13.12,519.5,27.85,0.0
101,2023,92,852.0,13.12,519.5,27.83,0.0
101,2023,92,853.0,13.12,495.3,27.85,0.0
101,2023,92,854.0,13.12,528.6,27.92,0.0
101,2023,92,855.0,13.12,393.0,27.89,0.0
101,2023,92,856.0,13.12,396.3,27.87,0.0
101,2023,92,857.0,13.12,375.1,27.97,0.0
101,2023,92,858.0,13.12,459.2,27.94,0.0
101,2023,92,859.0,13.12,504.3,27.98,0.0
101,2023,92,900.0,13.12,650.1,28.07,0.0
101,2023,92,901.0,13.12,696.7,28.09,0.0
101,2023,92,902.0,13.12,746.0,28.18,0.0
101,2023,92,903.0,13.12,741.0,28.18,0.0
101,2023,92,904.0,13.11,571.9,28.2,0.0
101,2023,92,905.0,13.12,453.8,28.16,0.0
101,2023,92,906.0,13.11,429.7,28.22,0.0
101,2023,92,907.0,13.11,448.0,28.26,0.0
101,2023,92,908.0,13.11,525.4,28.32,0.0
101,2023,92,909.0,13.11,612.8,28.29,0.0
101,2023,92,910.0,13.11,584.3,28.25,0.0
101,2023,92,911.0,13.11,627.4,28.07,0.0
101,2023,92,912.0,13.11,676.8,28.18,0.0
101,2023,92,913.0,13.11,683.8,28.44,0.0
101,2023,92,914.0,13.11,752.0,28.69,0.0
101,2023,92,915.0,13.1,766.0,28.88,0.0
101,2023,92,916.0,13.1,757.0,28.95,0.0
101,2023,92,917.0,13.1,697.1,29.0,0.0
101,2023,92,918.0,13.1,676.6,28.99,0.0
101,2023,92,919.0,13.1,676.8,28.85,0.0
101,2023,92,920.0,13.1,620.7,28.74,0.0
101,2023,92,921.0,13.1,606.9,28.75,0.0
101,2023,92,922.0,13.09,604.7,28.82,0.0
101,2023,92,923.0,13.1,626.4,28.74,0.0
101,2023,92,924.0,13.09,534.5,28.81,0.0
101,2023,92,925.0,13.1,579.2,28.75,0.0
101,2023,92,926.0,13.09,766.0,28.9,0.0
101,2023,92,927.0,13.09,860.0,29.16,0.0
101,2023,92,928.0,13.09,886.0,29.16,0.0
101,2023,92,929.0,13.09,682.1,28.94,0.0
101,2023,92,930.0,13.09,534.3,28.91,0.0
101,2023,92,931.0,13.09,419.0,28.73,0.0
101,2023,92,932.0,13.09,388.3,28.64,0.0
101,2023,92,933.0,13.09,365.6,28.56,0.0
101,2023,92,934.0,13.09,353.3,28.49,0.0
101,2023,92,935.0,13.09,346.8,28.45,0.0
101,2023,92,936.0,13.09,344.0,28.48,0.0
101,2023,92,937.0,13.09,348.0,28.43,0.0
101,2023,92,938.0,13.09,348.7,28.41,0.0
101,2023,92,939.0,13.09,386.9,28.39,0.0
101,2023,92,940.0,13.09,397.4,28.47,0.0
101,2023,92,941.0,13.1,418.7,28.59,0.0
101,2023,92,942.0,13.09,458.4,28.62,0.0
101,2023,92,943.0,13.1,508.9,28.81,0.0
101,2023,92,944.0,13.1,535.3,28.8,0.0
101,2023,92,945.0,13.1,585.8,29.0,0.0
101,2023,92,946.0,13.1,678.2,29.1,0.0
101,2023,92,947.0,13.09,696.8,29.2,0.0
101,2023,92,948.0,13.1,704.0,29.42,0.0
101,2023,92,949.0,13.1,640.3,29.39,0.0
101,2023,92,950.0,13.1,690.4,29.33,0.0
101,2023,92,951.0,13.1,705.0,29.3,0.0
101,2023,92,952.0,13.1,597.2,29.17,0.0
101,2023,92,953.0,13.1,610.8,29.03,0.0
101,2023,92,954.0,13.1,694.5,29.12,0.0
101,2023,92,955.0,13.09,786.0,29.05,0.0
101,2023,92,956.0,13.1,936.0,29.11,0.0
101,2023,92,957.0,13.1,957.0,29.23,0.0
101,2023,92,958.0,13.1,935.0,29.24,0.0
101,2023,92,959.0,13.1,965.0,29.35,0.0
101,2023,92,1000.0,13.09,984.0,29.4,0.0
101,2023,92,1001.0,13.1,971.0,29.62,0.0
101,2023,92,1002.0,13.09,922.0,29.81,0.0
101,2023,92,1003.0,13.09,960.0,29.88,0.0
101,2023,92,1004.0,13.1,1033.0,29.66,0.0
101,2023,92,1005.0,13.09,1057.0,29.73,0.0
101,2023,92,1006.0,13.09,1084.0,29.96,0.0
101,2023,92,1007.0,13.09,1125.0,30.39,0.0
101,2023,92,1008.0,13.09,1152.0,30.33,0.0
101,2023,92,1009.0,13.09,1150.0,30.34,0.0
101,2023,92,1010.0,13.09,1150.0,30.35,0.0
101,2023,92,1011.0,13.09,1074.0,30.74,0.0
101,2023,92,1012.0,13.09,951.0,30.74,0.0
101,2023,92,1013.0,13.09,887.0,30.62,0.0
101,2023,92,1014.0,13.09,874.0,30.31,0.0
101,2023,92,1015.0,13.09,796.0,30.17,0.0
101,2023,92,1016.0,13.09,493.1,29.96,0.0
101,2023,92,1017.0,13.09,610.8,29.87,0.0
101,2023,92,1018.0,13.09,756.0,30.05,0.0
101,2023,92,1019.0,13.09,606.5,30.03,0.0
101,2023,92,1020.0,13.09,513.5,29.97,0.0
101,2023,92,1021.0,13.09,518.7,29.85,0.0
101,2023,92,1022.0,13.09,618.1,29.76,0.0
101,2023,92,1023.0,13.09,679.0,29.62,0.0
101,2023,92,1024.0,13.09,807.0,29.66,0.0
101,2023,92,1025.0,13.09,859.0,29.69,0.0
101,2023,92,1026.0,13.09,981.0,29.86,0.0
101,2023,92,1027.0,13.09,941.0,30.1,0.0
101,2023,92,1028.0,13.09,757.0,30.13,0.0
101,2023,92,1029.0,13.09,652.2,29.99,0.0
101,2023,92,1030.0,13.09,560.7,29.89,0.0
101,2023,92,1031.0,13.09,467.8,29.77,0.0
101,2023,92,1032.0,13.09,506.0,29.79,0.0
101,2023,92,1033.0,13.08,527.8,29.75,0.0
101,2023,92,1034.0,13.09,444.3,29.64,0.0
101,2023,92,1035.0,13.09,461.7,29.67,0.0
101,2023,92,1036.0,13.09,423.4,29.69,0.0
101,2023,92,1037.0,13.09,447.3,29.65,0.0
101,2023,92,1038.0,13.09,480.0,29.58,0.0
101,2023,92,1039.0,13.09,484.8,29.76,0.0
101,2023,92,1040.0,13.08,438.0,29.8,0.0
101,2023,92,1041.0,13.09,411.4,29.68,0.0
101,2023,92,1042.0,13.09,412.4,29.58,0.0
101,2023,92,1043.0,13.08,422.0,29.48,0.0
101,2023,92,1044.0,13.08,442.6,29.57,0.0
101,2023,92,1045.0,13.09,583.2,29.59,0.0
101,2023,92,1046.0,13.09,810.0,29.65,0.0
101,2023,92,1047.0,13.09,782.0,29.72,0.0
101,2023,92,1048.0,13.09,646.9,29.73,0.0
101,2023,92,1049.0,13.09,551.0,29.81,0.0
101,2023,92,1050.0,13.09,527.2,29.83,0.0
101,2023,92,1051.0,13.09,541.5,29.82,0.0
101,2023,92,1052.0,13.08,518.0,29.88,0.0
101,2023,92,1053.0,13.08,530.5,29.98,0.0
101,2023,92,1054.0,13.08,536.0,29.81,0.0
101,2023,92,1055.0,13.08,550.7,29.67,0.0
101,2023,92,1056.0,13.08,483.9,29.56,0.0
101,2023,92,1057.0,13.09,658.9,29.56,0.0
101,2023,92,1058.0,13.08,657.1,29.61,0.0
101,2023,92,1059.0,13.09,515.0,29.74,0.0
101,2023,92,1100.0,13.08,556.3,29.84,0.0
101,2023,92,1101.0,13.08,649.3,29.85,0.0
101,2023,92,1102.0,13.09,429.2,29.94,0.0
101,2023,92,1103.0,13.09,417.3,29.85,0.0
101,2023,92,1104.0,13.08,414.8,29.82,0.0
101,2023,92,1105.0,13.08,426.1,29.72,0.0
101,2023,92,1106.0,13.09,434.2,29.61,0.0
101,2023,92,1107.0,13.09,449.6,29.66,0.0
101,2023,92,1108.0,13.09,481.6,29.7,0.0
101,2023,92,1109.0,13.09,437.1,29.68,0.0
101,2023,92,1110.0,13.09,408.4,29.54,0.0
101,2023,92,1111.0,13.09,434.1,29.54,0.0
101,2023,92,1112.0,13.08,424.8,29.7,0.0
101,2023,92,1113.0,13.08,441.4,29.81,0.0
101,2023,92,1114.0,13.09,485.0,29.7,0.0
101,2023,92,1115.0,13.09,454.4,29.53,0.0
101,2023,92,1116.0,13.09,529.2,29.61,0.0
101,2023,92,1117.0,13.09,439.3,29.72,0.0
101,2023,92,1118.0,13.08,362.9,29.72,0.0
101,2023,92,1119.0,13.09,348.8,29.74,0.0
101,2023,92,1120.0,13.09,335.8,29.55,0.0
101,2023,92,1121.0,13.09,320.4,29.6,0.0
101,2023,92,1122.0,13.09,333.2,29.58,0.0
101,2023,92,1123.0,13.08,289.6,29.77,0.0
101,2023,92,1124.0,13.09,279.3,29.86,0.0
101,2023,92,1125.0,13.08,278.0,29.75,0.0
101,2023,92,1126.0,13.08,277.4,29.68,0.0
101,2023,92,1127.0,13.08,275.0,29.66,0.0
101,2023,92,1128.0,13.08,269.6,29.7,0.0
101,2023,92,1129.0,13.08,262.9,29.81,0.0
101,2023,92,1130.0,13.09,259.0,29.84,0.0
101,2023,92,1131.0,13.09,261.7,29.81,0.0
101,2023,92,1132.0,13.08,265.0,29.73,0.0
101,2023,92,1133.0,13.08,263.0,29.6,0.0
101,2023,92,1134.0,13.08,258.5,29.63,0.0
101,2023,92,1135.0,13.09,254.7,29.5,0.0
101,2023,92,1136.0,13.09,248.4,29.52,0.0
101,2023,92,1137.0,13.09,247.7,29.59,0.0
101,2023,92,1138.0,13.09,253.4,29.66,0.0
101,2023,92,1139.0,13.08,259.4,29.7,0.0
101,2023,92,1140.0,13.09,268.5,29.67,0.0
101,2023,92,1141.0,13.09,280.8,29.58,0.0
101,2023,92,1142.0,13.09,297.0,29.55,0.0
101,2023,92,1143.0,13.09,310.9,29.54,0.0
101,2023,92,1144.0,13.09,312.2,29.42,0.0
101,2023,92,1145.0,13.08,318.1,29.29,0.0
101,2023,92,1146.0,13.09,331.2,29.3,0.0
101,2023,92,1147.0,13.09,356.0,29.24,0.0
101,2023,92,1148.0,13.09,401.1,29.2,0.0
101,2023,92,1149.0,13.09,538.0,29.12,0.0
101,2023,92,1150.0,13.09,592.8,29.22,0.0
101,2023,92,1151.0,13.09,677.2,29.36,0.0
101,2023,92,1152.0,13.09,642.4,29.47,0.0
101,2023,92,1153.0,13.09,542.5,29.48,0.0
101,2023,92,1154.0,13.09,543.6,29.53,0.0
101,2023,92,1155.0,13.08,543.3,29.56,0.0
101,2023,92,1156.0,13.09,574.4,29.5,0.0
101,2023,92,1157.0,13.09,621.7,29.62,0.0
101,2023,92,1158.0,13.08,678.3,29.68,0.0
101,2023,92,1159.0,13.09,660.7,29.83,0.0
101,2023,92,1200.0,13.09,657.5,29.98,0.0
101,2023,92,1201.0,13.09,782.0,30.16,0.0
101,2023,92,1202.0,13.09,876.0,30.31,0.0
101,2023,92,1203.0,13.08,903.0,30.38,0.0
101,2023,92,1204.0,13.08,866.0,30.55,0.0
101,2023,92,1205.0,13.09,603.0,30.71,0.0
101,2023,92,1206.0,13.08,526.8,30.79,0.0
101,2023,92,1207.0,13.08,499.8,30.66,0.0
101,2023,92,1208.0,13.08,495.5,30.72,0.0
101,2023,92,1209.0,13.08,561.8,30.52,0.0
101,2023,92,1210.0,13.08,544.8,30.48,0.0
101,2023,92,1211.0,13.08,536.6,30.32,0.0
101,2023,92,1212.0,13.08,536.6,30.02,0.0
101,2023,92,1213.0,13.08,502.7,30.01,0.0
101,2023,92,1214.0,13.08,437.5,30.09,0.0
101,2023,92,1215.0,13.08,382.8,30.03,0.0
101,2023,92,1216.0,13.08,369.4,29.92,0.0
101,2023,92,1217.0,13.08,367.1,29.71,0.0
101,2023,92,1218.0,13.08,377.7,29.6,0.0
101,2023,92,1219.0,13.08,370.8,29.71,0.0
101,2023,92,1220.0,13.08,347.8,29.65,0.0
101,2023,92,1221.0,13.08,337.6,29.59,0.0
101,2023,92,1222.0,13.08,326.5,29.58,0.0
101,2023,92,1223.0,13.08,321.9,29.56,0.0
101,2023,92,1224.0,13.08,333.5,29.48,0.0
101,2023,92,1225.0,13.08,332.3,29.39,0.0
101,2023,92,1226.0,13.08,334.3,29.37,0.0
101,2023,92,1227.0,13.08,354.0,29.35,0.0
101,2023,92,1228.0,13.08,338.5,29.41,0.0
101,2023,92,1229.0,13.08,385.7,29.36,0.0
101,2023,92,1230.0,13.08,370.3,29.45,0.0
101,2023,92,1231.0,13.08,448.2,29.49,0.0
101,2023,92,1232.0,13.09,613.9,29.56,0.0
101,2023,92,1233.0,13.09,693.5,29.52,0.0
101,2023,92,1234.0,13.08,729.0,29.46,0.0
101,2023,92,1235.0,13.09,746.0,29.55,0.0
101,2023,92,1236.0,13.09,793.0,29.63,0.0
101,2023,92,1237.0,13.08,805.0,29.78,0.0
101,2023,92,1238.0,13.09,699.9,29.69,0.0
101,2023,92,1239.0,13.09,692.4,29.65,0.0
101,2023,92,1240.0,13.08,556.3,29.79,0.0
101,2023,92,1241.0,13.08,494.3,30.03,0.0
101,2023,92,1242.0,13.08,489.5,30.06,0.0
101,2023,92,1243.0,13.08,506.7,30.01,0.0
101,2023,92,1244.0,13.08,450.0,30.03,0.0
101,2023,92,1245.0,13.08,497.5,29.89,0.0
101,2023,92,1246.0,13.08,648.2,29.89,0.0
101,2023,92,1247.0,13.08,558.2,29.73,0.0
101,2023,92,1248.0,13.08,540.5,29.7,0.0
101,2023,92,1249.0,13.08,517.2,29.82,0.0
101,2023,92,1250.0,13.08,495.2,29.84,0.0
101,2023,92,1251.0,13.08,477.3,29.82,0.0
101,2023,92,1252.0,13.08,639.2,29.88,0.0
101,2023,92,1253.0,13.08,909.0,29.94,0.0
101,2023,92,1254.0,13.08,988.0,29.91,0.0
101,2023,92,1255.0,13.08,889.0,29.97,0.0
101,2023,92,1256.0,13.08,628.5,30.0,0.0
101,2023,92,1257.0,13.08,395.6,29.98,0.0
101,2023,92,1258.0,13.08,345.3,29.98,0.0
101,2023,92,1259.0,13.08,319.4,30.09,0.0
101,2023,92,1300.0,13.08,298.6,30.1,0.0
101,2023,92,1301.0,13.08,293.5,30.01,0.0
101,2023,92,1302.0,13.08,289.2,29.8,0.0
101,2023,92,1303.0,13.08,272.0,29.72,0.0
101,2023,92,1304.0,13.08,255.6,29.59,0.0
101,2023,92,1305.0,13.08,239.9,29.55,0.0
101,2023,92,1306.0,13.08,230.2,29.57,0.0
101,2023,92,1307.0,13.08,217.3,29.34,0.0
101,2023,92,1308.0,13.08,202.2,29.23,0.0
101,2023,92,1309.0,13.08,189.6,29.19,0.0
101,2023,92,1310.0,13.08,179.9,29.14,0.0
101,2023,92,1311.0,13.08,164.2,29.16,0.0
101,2023,92,1312.0,13.08,157.3,29.15,0.0
101,2023,92,1313.0,13.08,246.2,29.11,0.0
101,2023,92,1314.0,13.08,505.7,29.09,0.0
101,2023,92,1315.0,13.08,208.7,29.09,0.0
101,2023,92,1316.0,13.08,173.6,29.15,0.0
101,2023,92,1317.0,13.08,155.7,29.12,0.0
101,2023,92,1318.0,13.08,157.6,29.03,0.0
101,2023,92,1319.0,13.08,210.3,28.99,0.0
101,2023,92,1320.0,13.09,404.8,28.98,0.0
101,2023,92,1321.0,13.09,649.9,28.97,0.0
101,2023,92,1322.0,13.09,704.0,29.0,0.0
101,2023,92,1323.0,13.08,640.5,29.17,0.0
101,2023,92,1324.0,13.09,665.7,29.31,0.0
101,2023,92,1325.0,13.09,651.8,29.45,0.0
101,2023,92,1326.0,13.09,655.2,29.48,0.0
101,2023,92,1327.0,13.08,550.1,29.62,0.0
101,2023,92,1328.0,13.08,283.4,29.66,0.0
101,2023,92,1329.0,13.09,241.2,29.51,0.0
101,2023,92,1330.0,13.08,272.3,29.35,0.0
101,2023,92,1331.0,13.08,295.7,29.29,0.0
101,2023,92,1332.0,13.08,277.5,29.3,0.0
101,2023,92,1333.0,13.08,284.5,29.32,0.0
101,2023,92,1334.0,13.09,297.8,29.33,0.0
101,2023,92,1335.0,13.09,296.4,29.36,0.0
101,2023,92,1336.0,13.09,290.0,29.38,0.0
101,2023,92,1337.0,13.09,293.2,29.35,0.0
101,2023,92,1338.0,13.08,318.6,29.25,0.0
101,2023,92,1339.0,13.09,305.5,29.2,0.0
101,2023,92,1340.0,13.08,327.2,29.21,0.0
101,2023,92,1341.0,13.09,433.3,29.3,0.0
101,2023,92,1342.0,13.08,384.5,29.36,0.0
101,2023,92,1343.0,13.09,738.0,29.37,0.0
101,2023,92,1344.0,13.09,832.0,29.52,0.0
101,2023,92,1345.0,13.09,806.0,29.58,0.0
101,2023,92,1346.0,13.09,802.0,29.73,0.0
101,2023,92,1347.0,13.09,814.0,29.85,0.0
101,2023,92,1348.0,13.09,802.0,29.93,0.0
101,2023,92,1349.0,13.08,812.0,30.3,0.0
101,2023,92,1350.0,13.08,534.1,30.34,0.0
101,2023,92,1351.0,13.08,543.1,30.25,0.0
101,2023,92,1352.0,13.08,239.9,30.14,0.0
101,2023,92,1353.0,13.08,206.0,30.1,0.0
101,2023,92,1354.0,13.08,213.9,30.03,0.0
101,2023,92,1355.0,13.08,227.6,29.91,0.0
101,2023,92,1356.0,13.08,236.8,29.8,0.0
101,2023,92,1357.0,13.08,247.0,29.83,0.0
101,2023,92,1358.0,13.08,265.5,29.75,0.0
101,2023,92,1359.0,13.08,258.8,29.71,0.0
101,2023,92,1400.0,13.08,378.6,29.68,0.0
101,2023,92,1401.0,13.08,413.7,29.62,0.0
101,2023,92,1402.0,13.08,357.5,29.5,0.0
101,2023,92,1403.0,13.08,394.8,29.44,0.0
101,2023,92,1404.0,13.08,605.8,29.47,0.0
101,2023,92,1405.0,13.08,714.0,29.62,0.0
101,2023,92,1406.0,13.08,676.9,29.67,0.0
101,2023,92,1407.0,13.08,508.2,29.78,0.0
101,2023,92,1408.0,13.08,523.8,29.75,0.0
101,2023,92,1409.0,13.08,326.9,29.74,0.0
101,2023,92,1410.0,13.08,235.4,29.69,0.0
101,2023,92,1411.0,13.08,210.2,29.59,0.0
101,2023,92,1412.0,13.08,209.4,29.54,0.0
101,2023,92,1413.0,13.08,266.5,29.49,0.0
101,2023,92,1414.0,13.08,593.4,29.48,0.0
101,2023,92,0.0,13.09,638.9,29.65,0.0
101,2023,92,1416.0,13.09,609.9,29.9,0.0
101,2023,92,1417.0,13.08,572.9,30.08,0.0
101,2023,92,1418.0,13.08,548.4,30.1,0.0
101,2023,92,1419.0,13.08,579.5,30.13,0.0
101,2023,92,1420.0,13.08,623.5,30.14,0.0
101,2023,92,1421.0,13.08,634.6,30.06,0.0
101,2023,92,1422.0,13.08,623.2,29.99,0.0
101,2023,92,1423.0,13.08,606.3,29.94,0.0
101,2023,92,1424.0,13.08,616.9,30.03,0.0
101,2023,92,1425.0,13.08,551.0,30.26,0.0
101,2023,92,1426.0,13.07,595.1,30.5,0.0
101,2023,92,1427.0,13.07,686.0,30.49,0.0
101,2023,92,1428.0,13.07,686.2,30.56,0.0
101,2023,92,1429.0,13.07,582.9,30.65,0.0
101,2023,92,1430.0,13.07,554.2,30.7,0.0
101,2023,92,1431.0,13.07,572.5,30.64,0.0
101,2023,92,1432.0,13.07,474.2,30.69,0.0
101,2023,92,1433.0,13.07,524.1,30.69,0.0
101,2023,92,1434.0,13.07,547.7,30.72,0.0
101,2023,92,1435.0,13.07,676.9,30.71,0.0
101,2023,92,1436.0,13.07,647.2,30.75,0.0
101,2023,92,1437.0,13.07,607.8,30.64,0.0
101,2023,92,1438.0,13.07,596.8,30.63,0.0
101,2023,92,1439.0,13.06,515.3,30.51,0.0
101,2023,92,1440.0,13.06,550.8,30.39,0.0
101,2023,92,1441.0,13.06,476.1,30.58,0.0
101,2023,92,1442.0,13.07,340.8,30.59,0.0
101,2023,92,1443.0,13.06,274.2,30.4,0.0
101,2023,92,1444.0,13.07,334.5,30.19,0.0
101,2023,92,1445.0,13.07,443.4,30.07,0.0
101,2023,92,1446.0,13.07,429.0,30.1,0.0
101,2023,92,1447.0,13.07,501.3,30.04,0.0
101,2023,92,1448.0,13.07,530.0,30.05,0.0
101,2023,92,1449.0,13.07,554.3,30.03,0.0
101,2023,92,1450.0,13.07,529.2,30.18,0.0
101,2023,92,1451.0,13.07,379.1,30.27,0.0
101,2023,92,1452.0,13.07,332.2,30.3,0.0
101,2023,92,1453.0,13.07,375.4,30.26,0.0
101,2023,92,1454.0,13.07,363.4,30.22,0.0
101,2023,92,1455.0,13.07,351.3,30.13,0.0
101,2023,92,1456.0,13.07,392.4,30.12,0.0
101,2023,92,1457.0,13.07,451.5,30.17,0.0
101,2023,92,1458.0,13.07,486.4,30.1,0.0
101,2023,92,1459.0,13.07,504.3,30.03,0.0
101,2023,92,1500.0,13.07,513.2,29.91,0.0
101,2023,92,1501.0,13.07,514.5,30.0,0.0
101,2023,92,1502.0,13.07,497.5,30.02,0.0
101,2023,92,1503.0,13.07,447.6,30.0,0.0
101,2023,92,1504.0,13.07,560.6,30.04,0.0
101,2023,92,1505.0,13.07,560.4,30.12,0.0
101,2023,92,1506.0,13.07,502.4,30.27,0.0
101,2023,92,1507.0,13.07,496.6,30.27,0.0
101,2023,92,1508.0,13.07,474.5,30.35,0.0
101,2023,92,1509.0,13.07,503.0,30.24,0.0
101,2023,92,1510.0,13.07,443.9,30.09,0.0
101,2023,92,1511.0,13.07,410.9,29.98,0.0
101,2023,92,1512.0,13.07,266.0,29.95,0.0
101,2023,92,1513.0,13.07,422.2,29.89,0.0
101,2023,92,1514.0,13.07,474.2,29.82,0.0
101,2023,92,1515.0,13.07,474.8,29.78,0.0
101,2023,92,1516.0,13.07,454.4,29.76,0.0
101,2023,92,1517.0,13.07,396.5,29.81,0.0
101,2023,92,1518.0,13.07,359.5,29.92,0.0
101,2023,92,1519.0,13.07,342.2,30.02,0.0
101,2023,92,1520.0,13.07,323.0,30.04,0.0
101,2023,92,1521.0,13.07,286.1,29.85,0.0
101,2023,92,1522.0,13.07,220.0,29.79,0.0
101,2023,92,1523.0,13.07,189.9,29.69,0.0
101,2023,92,1524.0,13.08,189.9,29.59,0.0
101,2023,92,1525.0,13.08,207.4,29.5,0.0
101,2023,92,1526.0,13.08,218.8,29.46,0.0
101,2023,92,1527.0,13.08,285.4,29.45,0.0
101,2023,92,1528.0,13.08,265.6,29.46,0.0
101,2023,92,1529.0,13.08,244.8,29.47,0.0
101,2023,92,1530.0,13.08,246.9,29.46,0.0
101,2023,92,1531.0,13.08,238.5,29.39,0.0
101,2023,92,1532.0,13.08,204.9,29.34,0.0
101,2023,92,1533.0,13.08,216.9,29.38,0.0
101,2023,92,1534.0,13.08,224.5,29.38,0.0
101,2023,92,1535.0,13.08,262.9,29.36,0.0
101,2023,92,1536.0,13.08,255.6,29.35,0.0
101,2023,92,1537.0,13.08,226.3,29.29,0.0
101,2023,92,1538.0,13.08,197.5,29.26,0.0
101,2023,92,1539.0,13.08,189.7,29.26,0.0
101,2023,92,1540.0,13.09,183.3,29.23,0.0
101,2023,92,1541.0,13.08,176.0,29.19,0.0
101,2023,92,1542.0,13.09,172.7,29.17,0.0
101,2023,92,1543.0,13.09,168.3,29.15,0.0
101,2023,92,1544.0,13.09,165.9,29.16,0.0
101,2023,92,1545.0,13.09,164.4,29.07,0.0
101,2023,92,1546.0,13.09,163.1,29.01,0.0
101,2023,92,1547.0,13.09,162.1,28.95,0.0
101,2023,92,1548.0,13.09,161.1,28.92,0.0
101,2023,92,1549.0,13.09,160.3,28.91,0.0
101,2023,92,1550.0,13.09,160.3,28.89,0.0
101,2023,92,1551.0,13.09,161.5,28.86,0.0
101,2023,92,1552.0,13.09,165.8,28.82,0.0
101,2023,92,1553.0,13.09,172.3,28.81,0.0
101,2023,92,1554.0,13.09,179.4,28.77,0.0
101,2023,92,1555.0,13.09,186.7,28.8,0.0
101,2023,92,1556.0,13.09,196.6,28.75,0.0
101,2023,92,1557.0,13.09,182.9,28.71,0.0
101,2023,92,1558.0,13.09,171.7,28.69,0.0
101,2023,92,1559.0,13.09,162.5,28.68,0.0
101,2023,92,1600.0,13.09,161.9,28.67,0.0
101,2023,92,1601.0,13.1,163.3,28.65,0.0
101,2023,92,1602.0,13.09,158.4,28.61,0.0
101,2023,92,1603.0,13.09,156.2,28.58,0.0
101,2023,92,1604.0,13.1,152.5,28.59,0.0
101,2023,92,1605.0,13.1,158.2,28.54,0.0
101,2023,92,1606.0,13.1,178.0,28.49,0.0
101,2023,92,1607.0,13.1,211.4,28.52,0.0
101,2023,92,1608.0,13.1,267.4,28.53,0.0
101,2023,92,1609.0,13.1,299.5,28.55,0.0
101,2023,92,1610.0,13.1,275.8,28.61,0.0
101,2023,92,1611.0,13.1,242.4,28.62,0.0
101,2023,92,1612.0,13.1,222.8,28.65,0.0
101,2023,92,1613.0,13.1,200.3,28.72,0.0
101,2023,92,1614.0,13.1,214.0,28.7,0.0
101,2023,92,1615.0,13.1,205.9,28.65,0.0
101,2023,92,1616.0,13.1,181.6,28.7,0.0
101,2023,92,1617.0,13.1,186.6,28.63,0.0
101,2023,92,1618.0,13.1,232.8,28.64,0.0
101,2023,92,1619.0,13.1,271.6,28.62,0.0
101,2023,92,1620.0,13.1,283.6,28.61,0.0
101,2023,92,1621.0,13.1,286.4,28.65,0.0
101,2023,92,1622.0,13.1,267.3,28.64,0.0
101,2023,92,1623.0,13.1,259.2,28.63,0.0
101,2023,92,1624.0,13.1,202.3,28.59,0.0
101,2023,92,1625.0,13.1,165.5,28.56,0.0
101,2023,92,1626.0,13.1,144.5,28.47,0.0
101,2023,92,1627.0,13.1,131.1,28.4,0.0
101,2023,92,1628.0,13.1,122.2,28.37,0.0
101,2023,92,1629.0,13.1,116.7,28.34,0.0
101,2023,92,1630.0,13.1,113.2,28.22,0.0
101,2023,92,1631.0,13.1,110.0,28.15,0.0
101,2023,92,1632.0,13.1,105.7,28.07,0.0
101,2023,92,1633.0,13.1,102.2,27.96,0.0
101,2023,92,1634.0,13.11,99.0,27.92,0.0
101,2023,92,1635.0,13.1,96.0,27.88,0.0
101,2023,92,1636.0,13.11,93.0,27.83,0.0
101,2023,92,1637.0,13.11,90.3,27.77,0.0
101,2023,92,1638.0,13.11,87.7,27.69,0.0
101,2023,92,1639.0,13.1,85.3,27.67,0.0
101,2023,92,1640.0,13.1,83.2,27.65,0.0
101,2023,92,1641.0,13.1,81.5,27.64,0.0
101,2023,92,1642.0,13.1,81.4,27.64,0.0
101,2023,92,1643.0,13.09,88.6,27.63,0.0
101,2023,92,1644.0,13.09,98.2,27.6,0.0
101,2023,92,1645.0,13.09,103.0,27.58,0.0
101,2023,92,1646.0,13.09,108.6,27.58,0.0
101,2023,92,1647.0,13.09,128.1,27.57,0.0
101,2023,92,1648.0,13.09,130.9,27.54,0.0
101,2023,92,1649.0,13.08,100.5,27.56,0.0
101,2023,92,1650.0,13.07,83.2,27.54,0.0
101,2023,92,1651.0,13.07,76.2,27.51,0.0
101,2023,92,1652.0,13.05,63.66,27.46,0.0
101,2023,92,1653.0,13.04,58.22,27.38,0.0
101,2023,92,1654.0,13.02,58.05,27.35,0.0
101,2023,92,1655.0,13.01,58.13,27.29,0.0
101,2023,92,1656.0,13.0,54.3,27.25,0.0
101,2023,92,1657.0,12.98,52.67,27.18,0.0
101,2023,92,1658.0,12.97,55.09,27.14,0.0
101,2023,92,1659.0,12.96,58.25,27.09,0.0
101,2023,92,1700.0,12.95,56.7,27.05,0.0
101,2023,92,1701.0,12.94,52.61,27.04,0.0
101,2023,92,1702.0,12.93,46.78,27.02,0.0
101,2023,92,1703.0,12.91,39.87,27.0,0.0
101,2023,92,1704.0,12.9,37.4,26.97,0.0
101,2023,92,1705.0,12.89,37.42,26.93,0.0
101,2023,92,1706.0,12.88,39.85,26.94,0.0
101,2023,92,1707.0,12.87,36.32,26.92,0.0
101,2023,92,1708.0,12.86,31.22,26.89,0.0
101,2023,92,1709.0,12.85,29.42,26.88,0.0
101,2023,92,1710.0,12.84,27.73,26.84,0.0
101,2023,92,1711.0,12.83,25.73,26.81,0.0
101,2023,92,1712.0,12.83,24.01,26.78,0.0
101,2023,92,1713.0,12.83,23.19,26.76,0.0
101,2023,92,1714.0,12.82,23.25,26.75,0.0
101,2023,92,1715.0,12.82,22.74,26.73,0.0
101,2023,92,1716.0,12.82,21.22,26.7,0.0
101,2023,92,1717.0,12.81,17.87,26.69,0.0
101,2023,92,1718.0,12.82,15.73,26.67,0.0
101,2023,92,1719.0,12.81,14.43,26.64,0.0
101,2023,92,1720.0,12.82,12.74,26.61,0.0
101,2023,92,1721.0,12.83,11.16,26.58,0.0
101,2023,92,1722.0,12.82,9.69,26.54,0.0
101,2023,92,1723.0,12.81,8.2,26.5,0.0
101,2023,92,1724.0,12.8,6.904,26.47,0.0
101,2023,92,1725.0,12.8,5.834,26.45,0.0
101,2023,92,1726.0,12.79,5.101,26.42,0.0
101,2023,92,1727.0,12.8,4.481,26.41,0.0
101,2023,92,1728.0,12.79,4.03,26.4,0.0
101,2023,92,1729.0,12.8,3.805,26.37,0.0
101,2023,92,1730.0,12.81,3.692,26.34,0.0
101,2023,92,1731.0,12.82,3.692,26.31,0.0
101,2023,92,1732.0,12.81,3.748,26.27,0.0
101,2023,92,1733.0,12.8,3.72,26.27,0.0
101,2023,92,1734.0,12.79,2.959,26.24,0.0
101,2023,92,1735.0,12.78,2.311,26.21,0.0
101,2023,92,1736.0,12.78,1.719,26.17,0.0
101,2023,92,1737.0,12.77,1.437,26.14,0.0
101,2023,92,1738.0,12.77,1.043,26.1,0.0
101,2023,92,1739.0,12.76,1.015,26.06,0.0
101,2023,92,1740.0,12.76,0.0,26.04,0.0
101,2023,92,1741.0,12.76,0.0,26.01,0.0
101,2023,92,1742.0,12.76,0.0,25.98,0.0
101,2023,92,1743.0,12.76,0.0,25.96,0.0
101,2023,92,1744.0,12.76,0.0,25.92,0.0
101,2023,92,1745.0,12.75,0.0,25.89,0.0
101,2023,92,1746.0,12.75,0.0,25.86,0.0
101,2023,92,1747.0,12.75,0.0,25.83,0.0
101,2023,92,1748.0,12.75,0.0,25.81,0.0
101,2023,92,1749.0,12.75,0.0,25.78,0.0
101,2023,92,1750.0,12.75,0.0,25.75,0.0
101,2023,92,1751.0,12.75,0.0,25.73,0.0
101,2023,92,1752.0,12.75,0.0,25.71,0.0
101,2023,92,1753.0,12.75,0.0,25.69,0.0
101,2023,92,1754.0,12.74,0.0,25.66,0.0
101,2023,92,1755.0,12.74,0.0,25.63,0.0
101,2023,92,1756.0,12.74,0.0,25.6,0.0
101,2023,92,1757.0,12.74,0.0,25.57,0.0
101,2023,92,1758.0,12.74,0.0,25.56,0.0
101,2023,92,1759.0,12.74,0.0,25.54,0.0
101,2023,92,1800.0,12.74,0.0,25.5,0.0
101,2023,92,1801.0,12.74,0.0,25.47,0.0
101,2023,92,1802.0,12.74,0.0,25.44,0.0
101,2023,92,1803.0,12.74,0.0,25.41,0.0
101,2023,92,1804.0,12.73,0.0,25.38,0.0
101,2023,92,1805.0,12.73,0.0,25.36,0.0
101,2023,92,1806.0,12.73,0.0,25.33,0.0
101,2023,92,1807.0,12.73,0.0,25.32,0.0
101,2023,92,1808.0,12.73,0.0,25.3,0.0
101,2023,92,1809.0,12.73,0.0,25.29,0.0
101,2023,92,1810.0,12.73,0.0,25.27,0.0
101,2023,92,1811.0,12.73,0.0,25.25,0.0
101,2023,92,1812.0,12.73,0.0,25.24,0.0
101,2023,92,1813.0,12.73,0.0,25.24,0.0
101,2023,92,1814.0,12.72,0.0,25.22,0.0
101,2023,92,1815.0,12.72,0.0,25.21,0.0
101,2023,92,1816.0,12.72,0.0,25.2,0.0
101,2023,92,1817.0,12.72,0.0,25.18,0.0
101,2023,92,1818.0,12.72,0.0,25.17,0.0
101,2023,92,1819.0,12.72,0.0,25.16,0.0
101,2023,92,1820.0,12.72,0.0,25.14,0.0
101,2023,92,1821.0,12.72,0.0,25.13,0.0
101,2023,92,1822.0,12.72,0.0,25.11,0.0
101,2023,92,1823.0,12.72,0.0,25.1,0.0
101,2023,92,1824.0,12.72,0.0,25.09,0.0
101,2023,92,1825.0,12.72,0.0,25.07,0.0
101,2023,92,1826.0,12.72,0.0,25.05,0.0
101,2023,92,1827.0,12.71,0.0,25.04,0.0
101,2023,92,1828.0,12.72,0.0,25.02,0.0
101,2023,92,1829.0,12.71,0.0,25.01,0.0
101,2023,92,1830.0,12.71,0.0,24.99,0.0
101,2023,92,1831.0,12.71,0.0,24.97,0.0
101,2023,92,1832.0,12.71,0.0,24.95,0.0
101,2023,92,1833.0,12.71,0.0,24.94,0.0
101,2023,92,1834.0,12.71,0.0,24.91,0.0
101,2023,92,1835.0,12.71,0.0,24.91,0.0
101,2023,92,1836.0,12.71,0.0,24.89,0.0
101,2023,92,1837.0,12.71,0.0,24.88,0.0
101,2023,92,1838.0,12.71,0.0,24.88,0.0
101,2023,92,1839.0,12.71,0.0,24.87,0.0
101,2023,92,1840.0,12.71,0.0,24.86,0.0
101,2023,92,1841.0,12.71,0.0,24.86,0.0
101,2023,92,1842.0,12.71,0.0,24.85,0.0
101,2023,92,1843.0,12.7,0.0,24.84,0.0
101,2023,92,1844.0,12.7,0.0,24.83,0.0
101,2023,92,1845.0,12.71,0.0,24.83,0.0
101,2023,92,1846.0,12.7,0.0,24.83,0.0
101,2023,92,1847.0,12.7,0.0,24.8,0.0
101,2023,92,1848.0,12.7,0.0,24.79,0.0
101,2023,92,1849.0,12.7,0.0,24.77,0.0
101,2023,92,1850.0,12.7,0.0,24.75,0.0
101,2023,92,1851.0,12.7,0.0,24.74,0.0
101,2023,92,1852.0,12.7,0.0,24.73,0.0
101,2023,92,1853.0,12.7,0.0,24.73,0.0
101,2023,92,1854.0,12.7,0.0,24.71,0.0
101,2023,92,1855.0,12.7,0.0,24.69,0.0
101,2023,92,1856.0,12.7,0.0,24.69,0.0
101,2023,92,1857.0,12.7,0.0,24.69,0.0
101,2023,92,1858.0,12.7,0.0,24.67,0.0
101,2023,92,1859.0,12.7,0.0,24.67,0.0
101,2023,92,1900.0,12.7,0.0,24.67,0.0
101,2023,92,1901.0,12.7,0.0,24.64,0.0
101,2023,92,1902.0,12.69,0.0,24.61,0.0
101,2023,92,1903.0,12.69,0.0,24.59,0.0
101,2023,92,1904.0,12.7,0.0,24.55,0.0
101,2023,92,1905.0,12.69,0.0,24.53,0.0
101,2023,92,1906.0,12.7,0.0,24.54,0.0
101,2023,92,1907.0,12.69,0.0,24.52,0.0
101,2023,92,1908.0,12.7,0.0,24.52,0.0
101,2023,92,1909.0,12.69,0.0,24.51,0.0
101,2023,92,1910.0,12.69,0.0,24.5,0.0
101,2023,92,1911.0,12.69,0.0,24.52,0.0
101,2023,92,1912.0,12.69,0.0,24.49,0.0
101,2023,92,1913.0,12.69,0.0,24.45,0.0
101,2023,92,1914.0,12.69,0.0,24.45,0.0
101,2023,92,1915.0,12.69,0.0,24.45,0.0
101,2023,92,1916.0,12.69,0.0,24.43,0.0
101,2023,92,1917.0,12.69,0.0,24.42,0.0
101,2023,92,1918.0,12.69,0.0,24.4,0.0
101,2023,92,1919.0,12.69,0.0,24.38,0.0
101,2023,92,1920.0,12.69,0.0,24.37,0.0
101,2023,92,1921.0,12.69,0.0,24.33,0.0
101,2023,92,1922.0,12.69,0.0,24.31,0.0
101,2023,92,1923.0,12.69,0.0,24.33,0.0
101,2023,92,1924.0,12.68,0.0,24.35,0.0
101,2023,92,1925.0,12.69,0.0,24.34,0.0
101,2023,92,1926.0,12.68,0.0,24.33,0.0
101,2023,92,1927.0,12.68,0.0,24.34,0.0
101,2023,92,1928.0,12.68,0.0,24.35,0.0
101,2023,92,1929.0,12.68,0.0,24.37,0.0
101,2023,92,1930.0,12.68,0.0,24.37,0.0
101,2023,92,1931.0,12.68,0.0,24.37,0.0
101,2023,92,1932.0,12.68,0.0,24.4,0.0
101,2023,92,1933.0,12.68,0.0,24.38,0.0
101,2023,92,1934.0,12.68,0.0,24.4,0.0
101,2023,92,1935.0,12.68,0.0,24.43,0.0
101,2023,92,1936.0,12.68,0.0,24.43,0.0
101,2023,92,1937.0,12.68,0.0,24.45,0.0
101,2023,92,1938.0,12.68,0.0,24.43,0.0
101,2023,92,1939.0,12.68,0.0,24.44,0.0
101,2023,92,1940.0,12.68,0.0,24.44,0.0
101,2023,92,1941.0,12.68,0.0,24.44,0.0
101,2023,92,1942.0,12.68,0.0,24.43,0.0
101,2023,92,1943.0,12.68,0.0,24.4,0.0
101,2023,92,1944.0,12.68,0.0,24.35,0.0
101,2023,92,1945.0,12.68,0.0,24.34,0.0
101,2023,92,1946.0,12.68,0.0,24.34,0.0
101,2023,92,1947.0,12.67,0.0,24.32,0.0
101,2023,92,1948.0,12.67,0.0,24.27,0.0
101,2023,92,1949.0,12.67,0.0,24.28,0.0
101,2023,92,1950.0,12.67,0.0,24.25,0.0
101,2023,92,1951.0,12.67,0.0,24.23,0.0
101,2023,92,1952.0,12.67,0.0,24.23,0.0
101,2023,92,1953.0,12.67,0.0,24.22,0.0
101,2023,92,1954.0,12.67,0.0,24.21,0.0
101,2023,92,1955.0,12.67,0.0,24.2,0.0
101,2023,92,1956.0,12.67,0.0,24.21,0.0
101,2023,92,1957.0,12.67,0.0,24.21,0.0
101,2023,92,1958.0,12.67,0.0,24.21,0.0
101,2023,92,1959.0,12.67,0.0,24.24,0.0
101,2023,92,2000.0,12.67,0.0,24.26,0.0
101,2023,92,2001.0,12.67,0.0,24.31,0.0
101,2023,92,2002.0,12.67,0.0,24.3,0.0
101,2023,92,2003.0,12.67,0.0,24.3,0.0
101,2023,92,2004.0,12.67,0.0,24.3,0.0
101,2023,92,2005.0,12.67,0.0,24.29,0.0
101,2023,92,2006.0,12.67,0.0,24.29,0.0
101,2023,92,2007.0,12.67,0.0,24.31,0.0
101,2023,92,2008.0,12.67,0.0,24.31,0.0
101,2023,92,2009.0,12.67,0.0,24.33,0.0
101,2023,92,2010.0,12.67,0.0,24.31,0.0
101,2023,92,2011.0,12.67,0.0,24.31,0.0
101,2023,92,2012.0,12.67,0.0,24.31,0.0
101,2023,92,2013.0,12.67,0.0,24.31,0.0
101,2023,92,2014.0,12.66,0.0,24.35,0.0
101,2023,92,2015.0,12.67,0.0,24.33,0.0
101,2023,92,2016.0,12.66,0.0,24.33,0.0
101,2023,92,2017.0,12.66,0.0,24.34,0.0
101,2023,92,2018.0,12.66,0.0,24.33,0.0
101,2023,92,2019.0,12.66,0.0,24.32,0.0
101,2023,92,2020.0,12.66,0.0,24.32,0.0
101,2023,92,2021.0,12.66,0.0,24.33,0.0
101,2023,92,2022.0,12.66,0.0,24.33,0.0
101,2023,92,2023.0,12.66,0.0,24.33,0.0
101,2023,92,2024.0,12.66,0.0,24.31,0.0
101,2023,92,2025.0,12.66,0.0,24.31,0.0
101,2023,92,2026.0,12.66,0.0,24.31,0.0
101,2023,92,2027.0,12.66,0.0,24.33,0.0
101,2023,92,2028.0,12.66,0.0,24.32,0.0
101,2023,92,2029.0,12.66,0.0,24.3,0.0
101,2023,92,2030.0,12.66,0.0,24.32,0.0
101,2023,92,2031.0,12.65,0.0,24.35,0.0
101,2023,92,2032.0,12.66,0.0,24.36,0.0
101,2023,92,2033.0,12.66,0.0,24.36,0.0
101,2023,92,2034.0,12.66,0.0,24.38,0.0
101,2023,92,2035.0,12.65,0.0,24.39,0.0
101,2023,92,2036.0,12.65,0.0,24.37,0.0
101,2023,92,2037.0,12.66,0.0,24.36,0.0
101,2023,92,2038.0,12.65,0.0,24.37,0.0
101,2023,92,2039.0,12.65,0.0,24.38,0.0
101,2023,92,2040.0,12.65,0.0,24.38,0.0
101,2023,92,2041.0,12.65,0.0,24.38,0.0
101,2023,92,2042.0,12.65,0.0,24.36,0.0
101,2023,92,2043.0,12.65,0.0,24.36,0.0
101,2023,92,2044.0,12.65,0.0,24.36,0.0
101,2023,92,2045.0,12.65,0.0,24.35,0.0
101,2023,92,2046.0,12.65,0.0,24.35,0.0
101,2023,92,2047.0,12.65,0.0,24.35,0.0
101,2023,92,2048.0,12.65,0.0,24.35,0.0
101,2023,92,2049.0,12.65,0.0,24.35,0.0
101,2023,92,2050.0,12.65,0.0,24.36,0.0
101,2023,92,2051.0,12.65,0.0,24.35,0.0
101,2023,92,2052.0,12.65,0.0,24.3,0.0
101,2023,92,2053.0,12.65,0.0,24.28,0.0
101,2023,92,2054.0,12.65,0.0,24.27,0.0
101,2023,92,2055.0,12.65,0.0,24.24,0.0
101,2023,92,2056.0,12.65,0.0,24.22,0.0
101,2023,92,2057.0,12.65,0.0,24.22,0.0
101,2023,92,2058.0,12.65,0.0,24.23,0.0
101,2023,92,2059.0,12.65,0.0,24.2,0.0
101,2023,92,2100.0,12.65,0.0,24.16,0.0
101,2023,92,2101.0,12.65,0.0,24.15,0.0
101,2023,92,2102.0,12.65,0.0,24.13,0.0
101,2023,92,2103.0,12.65,0.0,24.14,0.0
101,2023,92,2104.0,12.65,0.0,24.13,0.0
101,2023,92,2105.0,12.65,0.0,24.1,0.0
101,2023,92,2106.0,12.65,0.0,24.09,0.0
101,2023,92,2107.0,12.65,0.0,24.1,0.0
101,2023,92,2108.0,12.65,0.0,24.08,0.0
101,2023,92,2109.0,12.65,0.0,24.08,0.0
101,2023,92,2110.0,12.65,0.0,24.07,0.0
101,2023,92,2111.0,12.64,0.0,24.06,0.0
101,2023,92,2112.0,12.64,0.0,24.06,0.0
101,2023,92,2113.0,12.64,0.0,24.03,0.0
101,2023,92,2114.0,12.64,0.0,23.99,0.0
101,2023,92,2115.0,12.64,0.0,23.96,0.0
101,2023,92,2116.0,12.64,0.0,23.95,0.0
101,2023,92,2117.0,12.64,0.0,23.94,0.0
101,2023,92,2118.0,12.64,0.0,23.94,0.0
101,2023,92,2119.0,12.64,0.0,23.93,0.0
101,2023,92,2120.0,12.64,0.0,23.93,0.0
101,2023,92,2121.0,12.64,0.0,23.95,0.0
101,2023,92,2122.0,12.64,0.0,23.96,0.0
101,2023,92,2123.0,12.64,0.0,23.97,0.0
101,2023,92,2124.0,12.64,0.0,23.98,0.0
101,2023,92,2125.0,12.64,0.0,23.98,0.0
101,2023,92,2126.0,12.64,0.0,23.96,0.0
101,2023,92,2127.0,12.64,0.0,23.95,0.0
101,2023,92,2128.0,12.64,0.0,23.9,0.0
101,2023,92,2129.0,12.64,0.0,23.89,0.0
101,2023,92,2130.0,12.64,0.0,23.85,0.0
101,2023,92,2131.0,12.64,0.0,23.82,0.0
101,2023,92,2132.0,12.64,0.0,23.82,0.0
101,2023,92,2133.0,12.64,0.0,23.82,0.0
101,2023,92,2134.0,12.64,0.0,23.83,0.0
101,2023,92,2135.0,12.64,0.0,23.82,0.0
101,2023,92,2136.0,12.63,0.0,23.81,0.0
101,2023,92,2137.0,12.63,0.0,23.8,0.0
101,2023,92,2138.0,12.63,0.0,23.79,0.0
101,2023,92,2139.0,12.63,0.0,23.8,0.0
101,2023,92,2140.0,12.63,0.0,23.8,0.0
101,2023,92,2141.0,12.63,0.0,23.81,0.0
101,2023,92,2142.0,12.63,0.0,23.82,0.0
101,2023,92,2143.0,12.63,0.0,23.81,0.0
101,2023,92,2144.0,12.63,0.0,23.8,0.0
101,2023,92,2145.0,12.63,0.0,23.81,0.0
101,2023,92,2146.0,12.63,0.0,23.82,0.0
101,2023,92,2147.0,12.63,0.0,23.82,0.0
101,2023,92,2148.0,12.63,0.0,23.83,0.0
101,2023,92,2149.0,12.63,0.0,23.84,0.0
101,2023,92,2150.0,12.63,0.0,23.86,0.0
101,2023,92,2151.0,12.63,0.0,23.88,0.0
101,2023,92,2152.0,12.63,0.0,23.86,0.0
101,2023,92,2153.0,12.63,0.0,23.82,0.0
101,2023,92,2154.0,12.63,0.0,23.75,0.0
101,2023,92,2155.0,12.63,0.0,23.68,0.0
101,2023,92,2156.0,12.63,0.0,23.65,0.0
101,2023,92,2157.0,12.63,0.0,23.62,0.0
101,2023,92,2158.0,12.63,0.0,23.55,0.0
101,2023,92,2159.0,12.63,0.0,23.53,0.0
101,2023,92,2200.0,12.63,0.0,23.5,0.0
101,2023,92,2201.0,12.62,0.0,23.5,0.0
101,2023,92,2202.0,12.63,0.0,23.6,0.0
101,2023,92,2203.0,12.63,0.0,23.66,0.0
101,2023,92,2204.0,12.62,0.0,23.66,0.0
101,2023,92,2205.0,12.62,0.0,23.65,0.0
101,2023,92,2206.0,12.62,0.0,23.66,0.0
101,2023,92,2207.0,12.62,0.0,23.65,0.0
101,2023,92,2208.0,12.62,0.0,23.61,0.0
101,2023,92,2209.0,12.62,0.0,23.64,0.0
101,2023,92,2210.0,12.62,0.0,23.65,0.0
101,2023,92,2211.0,12.62,0.0,23.67,0.0
101,2023,92,2212.0,12.62,0.0,23.7,0.0
101,2023,92,2213.0,12.62,0.0,23.71,0.0
101,2023,92,2214.0,12.62,0.0,23.71,0.0
101,2023,92,2215.0,12.62,0.0,23.71,0.0
101,2023,92,2216.0,12.62,0.0,23.71,0.0
101,2023,92,2217.0,12.62,0.0,23.69,0.0
101,2023,92,2218.0,12.62,0.0,23.65,0.0
101,2023,92,2219.0,12.62,0.0,23.56,0.0
101,2023,92,2220.0,12.62,0.0,23.53,0.0
101,2023,92,2221.0,12.62,0.0,23.52,0.0
101,2023,92,2222.0,12.62,0.0,23.52,0.0
101,2023,92,2223.0,12.62,0.0,23.54,0.0
101,2023,92,2224.0,12.62,0.0,23.52,0.0
101,2023,92,2225.0,12.62,0.0,23.5,0.0
101,2023,92,2226.0,12.62,0.0,23.46,0.0
101,2023,92,2227.0,12.62,0.0,23.36,0.0
101,2023,92,2228.0,12.62,0.0,23.36,0.0
101,2023,92,2229.0,12.61,0.0,23.3,0.0
101,2023,92,2230.0,12.61,0.0,23.27,0.0
101,2023,92,2231.0,12.61,0.0,23.2,0.0
101,2023,92,2232.0,12.61,0.0,23.24,0.0
101,2023,92,2233.0,12.61,0.0,23.36,0.0
101,2023,92,2234.0,12.61,0.0,23.38,0.0
101,2023,92,2235.0,12.61,0.0,23.37,0.0
101,2023,92,2236.0,12.61,0.0,23.39,0.0
101,2023,92,2237.0,12.61,0.0,23.42,0.0
101,2023,92,2238.0,12.61,0.0,23.41,0.0
101,2023,92,2239.0,12.61,0.0,23.39,0.0
101,2023,92,2240.0,12.61,0.0,23.39,0.0
101,2023,92,2241.0,12.61,0.0,23.38,0.0
101,2023,92,2242.0,12.61,0.0,23.35,0.0
101,2023,92,2243.0,12.61,0.0,23.36,0.0
101,2023,92,2244.0,12.61,0.0,23.36,0.0
101,2023,92,2245.0,12.61,0.0,23.34,0.0
101,2023,92,2246.0,12.61,0.0,23.31,0.0
101,2023,92,2247.0,12.6,0.0,23.27,0.0
101,2023,92,2248.0,12.6,0.0,23.24,0.0
101,2023,92,2249.0,12.6,0.0,23.19,0.0
101,2023,92,2250.0,12.6,0.0,23.13,0.0
101,2023,92,2251.0,12.6,0.0,23.1,0.0
101,2023,92,2252.0,12.6,0.0,23.08,0.0
101,2023,92,2253.0,12.6,0.0,23.07,0.0
101,2023,92,2254.0,12.6,0.0,23.05,0.0
101,2023,92,2255.0,12.6,0.0,23.04,0.0
101,2023,92,2256.0,12.6,0.0,23.04,0.0
101,2023,92,2257.0,12.6,0.0,23.03,0.0
101,2023,92,2258.0,12.6,0.0,23.01,0.0
101,2023,92,2259.0,12.6,0.0,23.0,0.0
101,2023,92,2300.0,12.6,0.0,22.98,0.0
101,2023,92,2301.0,12.6,0.0,22.99,0.0
101,2023,92,2302.0,12.6,0.0,23.03,0.0
101,2023,92,2303.0,12.6,0.0,23.09,0.0
101,2023,92,2304.0,12.6,0.0,23.14,0.0
101,2023,92,2305.0,12.6,0.0,23.17,0.0
101,2023,92,2306.0,12.6,0.0,23.19,0.0
101,2023,92,2307.0,12.6,0.0,23.18,0.0
101,2023,92,2308.0,12.6,0.0,23.15,0.0
101,2023,92,2309.0,12.59,0.0,23.13,0.0
101,2023,92,2310.0,12.59,0.0,23.15,0.0
101,2023,92,2311.0,12.59,0.0,23.19,0.0
101,2023,92,2312.0,12.59,0.0,23.25,0.0
101,2023,92,2313.0,12.59,0.0,23.29,0.0
101,2023,92,2314.0,12.59,0.0,23.29,0.0
101,2023,92,2315.0,12.59,0.0,23.31,0.0
101,2023,92,2316.0,12.59,0.0,23.33,0.0
101,2023,92,2317.0,12.59,0.0,23.34,0.0
101,2023,92,2318.0,12.59,0.0,23.35,0.0
101,2023,92,2319.0,12.59,0.0,23.34,0.0
101,2023,92,2320.0,12.59,0.0,23.33,0.0
101,2023,92,2321.0,12.59,0.0,23.32,0.0
101,2023,92,2322.0,12.59,0.0,23.3,0.0
101,2023,92,2323.0,12.59,0.0,23.3,0.0
101,2023,92,2324.0,12.59,0.0,23.3,0.0
101,2023,92,2325.0,12.59,0.0,23.29,0.0
101,2023,92,2326.0,12.59,0.0,23.27,0.0
101,2023,92,2327.0,12.59,0.0,23.23,0.0
101,2023,92,2328.0,12.59,0.0,23.2,0.0
101,2023,92,2329.0,12.59,0.0,23.19,0.0
101,2023,92,2330.0,12.58,0.0,23.2,0.0
101,2023,92,2331.0,12.58,0.0,23.2,0.0
101,2023,92,2332.0,12.58,0.0,23.2,0.0
101,2023,92,2333.0,12.58,0.0,23.18,0.0
101,2023,92,2334.0,12.59,0.0,23.17,0.0
101,2023,92,2335.0,12.59,0.0,23.17,0.0
101,2023,92,2336.0,12.59,0.0,23.15,0.0
101,2023,92,2337.0,12.58,0.0,23.14,0.0
101,2023,92,2338.0,12.58,0.0,23.15,0.0
101,2023,92,2339.0,12.58,0.0,23.14,0.0
101,2023,92,2340.0,12.58,0.0,23.13,0.0
101,2023,92,2341.0,12.58,0.0,23.11,0.0
101,2023,92,2342.0,12.58,0.0,23.08,0.0
101,2023,92,2343.0,12.58,0.0,23.06,0.0
101,2023,92,2344.0,12.58,0.0,23.05,0.0
101,2023,92,2345.0,12.58,0.0,23.05,0.0
101,2023,92,2346.0,12.58,0.0,23.03,0.0
101,2023,92,2347.0,12.58,0.0,23.02,0.0
101,2023,92,2348.0,12.58,0.0,22.99,0.0
101,2023,92,2349.0,12.58,0.0,22.97,0.0
101,2023,92,2350.0,12.58,0.0,22.99,0.0
101,2023,92,2351.0,12.58,0.0,23.05,0.0
101,2023,92,2352.0,12.58,0.0,23.06,0.0
101,2023,92,2353.0,12.58,0.0,23.05,0.0
101,2023,92,2354.0,12.58,0.0,23.02,0.0
101,2023,92,2355.0,12.58,0.0,22.98,0.0
101,2023,92,2356.0,12.58,0.0,22.97,0.0
101,2023,92,2357.0,12.58,0.0,23.0,0.0
101,2023,92,2358.0,12.57,0.0,23.03,0.0
101,2023,92,2359.0,12.57,0.0,23.04,0.0
