a,b,dia_juliano,d,e,f,g,h
101,2023,43,2400,12.69,0,22.74,0
101,2023,43,1,12.69,0,22.71,0
101,2023,43,2,12.69,0,22.66,0
101,2023,43,3,12.69,0,22.64,0
101,2023,43,4,12.69,0,22.64,0
101,2023,43,5,12.69,0,22.65,0
101,2023,43,6,12.69,0,22.63,0
101,2023,43,7,12.69,0,22.61,0
101,2023,43,8,12.69,0,22.61,0
101,2023,43,9,12.69,0,22.61,0
101,2023,43,10,12.69,0,22.6,0
101,2023,43,11,12.69,0,22.57,0
101,2023,43,12,12.69,0,22.55,0
101,2023,43,13,12.69,0,22.55,0
101,2023,43,14,12.69,0,22.55,0
101,2023,43,15,12.69,0,22.55,0
101,2023,43,16,12.69,0,22.54,0
101,2023,43,17,12.69,0,22.52,0
101,2023,43,18,12.69,0,22.5,0
101,2023,43,19,12.69,0,22.48,0
101,2023,43,20,12.69,0,22.46,0
101,2023,43,21,12.69,0,22.46,0
101,2023,43,22,12.69,0,22.45,0
101,2023,43,23,12.69,0,22.45,0
101,2023,43,24,12.69,0,22.44,0
101,2023,43,25,12.69,0,22.43,0
101,2023,43,26,12.69,0,22.43,0
101,2023,43,27,12.69,0,22.43,0
101,2023,43,28,12.69,0,22.41,0
101,2023,43,29,12.69,0,22.4,0
101,2023,43,30,12.69,0,22.4,0
101,2023,43,31,12.69,0,22.39,0
101,2023,43,32,12.69,0,22.38,0
101,2023,43,33,12.69,0,22.37,0
101,2023,43,34,12.68,0,22.37,0
101,2023,43,35,12.68,0,22.37,0
101,2023,43,36,12.68,0,22.37,0
101,2023,43,37,12.68,0,22.37,0
101,2023,43,38,12.68,0,22.37,0
101,2023,43,39,12.68,0,22.37,0
101,2023,43,40,12.68,0,22.35,0
101,2023,43,41,12.68,0,22.36,0
101,2023,43,42,12.68,0,22.36,0
101,2023,43,43,12.68,0,22.35,0
101,2023,43,44,12.68,0,22.35,0
101,2023,43,45,12.68,0,22.34,0
101,2023,43,46,12.68,0,22.33,0
101,2023,43,47,12.68,0,22.34,0
101,2023,43,48,12.68,0,22.33,0
101,2023,43,49,12.68,0,22.32,0
101,2023,43,50,12.68,0,22.31,0
101,2023,43,51,12.68,0,22.3,0
101,2023,43,52,12.68,0,22.32,0
101,2023,43,53,12.68,0,22.33,0
101,2023,43,54,12.68,0,22.37,0
101,2023,43,55,12.68,0,22.33,0
101,2023,43,56,12.68,0,22.23,0
101,2023,43,57,12.68,0,22.26,0
101,2023,43,58,12.68,0,22.25,0
101,2023,43,59,12.68,0,22.22,0
101,2023,43,100,12.68,0,22.19,0
101,2023,43,101,12.68,0,22.21,0
101,2023,43,102,12.68,0,22.24,0
101,2023,43,103,12.67,0,22.18,0
101,2023,43,104,12.67,0,22.18,0
101,2023,43,105,12.67,0,22.2,0
101,2023,43,106,12.67,0,22.18,0
101,2023,43,107,12.67,0,22.19,0
101,2023,43,108,12.67,0,22.19,0
101,2023,43,109,12.67,0,22.17,0
101,2023,43,110,12.67,0,22.18,0
101,2023,43,111,12.67,0,22.21,0
101,2023,43,112,12.67,0,22.24,0
101,2023,43,113,12.67,0,22.25,0
101,2023,43,114,12.67,0,22.2,0
101,2023,43,115,12.67,0,22.19,0
101,2023,43,116,12.67,0,22.18,0
101,2023,43,117,12.67,0,22.17,0
101,2023,43,118,12.67,0,22.14,0
101,2023,43,119,12.67,0,22.13,0
101,2023,43,120,12.67,0,22.13,0
101,2023,43,121,12.67,0,22.12,0
101,2023,43,122,12.67,0,22.12,0
101,2023,43,123,12.67,0,22.18,0
101,2023,43,124,12.67,0,22.16,0
101,2023,43,125,12.67,0,22.09,0
101,2023,43,126,12.67,0,22.09,0
101,2023,43,127,12.67,0,22.09,0
101,2023,43,128,12.67,0,22.1,0
101,2023,43,129,12.67,0,22.09,0
101,2023,43,130,12.67,0,22.1,0
101,2023,43,131,12.67,0,22.1,0
101,2023,43,132,12.67,0,22.07,0
101,2023,43,133,12.67,0,21.99,0
101,2023,43,134,12.67,0,22.01,0
101,2023,43,135,12.67,0,22.05,0
101,2023,43,136,12.67,0,22.04,0
101,2023,43,137,12.67,0,22.02,0
101,2023,43,138,12.67,0,22.04,0
101,2023,43,139,12.67,0,22.06,0
101,2023,43,140,12.67,0,22.07,0
101,2023,43,141,12.67,0,22.06,0
101,2023,43,142,12.67,0,22.07,0
101,2023,43,143,12.67,0,22.11,0
101,2023,43,144,12.67,0,22.12,0
101,2023,43,145,12.66,0,22.15,0
101,2023,43,146,12.67,0,22.17,0
101,2023,43,147,12.66,0,22.17,0
101,2023,43,148,12.66,0,22.13,0
101,2023,43,149,12.66,0,22.11,0
101,2023,43,150,12.66,0,22.12,0
101,2023,43,151,12.66,0,22.16,0
101,2023,43,152,12.66,0,22.15,0
101,2023,43,153,12.66,0,22.1,0
101,2023,43,154,12.66,0,22.1,0
101,2023,43,155,12.66,0,22.11,0
101,2023,43,156,12.66,0,22.15,0
101,2023,43,157,12.66,0,22.18,0
101,2023,43,158,12.66,0,22.17,0
101,2023,43,159,12.66,0,22.12,0
101,2023,43,200,12.66,0,22.1,0
101,2023,43,201,12.66,0,22.1,0
101,2023,43,202,12.66,0,22.1,0
101,2023,43,203,12.66,0,22.14,0
101,2023,43,204,12.66,0,22.16,0
101,2023,43,205,12.66,0,22.13,0
101,2023,43,206,12.66,0,22.1,0
101,2023,43,207,12.66,0,22.07,0
101,2023,43,208,12.66,0,22.07,0
101,2023,43,209,12.66,0,22.04,0
101,2023,43,210,12.66,0,22.04,0
101,2023,43,211,12.66,0,22.02,0
101,2023,43,212,12.66,0,21.95,0
101,2023,43,213,12.66,0,21.92,0
101,2023,43,214,12.66,0,21.95,0
101,2023,43,215,12.66,0,21.9,0
101,2023,43,216,12.65,0,21.88,0
101,2023,43,217,12.65,0,21.91,0
101,2023,43,218,12.65,0,21.95,0
101,2023,43,219,12.65,0,21.97,0
101,2023,43,220,12.65,0,21.99,0
101,2023,43,221,12.65,0,22.01,0
101,2023,43,222,12.65,0,21.98,0
101,2023,43,223,12.65,0,21.99,0
101,2023,43,224,12.65,0,22,0
101,2023,43,225,12.65,0,22.03,0
101,2023,43,226,12.65,0,21.97,0
101,2023,43,227,12.65,0,21.87,0
101,2023,43,228,12.65,0,21.83,0
101,2023,43,229,12.65,0,21.8,0
101,2023,43,230,12.65,0,21.78,0
101,2023,43,231,12.65,0,21.79,0
101,2023,43,232,12.65,0,21.76,0
101,2023,43,233,12.65,0,21.75,0
101,2023,43,234,12.65,0,21.77,0
101,2023,43,235,12.65,0,21.84,0
101,2023,43,236,12.65,0,21.85,0
101,2023,43,237,12.65,0,21.88,0
101,2023,43,238,12.65,0,21.92,0
101,2023,43,239,12.65,0,21.93,0
101,2023,43,240,12.65,0,21.89,0
101,2023,43,241,12.64,0,21.86,0
101,2023,43,242,12.65,0,21.85,0
101,2023,43,243,12.64,0,21.88,0
101,2023,43,244,12.64,0,21.87,0
101,2023,43,245,12.64,0,21.87,0
101,2023,43,246,12.64,0,21.88,0
101,2023,43,247,12.64,0,21.88,0
101,2023,43,248,12.64,0,21.86,0
101,2023,43,249,12.64,0,21.84,0
101,2023,43,250,12.64,0,21.86,0
101,2023,43,251,12.64,0,21.86,0
101,2023,43,252,12.64,0,21.82,0
101,2023,43,253,12.64,0,21.79,0
101,2023,43,254,12.64,0,21.8,0
101,2023,43,255,12.64,0,21.79,0
101,2023,43,256,12.64,0,21.79,0
101,2023,43,257,12.64,0,21.78,0
101,2023,43,258,12.64,0,21.8,0
101,2023,43,259,12.64,0,21.81,0
101,2023,43,300,12.64,0,21.8,0
101,2023,43,301,12.64,0,21.78,0
101,2023,43,302,12.64,0,21.77,0
101,2023,43,303,12.64,0,21.77,0
101,2023,43,304,12.64,0,21.75,0
101,2023,43,305,12.64,0,21.74,0
101,2023,43,306,12.64,0,21.77,0
101,2023,43,307,12.64,0,21.76,0
101,2023,43,308,12.64,0,21.74,0
101,2023,43,309,12.64,0,21.74,0
101,2023,43,310,12.64,0,21.73,0
101,2023,43,311,12.64,0,21.75,0
101,2023,43,312,12.64,0,21.76,0
101,2023,43,313,12.64,0,21.76,0
101,2023,43,314,12.63,0,21.72,0
101,2023,43,315,12.63,0,21.74,0
101,2023,43,316,12.63,0,21.73,0
101,2023,43,317,12.63,0,21.73,0
101,2023,43,318,12.63,0,21.72,0
101,2023,43,319,12.63,0,21.73,0
101,2023,43,320,12.63,0,21.74,0
101,2023,43,321,12.63,0,21.72,0
101,2023,43,322,12.63,0,21.71,0
101,2023,43,323,12.63,0,21.71,0
101,2023,43,324,12.63,0,21.7,0
101,2023,43,325,12.63,0,21.71,0
101,2023,43,326,12.63,0,21.69,0
101,2023,43,327,12.63,0,21.67,0
101,2023,43,328,12.63,0,21.66,0
101,2023,43,329,12.63,0,21.66,0
101,2023,43,330,12.63,0,21.66,0
101,2023,43,331,12.63,0,21.66,0
101,2023,43,332,12.63,0,21.64,0
101,2023,43,333,12.63,0,21.63,0
101,2023,43,334,12.62,0,21.64,0
101,2023,43,335,12.63,0,21.65,0
101,2023,43,336,12.62,0,21.66,0
101,2023,43,337,12.62,0,21.69,0
101,2023,43,338,12.62,0,21.71,0
101,2023,43,339,12.62,0,21.69,0
101,2023,43,340,12.62,0,21.69,0
101,2023,43,341,12.62,0,21.68,0
101,2023,43,342,12.62,0,21.66,0
101,2023,43,343,12.62,0,21.66,0
101,2023,43,344,12.62,0,21.68,0
101,2023,43,345,12.62,0,21.69,0
101,2023,43,346,12.62,0,21.69,0
101,2023,43,347,12.62,0,21.67,0
101,2023,43,348,12.62,0,21.67,0
101,2023,43,349,12.62,0,21.65,0
101,2023,43,350,12.62,0,21.64,0
101,2023,43,351,12.62,0,21.63,0
101,2023,43,352,12.61,0,21.61,0
101,2023,43,353,12.62,0,21.6,0
101,2023,43,354,12.62,0,21.64,0
101,2023,43,355,12.62,0,21.61,0
101,2023,43,356,12.62,0,21.59,0
101,2023,43,357,12.62,0,21.62,0
101,2023,43,358,12.62,0,21.62,0
101,2023,43,359,12.62,0,21.6,0
101,2023,43,400,12.62,0,21.56,0
101,2023,43,401,12.62,0,21.56,0
101,2023,43,402,12.62,0,21.55,0
101,2023,43,403,12.62,0,21.56,0
101,2023,43,404,12.62,0,21.59,0
101,2023,43,405,12.62,0,21.6,0
101,2023,43,406,12.62,0,21.62,0
101,2023,43,407,12.61,0,21.62,0
101,2023,43,408,12.61,0,21.62,0
101,2023,43,409,12.61,0,21.61,0
101,2023,43,410,12.61,0,21.59,0
101,2023,43,411,12.61,0,21.57,0
101,2023,43,412,12.61,0,21.59,0
101,2023,43,413,12.61,0,21.59,0
101,2023,43,414,12.61,0,21.61,0
101,2023,43,415,12.61,0,21.6,0
101,2023,43,416,12.61,0,21.61,0
101,2023,43,417,12.61,0,21.62,0
101,2023,43,418,12.61,0,21.61,0
101,2023,43,419,12.61,0,21.63,0
101,2023,43,420,12.61,0,21.61,0
101,2023,43,421,12.61,0,21.6,0
101,2023,43,422,12.61,0,21.55,0
101,2023,43,423,12.6,0,21.52,0
101,2023,43,424,12.6,0,21.5,0
101,2023,43,425,12.6,0,21.45,0
101,2023,43,426,12.6,0,21.41,0
101,2023,43,427,12.6,0,21.41,0
101,2023,43,428,12.6,0,21.38,0
101,2023,43,429,12.6,0,21.38,0
101,2023,43,430,12.6,0,21.37,0
101,2023,43,431,12.6,0,21.35,0
101,2023,43,432,12.6,0,21.38,0
101,2023,43,433,12.6,0,21.36,0
101,2023,43,434,12.6,0,21.35,0
101,2023,43,435,12.6,0,21.35,0
101,2023,43,436,12.6,0,21.34,0
101,2023,43,437,12.6,0,21.36,0
101,2023,43,438,12.6,0,21.38,0
101,2023,43,439,12.6,0,21.36,0
101,2023,43,440,12.6,0,21.37,0
101,2023,43,441,12.6,0,21.39,0
101,2023,43,442,12.6,0,21.39,0
101,2023,43,443,12.6,0,21.38,0
101,2023,43,444,12.6,0,21.39,0
101,2023,43,445,12.6,0,21.38,0
101,2023,43,446,12.6,0,21.36,0
101,2023,43,447,12.6,0,21.37,0
101,2023,43,448,12.6,0,21.38,0
101,2023,43,449,12.6,0,21.4,0
101,2023,43,450,12.6,0,21.35,0
101,2023,43,451,12.6,0,21.34,0
101,2023,43,452,12.6,0,21.35,0
101,2023,43,453,12.6,0,21.34,0
101,2023,43,454,12.6,0,21.37,0
101,2023,43,455,12.6,0,21.39,0
101,2023,43,456,12.6,0,21.39,0
101,2023,43,457,12.6,0,21.42,0
101,2023,43,458,12.6,0,21.43,0
101,2023,43,459,12.6,0,21.4,0
101,2023,43,500,12.6,0,21.38,0
101,2023,43,501,12.6,0,21.4,0
101,2023,43,502,12.6,0,21.44,0
101,2023,43,503,12.59,0,21.44,0
101,2023,43,504,12.6,0,21.46,0
101,2023,43,505,12.59,0,21.48,0
101,2023,43,506,12.59,0,21.46,0
101,2023,43,507,12.59,.197,21.48,0
101,2023,43,508,12.59,.592,21.52,0
101,2023,43,509,12.59,.677,21.51,0
101,2023,43,510,12.59,.677,21.43,0
101,2023,43,511,12.59,.677,21.43,0
101,2023,43,512,12.59,1.044,21.41,0
101,2023,43,513,12.59,1.354,21.4,0
101,2023,43,514,12.59,1.974,21.36,0
101,2023,43,515,12.59,2.369,21.35,0
101,2023,43,516,12.59,2.708,21.36,0
101,2023,43,517,12.59,2.877,21.41,0
101,2023,43,518,12.59,3.385,21.39,0
101,2023,43,519,12.59,3.808,21.36,0
101,2023,43,520,12.59,4.062,21.37,0
101,2023,43,521,12.59,4.372,21.34,0
101,2023,43,522,12.59,4.4,21.37,0
101,2023,43,523,12.59,4.428,21.35,0
101,2023,43,524,12.59,5.049,21.33,0
101,2023,43,525,12.59,5.641,21.31,0
101,2023,43,526,12.59,6.205,21.27,0
101,2023,43,527,12.59,6.882,21.27,0
101,2023,43,528,12.59,7.56,21.28,0
101,2023,43,529,12.6,8.35,21.29,0
101,2023,43,530,12.6,9.31,21.3,0
101,2023,43,531,12.61,10.24,21.28,0
101,2023,43,532,12.62,11.37,21.28,0
101,2023,43,533,12.63,12.61,21.28,0
101,2023,43,534,12.65,14.05,21.27,0
101,2023,43,535,12.66,15.77,21.27,0
101,2023,43,536,12.67,17.88,21.29,0
101,2023,43,537,12.69,19.94,21.3,0
101,2023,43,538,12.7,23.78,21.29,0
101,2023,43,539,12.73,27.7,21.29,0
101,2023,43,540,12.76,31,21.29,0
101,2023,43,541,12.81,34.92,21.28,0
101,2023,43,542,12.89,37.91,21.26,0
101,2023,43,543,12.98,39.29,21.25,0
101,2023,43,544,13.08,41.09,21.27,0
101,2023,43,545,13.21,44.9,21.3,0
101,2023,43,546,13.24,48.74,21.31,0
101,2023,43,547,13.24,52.72,21.34,0
101,2023,43,548,13.25,54.21,21.35,0
101,2023,43,549,13.25,55.37,21.4,0
101,2023,43,550,13.25,57.74,21.41,0
101,2023,43,551,13.25,63.09,21.45,0
101,2023,43,552,13.25,67.13,21.48,0
101,2023,43,553,13.25,68.45,21.49,0
101,2023,43,554,13.25,67.1,21.5,0
101,2023,43,555,13.25,68.76,21.54,0
101,2023,43,556,13.25,68.2,21.51,0
101,2023,43,557,13.25,70.5,21.57,0
101,2023,43,558,13.25,69.61,21.62,0
101,2023,43,559,13.25,69.07,21.65,0
101,2023,43,600,13.25,71.1,21.67,0
101,2023,43,601,13.25,77,21.65,0
101,2023,43,602,13.25,78.8,21.68,0
101,2023,43,603,13.25,79.1,21.78,0
101,2023,43,604,13.25,84.7,21.83,0
101,2023,43,605,13.25,93.5,21.81,0
101,2023,43,606,13.25,96.4,21.92,0
101,2023,43,607,13.25,94.1,22.08,0
101,2023,43,608,13.25,94.9,22.14,0
101,2023,43,609,13.24,98,22.09,0
101,2023,43,610,13.24,102.7,22.11,0
101,2023,43,611,13.24,107.4,22.14,0
101,2023,43,612,13.24,111.1,22.11,0
101,2023,43,613,13.24,113.8,22.18,0
101,2023,43,614,13.24,114.8,22.27,0
101,2023,43,615,13.24,112.9,22.3,0
101,2023,43,616,13.24,112.8,22.35,0
101,2023,43,617,13.24,114.5,22.34,0
101,2023,43,618,13.24,113,22.31,0
101,2023,43,619,13.24,120.6,22.31,0
101,2023,43,620,13.24,130.8,22.37,0
101,2023,43,621,13.23,132.3,22.48,0
101,2023,43,622,13.23,134.3,22.5,0
101,2023,43,623,13.23,136,22.56,0
101,2023,43,624,13.23,142,22.53,0
101,2023,43,625,13.23,147.4,22.5,0
101,2023,43,626,13.23,149.2,22.44,0
101,2023,43,627,13.23,150.2,22.48,0
101,2023,43,628,13.23,149,22.53,0
101,2023,43,629,13.22,150.8,22.59,0
101,2023,43,630,13.22,157.6,22.71,0
101,2023,43,631,13.22,161.8,22.84,0
101,2023,43,632,13.22,157.8,22.86,0
101,2023,43,633,13.22,169.7,22.89,0
101,2023,43,634,13.22,178.8,23.02,0
101,2023,43,635,13.22,184.4,23,0
101,2023,43,636,13.22,189.9,23.05,0
101,2023,43,637,13.22,190.7,23.21,0
101,2023,43,638,13.22,188.1,23.36,0
101,2023,43,639,13.21,196.6,23.58,0
101,2023,43,640,13.21,204,23.72,0
101,2023,43,641,13.21,208.2,23.72,0
101,2023,43,642,13.21,212.2,23.81,0
101,2023,43,643,13.21,214.5,23.89,0
101,2023,43,644,13.2,212.2,23.91,0
101,2023,43,645,13.2,219.9,24.01,0
101,2023,43,646,13.2,225.1,24.11,0
101,2023,43,647,13.2,229.7,24,0
101,2023,43,648,13.2,234.5,24.17,0
101,2023,43,649,13.2,237.7,24.24,0
101,2023,43,650,13.2,239.7,24.21,0
101,2023,43,651,13.2,243.3,24.44,0
101,2023,43,652,13.19,247.2,24.76,0
101,2023,43,653,13.19,254.6,25.07,0
101,2023,43,654,13.19,260.9,25.05,0
101,2023,43,655,13.19,263.7,24.81,0
101,2023,43,656,13.19,267.4,24.61,0
101,2023,43,657,13.18,272.7,24.65,0
101,2023,43,658,13.18,277.2,24.71,0
101,2023,43,659,13.18,279.9,24.67,0
101,2023,43,700,13.18,282.9,24.52,0
101,2023,43,701,13.18,285.9,24.62,0
101,2023,43,702,13.18,290.8,24.42,0
101,2023,43,703,13.18,295.6,24.33,0
101,2023,43,704,13.18,300.8,24.35,0
101,2023,43,705,13.17,304.4,24.45,0
101,2023,43,706,13.17,310.6,24.63,0
101,2023,43,707,13.17,315.4,24.63,0
101,2023,43,708,13.17,249.7,24.81,0
101,2023,43,709,13.17,283.9,25.02,0
101,2023,43,710,13.17,328.6,25.29,0
101,2023,43,711,13.16,333.5,25.41,0
101,2023,43,712,13.16,337.2,25.41,0
101,2023,43,713,13.16,341.6,25.64,0
101,2023,43,714,13.16,346.2,25.72,0
101,2023,43,715,13.16,350.6,25.6,0
101,2023,43,716,13.16,354.7,25.5,0
101,2023,43,717,13.16,358.7,25.54,0
101,2023,43,718,13.16,363.1,25.38,0
101,2023,43,719,13.15,367.7,25.22,0
101,2023,43,720,13.15,363.9,25.34,0
101,2023,43,721,13.15,353.8,25.11,0
101,2023,43,722,13.15,331.7,25.08,0
101,2023,43,723,13.15,337.4,25.22,0
101,2023,43,724,13.15,388,25.22,0
101,2023,43,725,13.15,393.6,25.32,0
101,2023,43,726,13.15,342.3,25.44,0
101,2023,43,727,13.14,287.6,25.54,0
101,2023,43,728,13.14,392.3,25.54,0
101,2023,43,729,13.14,472.3,25.66,0
101,2023,43,730,13.14,344.3,25.83,0
101,2023,43,731,13.14,408.6,25.89,0
101,2023,43,732,13.14,407.8,25.96,0
101,2023,43,733,13.14,337.4,26.06,0
101,2023,43,734,13.14,363.2,26.07,0
101,2023,43,735,13.14,383.2,26.1,0
101,2023,43,736,13.13,294.9,26.16,0
101,2023,43,737,13.14,246.5,26.21,0
101,2023,43,738,13.13,254.4,26.25,0
101,2023,43,739,13.14,297.1,26.1,0
101,2023,43,740,13.14,326.5,25.97,0
101,2023,43,741,13.14,316.6,26,0
101,2023,43,742,13.14,288.6,26.09,0
101,2023,43,743,13.13,304.7,26.1,0
101,2023,43,744,13.13,311.6,26.06,0
101,2023,43,745,13.13,302,26.09,0
101,2023,43,746,13.13,291.6,26.08,0
101,2023,43,747,13.13,282,26.22,0
101,2023,43,748,13.13,273.2,26.28,0
101,2023,43,749,13.13,270.1,26.24,0
101,2023,43,750,13.14,273.3,26.37,0
101,2023,43,751,13.13,275.6,26.37,0
101,2023,43,752,13.13,282.7,26.37,0
101,2023,43,753,13.13,290.4,26.47,0
101,2023,43,754,13.13,301.3,26.55,0
101,2023,43,755,13.14,314.7,26.56,0
101,2023,43,756,13.14,347.8,26.63,0
101,2023,43,757,13.14,359.3,26.68,0
101,2023,43,758,13.14,362.7,26.71,0
101,2023,43,759,13.14,336.1,26.78,0
101,2023,43,800,13.14,329.8,26.72,0
101,2023,43,801,13.13,347,26.72,0
101,2023,43,802,13.13,393.5,26.59,0
101,2023,43,803,13.13,412,26.7,0
101,2023,43,804,13.13,386.3,26.83,0
101,2023,43,805,13.13,371.1,26.94,0
101,2023,43,806,13.13,373.4,27.01,0
101,2023,43,807,13.13,385.4,27.13,0
101,2023,43,808,13.13,450,27.16,0
101,2023,43,809,13.13,672.9,26.89,0
101,2023,43,810,13.13,829,26.79,0
101,2023,43,811,13.13,784,27.04,0
101,2023,43,812,13.13,599.4,27.26,0
101,2023,43,813,13.13,483.5,27.41,0
101,2023,43,814,13.12,436.5,27.42,0
101,2023,43,815,13.12,415.3,27.25,0
101,2023,43,816,13.12,381.6,27.19,0
101,2023,43,817,13.12,362.1,27.09,0
101,2023,43,818,13.12,372.3,27.1,0
101,2023,43,819,13.12,392.2,27,0
101,2023,43,820,13.12,469.5,27.01,0
101,2023,43,821,13.12,418.5,27.15,0
101,2023,43,822,13.11,379.8,27.25,0
101,2023,43,823,13.11,351.9,27.17,0
101,2023,43,824,13.11,340.2,27.05,0
101,2023,43,825,13.11,373.5,26.89,0
101,2023,43,826,13.11,434.5,26.86,0
101,2023,43,827,13.11,450,26.89,0
101,2023,43,828,13.11,500.7,26.97,0
101,2023,43,829,13.11,495.7,27.11,0
101,2023,43,830,13.11,490,27.11,0
101,2023,43,831,13.11,503.5,26.97,0
101,2023,43,832,13.11,502.6,27.03,0
101,2023,43,833,13.11,487,27,0
101,2023,43,834,13.11,475.7,27.13,0
101,2023,43,835,13.11,471.3,27.03,0
101,2023,43,836,13.11,494,27.1,0
101,2023,43,837,13.11,462.1,27.21,0
101,2023,43,838,13.11,416.6,27.23,0
101,2023,43,839,13.11,407.4,27.39,0
101,2023,43,840,13.11,486.7,27.56,0
101,2023,43,841,13.11,577.6,27.48,0
101,2023,43,842,13.11,633.3,27.41,0
101,2023,43,843,13.11,633.5,27.43,0
101,2023,43,844,13.11,531.5,27.48,0
101,2023,43,845,13.11,446.3,27.39,0
101,2023,43,846,13.11,467.9,27.36,0
101,2023,43,847,13.11,466.6,27.42,0
101,2023,43,848,13.1,479.9,27.5,0
101,2023,43,849,13.11,466.8,27.45,0
101,2023,43,850,13.1,461,27.39,0
101,2023,43,851,13.11,521.7,27.39,0
101,2023,43,852,13.11,513.1,27.4,0
101,2023,43,853,13.1,539.5,27.33,0
101,2023,43,854,13.11,581.9,27.43,0
101,2023,43,855,13.1,522.9,27.3,0
101,2023,43,856,13.1,500.5,27.38,0
101,2023,43,857,13.1,484.4,27.27,0
101,2023,43,858,13.1,484.3,27.19,0
101,2023,43,859,13.1,471.3,27.26,0
101,2023,43,900,13.1,447.1,27.13,0
101,2023,43,901,13.1,429.2,27.12,0
101,2023,43,902,13.1,431,27.12,0
101,2023,43,903,13.1,456.5,27.17,0
101,2023,43,904,13.1,504.5,27.16,0
101,2023,43,905,13.1,438.3,27.23,0
101,2023,43,906,13.1,421.6,27.28,0
101,2023,43,907,13.1,407.3,27.24,0
101,2023,43,908,13.1,395.1,27.21,0
101,2023,43,909,13.1,391.8,27.23,0
101,2023,43,910,13.1,393,27.27,0
101,2023,43,911,13.1,386.2,27.19,0
101,2023,43,912,13.1,381.1,27.19,0
101,2023,43,913,13.1,382.8,27.16,0
101,2023,43,914,13.1,383.3,27.13,0
101,2023,43,915,13.1,382.9,27.11,0
101,2023,43,916,13.1,390.4,27.1,0
101,2023,43,917,13.11,388.3,27.08,0
101,2023,43,918,13.11,392.3,27.07,0
101,2023,43,919,13.11,388.1,27.11,0
101,2023,43,920,13.11,376.7,27.12,0
101,2023,43,921,13.11,385.8,27.21,0
101,2023,43,922,13.11,414.5,27.32,0
101,2023,43,923,13.11,458.4,27.4,0
101,2023,43,924,13.11,501.7,27.5,0
101,2023,43,925,13.11,559.2,27.48,0
101,2023,43,926,13.1,592.7,27.51,0
101,2023,43,927,13.11,610.7,27.47,0
101,2023,43,928,13.1,598.9,27.34,0
101,2023,43,929,13.11,644.3,27.33,0
101,2023,43,930,13.11,788,27.39,0
101,2023,43,931,13.1,681.8,27.45,0
101,2023,43,932,13.1,617.3,27.61,0
101,2023,43,933,13.1,548.2,27.66,0
101,2023,43,934,13.1,513.7,27.55,0
101,2023,43,935,13.1,482.7,27.53,0
101,2023,43,936,13.1,435.4,27.56,0
101,2023,43,937,13.1,369,27.52,0
101,2023,43,938,13.1,300,27.56,0
101,2023,43,939,13.1,243.2,27.52,0
101,2023,43,940,13.1,192.4,27.5,0
101,2023,43,941,13.1,150.4,27.33,0
101,2023,43,942,13.1,122.5,26.84,0
101,2023,43,943,13.1,108.2,26.62,0
101,2023,43,944,13.1,102.5,26.38,0
101,2023,43,945,13.1,102.2,26.18,0
101,2023,43,946,13.11,104,26.08,0
101,2023,43,947,13.11,108.9,26,0
101,2023,43,948,13.1,117.2,25.92,0
101,2023,43,949,13.11,127.4,25.87,0
101,2023,43,950,13.11,138.6,25.75,0
101,2023,43,951,13.11,153.3,25.59,0
101,2023,43,952,13.11,170.1,25.35,0
101,2023,43,953,13.11,186.3,25.24,0
101,2023,43,954,13.12,203,25.15,0
101,2023,43,955,13.12,220,25.19,0
101,2023,43,956,13.12,236.2,25.23,0
101,2023,43,957,13.12,250.5,25.2,0
101,2023,43,958,13.12,263.1,25.25,0
101,2023,43,959,13.12,279.4,25.33,0
101,2023,43,1000,13.12,300.4,25.36,0
101,2023,43,1001,13.12,327.7,25.36,0
101,2023,43,1002,13.12,364,25.39,0
101,2023,43,1003,13.12,407.1,25.42,0
101,2023,43,1004,13.12,461.1,25.5,0
101,2023,43,1005,13.12,515.2,25.51,0
101,2023,43,1006,13.13,506.1,25.51,0
101,2023,43,1007,13.13,539.8,25.68,0
101,2023,43,1008,13.13,532.7,25.81,0
101,2023,43,1009,13.12,513.7,25.64,0
101,2023,43,1010,13.12,533.9,25.68,0
101,2023,43,1011,13.12,535.2,25.85,0
101,2023,43,1012,13.12,533.4,26,0
101,2023,43,1013,13.12,546.7,26.05,0
101,2023,43,1014,13.12,587.6,26.08,0
101,2023,43,1015,13.12,561.1,26.15,0
101,2023,43,1016,13.12,556.5,26.11,0
101,2023,43,1017,13.12,547.6,26.2,0
101,2023,43,1018,13.12,568.2,26.31,0
101,2023,43,1019,13.12,599.2,26.46,0
101,2023,43,1020,13.12,568.2,26.6,0
101,2023,43,1021,13.11,543.5,26.78,0
101,2023,43,1022,13.11,563.1,26.74,0
101,2023,43,1023,13.11,534.4,26.74,0
101,2023,43,1024,13.11,517.1,26.85,0
101,2023,43,1025,13.11,506.1,26.79,0
101,2023,43,1026,13.11,489.2,26.76,0
101,2023,43,1027,13.11,466.2,26.79,0
101,2023,43,1028,13.11,436.2,26.82,0
101,2023,43,1029,13.11,415,26.76,0
101,2023,43,1030,13.1,402.1,26.7,0
101,2023,43,1031,13.11,398.6,26.61,0
101,2023,43,1032,13.11,400.8,26.58,0
101,2023,43,1033,13.1,404.9,26.55,0
101,2023,43,1034,13.11,410.9,26.55,0
101,2023,43,1035,13.11,420.2,26.56,0
101,2023,43,1036,13.11,432.8,26.6,0
101,2023,43,1037,13.11,445.1,26.69,0
101,2023,43,1038,13.11,451.2,26.75,0
101,2023,43,1039,13.11,446.2,26.86,0
101,2023,43,1040,13.11,432.9,26.96,0
101,2023,43,1041,13.11,415.7,27.04,0
101,2023,43,1042,13.11,399.7,27.06,0
101,2023,43,1043,13.11,390.7,27.07,0
101,2023,43,1044,13.11,392.9,27.05,0
101,2023,43,1045,13.11,405.6,27.06,0
101,2023,43,1046,13.11,421.9,27.17,0
101,2023,43,1047,13.1,436.4,27.16,0
101,2023,43,1048,13.11,453.2,27.32,0
101,2023,43,1049,13.11,469.4,27.48,0
101,2023,43,1050,13.11,489,27.42,0
101,2023,43,1051,13.11,502.7,27.34,0
101,2023,43,1052,13.1,509.7,27.26,0
101,2023,43,1053,13.11,521.6,27.24,0
101,2023,43,1054,13.11,564.5,27.3,0
101,2023,43,1055,13.11,613.4,27.32,0
101,2023,43,1056,13.1,708,27.41,0
101,2023,43,1057,13.1,672.4,27.51,0
101,2023,43,1058,13.1,645.9,27.59,0
101,2023,43,1059,13.1,645.4,27.63,0
101,2023,43,1100,13.1,662.8,27.63,0
101,2023,43,1101,13.1,655.9,27.65,0
101,2023,43,1102,13.1,666.1,27.62,0
101,2023,43,1103,13.1,617.4,27.7,0
101,2023,43,1104,13.1,562.4,27.88,0
101,2023,43,1105,13.1,592.9,28.03,0
101,2023,43,1106,13.1,604.5,28.05,0
101,2023,43,1107,13.1,600.1,28.04,0
101,2023,43,1108,13.1,581.1,27.96,0
101,2023,43,1109,13.1,548.4,27.92,0
101,2023,43,1110,13.1,522.1,27.85,0
101,2023,43,1111,13.1,503.8,27.82,0
101,2023,43,1112,13.1,494.9,27.8,0
101,2023,43,1113,13.1,493,27.89,0
101,2023,43,1114,13.09,494.9,27.86,0
101,2023,43,1115,13.09,487.4,27.62,0
101,2023,43,1116,13.09,473.4,27.58,0
101,2023,43,1117,13.1,457.6,27.34,0
101,2023,43,1118,13.1,445.3,27.09,0
101,2023,43,1119,13.09,438,27.03,0
101,2023,43,1120,13.1,435.7,27.14,0
101,2023,43,1121,13.1,439.3,27.19,0
101,2023,43,1122,13.1,446.2,27.08,0
101,2023,43,1123,13.1,449.8,26.96,0
101,2023,43,1124,13.1,446.2,26.9,0
101,2023,43,1125,13.1,437.5,26.72,0
101,2023,43,1126,13.1,429.1,26.48,0
101,2023,43,1127,13.1,430,26.42,0
101,2023,43,1128,13.1,441,26.36,0
101,2023,43,1129,13.1,462.1,26.45,0
101,2023,43,1130,13.1,483.1,26.47,0
101,2023,43,1131,13.1,501.6,26.44,0
101,2023,43,1132,13.1,516.4,26.57,0
101,2023,43,1133,13.1,533.9,26.58,0
101,2023,43,1134,13.11,517,26.65,0
101,2023,43,1135,13.11,493.4,26.63,0
101,2023,43,1136,13.11,467.6,26.73,0
101,2023,43,1137,13.11,450.6,26.76,0
101,2023,43,1138,13.11,446.4,26.81,0
101,2023,43,1139,13.11,449,26.72,0
101,2023,43,1140,13.11,454.6,26.54,0
101,2023,43,1141,13.11,459.9,26.42,0
101,2023,43,1142,13.11,462.2,26.38,0
101,2023,43,1143,13.11,465,26.35,0
101,2023,43,1144,13.11,468.5,26.38,0
101,2023,43,1145,13.11,474.3,26.35,0
101,2023,43,1146,13.11,477.1,26.32,0
101,2023,43,1147,13.11,448.1,26.26,0
101,2023,43,1148,13.11,427,26.14,0
101,2023,43,1149,13.11,417.3,26.07,0
101,2023,43,1150,13.11,415.7,26.06,0
101,2023,43,1151,13.11,415.8,26,0
101,2023,43,1152,13.11,412.8,25.96,0
101,2023,43,1153,13.11,405.2,25.91,0
101,2023,43,1154,13.11,393.5,25.92,0
101,2023,43,1155,13.11,380.3,25.93,0
101,2023,43,1156,13.11,370.6,25.94,0
101,2023,43,1157,13.11,364.4,25.93,0
101,2023,43,1158,13.11,362,26.07,0
101,2023,43,1159,13.12,361.6,26.2,0
101,2023,43,1200,13.11,359.3,26.29,0
101,2023,43,1201,13.11,354.7,26.35,0
101,2023,43,1202,13.11,350.1,26.51,0
101,2023,43,1203,13.11,348.1,26.52,0
101,2023,43,1204,13.11,349.7,26.48,0
101,2023,43,1205,13.11,353.7,26.52,0
101,2023,43,1206,13.11,359,26.5,0
101,2023,43,1207,13.11,364.2,26.51,0
101,2023,43,1208,13.11,371.7,26.5,0
101,2023,43,1209,13.11,384.2,26.5,0
101,2023,43,1210,13.11,406.2,26.57,0
101,2023,43,1211,13.11,444.7,26.66,0
101,2023,43,1212,13.11,507.2,26.53,0
101,2023,43,1213,13.11,555.8,26.53,0
101,2023,43,1214,13.11,558.2,26.52,0
101,2023,43,1215,13.11,527,26.37,0
101,2023,43,1216,13.11,511.8,26.31,0
101,2023,43,1217,13.11,506.2,26.32,0
101,2023,43,1218,13.11,509,26.27,0
101,2023,43,1219,13.11,521.8,26.23,0
101,2023,43,1220,13.11,546.8,26.15,0
101,2023,43,1221,13.11,571.8,26.22,0
101,2023,43,1222,13.11,607.9,26.37,0
101,2023,43,1223,13.11,719,26.51,0
101,2023,43,1224,13.11,814,26.68,0
101,2023,43,1225,13.11,631.6,26.92,0
101,2023,43,1226,13.11,589.5,27.06,0
101,2023,43,1227,13.11,579.5,27.1,0
101,2023,43,1228,13.11,605.1,27.06,0
101,2023,43,1229,13.11,571.6,27.11,0
101,2023,43,1230,13.11,557.7,27.09,0
101,2023,43,1231,13.11,559.1,27.09,0
101,2023,43,1232,13.11,558.2,27.11,0
101,2023,43,1233,13.11,559.8,27.36,0
101,2023,43,1234,13.11,525.2,27.52,0
101,2023,43,1235,13.11,508.1,27.47,0
101,2023,43,1236,13.11,505,27.39,0
101,2023,43,1237,13.11,495.7,27.39,0
101,2023,43,1238,13.11,481.8,27.46,0
101,2023,43,1239,13.11,473.5,27.5,0
101,2023,43,1240,13.11,460.8,27.46,0
101,2023,43,1241,13.11,441.8,27.38,0
101,2023,43,1242,13.1,418.5,27.29,0
101,2023,43,1243,13.11,394.4,27.31,0
101,2023,43,1244,13.11,374.8,27.26,0
101,2023,43,1245,13.11,361.2,27.4,0
101,2023,43,1246,13.11,353.1,27.45,0
101,2023,43,1247,13.1,349.2,27.43,0
101,2023,43,1248,13.11,349.5,27.43,0
101,2023,43,1249,13.11,352.2,27.44,0
101,2023,43,1250,13.11,354.8,27.45,0
101,2023,43,1251,13.11,356.9,27.38,0
101,2023,43,1252,13.1,359.1,27.33,0
101,2023,43,1253,13.11,362,27.28,0
101,2023,43,1254,13.1,366.9,27.28,0
101,2023,43,1255,13.11,375.3,27.19,0
101,2023,43,1256,13.11,384.6,27.24,0
101,2023,43,1257,13.11,390.4,27.22,0
101,2023,43,1258,13.11,389.6,27.13,0
101,2023,43,1259,13.11,383.6,26.95,0
101,2023,43,1300,13.11,378.1,26.78,0
101,2023,43,1301,13.11,378.5,26.81,0
101,2023,43,1302,13.11,384,26.78,0
101,2023,43,1303,13.11,391.2,26.76,0
101,2023,43,1304,13.11,399.3,26.64,0
101,2023,43,1305,13.11,406.4,26.59,0
101,2023,43,1306,13.11,412.6,26.56,0
101,2023,43,1307,13.11,420.2,26.6,0
101,2023,43,1308,13.11,422.9,26.5,0
101,2023,43,1309,13.11,414.5,26.45,0
101,2023,43,1310,13.11,403.6,26.34,0
101,2023,43,1311,13.11,393.4,26.37,0
101,2023,43,1312,13.11,383.8,26.41,0
101,2023,43,1313,13.11,375.3,26.45,0
101,2023,43,1314,13.11,368.6,26.48,0
101,2023,43,1315,13.11,366.5,26.48,0
101,2023,43,1316,13.12,369.1,26.32,0
101,2023,43,1317,13.12,375.9,26.28,0
101,2023,43,1318,13.12,386.1,26.25,0
101,2023,43,1319,13.12,396.7,26.25,0
101,2023,43,1320,13.12,404.9,26.33,0
101,2023,43,1321,13.12,406.9,26.34,0
101,2023,43,1322,13.12,402.5,26.36,0
101,2023,43,1323,13.12,393.4,26.37,0
101,2023,43,1324,13.12,384.5,26.43,0
101,2023,43,1325,13.12,378.5,26.51,0
101,2023,43,1326,13.12,374.6,26.56,0
101,2023,43,1327,13.12,372.3,26.6,0
101,2023,43,1328,13.12,371.4,26.64,0
101,2023,43,1329,13.12,370.1,26.74,0
101,2023,43,1330,13.12,366.4,26.76,0
101,2023,43,1331,13.12,350.5,26.78,0
101,2023,43,1332,13.12,334.9,26.76,0
101,2023,43,1333,13.12,321.8,26.81,0
101,2023,43,1334,13.12,311.5,26.86,0
101,2023,43,1335,13.12,302.3,26.88,0
101,2023,43,1336,13.12,293.5,26.96,0
101,2023,43,1337,13.11,286.7,26.94,0
101,2023,43,1338,13.11,283.2,26.96,0
101,2023,43,1339,13.11,283.1,26.99,0
101,2023,43,1340,13.11,285.8,26.99,0
101,2023,43,1341,13.11,289.7,26.99,0
101,2023,43,1342,13.11,292.4,27.05,0
101,2023,43,1343,13.11,293,27.13,0
101,2023,43,1344,13.11,292.8,27.14,0
101,2023,43,1345,13.11,292.6,27.16,0
101,2023,43,1346,13.11,293.7,27.17,0
101,2023,43,1347,13.11,297,27.2,0
101,2023,43,1348,13.11,302.7,27.22,0
101,2023,43,1349,13.11,310.1,27.28,0
101,2023,43,1350,13.11,316.4,27.38,0
101,2023,43,1351,13.11,321.1,27.38,0
101,2023,43,1352,13.11,324.9,27.35,0
101,2023,43,1353,13.11,327.4,27.31,0
101,2023,43,1354,13.11,329.6,27.35,0
101,2023,43,1355,13.11,330.1,27.34,0
101,2023,43,1356,13.11,329.8,27.35,0
101,2023,43,1357,13.11,328.1,27.48,0
101,2023,43,1358,13.11,327.5,27.57,0
101,2023,43,1359,13.11,328.2,27.64,0
101,2023,43,1400,13.11,329,27.69,0
101,2023,43,1401,13.11,329.1,27.7,0
101,2023,43,1402,13.11,328.6,27.68,0
101,2023,43,1403,13.11,330,27.73,0
101,2023,43,1404,13.11,334.3,27.63,0
101,2023,43,1405,13.11,340.2,27.64,0
101,2023,43,1406,13.11,346,27.61,0
101,2023,43,1407,13.11,351.1,27.66,0
101,2023,43,1408,13.11,354.4,27.72,0
101,2023,43,1409,13.11,357.5,27.73,0
101,2023,43,1410,13.11,362.2,27.78,0
101,2023,43,1411,13.11,369.1,27.75,0
101,2023,43,1412,13.11,378.4,27.78,0
101,2023,43,1413,13.11,387.7,27.85,0
101,2023,43,1414,13.11,396.3,27.87,0
101,2023,43,1415,13.11,402.9,27.79,0
101,2023,43,1416,13.11,406.3,27.78,0
101,2023,43,1417,13.11,410.9,27.79,0
101,2023,43,1418,13.11,420.7,27.76,0
101,2023,43,1419,13.11,430.2,27.79,0
101,2023,43,1420,13.11,432.2,27.78,0
101,2023,43,1421,13.11,431.3,27.82,0
101,2023,43,1422,13.11,431,27.88,0
101,2023,43,1423,13.11,487.6,27.87,0
101,2023,43,1424,13.1,524.4,27.81,0
101,2023,43,1425,13.11,577,27.8,0
101,2023,43,1426,13.1,557.2,27.83,0
101,2023,43,1427,13.11,494.5,27.88,0
101,2023,43,1428,13.1,470.2,27.91,0
101,2023,43,1429,13.11,489.6,27.91,0
101,2023,43,1430,13.11,468.2,27.93,0
101,2023,43,1431,13.11,564.3,27.97,0
101,2023,43,1432,13.11,682.7,28.12,0
101,2023,43,1433,13.11,602.6,28.35,0
101,2023,43,1434,13.11,568.8,28.28,0
101,2023,43,1435,13.11,521.1,28.22,0
101,2023,43,1436,13.11,543.8,28.19,0
101,2023,43,1437,13.11,720,28.28,0
101,2023,43,1438,13.1,733,28.41,0
101,2023,43,1439,13.11,809,28.6,0
101,2023,43,1440,13.1,846,28.86,0
101,2023,43,1441,13.1,880,28.82,0
101,2023,43,1442,13.1,859,28.82,0
101,2023,43,1443,13.1,632.9,28.89,0
101,2023,43,1444,13.11,548.8,28.89,0
101,2023,43,1445,13.1,739,28.82,0
101,2023,43,1446,13.1,668.6,28.92,0
101,2023,43,1447,13.1,566.5,29.01,0
101,2023,43,1448,13.1,526.5,29.05,0
101,2023,43,1449,13.1,524.6,28.93,0
101,2023,43,1450,13.1,500.1,28.92,0
101,2023,43,1451,13.1,454.1,28.77,0
101,2023,43,1452,13.1,507.4,28.79,0
101,2023,43,1453,13.1,614.4,28.85,0
101,2023,43,1454,13.1,611.4,28.91,0
101,2023,43,1455,13.1,508.7,28.93,0
101,2023,43,1456,13.1,511,28.88,0
101,2023,43,1457,13.1,730,28.78,0
101,2023,43,1458,13.1,493.7,28.88,0
101,2023,43,1459,13.1,412.4,28.82,0
101,2023,43,1500,13.1,406.7,28.73,0
101,2023,43,1501,13.1,436.2,28.75,0
101,2023,43,1502,13.1,576.9,28.79,0
101,2023,43,1503,13.1,377.6,28.84,0
101,2023,43,1504,13.1,552.4,28.7,0
101,2023,43,1505,13.1,702,28.7,0
101,2023,43,1506,13.1,623.6,28.77,0
101,2023,43,1507,13.1,635.3,28.76,0
101,2023,43,1508,13.1,653.6,28.84,0
101,2023,43,1509,13.1,713,28.85,0
101,2023,43,1510,13.1,746,28.97,0
101,2023,43,1511,13.1,641.4,28.92,0
101,2023,43,1512,13.1,656.3,28.88,0
101,2023,43,1513,13.1,624.3,28.89,0
101,2023,43,1514,13.1,638.2,28.92,0
101,2023,43,1515,13.1,656.1,28.99,0
101,2023,43,1516,13.1,541.2,29.02,0
101,2023,43,1517,13.1,517.1,29.07,0
101,2023,43,1518,13.1,475.6,29.11,0
101,2023,43,1519,13.1,416.4,29.1,0
101,2023,43,1520,13.1,337.1,28.97,0
101,2023,43,1521,13.1,309.8,28.9,0
101,2023,43,1522,13.1,301.3,28.77,0
101,2023,43,1523,13.1,293.2,28.76,0
101,2023,43,1524,13.1,287,28.59,0
101,2023,43,1525,13.1,277.4,28.54,0
101,2023,43,1526,13.1,277.7,28.55,0
101,2023,43,1527,13.1,283.5,28.45,0
101,2023,43,1528,13.1,290.5,28.37,0
101,2023,43,1529,13.1,294.1,28.46,0
101,2023,43,1530,13.1,294.1,28.5,0
101,2023,43,1531,13.1,297.7,28.4,0
101,2023,43,1532,13.1,305.9,28.35,0
101,2023,43,1533,13.1,311.3,28.31,0
101,2023,43,1534,13.1,312.9,28.39,0
101,2023,43,1535,13.1,321.1,28.44,0
101,2023,43,1536,13.1,336.4,28.46,0
101,2023,43,1537,13.1,333.5,28.53,0
101,2023,43,1538,13.1,324,28.54,0
101,2023,43,1539,13.1,321.6,28.55,0
101,2023,43,1540,13.1,314.9,28.53,0
101,2023,43,1541,13.1,349,28.58,0
101,2023,43,1542,13.1,436.3,28.61,0
101,2023,43,1543,13.1,436.9,28.67,0
101,2023,43,1544,13.1,414,28.82,0
101,2023,43,1545,13.1,368.5,28.92,0
101,2023,43,1546,13.1,311.3,28.88,0
101,2023,43,1547,13.1,267,28.82,0
101,2023,43,1548,13.1,233,28.8,0
101,2023,43,1549,13.1,207.7,28.68,0
101,2023,43,1550,13.1,194.2,28.61,0
101,2023,43,1551,13.1,189.1,28.58,0
101,2023,43,1552,13.1,192.8,28.5,0
101,2023,43,1553,13.1,201,28.47,0
101,2023,43,1554,13.1,222.9,28.47,0
101,2023,43,1555,13.1,273.7,28.41,0
101,2023,43,1556,13.11,436.9,28.39,0
101,2023,43,1557,13.11,529,28.42,0
101,2023,43,1558,13.11,399.8,28.56,0
101,2023,43,1559,13.11,322,28.49,0
101,2023,43,1600,13.11,293.8,28.47,0
101,2023,43,1601,13.11,269.3,28.47,0
101,2023,43,1602,13.1,224.4,28.45,0
101,2023,43,1603,13.1,220,28.37,0
101,2023,43,1604,13.11,223.8,28.31,0
101,2023,43,1605,13.1,203.4,28.32,0
101,2023,43,1606,13.11,202.3,28.35,0
101,2023,43,1607,13.11,179.2,28.23,0
101,2023,43,1608,13.11,181.2,28.11,0
101,2023,43,1609,13.11,209.3,28.1,0
101,2023,43,1610,13.11,207.8,28.03,0
101,2023,43,1611,13.11,205.5,28.04,0
101,2023,43,1612,13.11,225.2,28.11,0
101,2023,43,1613,13.11,241.9,28.08,0
101,2023,43,1614,13.11,265.2,28.05,0
101,2023,43,1615,13.11,318.7,28.1,0
101,2023,43,1616,13.11,350.4,28.14,0
101,2023,43,1617,13.11,275.6,28.17,0
101,2023,43,1618,13.11,257.1,28.15,0
101,2023,43,1619,13.11,291,28.16,0
101,2023,43,1620,13.1,268.6,28.18,0
101,2023,43,1621,13.11,198.9,28.15,0
101,2023,43,1622,13.11,201.8,28.07,0
101,2023,43,1623,13.11,160,28.05,0
101,2023,43,1624,13.1,144.6,28.03,0
101,2023,43,1625,13.1,151.5,28.02,0
101,2023,43,1626,13.11,234.8,28.04,0
101,2023,43,1627,13.11,245.7,28.11,0
101,2023,43,1628,13.11,240.1,28.1,0
101,2023,43,1629,13.11,194.5,28.08,0
101,2023,43,1630,13.1,188.6,28.09,0
101,2023,43,1631,13.11,144.9,28.13,0
101,2023,43,1632,13.11,108.7,28.09,0
101,2023,43,1633,13.11,98.3,28.08,0
101,2023,43,1634,13.11,97.8,28.05,0
101,2023,43,1635,13.11,110.1,28.01,0
101,2023,43,1636,13.11,142.1,27.98,0
101,2023,43,1637,13.11,239.4,27.97,0
101,2023,43,1638,13.11,254.2,28,0
101,2023,43,1639,13.11,250.9,27.98,0
101,2023,43,1640,13.11,250,27.98,0
101,2023,43,1641,13.11,248.6,28.04,0
101,2023,43,1642,13.11,244.4,28.03,0
101,2023,43,1643,13.11,237.8,27.98,0
101,2023,43,1644,13.11,232.5,28.03,0
101,2023,43,1645,13.11,228.1,28.01,0
101,2023,43,1646,13.11,223.5,27.96,0
101,2023,43,1647,13.11,219.4,27.98,0
101,2023,43,1648,13.11,216.1,28,0
101,2023,43,1649,13.11,213.2,28,0
101,2023,43,1650,13.11,210,27.99,0
101,2023,43,1651,13.11,200.2,27.98,0
101,2023,43,1652,13.11,197.5,27.92,0
101,2023,43,1653,13.11,198.2,27.86,0
101,2023,43,1654,13.11,195.1,27.85,0
101,2023,43,1655,13.11,192.1,27.81,0
101,2023,43,1656,13.11,188.2,27.8,0
101,2023,43,1657,13.11,183.1,27.79,0
101,2023,43,1658,13.11,178.7,27.77,0
101,2023,43,1659,13.11,174.1,27.73,0
101,2023,43,1700,13.11,170.1,27.63,0
101,2023,43,1701,13.11,166,27.59,0
101,2023,43,1702,13.11,162.3,27.57,0
101,2023,43,1703,13.11,158.2,27.6,0
101,2023,43,1704,13.11,153.8,27.54,0
101,2023,43,1705,13.11,149.5,27.49,0
101,2023,43,1706,13.11,144.2,27.47,0
101,2023,43,1707,13.11,139.1,27.48,0
101,2023,43,1708,13.11,134.7,27.46,0
101,2023,43,1709,13.11,128.3,27.4,0
101,2023,43,1710,13.11,125.1,27.41,0
101,2023,43,1711,13.11,123.1,27.34,0
101,2023,43,1712,13.11,117.9,27.31,0
101,2023,43,1713,13.11,112,27.31,0
101,2023,43,1714,13.11,111.2,27.29,0
101,2023,43,1715,13.11,108.9,27.28,0
101,2023,43,1716,13.11,103.2,27.26,0
101,2023,43,1717,13.12,95.3,27.2,0
101,2023,43,1718,13.11,87.7,27.15,0
101,2023,43,1719,13.11,70.4,27.11,0
101,2023,43,1720,13.1,57.09,27.1,0
101,2023,43,1721,13.1,51.85,27.05,0
101,2023,43,1722,13.09,48.5,27,0
101,2023,43,1723,13.09,47.28,26.98,0
101,2023,43,1724,13.08,47.2,26.96,0
101,2023,43,1725,13.08,47.03,26.92,0
101,2023,43,1726,13.07,46.18,26.9,0
101,2023,43,1727,13.06,41.25,26.85,0
101,2023,43,1728,13.05,40.49,26.8,0
101,2023,43,1729,13.05,43.25,26.75,0
101,2023,43,1730,13.04,42.44,26.72,0
101,2023,43,1731,13.04,41.37,26.68,0
101,2023,43,1732,13.03,40.55,26.66,0
101,2023,43,1733,13.02,38.32,26.66,0
101,2023,43,1734,13.02,35.34,26.64,0
101,2023,43,1735,13.01,32.01,26.61,0
101,2023,43,1736,13,30.6,26.59,0
101,2023,43,1737,13,31.59,26.57,0
101,2023,43,1738,12.99,30.27,26.53,0
101,2023,43,1739,12.99,26.74,26.52,0
101,2023,43,1740,12.98,24.21,26.5,0
101,2023,43,1741,12.97,22.26,26.46,0
101,2023,43,1742,12.97,18.26,26.44,0
101,2023,43,1743,12.97,14.82,26.41,0
101,2023,43,1744,12.96,13.3,26.39,0
101,2023,43,1745,12.96,12.09,26.35,0
101,2023,43,1746,12.95,11.02,26.32,0
101,2023,43,1747,12.95,9.92,26.29,0
101,2023,43,1748,12.94,8.74,26.26,0
101,2023,43,1749,12.94,7.64,26.25,0
101,2023,43,1750,12.93,6.707,26.22,0
101,2023,43,1751,12.93,6.003,26.19,0
101,2023,43,1752,12.93,5.467,26.16,0
101,2023,43,1753,12.92,4.96,26.12,0
101,2023,43,1754,12.92,4.565,26.06,0
101,2023,43,1755,12.92,4.171,26.04,0
101,2023,43,1756,12.91,3.889,26.02,0
101,2023,43,1757,12.91,3.72,26,0
101,2023,43,1758,12.91,3.185,25.97,0
101,2023,43,1759,12.9,3.044,25.91,0
101,2023,43,1800,12.9,2.367,25.88,0
101,2023,43,1801,12.9,2.255,25.87,0
101,2023,43,1802,12.89,1.691,25.85,0
101,2023,43,1803,12.89,1.55,25.82,0
101,2023,43,1804,12.89,1.015,25.79,0
101,2023,43,1805,12.88,1.015,25.76,0
101,2023,43,1806,12.88,1.015,25.74,0
101,2023,43,1807,12.88,.564,25.7,0
101,2023,43,1808,12.87,.366,25.68,0
101,2023,43,1809,12.87,.338,25.67,0
101,2023,43,1810,12.87,.338,25.65,0
101,2023,43,1811,12.87,.338,25.64,0
101,2023,43,1812,12.87,.338,25.63,0
101,2023,43,1813,12.86,.338,25.6,0
101,2023,43,1814,12.86,.338,25.59,0
101,2023,43,1815,12.86,.338,25.57,0
101,2023,43,1816,12.86,.338,25.56,0
101,2023,43,1817,12.86,.338,25.54,0
101,2023,43,1818,12.85,.31,25.51,0
101,2023,43,1819,12.85,.31,25.47,0
101,2023,43,1820,12.85,.338,25.45,0
101,2023,43,1821,12.85,.338,25.43,0
101,2023,43,1822,12.85,.338,25.42,0
101,2023,43,1823,12.84,.225,25.4,0
101,2023,43,1824,12.84,.31,25.38,0
101,2023,43,1825,12.84,.282,25.37,0
101,2023,43,1826,12.84,.282,25.32,0
101,2023,43,1827,12.84,.225,25.31,0
101,2023,43,1828,12.84,.31,25.3,0
101,2023,43,1829,12.83,.282,25.27,0
101,2023,43,1830,12.83,.31,25.25,0
101,2023,43,1831,12.83,.254,25.24,0
101,2023,43,1832,12.83,.225,25.22,0
101,2023,43,1833,12.83,.254,25.2,0
101,2023,43,1834,12.83,.254,25.18,0
101,2023,43,1835,12.82,.113,25.16,0
101,2023,43,1836,12.82,.113,25.15,0
101,2023,43,1837,12.82,.282,25.12,0
101,2023,43,1838,12.82,.141,25.1,0
101,2023,43,1839,12.82,.197,25.06,0
101,2023,43,1840,12.82,.197,25.05,0
101,2023,43,1841,12.82,.225,25.05,0
101,2023,43,1842,12.82,.169,25.03,0
101,2023,43,1843,12.81,.113,25,0
101,2023,43,1844,12.81,.113,24.98,0
101,2023,43,1845,12.81,.169,24.96,0
101,2023,43,1846,12.81,.056,24.94,0
101,2023,43,1847,12.81,.113,24.93,0
101,2023,43,1848,12.81,.197,24.92,0
101,2023,43,1849,12.81,.113,24.9,0
101,2023,43,1850,12.81,.085,24.9,0
101,2023,43,1851,12.8,.113,24.89,0
101,2023,43,1852,12.8,.141,24.88,0
101,2023,43,1853,12.8,.113,24.87,0
101,2023,43,1854,12.8,.113,24.86,0
101,2023,43,1855,12.8,.141,24.86,0
101,2023,43,1856,12.8,.141,24.85,0
101,2023,43,1857,12.8,.169,24.85,0
101,2023,43,1858,12.8,.085,24.84,0
101,2023,43,1859,12.8,.056,24.83,0
101,2023,43,1900,12.8,.056,24.8,0
101,2023,43,1901,12.8,.056,24.8,0
101,2023,43,1902,12.8,0,24.8,0
101,2023,43,1903,12.8,0,24.79,0
101,2023,43,1904,12.79,0,24.78,0
101,2023,43,1905,12.79,.028,24.77,0
101,2023,43,1906,12.79,0,24.77,0
101,2023,43,1907,12.79,0,24.76,0
101,2023,43,1908,12.79,0,24.75,0
101,2023,43,1909,12.79,0,24.73,0
101,2023,43,1910,12.79,0,24.75,0
101,2023,43,1911,12.79,0,24.75,0
101,2023,43,1912,12.79,0,24.73,0
101,2023,43,1913,12.79,.028,24.73,0
101,2023,43,1914,12.79,0,24.72,0
101,2023,43,1915,12.78,0,24.71,0
101,2023,43,1916,12.78,.028,24.69,0
101,2023,43,1917,12.78,.085,24.68,0
101,2023,43,1918,12.79,0,24.67,0
101,2023,43,1919,12.79,0,24.66,0
101,2023,43,1920,12.78,0,24.65,0
101,2023,43,1921,12.78,0,24.64,0
101,2023,43,1922,12.78,0,24.63,0
101,2023,43,1923,12.78,0,24.62,0
101,2023,43,1924,12.78,.056,24.62,0
101,2023,43,1925,12.78,0,24.6,0
101,2023,43,1926,12.78,.028,24.58,0
101,2023,43,1927,12.78,0,24.57,0
101,2023,43,1928,12.78,0,24.55,0
101,2023,43,1929,12.78,0,24.54,0
101,2023,43,1930,12.78,0,24.53,0
101,2023,43,1931,12.78,0,24.52,0
101,2023,43,1932,12.78,0,24.5,0
101,2023,43,1933,12.78,0,24.49,0
101,2023,43,1934,12.77,0,24.49,0
101,2023,43,1935,12.77,0,24.48,0
101,2023,43,1936,12.77,0,24.47,0
101,2023,43,1937,12.77,0,24.46,0
101,2023,43,1938,12.77,0,24.44,0
101,2023,43,1939,12.77,0,24.44,0
101,2023,43,1940,12.77,0,24.41,0
101,2023,43,1941,12.77,0,24.39,0
101,2023,43,1942,12.77,0,24.36,0
101,2023,43,1943,12.77,0,24.34,0
101,2023,43,1944,12.77,0,24.32,0
101,2023,43,1945,12.77,0,24.31,0
101,2023,43,1946,12.77,0,24.29,0
101,2023,43,1947,12.77,0,24.28,0
101,2023,43,1948,12.77,0,24.25,0
101,2023,43,1949,12.77,0,24.24,0
101,2023,43,1950,12.77,0,24.21,0
101,2023,43,1951,12.77,0,24.21,0
101,2023,43,1952,12.77,0,24.19,0
101,2023,43,1953,12.77,0,24.17,0
101,2023,43,1954,12.76,0,24.16,0
101,2023,43,1955,12.76,0,24.16,0
101,2023,43,1956,12.77,0,24.17,0
101,2023,43,1957,12.76,0,24.16,0
101,2023,43,1958,12.76,0,24.14,0
101,2023,43,1959,12.76,0,24.13,0
101,2023,43,2000,12.76,0,24.12,0
101,2023,43,2001,12.76,0,24.11,0
101,2023,43,2002,12.76,0,24.1,0
101,2023,43,2003,12.76,0,24.09,0
101,2023,43,2004,12.76,0,24.08,0
101,2023,43,2005,12.76,0,24.06,0
101,2023,43,2006,12.76,0,24.03,0
101,2023,43,2007,12.76,0,24.03,0
101,2023,43,2008,12.76,0,24.01,0
101,2023,43,2009,12.76,0,23.99,0
101,2023,43,2010,12.76,0,23.98,0
101,2023,43,2011,12.75,0,23.97,0
101,2023,43,2012,12.76,0,23.96,0
101,2023,43,2013,12.75,0,23.95,0
101,2023,43,2014,12.76,0,23.94,0
101,2023,43,2015,12.75,0,23.93,0
101,2023,43,2016,12.75,0,23.91,0
101,2023,43,2017,12.75,0,23.9,0
101,2023,43,2018,12.75,0,23.88,0
101,2023,43,2019,12.75,0,23.87,0
101,2023,43,2020,12.75,0,23.86,0
101,2023,43,2021,12.75,0,23.86,0
101,2023,43,2022,12.75,0,23.88,0
101,2023,43,2023,12.75,0,23.89,0
101,2023,43,2024,12.75,0,23.91,0
101,2023,43,2025,12.75,0,23.9,0
101,2023,43,2026,12.75,0,23.89,0
101,2023,43,2027,12.75,0,23.89,0
101,2023,43,2028,12.75,0,23.89,0
101,2023,43,2029,12.75,0,23.87,0
101,2023,43,2030,12.75,0,23.87,0
101,2023,43,2031,12.75,0,23.86,0
101,2023,43,2032,12.75,0,23.84,0
101,2023,43,2033,12.75,0,23.83,0
101,2023,43,2034,12.75,0,23.82,0
101,2023,43,2035,12.75,0,23.8,0
101,2023,43,2036,12.75,0,23.79,0
101,2023,43,2037,12.75,0,23.78,0
101,2023,43,2038,12.75,0,23.79,0
101,2023,43,2039,12.75,0,23.8,0
101,2023,43,2040,12.75,0,23.82,0
101,2023,43,2041,12.75,0,23.81,0
101,2023,43,2042,12.75,0,23.8,0
101,2023,43,2043,12.75,0,23.79,0
101,2023,43,2044,12.75,0,23.78,0
101,2023,43,2045,12.75,0,23.79,0
101,2023,43,2046,12.75,0,23.79,0
101,2023,43,2047,12.75,0,23.79,0
101,2023,43,2048,12.75,0,23.79,0
101,2023,43,2049,12.74,0,23.79,0
101,2023,43,2050,12.75,0,23.79,0
101,2023,43,2051,12.74,0,23.79,0
101,2023,43,2052,12.74,0,23.79,0
101,2023,43,2053,12.74,0,23.79,0
101,2023,43,2054,12.74,0,23.79,0
101,2023,43,2055,12.74,0,23.79,0
101,2023,43,2056,12.74,0,23.79,0
101,2023,43,2057,12.74,0,23.78,0
101,2023,43,2058,12.74,0,23.78,0
101,2023,43,2059,12.74,0,23.79,0
101,2023,43,2100,12.74,0,23.79,0
101,2023,43,2101,12.74,0,23.79,0
101,2023,43,2102,12.74,0,23.79,0
101,2023,43,2103,12.74,0,23.79,0
101,2023,43,2104,12.74,0,23.79,0
101,2023,43,2105,12.74,0,23.79,0
101,2023,43,2106,12.74,0,23.78,0
101,2023,43,2107,12.74,0,23.77,0
101,2023,43,2108,12.74,0,23.78,0
101,2023,43,2109,12.74,0,23.8,0
101,2023,43,2110,12.74,0,23.8,0
101,2023,43,2111,12.73,0,23.8,0
101,2023,43,2112,12.74,0,23.78,0
101,2023,43,2113,12.74,0,23.78,0
101,2023,43,2114,12.74,0,23.78,0
101,2023,43,2115,12.73,0,23.77,0
101,2023,43,2116,12.73,0,23.77,0
101,2023,43,2117,12.73,0,23.77,0
101,2023,43,2118,12.73,0,23.75,0
101,2023,43,2119,12.73,0,23.76,0
101,2023,43,2120,12.73,0,23.76,0
101,2023,43,2121,12.73,0,23.77,0
101,2023,43,2122,12.73,0,23.77,0
101,2023,43,2123,12.73,0,23.78,0
101,2023,43,2124,12.73,0,23.78,0
101,2023,43,2125,12.73,0,23.78,0
101,2023,43,2126,12.73,0,23.77,0
101,2023,43,2127,12.73,0,23.77,0
101,2023,43,2128,12.73,0,23.77,0
101,2023,43,2129,12.73,0,23.77,0
101,2023,43,2130,12.73,0,23.78,0
101,2023,43,2131,12.73,0,23.77,0
101,2023,43,2132,12.73,0,23.76,0
101,2023,43,2133,12.73,0,23.77,0
101,2023,43,2134,12.73,0,23.77,0
101,2023,43,2135,12.73,0,23.76,0
101,2023,43,2136,12.73,0,23.76,0
101,2023,43,2137,12.73,0,23.75,0
101,2023,43,2138,12.73,0,23.73,0
101,2023,43,2139,12.73,0,23.73,0
101,2023,43,2140,12.73,0,23.74,0
101,2023,43,2141,12.73,0,23.74,0
101,2023,43,2142,12.73,0,23.73,0
101,2023,43,2143,12.73,0,23.73,0
101,2023,43,2144,12.73,0,23.73,0
101,2023,43,2145,12.73,0,23.71,0
101,2023,43,2146,12.73,0,23.7,0
101,2023,43,2147,12.73,0,23.68,0
101,2023,43,2148,12.73,0,23.65,0
101,2023,43,2149,12.73,.028,23.62,0
101,2023,43,2150,12.73,0,23.59,0
101,2023,43,2151,12.73,0,23.58,0
101,2023,43,2152,12.73,0,23.57,0
101,2023,43,2153,12.73,0,23.56,0
101,2023,43,2154,12.73,0,23.53,0
101,2023,43,2155,12.73,0,23.52,0
101,2023,43,2156,12.73,0,23.51,0
101,2023,43,2157,12.73,0,23.49,0
101,2023,43,2158,12.73,0,23.48,0
101,2023,43,2159,12.73,0,23.47,0
101,2023,43,2200,12.73,0,23.46,0
101,2023,43,2201,12.72,0,23.47,0
101,2023,43,2202,12.73,0,23.48,0
101,2023,43,2203,12.72,0,23.49,0
101,2023,43,2204,12.72,0,23.47,0
101,2023,43,2205,12.73,0,23.44,0
101,2023,43,2206,12.72,0,23.44,0
101,2023,43,2207,12.72,0,23.44,0
101,2023,43,2208,12.72,0,23.44,0
101,2023,43,2209,12.72,0,23.44,0
101,2023,43,2210,12.72,0,23.48,0
101,2023,43,2211,12.72,0,23.51,0
101,2023,43,2212,12.72,0,23.51,0
101,2023,43,2213,12.72,0,23.49,0
101,2023,43,2214,12.72,0,23.46,0
101,2023,43,2215,12.72,0,23.42,0
101,2023,43,2216,12.72,0,23.36,0
101,2023,43,2217,12.72,0,23.31,0
101,2023,43,2218,12.72,0,23.26,0
101,2023,43,2219,12.72,0,23.24,0
101,2023,43,2220,12.72,.028,23.22,0
101,2023,43,2221,12.72,0,23.19,0
101,2023,43,2222,12.72,.028,23.18,0
101,2023,43,2223,12.72,0,23.15,0
101,2023,43,2224,12.72,0,23.1,0
101,2023,43,2225,12.72,0,23.07,0
101,2023,43,2226,12.72,0,23.05,0
101,2023,43,2227,12.72,0,23.03,0
101,2023,43,2228,12.72,0,22.99,0
101,2023,43,2229,12.72,0,22.96,0
101,2023,43,2230,12.72,0,22.94,0
101,2023,43,2231,12.72,0,22.93,0
101,2023,43,2232,12.72,0,22.91,0
101,2023,43,2233,12.72,0,22.89,0
101,2023,43,2234,12.72,0,22.87,0
101,2023,43,2235,12.72,0,22.85,0
101,2023,43,2236,12.72,0,22.84,0
101,2023,43,2237,12.71,0,22.84,0
101,2023,43,2238,12.71,0,22.85,0
101,2023,43,2239,12.71,0,22.83,0
101,2023,43,2240,12.71,0,22.81,0
101,2023,43,2241,12.71,0,22.8,0
101,2023,43,2242,12.71,0,22.8,0
101,2023,43,2243,12.71,0,22.79,0
101,2023,43,2244,12.71,0,22.79,0
101,2023,43,2245,12.71,0,22.77,0
101,2023,43,2246,12.71,0,22.75,0
101,2023,43,2247,12.71,0,22.74,0
101,2023,43,2248,12.71,0,22.74,0
101,2023,43,2249,12.71,0,22.74,0
101,2023,43,2250,12.71,0,22.72,0
101,2023,43,2251,12.71,0,22.7,0
101,2023,43,2252,12.71,0,22.68,0
101,2023,43,2253,12.71,0,22.67,0
101,2023,43,2254,12.71,0,22.65,0
101,2023,43,2255,12.71,0,22.64,0
101,2023,43,2256,12.71,0,22.62,0
101,2023,43,2257,12.71,0,22.62,0
101,2023,43,2258,12.71,0,22.61,0
101,2023,43,2259,12.71,0,22.6,0
101,2023,43,2300,12.71,0,22.59,0
101,2023,43,2301,12.71,0,22.59,0
101,2023,43,2302,12.71,0,22.6,0
101,2023,43,2303,12.71,0,22.62,0
101,2023,43,2304,12.71,0,22.66,0
101,2023,43,2305,12.71,0,22.7,0
101,2023,43,2306,12.71,0,22.74,0
101,2023,43,2307,12.71,0,22.78,0
101,2023,43,2308,12.71,0,22.8,0
101,2023,43,2309,12.71,0,22.84,0
101,2023,43,2310,12.71,0,22.83,0
101,2023,43,2311,12.71,0,22.84,0
101,2023,43,2312,12.71,0,22.83,0
101,2023,43,2313,12.71,0,22.81,0
101,2023,43,2314,12.71,0,22.8,0
101,2023,43,2315,12.71,0,22.81,0
101,2023,43,2316,12.71,0,22.82,0
101,2023,43,2317,12.71,0,22.79,0
101,2023,43,2318,12.71,0,22.76,0
101,2023,43,2319,12.71,0,22.73,0
101,2023,43,2320,12.71,0,22.7,0
101,2023,43,2321,12.71,0,22.66,0
101,2023,43,2322,12.71,0,22.63,0
101,2023,43,2323,12.71,0,22.61,0
101,2023,43,2324,12.71,0,22.6,0
101,2023,43,2325,12.7,0,22.59,0
101,2023,43,2326,12.71,0,22.61,0
101,2023,43,2327,12.7,0,22.61,0
101,2023,43,2328,12.7,0,22.61,0
101,2023,43,2329,12.7,0,22.59,0
101,2023,43,2330,12.7,0,22.58,0
101,2023,43,2331,12.7,0,22.58,0
101,2023,43,2332,12.7,0,22.59,0
101,2023,43,2333,12.7,0,22.55,0
101,2023,43,2334,12.7,0,22.56,0
101,2023,43,2335,12.7,0,22.61,0
101,2023,43,2336,12.7,0,22.67,0
101,2023,43,2337,12.7,0,22.63,0
101,2023,43,2338,12.7,0,22.54,0
101,2023,43,2339,12.7,0,22.51,0
101,2023,43,2340,12.7,0,22.51,0
101,2023,43,2341,12.7,0,22.51,0
101,2023,43,2342,12.7,0,22.52,0
101,2023,43,2343,12.7,0,22.53,0
101,2023,43,2344,12.7,0,22.55,0
101,2023,43,2345,12.7,0,22.56,0
101,2023,43,2346,12.7,0,22.58,0
101,2023,43,2347,12.7,0,22.61,0
101,2023,43,2348,12.7,0,22.61,0
101,2023,43,2349,12.7,0,22.61,0
101,2023,43,2350,12.7,0,22.62,0
101,2023,43,2351,12.7,0,22.65,0
101,2023,43,2352,12.7,0,22.62,0
101,2023,43,2353,12.7,0,22.57,0
101,2023,43,2354,12.7,0,22.53,0
101,2023,43,2355,12.7,0,22.52,0
101,2023,43,2356,12.7,0,22.5,0
101,2023,43,2357,12.7,0,22.5,0
101,2023,43,2358,12.69,0,22.49,0
101,2023,43,2359,12.7,0,22.49,0
