a,b,dia_juliano,d,e,f,g,h
101,2023,93,2400.0,12.58,0.0,23.03,0.0
101,2023,93,1.0,12.57,0.0,23.01,0.0
101,2023,93,2.0,12.57,0.0,22.99,0.0
101,2023,93,3.0,12.57,0.0,22.97,0.0
101,2023,93,4.0,12.58,0.0,22.93,0.0
101,2023,93,5.0,12.58,0.0,22.9,0.0
101,2023,93,6.0,12.57,0.0,22.9,0.0
101,2023,93,7.0,12.57,0.0,22.97,0.0
101,2023,93,8.0,12.57,0.0,23.0,0.0
101,2023,93,9.0,12.57,0.0,23.01,0.0
101,2023,93,10.0,12.57,0.0,22.98,0.0
101,2023,93,11.0,12.57,0.0,22.98,0.0
101,2023,93,12.0,12.57,0.0,22.95,0.0
101,2023,93,13.0,12.57,0.0,22.98,0.0
101,2023,93,14.0,12.57,0.0,22.96,0.0
101,2023,93,15.0,12.57,0.0,22.95,0.0
101,2023,93,16.0,12.57,0.0,22.92,0.0
101,2023,93,17.0,12.57,0.0,22.89,0.0
101,2023,93,18.0,12.57,0.0,22.86,0.0
101,2023,93,19.0,12.57,0.0,22.86,0.0
101,2023,93,20.0,12.57,0.0,22.87,0.0
101,2023,93,21.0,12.57,0.0,22.88,0.0
101,2023,93,22.0,12.57,0.0,22.9,0.0
101,2023,93,23.0,12.57,0.0,22.93,0.0
101,2023,93,24.0,12.57,0.0,22.94,0.0
101,2023,93,25.0,12.57,0.0,22.95,0.0
101,2023,93,26.0,12.57,0.0,22.98,0.0
101,2023,93,27.0,12.57,0.0,23.01,0.0
101,2023,93,28.0,12.56,0.0,23.02,0.0
101,2023,93,29.0,12.57,0.0,23.03,0.0
101,2023,93,30.0,12.57,0.0,23.03,0.0
101,2023,93,31.0,12.56,0.0,23.03,0.0
101,2023,93,32.0,12.57,0.0,23.04,0.0
101,2023,93,33.0,12.56,0.0,23.04,0.0
101,2023,93,34.0,12.57,0.0,23.02,0.0
101,2023,93,35.0,12.57,0.0,23.01,0.0
101,2023,93,36.0,12.57,0.0,23.02,0.0
101,2023,93,37.0,12.56,0.0,23.02,0.0
101,2023,93,38.0,12.57,0.0,23.0,0.0
101,2023,93,39.0,12.57,0.0,22.99,0.0
101,2023,93,40.0,12.56,0.0,23.0,0.0
101,2023,93,41.0,12.56,0.0,22.98,0.0
101,2023,93,42.0,12.56,0.0,22.96,0.0
101,2023,93,43.0,12.56,0.0,22.93,0.0
101,2023,93,44.0,12.56,0.0,22.9,0.0
101,2023,93,45.0,12.56,0.0,22.88,0.0
101,2023,93,46.0,12.57,0.0,22.86,0.0
101,2023,93,47.0,12.56,0.0,22.83,0.0
101,2023,93,48.0,12.57,0.0,22.79,0.0
101,2023,93,49.0,12.57,0.0,22.77,0.0
101,2023,93,50.0,12.56,0.0,22.77,0.0
101,2023,93,51.0,12.56,0.0,22.83,0.0
101,2023,93,52.0,12.56,0.0,22.87,0.0
101,2023,93,53.0,12.56,0.0,22.86,0.0
101,2023,93,54.0,12.56,0.0,22.82,0.0
101,2023,93,55.0,12.56,0.0,22.76,0.0
101,2023,93,56.0,12.56,0.0,22.74,0.0
101,2023,93,57.0,12.56,0.0,22.75,0.0
101,2023,93,58.0,12.56,0.0,22.76,0.0
101,2023,93,59.0,12.56,0.0,22.77,0.0
101,2023,93,100.0,12.56,0.0,22.85,0.0
101,2023,93,101.0,12.56,0.0,22.91,0.0
101,2023,93,102.0,12.56,0.0,22.89,0.0
101,2023,93,103.0,12.56,0.0,22.86,0.0
101,2023,93,104.0,12.56,0.0,22.84,0.0
101,2023,93,105.0,12.56,0.0,22.82,0.0
101,2023,93,106.0,12.56,0.0,22.81,0.0
101,2023,93,107.0,12.56,0.0,22.8,0.0
101,2023,93,108.0,12.56,0.0,22.79,0.0
101,2023,93,109.0,12.56,0.0,22.8,0.0
101,2023,93,110.0,12.56,0.0,22.79,0.0
101,2023,93,111.0,12.56,0.0,22.8,0.0
101,2023,93,112.0,12.56,0.0,22.87,0.0
101,2023,93,113.0,12.56,0.0,22.87,0.0
101,2023,93,114.0,12.56,0.0,22.73,0.0
101,2023,93,115.0,12.56,0.0,22.63,0.0
101,2023,93,116.0,12.56,0.0,22.68,0.0
101,2023,93,117.0,12.56,0.0,22.69,0.0
101,2023,93,118.0,12.56,0.0,22.69,0.0
101,2023,93,119.0,12.56,0.0,22.68,0.0
101,2023,93,120.0,12.56,0.0,22.7,0.0
101,2023,93,121.0,12.56,0.0,22.76,0.0
101,2023,93,122.0,12.56,0.0,22.78,0.0
101,2023,93,123.0,12.56,0.0,22.74,0.0
101,2023,93,124.0,12.56,0.0,22.74,0.0
101,2023,93,125.0,12.56,0.0,22.85,0.0
101,2023,93,126.0,12.56,0.0,22.91,0.0
101,2023,93,127.0,12.56,0.0,22.95,0.0
101,2023,93,128.0,12.56,0.0,22.94,0.0
101,2023,93,129.0,12.56,0.0,22.98,0.0
101,2023,93,130.0,12.56,0.0,23.0,0.0
101,2023,93,131.0,12.56,0.0,22.99,0.0
101,2023,93,132.0,12.56,0.0,23.01,0.0
101,2023,93,133.0,12.56,0.0,23.01,0.0
101,2023,93,134.0,12.56,0.0,23.03,0.0
101,2023,93,135.0,12.56,0.0,23.05,0.0
101,2023,93,136.0,12.56,0.0,23.07,0.0
101,2023,93,137.0,12.56,0.0,23.07,0.0
101,2023,93,138.0,12.56,0.0,23.04,0.0
101,2023,93,139.0,12.56,0.0,23.05,0.0
101,2023,93,140.0,12.56,0.0,23.06,0.0
101,2023,93,141.0,12.56,0.0,23.04,0.0
101,2023,93,142.0,12.56,0.0,23.04,0.0
101,2023,93,143.0,12.56,0.0,23.05,0.0
101,2023,93,144.0,12.56,0.0,23.05,0.0
101,2023,93,145.0,12.56,0.0,23.05,0.0
101,2023,93,146.0,12.56,0.0,23.04,0.0
101,2023,93,147.0,12.56,0.0,23.02,0.0
101,2023,93,148.0,12.56,0.0,23.0,0.0
101,2023,93,149.0,12.56,0.0,22.98,0.0
101,2023,93,150.0,12.56,0.0,22.95,0.0
101,2023,93,151.0,12.56,0.0,22.94,0.0
101,2023,93,152.0,12.56,0.0,22.93,0.0
101,2023,93,153.0,12.56,0.0,22.9,0.0
101,2023,93,154.0,12.56,0.0,22.89,0.0
101,2023,93,155.0,12.56,0.0,22.88,0.0
101,2023,93,156.0,12.56,0.0,22.87,0.0
101,2023,93,157.0,12.56,0.0,22.91,0.0
101,2023,93,158.0,12.56,0.0,22.93,0.0
101,2023,93,159.0,12.56,0.0,22.93,0.0
101,2023,93,200.0,12.56,0.0,22.92,0.0
101,2023,93,201.0,12.56,0.0,22.92,0.0
101,2023,93,202.0,12.56,0.0,22.91,0.0
101,2023,93,203.0,12.56,0.0,22.92,0.0
101,2023,93,204.0,12.56,0.0,22.95,0.0
101,2023,93,205.0,12.56,0.0,22.96,0.0
101,2023,93,206.0,12.56,0.0,22.94,0.0
101,2023,93,207.0,12.56,0.0,22.93,0.0
101,2023,93,208.0,12.56,0.0,22.92,0.0
101,2023,93,209.0,12.56,0.0,22.91,0.0
101,2023,93,210.0,12.56,0.0,22.89,0.0
101,2023,93,211.0,12.56,0.0,22.84,0.0
101,2023,93,212.0,12.56,0.0,22.87,0.0
101,2023,93,213.0,12.56,0.0,22.88,0.0
101,2023,93,214.0,12.56,0.0,22.9,0.0
101,2023,93,215.0,12.56,0.0,22.93,0.0
101,2023,93,216.0,12.56,0.0,22.95,0.0
101,2023,93,217.0,12.56,0.0,22.95,0.0
101,2023,93,218.0,12.56,0.0,22.97,0.0
101,2023,93,219.0,12.56,0.0,22.98,0.0
101,2023,93,220.0,12.56,0.0,22.95,0.0
101,2023,93,221.0,12.56,0.0,22.92,0.0
101,2023,93,222.0,12.56,0.0,22.89,0.0
101,2023,93,223.0,12.56,0.0,22.88,0.0
101,2023,93,224.0,12.56,0.0,22.87,0.0
101,2023,93,225.0,12.56,0.0,22.84,0.0
101,2023,93,226.0,12.56,0.0,22.82,0.0
101,2023,93,227.0,12.56,0.0,22.8,0.0
101,2023,93,228.0,12.56,0.0,22.79,0.0
101,2023,93,229.0,12.56,0.0,22.77,0.0
101,2023,93,230.0,12.56,0.0,22.76,0.0
101,2023,93,231.0,12.56,0.0,22.73,0.0
101,2023,93,232.0,12.56,0.0,22.72,0.0
101,2023,93,233.0,12.56,0.0,22.73,0.0
101,2023,93,234.0,12.56,0.0,22.76,0.0
101,2023,93,235.0,12.56,0.0,22.78,0.0
101,2023,93,236.0,12.56,0.0,22.78,0.0
101,2023,93,237.0,12.56,0.0,22.78,0.0
101,2023,93,238.0,12.56,0.0,22.8,0.0
101,2023,93,239.0,12.56,0.0,22.8,0.0
101,2023,93,240.0,12.56,0.0,22.81,0.0
101,2023,93,241.0,12.56,0.0,22.82,0.0
101,2023,93,242.0,12.56,0.0,22.79,0.0
101,2023,93,243.0,12.56,0.0,22.76,0.0
101,2023,93,244.0,12.56,0.0,22.75,0.0
101,2023,93,245.0,12.56,0.0,22.73,0.0
101,2023,93,246.0,12.56,0.0,22.72,0.0
101,2023,93,247.0,12.56,0.0,22.72,0.0
101,2023,93,248.0,12.55,0.0,22.7,0.0
101,2023,93,249.0,12.56,0.0,22.69,0.0
101,2023,93,250.0,12.56,0.0,22.69,0.0
101,2023,93,251.0,12.56,0.0,22.7,0.0
101,2023,93,252.0,12.56,0.0,22.72,0.0
101,2023,93,253.0,12.55,0.0,22.71,0.0
101,2023,93,254.0,12.56,0.0,22.74,0.0
101,2023,93,255.0,12.56,0.0,22.73,0.0
101,2023,93,256.0,12.55,0.0,22.71,0.0
101,2023,93,257.0,12.55,0.0,22.72,0.0
101,2023,93,258.0,12.56,0.0,22.72,0.0
101,2023,93,259.0,12.56,0.0,22.74,0.0
101,2023,93,300.0,12.56,0.0,22.74,0.0
101,2023,93,301.0,12.56,0.0,22.72,0.0
101,2023,93,302.0,12.56,0.0,22.71,0.0
101,2023,93,303.0,12.55,0.0,22.69,0.0
101,2023,93,304.0,12.56,0.0,22.68,0.0
101,2023,93,305.0,12.55,0.0,22.68,0.0
101,2023,93,306.0,12.56,0.0,22.66,0.0
101,2023,93,307.0,12.56,0.0,22.64,0.0
101,2023,93,308.0,12.55,0.0,22.65,0.0
101,2023,93,309.0,12.55,0.0,22.66,0.0
101,2023,93,310.0,12.56,0.0,22.65,0.0
101,2023,93,311.0,12.56,0.0,22.68,0.0
101,2023,93,312.0,12.56,0.0,22.68,0.0
101,2023,93,313.0,12.55,0.0,22.67,0.0
101,2023,93,314.0,12.56,0.0,22.66,0.0
101,2023,93,315.0,12.55,0.0,22.66,0.0
101,2023,93,316.0,12.56,0.0,22.62,0.0
101,2023,93,317.0,12.55,0.0,22.61,0.0
101,2023,93,318.0,12.55,0.0,22.61,0.0
101,2023,93,319.0,12.55,0.0,22.61,0.0
101,2023,93,320.0,12.55,0.0,22.61,0.0
101,2023,93,321.0,12.56,0.0,22.61,0.0
101,2023,93,322.0,12.55,0.0,22.61,0.0
101,2023,93,323.0,12.55,0.0,22.61,0.0
101,2023,93,324.0,12.55,0.0,22.6,0.0
101,2023,93,325.0,12.55,0.0,22.61,0.0
101,2023,93,326.0,12.55,0.0,22.61,0.0
101,2023,93,327.0,12.55,0.0,22.62,0.0
101,2023,93,328.0,12.55,0.0,22.64,0.0
101,2023,93,329.0,12.55,0.0,22.64,0.0
101,2023,93,330.0,12.56,0.0,22.65,0.0
101,2023,93,331.0,12.55,0.0,22.63,0.0
101,2023,93,332.0,12.55,0.0,22.62,0.0
101,2023,93,333.0,12.55,0.0,22.65,0.0
101,2023,93,334.0,12.56,0.0,22.63,0.0
101,2023,93,335.0,12.55,0.0,22.64,0.0
101,2023,93,336.0,12.55,0.0,22.64,0.0
101,2023,93,337.0,12.55,0.0,22.63,0.0
101,2023,93,338.0,12.55,0.0,22.63,0.0
101,2023,93,339.0,12.55,0.0,22.63,0.0
101,2023,93,340.0,12.55,0.0,22.63,0.0
101,2023,93,341.0,12.55,0.0,22.63,0.0
101,2023,93,342.0,12.55,0.0,22.64,0.0
101,2023,93,343.0,12.55,0.0,22.65,0.0
101,2023,93,344.0,12.55,0.0,22.61,0.0
101,2023,93,345.0,12.55,0.0,22.58,0.0
101,2023,93,346.0,12.55,0.0,22.56,0.0
101,2023,93,347.0,12.56,0.0,22.59,0.0
101,2023,93,348.0,12.56,0.0,22.62,0.0
101,2023,93,349.0,12.55,0.0,22.63,0.0
101,2023,93,350.0,12.55,0.0,22.66,0.0
101,2023,93,351.0,12.55,0.0,22.69,0.0
101,2023,93,352.0,12.55,0.0,22.71,0.0
101,2023,93,353.0,12.55,0.0,22.72,0.0
101,2023,93,354.0,12.56,0.0,22.7,0.0
101,2023,93,355.0,12.55,0.0,22.63,0.0
101,2023,93,356.0,12.55,0.0,22.66,0.0
101,2023,93,357.0,12.55,0.0,22.64,0.0
101,2023,93,358.0,12.55,0.0,22.64,0.0
101,2023,93,359.0,12.55,0.0,22.61,0.0
101,2023,93,400.0,12.55,0.0,22.63,0.0
101,2023,93,401.0,12.55,0.0,22.63,0.0
101,2023,93,402.0,12.55,0.0,22.59,0.0
101,2023,93,403.0,12.55,0.0,22.59,0.0
101,2023,93,404.0,12.55,0.0,22.61,0.0
101,2023,93,405.0,12.55,0.0,22.61,0.0
101,2023,93,406.0,12.55,0.0,22.61,0.0
101,2023,93,407.0,12.55,0.0,22.61,0.0
101,2023,93,408.0,12.55,0.0,22.62,0.0
101,2023,93,409.0,12.55,0.0,22.61,0.0
101,2023,93,410.0,12.55,0.0,22.63,0.0
101,2023,93,411.0,12.55,0.0,22.66,0.0
101,2023,93,412.0,12.55,0.0,22.67,0.0
101,2023,93,413.0,12.55,0.0,22.66,0.0
101,2023,93,414.0,12.55,0.0,22.66,0.0
101,2023,93,415.0,12.55,0.0,22.65,0.0
101,2023,93,416.0,12.55,0.0,22.65,0.0
101,2023,93,417.0,12.55,0.0,22.65,0.0
101,2023,93,418.0,12.55,0.0,22.65,0.0
101,2023,93,419.0,12.55,0.0,22.63,0.0
101,2023,93,420.0,12.55,0.0,22.61,0.0
101,2023,93,421.0,12.55,0.0,22.61,0.0
101,2023,93,422.0,12.55,0.0,22.61,0.0
101,2023,93,423.0,12.55,0.0,22.58,0.0
101,2023,93,424.0,12.55,0.0,22.57,0.0
101,2023,93,425.0,12.55,0.0,22.62,0.0
101,2023,93,426.0,12.55,0.0,22.61,0.0
101,2023,93,427.0,12.55,0.0,22.57,0.0
101,2023,93,428.0,12.55,0.0,22.54,0.0
101,2023,93,429.0,12.55,0.0,22.51,0.0
101,2023,93,430.0,12.55,0.0,22.45,0.0
101,2023,93,431.0,12.55,0.0,22.44,0.0
101,2023,93,432.0,12.55,0.0,22.42,0.0
101,2023,93,433.0,12.55,0.0,22.41,0.0
101,2023,93,434.0,12.55,0.0,22.42,0.0
101,2023,93,435.0,12.55,0.0,22.41,0.0
101,2023,93,436.0,12.55,0.0,22.42,0.0
101,2023,93,437.0,12.55,0.0,22.43,0.0
101,2023,93,438.0,12.55,0.0,22.47,0.0
101,2023,93,439.0,12.55,0.0,22.47,0.0
101,2023,93,440.0,12.55,0.0,22.47,0.0
101,2023,93,441.0,12.55,0.0,22.44,0.0
101,2023,93,442.0,12.55,0.0,22.4,0.0
101,2023,93,443.0,12.55,0.0,22.39,0.0
101,2023,93,444.0,12.55,0.0,22.38,0.0
101,2023,93,445.0,12.55,0.0,22.37,0.0
101,2023,93,446.0,12.55,0.0,22.37,0.0
101,2023,93,447.0,12.55,0.0,22.37,0.0
101,2023,93,448.0,12.55,0.0,22.37,0.0
101,2023,93,449.0,12.55,0.0,22.37,0.0
101,2023,93,450.0,12.55,0.0,22.39,0.0
101,2023,93,451.0,12.55,0.0,22.41,0.0
101,2023,93,452.0,12.55,0.0,22.42,0.0
101,2023,93,453.0,12.55,0.0,22.41,0.0
101,2023,93,454.0,12.55,0.0,22.39,0.0
101,2023,93,455.0,12.55,0.0,22.38,0.0
101,2023,93,456.0,12.55,0.0,22.38,0.0
101,2023,93,457.0,12.55,0.0,22.37,0.0
101,2023,93,458.0,12.55,0.0,22.37,0.0
101,2023,93,459.0,12.55,0.0,22.37,0.0
101,2023,93,500.0,12.55,0.0,22.36,0.0
101,2023,93,501.0,12.55,0.0,22.36,0.0
101,2023,93,502.0,12.55,0.0,22.36,0.0
101,2023,93,503.0,12.55,0.0,22.35,0.0
101,2023,93,504.0,12.55,0.0,22.35,0.0
101,2023,93,505.0,12.55,0.0,22.35,0.0
101,2023,93,506.0,12.55,0.0,22.34,0.0
101,2023,93,507.0,12.55,0.0,22.32,0.0
101,2023,93,508.0,12.55,0.0,22.31,0.0
101,2023,93,509.0,12.55,0.0,22.3,0.0
101,2023,93,510.0,12.55,0.0,22.3,0.0
101,2023,93,511.0,12.55,0.0,22.3,0.0
101,2023,93,512.0,12.55,0.0,22.3,0.0
101,2023,93,513.0,12.55,0.0,22.31,0.0
101,2023,93,514.0,12.55,1.1,22.3,0.0
101,2023,93,515.0,12.55,1.467,22.3,0.0
101,2023,93,516.0,12.55,2.257,22.3,0.0
101,2023,93,517.0,12.55,3.103,22.31,0.0
101,2023,93,518.0,12.55,4.034,22.3,0.0
101,2023,93,519.0,12.55,4.711,22.3,0.0
101,2023,93,520.0,12.55,5.557,22.32,0.0
101,2023,93,521.0,12.55,6.488,22.32,0.0
101,2023,93,522.0,12.55,7.31,22.33,0.0
101,2023,93,523.0,12.55,8.04,22.34,0.0
101,2023,93,524.0,12.55,8.72,22.4,0.0
101,2023,93,525.0,12.56,9.39,22.42,0.0
101,2023,93,526.0,12.56,9.87,22.42,0.0
101,2023,93,527.0,12.56,10.35,22.42,0.0
101,2023,93,528.0,12.57,11.06,22.42,0.0
101,2023,93,529.0,12.57,11.71,22.42,0.0
101,2023,93,530.0,12.58,12.21,22.44,0.0
101,2023,93,531.0,12.58,12.89,22.47,0.0
101,2023,93,532.0,12.59,13.65,22.5,0.0
101,2023,93,533.0,12.59,14.47,22.48,0.0
101,2023,93,534.0,12.6,15.4,22.45,0.0
101,2023,93,535.0,12.61,16.39,22.46,0.0
101,2023,93,536.0,12.62,17.66,22.48,0.0
101,2023,93,537.0,12.62,18.93,22.5,0.0
101,2023,93,538.0,12.63,20.45,22.53,0.0
101,2023,93,539.0,12.65,22.14,22.48,0.0
101,2023,93,540.0,12.67,25.78,22.44,0.0
101,2023,93,541.0,12.7,34.07,22.46,0.0
101,2023,93,542.0,12.72,39.69,22.47,0.0
101,2023,93,543.0,12.74,42.85,22.47,0.0
101,2023,93,544.0,12.81,45.67,22.49,0.0
101,2023,93,545.0,13.0,48.54,22.53,0.0
101,2023,93,546.0,13.23,51.2,22.62,0.0
101,2023,93,547.0,13.26,53.93,22.72,0.0
101,2023,93,548.0,13.26,56.7,22.84,0.0
101,2023,93,549.0,13.26,59.71,22.8,0.0
101,2023,93,550.0,13.26,62.7,22.71,0.0
101,2023,93,551.0,13.26,65.58,22.68,0.0
101,2023,93,552.0,13.26,68.43,22.7,0.0
101,2023,93,553.0,13.26,71.3,22.74,0.0
101,2023,93,554.0,13.26,74.0,22.81,0.0
101,2023,93,555.0,13.25,76.8,22.87,0.0
101,2023,93,556.0,13.25,79.6,23.01,0.0
101,2023,93,557.0,13.26,82.6,23.14,0.0
101,2023,93,558.0,13.25,85.4,23.23,0.0
101,2023,93,559.0,13.25,87.4,23.37,0.0
101,2023,93,600.0,13.25,90.4,23.5,0.0
101,2023,93,601.0,13.25,93.3,23.57,0.0
101,2023,93,602.0,13.25,96.3,23.54,0.0
101,2023,93,603.0,13.25,98.8,23.55,0.0
101,2023,93,604.0,13.25,100.7,23.53,0.0
101,2023,93,605.0,13.25,102.3,23.5,0.0
101,2023,93,606.0,13.25,103.0,23.5,0.0
101,2023,93,607.0,13.25,103.8,23.55,0.0
101,2023,93,608.0,13.25,106.2,23.49,0.0
101,2023,93,609.0,13.25,106.9,23.45,0.0
101,2023,93,610.0,13.25,107.5,23.46,0.0
101,2023,93,611.0,13.25,111.8,23.48,0.0
101,2023,93,612.0,13.25,116.4,23.5,0.0
101,2023,93,613.0,13.25,119.1,23.56,0.0
101,2023,93,614.0,13.24,123.8,23.64,0.0
101,2023,93,615.0,13.24,126.8,23.67,0.0
101,2023,93,616.0,13.24,128.4,23.71,0.0
101,2023,93,617.0,13.24,131.7,23.77,0.0
101,2023,93,618.0,13.24,133.4,23.81,0.0
101,2023,93,619.0,13.24,136.7,23.86,0.0
101,2023,93,620.0,13.24,141.7,23.89,0.0
101,2023,93,621.0,13.24,147.1,23.85,0.0
101,2023,93,622.0,13.24,151.9,23.9,0.0
101,2023,93,623.0,13.23,155.3,23.82,0.0
101,2023,93,624.0,13.24,155.3,23.94,0.0
101,2023,93,625.0,13.23,149.7,23.98,0.0
101,2023,93,626.0,13.23,161.1,24.02,0.0
101,2023,93,627.0,13.23,167.7,24.08,0.0
101,2023,93,628.0,13.23,173.6,24.05,0.0
101,2023,93,629.0,13.23,182.1,24.12,0.0
101,2023,93,630.0,13.23,187.6,24.17,0.0
101,2023,93,631.0,13.23,192.6,24.21,0.0
101,2023,93,632.0,13.23,195.0,24.27,0.0
101,2023,93,633.0,13.23,197.1,24.31,0.0
101,2023,93,634.0,13.23,201.0,24.34,0.0
101,2023,93,635.0,13.23,205.5,24.37,0.0
101,2023,93,636.0,13.23,208.5,24.39,0.0
101,2023,93,637.0,13.22,206.9,24.42,0.0
101,2023,93,638.0,13.22,203.2,24.58,0.0
101,2023,93,639.0,13.22,202.6,24.56,0.0
101,2023,93,640.0,13.22,211.4,24.61,0.0
101,2023,93,641.0,13.22,219.5,24.74,0.0
101,2023,93,642.0,13.22,224.6,24.74,0.0
101,2023,93,643.0,13.22,227.2,24.81,0.0
101,2023,93,644.0,13.22,221.5,24.87,0.0
101,2023,93,645.0,13.22,206.6,24.85,0.0
101,2023,93,646.0,13.22,190.0,24.76,0.0
101,2023,93,647.0,13.22,216.5,24.87,0.0
101,2023,93,648.0,13.21,248.6,24.91,0.0
101,2023,93,649.0,13.21,261.5,24.89,0.0
101,2023,93,650.0,13.21,268.5,24.89,0.0
101,2023,93,651.0,13.21,268.9,24.91,0.0
101,2023,93,652.0,13.21,253.4,24.82,0.0
101,2023,93,653.0,13.21,263.1,24.88,0.0
101,2023,93,654.0,13.21,268.5,24.98,0.0
101,2023,93,655.0,13.21,267.3,25.13,0.0
101,2023,93,656.0,13.21,269.5,25.25,0.0
101,2023,93,657.0,13.2,267.6,25.21,0.0
101,2023,93,658.0,13.2,265.5,25.24,0.0
101,2023,93,659.0,13.21,272.6,25.28,0.0
101,2023,93,700.0,13.2,270.8,25.26,0.0
101,2023,93,701.0,13.21,264.9,25.24,0.0
101,2023,93,702.0,13.2,268.5,25.35,0.0
101,2023,93,703.0,13.2,278.1,25.43,0.0
101,2023,93,704.0,13.2,281.5,25.49,0.0
101,2023,93,705.0,13.2,285.9,25.54,0.0
101,2023,93,706.0,13.2,290.3,25.58,0.0
101,2023,93,707.0,13.2,293.9,25.49,0.0
101,2023,93,708.0,13.2,297.8,25.36,0.0
101,2023,93,709.0,13.2,299.9,25.24,0.0
101,2023,93,710.0,13.19,302.7,25.25,0.0
101,2023,93,711.0,13.19,297.1,25.36,0.0
101,2023,93,712.0,13.19,306.9,25.38,0.0
101,2023,93,713.0,13.19,314.8,25.41,0.0
101,2023,93,714.0,13.19,320.6,25.53,0.0
101,2023,93,715.0,13.19,322.7,25.55,0.0
101,2023,93,716.0,13.18,329.0,25.64,0.0
101,2023,93,717.0,13.18,336.8,25.59,0.0
101,2023,93,718.0,13.18,341.8,25.59,0.0
101,2023,93,719.0,13.18,348.4,25.5,0.0
101,2023,93,720.0,13.18,353.8,25.56,0.0
101,2023,93,721.0,13.18,357.9,25.64,0.0
101,2023,93,722.0,13.18,363.6,25.69,0.0
101,2023,93,723.0,13.17,367.6,25.69,0.0
101,2023,93,724.0,13.18,372.9,25.83,0.0
101,2023,93,725.0,13.17,378.7,25.82,0.0
101,2023,93,726.0,13.17,385.2,25.73,0.0
101,2023,93,727.0,13.17,392.0,25.65,0.0
101,2023,93,728.0,13.17,401.0,25.51,0.0
101,2023,93,729.0,13.17,412.9,25.6,0.0
101,2023,93,730.0,13.17,425.2,25.57,0.0
101,2023,93,731.0,13.17,430.5,25.57,0.0
101,2023,93,732.0,13.16,434.2,25.62,0.0
101,2023,93,733.0,13.16,437.8,25.76,0.0
101,2023,93,734.0,13.16,446.7,25.85,0.0
101,2023,93,735.0,13.16,455.6,25.92,0.0
101,2023,93,736.0,13.16,459.1,25.73,0.0
101,2023,93,737.0,13.15,461.2,25.78,0.0
101,2023,93,738.0,13.15,465.8,25.92,0.0
101,2023,93,739.0,13.15,468.2,26.0,0.0
101,2023,93,740.0,13.15,469.4,26.08,0.0
101,2023,93,741.0,13.15,469.0,26.23,0.0
101,2023,93,742.0,13.15,472.9,26.2,0.0
101,2023,93,743.0,13.14,476.1,26.29,0.0
101,2023,93,744.0,13.15,477.5,26.44,0.0
101,2023,93,745.0,13.14,483.6,26.5,0.0
101,2023,93,746.0,13.14,492.5,26.53,0.0
101,2023,93,747.0,13.14,503.0,26.65,0.0
101,2023,93,748.0,13.14,516.2,26.75,0.0
101,2023,93,749.0,13.13,533.1,26.86,0.0
101,2023,93,750.0,13.13,553.9,26.98,0.0
101,2023,93,751.0,13.13,574.4,27.11,0.0
101,2023,93,752.0,13.13,594.1,27.2,0.0
101,2023,93,753.0,13.13,610.3,27.11,0.0
101,2023,93,754.0,13.12,350.2,27.2,0.0
101,2023,93,755.0,13.12,473.1,27.43,0.0
101,2023,93,756.0,13.12,368.6,27.53,0.0
101,2023,93,757.0,13.12,223.3,27.64,0.0
101,2023,93,758.0,13.12,207.5,27.73,0.0
101,2023,93,759.0,13.12,202.5,27.82,0.0
101,2023,93,800.0,13.12,189.3,27.65,0.0
101,2023,93,801.0,13.12,177.8,27.33,0.0
101,2023,93,802.0,13.12,172.0,27.31,0.0
101,2023,93,803.0,13.12,171.9,27.36,0.0
101,2023,93,804.0,13.12,187.1,27.32,0.0
101,2023,93,805.0,13.12,215.0,27.32,0.0
101,2023,93,806.0,13.13,232.8,27.35,0.0
101,2023,93,807.0,13.13,242.9,27.37,0.0
101,2023,93,808.0,13.13,266.3,27.42,0.0
101,2023,93,809.0,13.13,301.3,27.43,0.0
101,2023,93,810.0,13.13,334.0,27.22,0.0
101,2023,93,811.0,13.13,321.8,27.18,0.0
101,2023,93,812.0,13.13,345.9,27.33,0.0
101,2023,93,813.0,13.13,356.1,27.38,0.0
101,2023,93,814.0,13.13,485.5,27.36,0.0
101,2023,93,815.0,13.13,626.6,27.4,0.0
101,2023,93,816.0,13.13,681.1,27.47,0.0
101,2023,93,817.0,13.13,697.4,27.46,0.0
101,2023,93,818.0,13.13,666.1,27.55,0.0
101,2023,93,819.0,13.13,593.0,27.62,0.0
101,2023,93,820.0,13.12,591.6,27.78,0.0
101,2023,93,821.0,13.12,680.9,27.92,0.0
101,2023,93,822.0,13.12,606.3,28.02,0.0
101,2023,93,823.0,13.12,650.6,28.19,0.0
101,2023,93,824.0,13.12,698.5,28.2,0.0
101,2023,93,825.0,13.11,717.0,28.14,0.0
101,2023,93,826.0,13.11,723.0,27.94,0.0
101,2023,93,827.0,13.11,764.0,27.74,0.0
101,2023,93,828.0,13.1,777.0,28.09,0.0
101,2023,93,829.0,13.1,764.0,28.23,0.0
101,2023,93,830.0,13.1,761.0,28.38,0.0
101,2023,93,831.0,13.1,766.0,28.64,0.0
101,2023,93,832.0,13.1,773.0,28.84,0.0
101,2023,93,833.0,13.1,766.0,29.03,0.0
101,2023,93,834.0,13.1,761.0,29.1,0.0
101,2023,93,835.0,13.09,763.0,28.98,0.0
101,2023,93,836.0,13.09,767.0,28.83,0.0
101,2023,93,837.0,13.09,774.0,28.86,0.0
101,2023,93,838.0,13.09,780.0,28.69,0.0
101,2023,93,839.0,13.09,785.0,28.6,0.0
101,2023,93,840.0,13.08,787.0,28.38,0.0
101,2023,93,841.0,13.09,786.0,28.38,0.0
101,2023,93,842.0,13.08,790.0,28.53,0.0
101,2023,93,843.0,13.08,793.0,28.51,0.0
101,2023,93,844.0,13.08,797.0,28.74,0.0
101,2023,93,845.0,13.08,806.0,28.71,0.0
101,2023,93,846.0,13.08,822.0,28.85,0.0
101,2023,93,847.0,13.08,824.0,29.08,0.0
101,2023,93,848.0,13.07,808.0,29.2,0.0
101,2023,93,849.0,13.07,789.0,29.2,0.0
101,2023,93,850.0,13.07,782.0,29.05,0.0
101,2023,93,851.0,13.07,790.0,29.23,0.0
101,2023,93,852.0,13.07,775.0,29.11,0.0
101,2023,93,853.0,13.07,795.0,29.11,0.0
101,2023,93,854.0,13.07,595.5,29.13,0.0
101,2023,93,855.0,13.07,226.1,29.07,0.0
101,2023,93,856.0,13.07,386.5,28.79,0.0
101,2023,93,857.0,13.07,686.8,28.59,0.0
101,2023,93,858.0,13.07,373.9,28.49,0.0
101,2023,93,859.0,13.07,429.6,28.45,0.0
101,2023,93,900.0,13.07,245.9,28.44,0.0
101,2023,93,901.0,13.07,225.1,28.48,0.0
101,2023,93,902.0,13.07,261.7,28.4,0.0
101,2023,93,903.0,13.07,284.6,28.33,0.0
101,2023,93,904.0,13.07,214.1,28.26,0.0
101,2023,93,905.0,13.07,240.0,28.28,0.0
101,2023,93,906.0,13.08,404.1,28.24,0.0
101,2023,93,907.0,13.08,831.0,28.36,0.0
101,2023,93,908.0,13.08,873.0,28.58,0.0
101,2023,93,909.0,13.08,885.0,28.67,0.0
101,2023,93,910.0,13.08,884.0,28.86,0.0
101,2023,93,911.0,13.07,877.0,28.84,0.0
101,2023,93,912.0,13.08,850.0,28.9,0.0
101,2023,93,913.0,13.08,842.0,28.79,0.0
101,2023,93,914.0,13.08,849.0,28.79,0.0
101,2023,93,915.0,13.07,857.0,29.1,0.0
101,2023,93,916.0,13.07,863.0,28.92,0.0
101,2023,93,917.0,13.07,874.0,28.94,0.0
101,2023,93,918.0,13.07,886.0,28.96,0.0
101,2023,93,919.0,13.06,733.0,28.88,0.0
101,2023,93,920.0,13.07,807.0,28.92,0.0
101,2023,93,921.0,13.06,881.0,28.91,0.0
101,2023,93,922.0,13.06,673.4,29.02,0.0
101,2023,93,923.0,13.06,440.3,29.25,0.0
101,2023,93,924.0,13.06,828.0,29.45,0.0
101,2023,93,925.0,13.06,703.0,29.7,0.0
101,2023,93,926.0,13.06,479.5,29.69,0.0
101,2023,93,927.0,13.06,831.0,29.39,0.0
101,2023,93,928.0,13.06,563.2,29.16,0.0
101,2023,93,929.0,13.06,228.1,29.19,0.0
101,2023,93,930.0,13.06,542.3,29.28,0.0
101,2023,93,931.0,13.06,550.2,29.21,0.0
101,2023,93,932.0,13.06,256.7,29.17,0.0
101,2023,93,933.0,13.06,295.9,29.05,0.0
101,2023,93,934.0,13.06,787.0,29.05,0.0
101,2023,93,935.0,13.06,270.0,29.17,0.0
101,2023,93,936.0,13.06,212.2,29.17,0.0
101,2023,93,937.0,13.06,241.9,28.95,0.0
101,2023,93,938.0,13.07,190.4,28.78,0.0
101,2023,93,939.0,13.07,179.5,28.75,0.0
101,2023,93,940.0,13.07,230.2,28.77,0.0
101,2023,93,941.0,13.07,207.2,28.69,0.0
101,2023,93,942.0,13.07,205.9,28.63,0.0
101,2023,93,943.0,13.07,751.0,28.62,0.0
101,2023,93,944.0,13.07,910.0,28.82,0.0
101,2023,93,945.0,13.07,920.0,29.03,0.0
101,2023,93,946.0,13.07,838.0,29.21,0.0
101,2023,93,947.0,13.08,669.6,29.14,0.0
101,2023,93,948.0,13.08,916.0,29.33,0.0
101,2023,93,949.0,13.07,921.0,29.57,0.0
101,2023,93,950.0,13.08,950.0,29.43,0.0
101,2023,93,951.0,13.08,965.0,29.71,0.0
101,2023,93,952.0,13.08,981.0,29.68,0.0
101,2023,93,953.0,13.08,989.0,29.75,0.0
101,2023,93,954.0,13.08,986.0,29.79,0.0
101,2023,93,955.0,13.08,758.0,29.72,0.0
101,2023,93,956.0,13.08,910.0,29.7,0.0
101,2023,93,957.0,13.08,967.0,29.73,0.0
101,2023,93,958.0,13.08,972.0,29.92,0.0
101,2023,93,959.0,13.08,984.0,29.89,0.0
101,2023,93,1000.0,13.08,451.9,29.83,0.0
101,2023,93,1001.0,13.08,620.6,29.78,0.0
101,2023,93,1002.0,13.08,984.0,29.75,0.0
101,2023,93,1003.0,13.08,983.0,29.71,0.0
101,2023,93,1004.0,13.08,983.0,29.89,0.0
101,2023,93,1005.0,13.08,984.0,29.75,0.0
101,2023,93,1006.0,13.08,988.0,29.81,0.0
101,2023,93,1007.0,13.08,995.0,30.15,0.0
101,2023,93,1008.0,13.08,998.0,30.29,0.0
101,2023,93,1009.0,13.08,999.0,30.15,0.0
101,2023,93,1010.0,13.08,995.0,30.34,0.0
101,2023,93,1011.0,13.08,996.0,30.33,0.0
101,2023,93,1012.0,13.08,1007.0,30.57,0.0
101,2023,93,1013.0,13.08,1023.0,30.64,0.0
101,2023,93,1014.0,13.08,1040.0,30.87,0.0
101,2023,93,1015.0,13.08,1048.0,31.14,0.0
101,2023,93,1016.0,13.08,1044.0,31.17,0.0
101,2023,93,1017.0,13.08,1029.0,31.06,0.0
101,2023,93,1018.0,13.08,1027.0,30.77,0.0
101,2023,93,1019.0,13.08,1036.0,30.87,0.0
101,2023,93,1020.0,13.08,1037.0,30.79,0.0
101,2023,93,1021.0,13.08,1037.0,30.59,0.0
101,2023,93,1022.0,13.08,1049.0,30.5,0.0
101,2023,93,1023.0,13.08,1072.0,30.82,0.0
101,2023,93,1024.0,13.08,1077.0,30.88,0.0
101,2023,93,1025.0,13.08,1078.0,30.62,0.0
101,2023,93,1026.0,13.08,1079.0,30.76,0.0
101,2023,93,1027.0,13.08,1062.0,30.9,0.0
101,2023,93,1028.0,13.07,927.0,30.91,0.0
101,2023,93,1029.0,13.08,921.0,30.81,0.0
101,2023,93,1030.0,13.08,1049.0,30.75,0.0
101,2023,93,1031.0,13.08,468.4,30.61,0.0
101,2023,93,1032.0,13.08,267.8,30.29,0.0
101,2023,93,1033.0,13.07,276.9,30.27,0.0
101,2023,93,1034.0,13.08,647.8,30.27,0.0
101,2023,93,1035.0,13.08,344.0,30.28,0.0
101,2023,93,1036.0,13.08,311.9,30.17,0.0
101,2023,93,1037.0,13.08,784.0,30.25,0.0
101,2023,93,1038.0,13.08,741.0,30.46,0.0
101,2023,93,1039.0,13.08,1069.0,30.54,0.0
101,2023,93,1040.0,13.08,772.0,30.84,0.0
101,2023,93,1041.0,13.08,226.9,31.01,0.0
101,2023,93,1042.0,13.08,204.5,30.81,0.0
101,2023,93,1043.0,13.08,219.1,30.47,0.0
101,2023,93,1044.0,13.08,239.6,30.38,0.0
101,2023,93,1045.0,13.07,235.4,30.17,0.0
101,2023,93,1046.0,13.08,237.7,30.02,0.0
101,2023,93,1047.0,13.08,238.5,29.81,0.0
101,2023,93,1048.0,13.08,269.6,29.73,0.0
101,2023,93,1049.0,13.08,318.3,29.63,0.0
101,2023,93,1050.0,13.08,384.2,29.43,0.0
101,2023,93,1051.0,13.08,350.5,29.23,0.0
101,2023,93,1052.0,13.08,326.3,29.32,0.0
101,2023,93,1053.0,13.08,305.4,29.46,0.0
101,2023,93,1054.0,13.08,279.8,29.45,0.0
101,2023,93,1055.0,13.08,251.5,29.3,0.0
101,2023,93,1056.0,13.08,225.5,29.2,0.0
101,2023,93,1057.0,13.08,212.8,29.32,0.0
101,2023,93,1058.0,13.08,218.9,29.28,0.0
101,2023,93,1059.0,13.08,227.3,29.27,0.0
101,2023,93,1100.0,13.08,235.0,29.34,0.0
101,2023,93,1101.0,13.08,260.6,29.25,0.0
101,2023,93,1102.0,13.08,291.1,29.24,0.0
101,2023,93,1103.0,13.08,775.0,29.35,0.0
101,2023,93,1104.0,13.08,614.1,29.44,0.0
101,2023,93,1105.0,13.08,557.1,29.43,0.0
101,2023,93,1106.0,13.08,923.0,29.52,0.0
101,2023,93,1107.0,13.09,1033.0,29.62,0.0
101,2023,93,1108.0,13.08,1024.0,29.64,0.0
101,2023,93,1109.0,13.08,1047.0,29.86,0.0
101,2023,93,1110.0,13.08,1074.0,30.14,0.0
101,2023,93,1111.0,13.09,547.3,30.22,0.0
101,2023,93,1112.0,13.08,270.9,30.36,0.0
101,2023,93,1113.0,13.08,292.1,30.24,0.0
101,2023,93,1114.0,13.08,535.7,30.07,0.0
101,2023,93,1115.0,13.08,707.0,30.05,0.0
101,2023,93,1116.0,13.08,510.7,30.19,0.0
101,2023,93,1117.0,13.08,1032.0,30.23,0.0
101,2023,93,1118.0,13.08,1059.0,30.52,0.0
101,2023,93,1119.0,13.08,566.8,30.74,0.0
101,2023,93,1120.0,13.08,275.7,30.46,0.0
101,2023,93,1121.0,13.08,273.6,30.4,0.0
101,2023,93,1122.0,13.08,299.3,30.44,0.0
101,2023,93,1123.0,13.08,784.0,30.35,0.0
101,2023,93,1124.0,13.09,1030.0,30.42,0.0
101,2023,93,1125.0,13.08,391.0,30.36,0.0
101,2023,93,1126.0,13.09,279.0,30.25,0.0
101,2023,93,1127.0,13.08,278.2,30.24,0.0
101,2023,93,1128.0,13.08,396.8,30.29,0.0
101,2023,93,1129.0,13.08,767.0,30.37,0.0
101,2023,93,1130.0,13.08,939.0,30.39,0.0
101,2023,93,1131.0,13.08,381.0,30.38,0.0
101,2023,93,1132.0,13.08,790.0,30.23,0.0
101,2023,93,1133.0,13.08,808.0,30.28,0.0
101,2023,93,1134.0,13.08,970.0,30.17,0.0
101,2023,93,1135.0,13.08,962.0,30.31,0.0
101,2023,93,1136.0,13.08,968.0,30.39,0.0
101,2023,93,1137.0,13.08,674.3,30.62,0.0
101,2023,93,1138.0,13.08,936.0,30.66,0.0
101,2023,93,1139.0,13.08,938.0,30.74,0.0
101,2023,93,1140.0,13.08,935.0,30.84,0.0
101,2023,93,1141.0,13.08,927.0,30.97,0.0
101,2023,93,1142.0,13.08,919.0,31.06,0.0
101,2023,93,1143.0,13.08,911.0,30.99,0.0
101,2023,93,1144.0,13.08,907.0,30.91,0.0
101,2023,93,1145.0,13.08,907.0,30.69,0.0
101,2023,93,1146.0,13.08,901.0,30.77,0.0
101,2023,93,1147.0,13.08,895.0,30.96,0.0
101,2023,93,1148.0,13.08,890.0,30.98,0.0
101,2023,93,1149.0,13.08,893.0,30.79,0.0
101,2023,93,1150.0,13.08,894.0,30.88,0.0
101,2023,93,1151.0,13.08,898.0,30.87,0.0
101,2023,93,1152.0,13.08,900.0,30.82,0.0
101,2023,93,1153.0,13.09,906.0,30.77,0.0
101,2023,93,1154.0,13.08,906.0,30.91,0.0
101,2023,93,1155.0,13.08,913.0,31.04,0.0
101,2023,93,1156.0,13.08,924.0,31.01,0.0
101,2023,93,1157.0,13.08,926.0,31.22,0.0
101,2023,93,1158.0,13.08,922.0,30.98,0.0
101,2023,93,1159.0,13.08,906.0,30.91,0.0
101,2023,93,1200.0,13.08,888.0,31.13,0.0
101,2023,93,1201.0,13.08,880.0,31.15,0.0
101,2023,93,1202.0,13.08,890.0,31.03,0.0
101,2023,93,1203.0,13.08,894.0,31.11,0.0
101,2023,93,1204.0,13.08,908.0,31.26,0.0
101,2023,93,1205.0,13.08,915.0,31.15,0.0
101,2023,93,1206.0,13.08,909.0,30.65,0.0
101,2023,93,1207.0,13.08,905.0,30.3,0.0
101,2023,93,1208.0,13.08,883.0,30.4,0.0
101,2023,93,1209.0,13.08,884.0,30.44,0.0
101,2023,93,1210.0,13.08,880.0,30.61,0.0
101,2023,93,1211.0,13.08,879.0,30.73,0.0
101,2023,93,1212.0,13.08,873.0,30.66,0.0
101,2023,93,1213.0,13.08,881.0,30.76,0.0
101,2023,93,1214.0,13.08,878.0,30.79,0.0
101,2023,93,1215.0,13.08,872.0,30.86,0.0
101,2023,93,1216.0,13.09,894.0,30.8,0.0
101,2023,93,1217.0,13.08,897.0,30.8,0.0
101,2023,93,1218.0,13.08,877.0,30.86,0.0
101,2023,93,1219.0,13.09,873.0,30.89,0.0
101,2023,93,1220.0,13.08,887.0,30.99,0.0
101,2023,93,1221.0,13.08,884.0,31.01,0.0
101,2023,93,1222.0,13.08,887.0,31.15,0.0
101,2023,93,1223.0,13.09,895.0,30.93,0.0
101,2023,93,1224.0,13.09,887.0,30.9,0.0
101,2023,93,1225.0,13.08,875.0,31.04,0.0
101,2023,93,1226.0,13.08,872.0,31.05,0.0
101,2023,93,1227.0,13.08,875.0,30.81,0.0
101,2023,93,1228.0,13.08,873.0,30.61,0.0
101,2023,93,1229.0,13.09,830.0,30.63,0.0
101,2023,93,1230.0,13.09,786.0,30.62,0.0
101,2023,93,1231.0,13.08,802.0,30.83,0.0
101,2023,93,1232.0,13.08,820.0,30.93,0.0
101,2023,93,1233.0,13.08,801.0,30.71,0.0
101,2023,93,1234.0,13.09,808.0,30.59,0.0
101,2023,93,1235.0,13.08,843.0,30.62,0.0
101,2023,93,1236.0,13.08,855.0,30.69,0.0
101,2023,93,1237.0,13.08,885.0,30.64,0.0
101,2023,93,1238.0,13.08,902.0,30.63,0.0
101,2023,93,1239.0,13.09,778.0,30.78,0.0
101,2023,93,1240.0,13.08,211.3,30.96,0.0
101,2023,93,1241.0,13.08,280.6,30.85,0.0
101,2023,93,1242.0,13.09,782.0,30.65,0.0
101,2023,93,1243.0,13.08,784.0,30.7,0.0
101,2023,93,1244.0,13.09,740.0,30.76,0.0
101,2023,93,1245.0,13.09,724.0,30.85,0.0
101,2023,93,1246.0,13.08,643.3,30.84,0.0
101,2023,93,1247.0,13.08,724.0,30.93,0.0
101,2023,93,1248.0,13.08,802.0,30.98,0.0
101,2023,93,1249.0,13.08,808.0,31.08,0.0
101,2023,93,1250.0,13.08,350.3,31.04,0.0
101,2023,93,1251.0,13.08,452.9,30.94,0.0
101,2023,93,1252.0,13.08,289.1,30.66,0.0
101,2023,93,1253.0,13.08,197.7,30.36,0.0
101,2023,93,1254.0,13.08,767.0,30.3,0.0
101,2023,93,1255.0,13.08,897.0,30.37,0.0
101,2023,93,1256.0,13.08,791.0,30.53,0.0
101,2023,93,1257.0,13.08,784.0,30.39,0.0
101,2023,93,1258.0,13.08,675.7,30.35,0.0
101,2023,93,1259.0,13.08,282.6,30.24,0.0
101,2023,93,1300.0,13.08,777.0,30.12,0.0
101,2023,93,1301.0,13.08,649.3,30.3,0.0
101,2023,93,1302.0,13.08,530.8,30.36,0.0
101,2023,93,1303.0,13.08,802.0,30.37,0.0
101,2023,93,1304.0,13.08,803.0,30.51,0.0
101,2023,93,1305.0,13.08,792.0,30.5,0.0
101,2023,93,1306.0,13.08,769.0,30.67,0.0
101,2023,93,1307.0,13.07,755.0,30.69,0.0
101,2023,93,1308.0,13.07,763.0,30.76,0.0
101,2023,93,1309.0,13.07,784.0,30.66,0.0
101,2023,93,1310.0,13.07,820.0,30.62,0.0
101,2023,93,1311.0,13.07,729.0,30.64,0.0
101,2023,93,1312.0,13.07,260.4,30.75,0.0
101,2023,93,1313.0,13.07,198.7,30.69,0.0
101,2023,93,1314.0,13.07,561.1,30.39,0.0
101,2023,93,1315.0,13.07,920.0,30.42,0.0
101,2023,93,1316.0,13.07,562.4,30.37,0.0
101,2023,93,1317.0,13.07,256.2,30.5,0.0
101,2023,93,1318.0,13.07,219.2,30.34,0.0
101,2023,93,1319.0,13.07,202.3,30.18,0.0
101,2023,93,1320.0,13.07,207.9,30.12,0.0
101,2023,93,1321.0,13.07,502.6,30.17,0.0
101,2023,93,1322.0,13.07,836.0,30.23,0.0
101,2023,93,1323.0,13.07,700.0,30.47,0.0
101,2023,93,1324.0,13.07,793.0,30.68,0.0
101,2023,93,1325.0,13.07,914.0,30.61,0.0
101,2023,93,1326.0,13.07,419.4,30.47,0.0
101,2023,93,1327.0,13.07,235.1,30.43,0.0
101,2023,93,1328.0,13.07,514.5,30.2,0.0
101,2023,93,1329.0,13.07,655.3,30.22,0.0
101,2023,93,1330.0,13.07,261.2,30.17,0.0
101,2023,93,1331.0,13.07,308.7,30.17,0.0
101,2023,93,1332.0,13.07,818.0,30.37,0.0
101,2023,93,1333.0,13.07,808.0,30.52,0.0
101,2023,93,1334.0,13.07,818.0,30.61,0.0
101,2023,93,1335.0,13.07,801.0,30.71,0.0
101,2023,93,1336.0,13.07,795.0,30.48,0.0
101,2023,93,1337.0,13.07,788.0,30.58,0.0
101,2023,93,1338.0,13.07,779.0,30.65,0.0
101,2023,93,1339.0,13.07,783.0,30.57,0.0
101,2023,93,1340.0,13.07,793.0,30.66,0.0
101,2023,93,1341.0,13.06,792.0,30.97,0.0
101,2023,93,1342.0,13.06,790.0,31.24,0.0
101,2023,93,1343.0,13.06,349.9,31.16,0.0
101,2023,93,1344.0,13.06,410.0,30.97,0.0
101,2023,93,1345.0,13.06,725.0,30.84,0.0
101,2023,93,1346.0,13.06,751.0,30.69,0.0
101,2023,93,1347.0,13.06,744.0,30.69,0.0
101,2023,93,1348.0,13.06,691.3,30.71,0.0
101,2023,93,1349.0,13.06,681.3,30.77,0.0
101,2023,93,1350.0,13.05,706.0,30.75,0.0
101,2023,93,1351.0,13.06,716.0,30.47,0.0
101,2023,93,1352.0,13.06,734.0,30.59,0.0
101,2023,93,1353.0,13.06,743.0,30.78,0.0
101,2023,93,1354.0,13.06,736.0,30.8,0.0
101,2023,93,1355.0,13.06,732.0,30.69,0.0
101,2023,93,1356.0,13.06,724.0,30.7,0.0
101,2023,93,1357.0,13.05,719.0,30.66,0.0
101,2023,93,1358.0,13.05,709.0,30.77,0.0
101,2023,93,1359.0,13.05,706.0,30.76,0.0
101,2023,93,1400.0,13.06,698.6,30.84,0.0
101,2023,93,1401.0,13.06,685.9,30.81,0.0
101,2023,93,1402.0,13.05,239.7,30.45,0.0
101,2023,93,1403.0,13.05,204.1,30.31,0.0
101,2023,93,1404.0,13.05,654.1,30.35,0.0
101,2023,93,1405.0,13.05,679.5,30.31,0.0
101,2023,93,1406.0,13.05,683.7,30.5,0.0
101,2023,93,1407.0,13.05,695.0,30.67,0.0
101,2023,93,1408.0,13.06,394.5,30.68,0.0
101,2023,93,1409.0,13.05,321.6,30.55,0.0
101,2023,93,1410.0,13.06,664.7,30.41,0.0
101,2023,93,1411.0,13.06,586.9,30.59,0.0
101,2023,93,1412.0,13.06,346.9,30.41,0.0
101,2023,93,1413.0,13.06,650.1,30.18,0.0
101,2023,93,1414.0,13.05,659.2,30.27,0.0
101,2023,93,0.0,13.06,444.9,30.32,0.0
101,2023,93,1416.0,13.06,147.4,30.17,0.0
101,2023,93,1417.0,13.06,400.5,30.14,0.0
101,2023,93,1418.0,13.06,622.1,30.04,0.0
101,2023,93,1419.0,13.06,655.5,30.19,0.0
101,2023,93,1420.0,13.06,656.1,30.26,0.0
101,2023,93,1421.0,13.06,635.6,30.41,0.0
101,2023,93,1422.0,13.06,583.1,30.58,0.0
101,2023,93,1423.0,13.06,652.7,30.59,0.0
101,2023,93,1424.0,13.05,656.1,30.55,0.0
101,2023,93,1425.0,13.06,673.4,30.2,0.0
101,2023,93,1426.0,13.06,600.4,30.31,0.0
101,2023,93,1427.0,13.06,543.6,30.67,0.0
101,2023,93,1428.0,13.05,523.7,30.78,0.0
101,2023,93,1429.0,13.05,284.1,30.81,0.0
101,2023,93,1430.0,13.06,236.5,30.59,0.0
101,2023,93,1431.0,13.06,407.0,30.13,0.0
101,2023,93,1432.0,13.06,644.8,29.87,0.0
101,2023,93,1433.0,13.06,631.5,30.03,0.0
101,2023,93,1434.0,13.06,619.0,30.16,0.0
101,2023,93,1435.0,13.05,482.2,29.96,0.0
101,2023,93,1436.0,13.06,223.7,30.02,0.0
101,2023,93,1437.0,13.06,225.1,30.03,0.0
101,2023,93,1438.0,13.06,446.1,30.05,0.0
101,2023,93,1439.0,13.05,425.4,30.07,0.0
101,2023,93,1440.0,13.06,231.5,29.99,0.0
101,2023,93,1441.0,13.06,313.3,29.97,0.0
101,2023,93,1442.0,13.06,601.9,29.85,0.0
101,2023,93,1443.0,13.06,451.7,29.83,0.0
101,2023,93,1444.0,13.06,226.5,29.95,0.0
101,2023,93,1445.0,13.06,182.3,29.71,0.0
101,2023,93,1446.0,13.06,221.7,29.64,0.0
101,2023,93,1447.0,13.06,570.3,29.64,0.0
101,2023,93,1448.0,13.06,576.7,29.78,0.0
101,2023,93,1449.0,13.06,590.1,29.97,0.0
101,2023,93,1450.0,13.06,607.0,30.13,0.0
101,2023,93,1451.0,13.06,362.3,30.25,0.0
101,2023,93,1452.0,13.06,490.0,30.06,0.0
101,2023,93,1453.0,13.06,425.4,30.0,0.0
101,2023,93,1454.0,13.06,620.4,30.01,0.0
101,2023,93,1455.0,13.06,610.9,30.11,0.0
101,2023,93,1456.0,13.06,599.2,30.16,0.0
101,2023,93,1457.0,13.06,606.3,30.18,0.0
101,2023,93,1458.0,13.06,608.2,30.19,0.0
101,2023,93,1459.0,13.06,598.3,30.23,0.0
101,2023,93,1500.0,13.06,579.7,30.28,0.0
101,2023,93,1501.0,13.06,558.4,30.26,0.0
101,2023,93,1502.0,13.06,535.4,30.07,0.0
101,2023,93,1503.0,13.06,519.8,29.87,0.0
101,2023,93,1504.0,13.06,508.2,29.77,0.0
101,2023,93,1505.0,13.06,505.0,30.07,0.0
101,2023,93,1506.0,13.06,511.1,30.06,0.0
101,2023,93,1507.0,13.05,477.1,30.09,0.0
101,2023,93,1508.0,13.05,514.7,30.24,0.0
101,2023,93,1509.0,13.06,518.6,30.19,0.0
101,2023,93,1510.0,13.06,518.1,30.16,0.0
101,2023,93,1511.0,13.06,516.7,29.85,0.0
101,2023,93,1512.0,13.06,514.8,29.74,0.0
101,2023,93,1513.0,13.06,511.7,29.74,0.0
101,2023,93,1514.0,13.06,510.5,29.89,0.0
101,2023,93,1515.0,13.06,514.0,29.95,0.0
101,2023,93,1516.0,13.06,510.7,30.07,0.0
101,2023,93,1517.0,13.06,504.8,29.94,0.0
101,2023,93,1518.0,13.06,486.0,29.93,0.0
101,2023,93,1519.0,13.05,462.7,30.0,0.0
101,2023,93,1520.0,13.06,448.3,30.03,0.0
101,2023,93,1521.0,13.06,443.7,29.93,0.0
101,2023,93,1522.0,13.06,444.0,29.98,0.0
101,2023,93,1523.0,13.06,442.8,30.02,0.0
101,2023,93,1524.0,13.06,441.6,30.11,0.0
101,2023,93,1525.0,13.06,446.2,29.87,0.0
101,2023,93,1526.0,13.06,452.7,29.67,0.0
101,2023,93,1527.0,13.06,450.8,29.52,0.0
101,2023,93,1528.0,13.06,439.7,29.54,0.0
101,2023,93,1529.0,13.06,421.8,29.71,0.0
101,2023,93,1530.0,13.06,407.9,29.82,0.0
101,2023,93,1531.0,13.06,399.7,29.77,0.0
101,2023,93,1532.0,13.06,389.3,29.69,0.0
101,2023,93,1533.0,13.06,384.6,29.78,0.0
101,2023,93,1534.0,13.06,356.4,29.83,0.0
101,2023,93,1535.0,13.07,332.7,29.76,0.0
101,2023,93,1536.0,13.06,329.9,29.66,0.0
101,2023,93,1537.0,13.06,221.4,29.76,0.0
101,2023,93,1538.0,13.06,334.7,29.79,0.0
101,2023,93,1539.0,13.07,375.8,29.6,0.0
101,2023,93,1540.0,13.06,360.7,29.54,0.0
101,2023,93,1541.0,13.06,323.7,29.51,0.0
101,2023,93,1542.0,13.07,346.7,29.55,0.0
101,2023,93,1543.0,13.06,347.4,29.46,0.0
101,2023,93,1544.0,13.07,361.8,29.37,0.0
101,2023,93,1545.0,13.07,348.2,29.51,0.0
101,2023,93,1546.0,13.07,340.1,29.49,0.0
101,2023,93,1547.0,13.07,347.8,29.53,0.0
101,2023,93,1548.0,13.07,338.2,29.49,0.0
101,2023,93,1549.0,13.07,347.7,29.49,0.0
101,2023,93,1550.0,13.07,357.3,29.38,0.0
101,2023,93,1551.0,13.07,347.8,29.41,0.0
101,2023,93,1552.0,13.07,331.3,29.37,0.0
101,2023,93,1553.0,13.07,317.3,29.42,0.0
101,2023,93,1554.0,13.07,324.4,29.37,0.0
101,2023,93,1555.0,13.07,323.2,29.31,0.0
101,2023,93,1556.0,13.07,321.6,29.22,0.0
101,2023,93,1557.0,13.07,319.2,29.14,0.0
101,2023,93,1558.0,13.07,299.5,29.13,0.0
101,2023,93,1559.0,13.07,240.7,29.1,0.0
101,2023,93,1600.0,13.07,283.6,29.17,0.0
101,2023,93,1601.0,13.08,292.2,29.19,0.0
101,2023,93,1602.0,13.08,295.5,29.09,0.0
101,2023,93,1603.0,13.07,306.6,29.15,0.0
101,2023,93,1604.0,13.08,308.1,29.23,0.0
101,2023,93,1605.0,13.08,295.7,29.2,0.0
101,2023,93,1606.0,13.08,275.7,29.15,0.0
101,2023,93,1607.0,13.08,239.1,29.08,0.0
101,2023,93,1608.0,13.06,197.0,29.12,0.0
101,2023,93,1609.0,13.06,191.1,29.07,0.0
101,2023,93,1610.0,13.06,187.6,28.97,0.0
101,2023,93,1611.0,13.05,189.1,28.91,0.0
101,2023,93,1612.0,13.06,204.2,28.85,0.0
101,2023,93,1613.0,13.05,207.5,28.78,0.0
101,2023,93,1614.0,13.05,178.8,28.79,0.0
101,2023,93,1615.0,13.03,106.3,28.75,0.0
101,2023,93,1616.0,13.03,197.1,28.69,0.0
101,2023,93,1617.0,13.04,195.1,28.61,0.0
101,2023,93,1618.0,13.04,195.6,28.6,0.0
101,2023,93,1619.0,13.03,186.7,28.52,0.0
101,2023,93,1620.0,13.03,184.9,28.47,0.0
101,2023,93,1621.0,13.03,173.3,28.4,0.0
101,2023,93,1622.0,13.02,148.9,28.38,0.0
101,2023,93,1623.0,13.01,122.5,28.33,0.0
101,2023,93,1624.0,13.0,96.6,28.27,0.0
101,2023,93,1625.0,12.98,87.2,28.24,0.0
101,2023,93,1626.0,12.97,72.0,28.23,0.0
101,2023,93,1627.0,12.95,57.88,28.23,0.0
101,2023,93,1628.0,12.94,49.42,28.24,0.0
101,2023,93,1629.0,12.93,47.9,28.22,0.0
101,2023,93,1630.0,12.92,46.61,28.18,0.0
101,2023,93,1631.0,12.91,46.13,28.09,0.0
101,2023,93,1632.0,12.9,45.56,28.03,0.0
101,2023,93,1633.0,12.9,45.08,28.02,0.0
101,2023,93,1634.0,12.89,44.38,27.97,0.0
101,2023,93,1635.0,12.88,46.63,27.94,0.0
101,2023,93,1636.0,12.88,49.09,27.94,0.0
101,2023,93,1637.0,12.87,43.17,27.91,0.0
101,2023,93,1638.0,12.87,39.67,27.84,0.0
101,2023,93,1639.0,12.86,39.79,27.8,0.0
101,2023,93,1640.0,12.85,37.28,27.79,0.0
101,2023,93,1641.0,12.85,35.11,27.77,0.0
101,2023,93,1642.0,12.85,34.15,27.76,0.0
101,2023,93,1643.0,12.84,33.48,27.75,0.0
101,2023,93,1644.0,12.84,33.53,27.71,0.0
101,2023,93,1645.0,12.83,34.24,27.7,0.0
101,2023,93,1646.0,12.83,36.46,27.68,0.0
101,2023,93,1647.0,12.83,38.77,27.67,0.0
101,2023,93,1648.0,12.82,37.62,27.66,0.0
101,2023,93,1649.0,12.82,35.25,27.66,0.0
101,2023,93,1650.0,12.82,35.19,27.64,0.0
101,2023,93,1651.0,12.81,37.14,27.62,0.0
101,2023,93,1652.0,12.81,38.07,27.59,0.0
101,2023,93,1653.0,12.81,35.48,27.56,0.0
101,2023,93,1654.0,12.8,32.49,27.53,0.0
101,2023,93,1655.0,12.8,31.78,27.53,0.0
101,2023,93,1656.0,12.8,32.57,27.51,0.0
101,2023,93,1657.0,12.8,34.63,27.45,0.0
101,2023,93,1658.0,12.79,47.0,27.4,0.0
101,2023,93,1659.0,12.8,66.89,27.39,0.0
101,2023,93,1700.0,12.8,78.7,27.38,0.0
101,2023,93,1701.0,12.8,66.53,27.39,0.0
101,2023,93,1702.0,12.8,50.19,27.39,0.0
101,2023,93,1703.0,12.79,51.57,27.36,0.0
101,2023,93,1704.0,12.79,55.12,27.37,0.0
101,2023,93,1705.0,12.78,44.92,27.35,0.0
101,2023,93,1706.0,12.78,35.22,27.36,0.0
101,2023,93,1707.0,12.78,33.45,27.33,0.0
101,2023,93,1708.0,12.78,31.96,27.3,0.0
101,2023,93,1709.0,12.78,40.21,27.28,0.0
101,2023,93,1710.0,12.77,47.96,27.25,0.0
101,2023,93,1711.0,12.77,34.27,27.23,0.0
101,2023,93,1712.0,12.77,20.15,27.22,0.0
101,2023,93,1713.0,12.77,15.16,27.23,0.0
101,2023,93,1714.0,12.77,13.41,27.21,0.0
101,2023,93,1715.0,12.76,11.98,27.17,0.0
101,2023,93,1716.0,12.76,10.6,27.11,0.0
101,2023,93,1717.0,12.76,9.24,27.05,0.0
101,2023,93,1718.0,12.76,8.0,27.05,0.0
101,2023,93,1719.0,12.76,6.679,27.03,0.0
101,2023,93,1720.0,12.76,5.833,26.99,0.0
101,2023,93,1721.0,12.76,5.185,26.96,0.0
101,2023,93,1722.0,12.76,4.706,26.93,0.0
101,2023,93,1723.0,12.76,4.058,26.9,0.0
101,2023,93,1724.0,12.76,3.748,26.87,0.0
101,2023,93,1725.0,12.75,3.466,26.85,0.0
101,2023,93,1726.0,12.76,3.044,26.85,0.0
101,2023,93,1727.0,12.75,2.79,26.83,0.0
101,2023,93,1728.0,12.75,2.396,26.81,0.0
101,2023,93,1729.0,12.75,2.255,26.76,0.0
101,2023,93,1730.0,12.75,1.888,26.74,0.0
101,2023,93,1731.0,12.75,1.691,26.73,0.0
101,2023,93,1732.0,12.75,1.635,26.7,0.0
101,2023,93,1733.0,12.75,1.409,26.68,0.0
101,2023,93,1734.0,12.74,1.127,26.67,0.0
101,2023,93,1735.0,12.74,1.015,26.65,0.0
101,2023,93,1736.0,12.74,0.986,26.63,0.0
101,2023,93,1737.0,12.74,0.0,26.62,0.0
101,2023,93,1738.0,12.74,0.0,26.6,0.0
101,2023,93,1739.0,12.74,0.0,26.58,0.0
101,2023,93,1740.0,12.74,0.0,26.56,0.0
101,2023,93,1741.0,12.74,0.0,26.56,0.0
101,2023,93,1742.0,12.74,0.0,26.54,0.0
101,2023,93,1743.0,12.74,0.0,26.51,0.0
101,2023,93,1744.0,12.74,0.0,26.49,0.0
101,2023,93,1745.0,12.74,0.0,26.48,0.0
101,2023,93,1746.0,12.73,0.0,26.47,0.0
101,2023,93,1747.0,12.74,0.0,26.46,0.0
101,2023,93,1748.0,12.73,0.0,26.45,0.0
101,2023,93,1749.0,12.73,0.0,26.43,0.0
101,2023,93,1750.0,12.73,0.0,26.41,0.0
101,2023,93,1751.0,12.73,0.0,26.41,0.0
101,2023,93,1752.0,12.73,0.0,26.41,0.0
101,2023,93,1753.0,12.73,0.0,26.41,0.0
101,2023,93,1754.0,12.73,0.0,26.39,0.0
101,2023,93,1755.0,12.73,0.0,26.38,0.0
101,2023,93,1756.0,12.73,0.0,26.38,0.0
101,2023,93,1757.0,12.73,0.0,26.37,0.0
101,2023,93,1758.0,12.73,0.0,26.36,0.0
101,2023,93,1759.0,12.73,0.0,26.36,0.0
101,2023,93,1800.0,12.72,0.0,26.35,0.0
101,2023,93,1801.0,12.72,0.0,26.34,0.0
101,2023,93,1802.0,12.72,0.0,26.32,0.0
101,2023,93,1803.0,12.72,0.0,26.32,0.0
101,2023,93,1804.0,12.72,0.0,26.32,0.0
101,2023,93,1805.0,12.72,0.0,26.3,0.0
101,2023,93,1806.0,12.72,0.0,26.29,0.0
101,2023,93,1807.0,12.72,0.0,26.27,0.0
101,2023,93,1808.0,12.72,0.0,26.25,0.0
101,2023,93,1809.0,12.72,0.0,26.25,0.0
101,2023,93,1810.0,12.72,0.0,26.24,0.0
101,2023,93,1811.0,12.72,0.0,26.24,0.0
101,2023,93,1812.0,12.72,0.0,26.22,0.0
101,2023,93,1813.0,12.72,0.0,26.22,0.0
101,2023,93,1814.0,12.71,0.0,26.22,0.0
101,2023,93,1815.0,12.72,0.0,26.21,0.0
101,2023,93,1816.0,12.72,0.0,26.21,0.0
101,2023,93,1817.0,12.71,0.0,26.21,0.0
101,2023,93,1818.0,12.71,0.0,26.22,0.0
101,2023,93,1819.0,12.71,0.0,26.21,0.0
101,2023,93,1820.0,12.71,0.0,26.19,0.0
101,2023,93,1821.0,12.71,0.0,26.21,0.0
101,2023,93,1822.0,12.71,0.0,26.2,0.0
101,2023,93,1823.0,12.71,0.0,26.21,0.0
101,2023,93,1824.0,12.71,0.0,26.2,0.0
101,2023,93,1825.0,12.71,0.0,26.2,0.0
101,2023,93,1826.0,12.71,0.0,26.19,0.0
101,2023,93,1827.0,12.7,0.0,26.19,0.0
101,2023,93,1828.0,12.7,0.0,26.19,0.0
101,2023,93,1829.0,12.7,0.0,26.17,0.0
101,2023,93,1830.0,12.7,0.0,26.17,0.0
101,2023,93,1831.0,12.7,0.0,26.17,0.0
101,2023,93,1832.0,12.7,0.0,26.16,0.0
101,2023,93,1833.0,12.7,0.0,26.16,0.0
101,2023,93,1834.0,12.7,0.0,26.17,0.0
101,2023,93,1835.0,12.7,0.0,26.16,0.0
101,2023,93,1836.0,12.7,0.0,26.15,0.0
101,2023,93,1837.0,12.7,0.0,26.13,0.0
101,2023,93,1838.0,12.7,0.0,26.14,0.0
101,2023,93,1839.0,12.7,0.0,26.13,0.0
101,2023,93,1840.0,12.7,0.0,26.12,0.0
101,2023,93,1841.0,12.7,0.0,26.11,0.0
101,2023,93,1842.0,12.7,0.0,26.11,0.0
101,2023,93,1843.0,12.7,0.0,26.09,0.0
101,2023,93,1844.0,12.7,0.0,26.08,0.0
101,2023,93,1845.0,12.7,0.0,26.08,0.0
101,2023,93,1846.0,12.7,0.0,26.06,0.0
101,2023,93,1847.0,12.7,0.0,26.06,0.0
101,2023,93,1848.0,12.7,0.0,26.04,0.0
101,2023,93,1849.0,12.7,0.0,26.02,0.0
101,2023,93,1850.0,12.69,0.0,26.02,0.0
101,2023,93,1851.0,12.69,0.0,26.01,0.0
101,2023,93,1852.0,12.69,0.0,26.0,0.0
101,2023,93,1853.0,12.69,0.0,26.0,0.0
101,2023,93,1854.0,12.69,0.0,26.0,0.0
101,2023,93,1855.0,12.69,0.0,25.98,0.0
101,2023,93,1856.0,12.69,0.0,25.97,0.0
101,2023,93,1857.0,12.69,0.0,25.97,0.0
101,2023,93,1858.0,12.69,0.0,25.99,0.0
101,2023,93,1859.0,12.69,0.0,25.99,0.0
101,2023,93,1900.0,12.69,0.0,26.02,0.0
101,2023,93,1901.0,12.69,0.0,26.03,0.0
101,2023,93,1902.0,12.69,0.0,26.03,0.0
101,2023,93,1903.0,12.69,0.0,26.03,0.0
101,2023,93,1904.0,12.69,0.0,26.02,0.0
101,2023,93,1905.0,12.69,0.0,26.04,0.0
101,2023,93,1906.0,12.69,0.0,26.04,0.0
101,2023,93,1907.0,12.69,0.0,26.04,0.0
101,2023,93,1908.0,12.69,0.0,26.03,0.0
101,2023,93,1909.0,12.69,0.0,26.02,0.0
101,2023,93,1910.0,12.68,0.0,26.0,0.0
101,2023,93,1911.0,12.69,0.0,25.97,0.0
101,2023,93,1912.0,12.69,0.0,25.97,0.0
101,2023,93,1913.0,12.68,0.0,25.95,0.0
101,2023,93,1914.0,12.68,0.0,25.93,0.0
101,2023,93,1915.0,12.68,0.0,25.9,0.0
101,2023,93,1916.0,12.68,0.0,25.87,0.0
101,2023,93,1917.0,12.68,0.0,25.85,0.0
101,2023,93,1918.0,12.68,0.0,25.82,0.0
101,2023,93,1919.0,12.68,0.0,25.79,0.0
101,2023,93,1920.0,12.68,0.0,25.77,0.0
101,2023,93,1921.0,12.68,0.0,25.75,0.0
101,2023,93,1922.0,12.68,0.0,25.72,0.0
101,2023,93,1923.0,12.68,0.0,25.71,0.0
101,2023,93,1924.0,12.68,0.0,25.69,0.0
101,2023,93,1925.0,12.68,0.0,25.67,0.0
101,2023,93,1926.0,12.68,0.0,25.66,0.0
101,2023,93,1927.0,12.68,0.0,25.64,0.0
101,2023,93,1928.0,12.68,0.0,25.64,0.0
101,2023,93,1929.0,12.68,0.0,25.62,0.0
101,2023,93,1930.0,12.68,0.0,25.62,0.0
101,2023,93,1931.0,12.68,0.0,25.61,0.0
101,2023,93,1932.0,12.68,0.0,25.61,0.0
101,2023,93,1933.0,12.68,0.0,25.61,0.0
101,2023,93,1934.0,12.68,0.0,25.62,0.0
101,2023,93,1935.0,12.67,0.0,25.59,0.0
101,2023,93,1936.0,12.67,0.0,25.6,0.0
101,2023,93,1937.0,12.68,0.0,25.62,0.0
101,2023,93,1938.0,12.67,0.0,25.62,0.0
101,2023,93,1939.0,12.67,0.0,25.61,0.0
101,2023,93,1940.0,12.67,0.0,25.59,0.0
101,2023,93,1941.0,12.67,0.0,25.62,0.0
101,2023,93,1942.0,12.67,0.0,25.62,0.0
101,2023,93,1943.0,12.67,0.0,25.62,0.0
101,2023,93,1944.0,12.67,0.0,25.63,0.0
101,2023,93,1945.0,12.67,0.0,25.62,0.0
101,2023,93,1946.0,12.67,0.0,25.62,0.0
101,2023,93,1947.0,12.67,0.0,25.62,0.0
101,2023,93,1948.0,12.67,0.0,25.61,0.0
101,2023,93,1949.0,12.67,0.0,25.6,0.0
101,2023,93,1950.0,12.67,0.0,25.6,0.0
101,2023,93,1951.0,12.67,0.0,25.6,0.0
101,2023,93,1952.0,12.67,0.0,25.6,0.0
101,2023,93,1953.0,12.67,0.0,25.6,0.0
101,2023,93,1954.0,12.67,0.0,25.58,0.0
101,2023,93,1955.0,12.67,0.0,25.56,0.0
101,2023,93,1956.0,12.67,0.0,25.54,0.0
101,2023,93,1957.0,12.67,0.0,25.52,0.0
101,2023,93,1958.0,12.67,0.0,25.5,0.0
101,2023,93,1959.0,12.67,0.0,25.49,0.0
101,2023,93,2000.0,12.67,0.0,25.47,0.0
101,2023,93,2001.0,12.66,0.0,25.46,0.0
101,2023,93,2002.0,12.67,0.0,25.44,0.0
101,2023,93,2003.0,12.66,0.0,25.42,0.0
101,2023,93,2004.0,12.67,0.0,25.41,0.0
101,2023,93,2005.0,12.66,0.0,25.38,0.0
101,2023,93,2006.0,12.67,0.0,25.36,0.0
101,2023,93,2007.0,12.66,0.0,25.34,0.0
101,2023,93,2008.0,12.66,0.0,25.31,0.0
101,2023,93,2009.0,12.66,0.0,25.3,0.0
101,2023,93,2010.0,12.66,0.0,25.28,0.0
101,2023,93,2011.0,12.66,0.0,25.27,0.0
101,2023,93,2012.0,12.66,0.0,25.25,0.0
101,2023,93,2013.0,12.66,0.0,25.23,0.0
101,2023,93,2014.0,12.66,0.0,25.21,0.0
101,2023,93,2015.0,12.66,0.0,25.16,0.0
101,2023,93,2016.0,12.66,0.0,25.07,0.0
101,2023,93,2017.0,12.66,0.0,25.01,0.0
101,2023,93,2018.0,12.66,0.0,24.94,0.0
101,2023,93,2019.0,12.66,0.0,24.85,0.0
101,2023,93,2020.0,12.66,0.0,24.75,0.0
101,2023,93,2021.0,12.66,0.0,24.65,0.0
101,2023,93,2022.0,12.66,0.0,24.51,0.0
101,2023,93,2023.0,12.65,0.0,24.45,0.0
101,2023,93,2024.0,12.66,0.0,24.43,0.0
101,2023,93,2025.0,12.66,0.0,24.4,0.0
101,2023,93,2026.0,12.65,0.0,24.36,0.0
101,2023,93,2027.0,12.65,0.0,24.31,0.0
101,2023,93,2028.0,12.66,0.0,24.26,0.0
101,2023,93,2029.0,12.65,0.0,24.25,0.0
101,2023,93,2030.0,12.65,0.0,24.22,0.0
101,2023,93,2031.0,12.65,0.0,24.17,0.0
101,2023,93,2032.0,12.65,0.0,24.12,0.0
101,2023,93,2033.0,12.65,0.0,24.08,0.0
101,2023,93,2034.0,12.65,0.0,24.05,0.0
101,2023,93,2035.0,12.65,0.0,24.09,0.0
101,2023,93,2036.0,12.65,0.0,24.1,0.0
101,2023,93,2037.0,12.65,0.0,24.1,0.0
101,2023,93,2038.0,12.65,0.0,24.12,0.0
101,2023,93,2039.0,12.65,0.0,24.17,0.0
101,2023,93,2040.0,12.65,0.0,24.19,0.0
101,2023,93,2041.0,12.65,0.0,24.17,0.0
101,2023,93,2042.0,12.65,0.0,24.14,0.0
101,2023,93,2043.0,12.65,0.0,24.15,0.0
101,2023,93,2044.0,12.65,0.0,24.18,0.0
101,2023,93,2045.0,12.65,0.0,24.21,0.0
101,2023,93,2046.0,12.65,0.0,24.15,0.0
101,2023,93,2047.0,12.65,0.0,24.04,0.0
101,2023,93,2048.0,12.65,0.0,23.98,0.0
101,2023,93,2049.0,12.65,0.0,23.92,0.0
101,2023,93,2050.0,12.65,0.0,23.84,0.0
101,2023,93,2051.0,12.64,0.0,23.79,0.0
101,2023,93,2052.0,12.65,0.0,23.78,0.0
101,2023,93,2053.0,12.65,0.0,23.79,0.0
101,2023,93,2054.0,12.65,0.0,23.77,0.0
101,2023,93,2055.0,12.64,0.0,23.72,0.0
101,2023,93,2056.0,12.64,0.0,23.64,0.0
101,2023,93,2057.0,12.65,0.0,23.61,0.0
101,2023,93,2058.0,12.64,0.0,23.66,0.0
101,2023,93,2059.0,12.64,0.0,23.69,0.0
101,2023,93,2100.0,12.65,0.0,23.7,0.0
101,2023,93,2101.0,12.64,0.0,23.68,0.0
101,2023,93,2102.0,12.64,0.0,23.66,0.0
101,2023,93,2103.0,12.64,0.0,23.63,0.0
101,2023,93,2104.0,12.64,0.0,23.62,0.0
101,2023,93,2105.0,12.64,0.0,23.6,0.0
101,2023,93,2106.0,12.64,0.0,23.6,0.0
101,2023,93,2107.0,12.64,0.0,23.6,0.0
101,2023,93,2108.0,12.64,0.0,23.6,0.0
101,2023,93,2109.0,12.64,0.0,23.61,0.0
101,2023,93,2110.0,12.64,0.0,23.63,0.0
101,2023,93,2111.0,12.64,0.0,23.64,0.0
101,2023,93,2112.0,12.64,0.0,23.7,0.0
101,2023,93,2113.0,12.64,0.0,23.73,0.0
101,2023,93,2114.0,12.64,0.0,23.71,0.0
101,2023,93,2115.0,12.64,0.0,23.7,0.0
101,2023,93,2116.0,12.64,0.0,23.67,0.0
101,2023,93,2117.0,12.64,0.0,23.63,0.0
101,2023,93,2118.0,12.64,0.0,23.63,0.0
101,2023,93,2119.0,12.64,0.0,23.63,0.0
101,2023,93,2120.0,12.64,0.0,23.63,0.0
101,2023,93,2121.0,12.64,0.0,23.63,0.0
101,2023,93,2122.0,12.64,0.0,23.65,0.0
101,2023,93,2123.0,12.64,0.0,23.67,0.0
101,2023,93,2124.0,12.64,0.0,23.66,0.0
101,2023,93,2125.0,12.63,0.0,23.65,0.0
101,2023,93,2126.0,12.64,0.0,23.63,0.0
101,2023,93,2127.0,12.63,0.0,23.62,0.0
101,2023,93,2128.0,12.63,0.0,23.65,0.0
101,2023,93,2129.0,12.63,0.0,23.67,0.0
101,2023,93,2130.0,12.63,0.0,23.65,0.0
101,2023,93,2131.0,12.63,0.0,23.62,0.0
101,2023,93,2132.0,12.63,0.0,23.63,0.0
101,2023,93,2133.0,12.63,0.0,23.63,0.0
101,2023,93,2134.0,12.63,0.0,23.62,0.0
101,2023,93,2135.0,12.63,0.0,23.61,0.0
101,2023,93,2136.0,12.63,0.0,23.6,0.0
101,2023,93,2137.0,12.63,0.0,23.59,0.0
101,2023,93,2138.0,12.63,0.0,23.6,0.0
101,2023,93,2139.0,12.63,0.0,23.64,0.0
101,2023,93,2140.0,12.63,0.0,23.7,0.0
101,2023,93,2141.0,12.63,0.0,23.72,0.0
101,2023,93,2142.0,12.63,0.0,23.73,0.0
101,2023,93,2143.0,12.63,0.0,23.72,0.0
101,2023,93,2144.0,12.63,0.0,23.71,0.0
101,2023,93,2145.0,12.63,0.0,23.7,0.0
101,2023,93,2146.0,12.63,0.0,23.68,0.0
101,2023,93,2147.0,12.63,0.0,23.63,0.0
101,2023,93,2148.0,12.63,0.0,23.58,0.0
101,2023,93,2149.0,12.63,0.0,23.54,0.0
101,2023,93,2150.0,12.63,0.0,23.51,0.0
101,2023,93,2151.0,12.62,0.0,23.49,0.0
101,2023,93,2152.0,12.63,0.0,23.48,0.0
101,2023,93,2153.0,12.63,0.0,23.46,0.0
101,2023,93,2154.0,12.62,0.0,23.46,0.0
101,2023,93,2155.0,12.62,0.0,23.43,0.0
101,2023,93,2156.0,12.62,0.0,23.4,0.0
101,2023,93,2157.0,12.62,0.0,23.38,0.0
101,2023,93,2158.0,12.62,0.0,23.38,0.0
101,2023,93,2159.0,12.62,0.0,23.38,0.0
101,2023,93,2200.0,12.62,0.0,23.38,0.0
101,2023,93,2201.0,12.62,0.0,23.4,0.0
101,2023,93,2202.0,12.62,0.0,23.42,0.0
101,2023,93,2203.0,12.62,0.0,23.44,0.0
101,2023,93,2204.0,12.62,0.0,23.45,0.0
101,2023,93,2205.0,12.62,0.0,23.46,0.0
101,2023,93,2206.0,12.62,0.0,23.46,0.0
101,2023,93,2207.0,12.62,0.0,23.46,0.0
101,2023,93,2208.0,12.62,0.0,23.46,0.0
101,2023,93,2209.0,12.62,0.0,23.45,0.0
101,2023,93,2210.0,12.62,0.0,23.42,0.0
101,2023,93,2211.0,12.62,0.0,23.42,0.0
101,2023,93,2212.0,12.62,0.0,23.41,0.0
101,2023,93,2213.0,12.62,0.0,23.41,0.0
101,2023,93,2214.0,12.62,0.0,23.45,0.0
101,2023,93,2215.0,12.62,0.0,23.49,0.0
101,2023,93,2216.0,12.62,0.0,23.48,0.0
101,2023,93,2217.0,12.62,0.0,23.47,0.0
101,2023,93,2218.0,12.62,0.0,23.49,0.0
101,2023,93,2219.0,12.62,0.0,23.5,0.0
101,2023,93,2220.0,12.62,0.0,23.5,0.0
101,2023,93,2221.0,12.61,0.0,23.49,0.0
101,2023,93,2222.0,12.61,0.0,23.46,0.0
101,2023,93,2223.0,12.62,0.0,23.47,0.0
101,2023,93,2224.0,12.64,0.0,23.44,0.0
101,2023,93,2225.0,12.65,0.0,23.46,0.0
101,2023,93,2226.0,12.65,0.0,23.45,0.0
101,2023,93,2227.0,12.65,0.0,23.38,0.0
101,2023,93,2228.0,12.64,0.0,23.33,0.0
101,2023,93,2229.0,12.63,0.0,23.29,0.0
101,2023,93,2230.0,12.63,0.0,23.24,0.0
101,2023,93,2231.0,12.62,0.0,23.2,0.0
101,2023,93,2232.0,12.62,0.0,23.19,0.0
101,2023,93,2233.0,12.61,0.0,23.18,0.0
101,2023,93,2234.0,12.61,0.0,23.17,0.0
101,2023,93,2235.0,12.61,0.0,23.15,0.0
101,2023,93,2236.0,12.61,0.0,23.14,0.0
101,2023,93,2237.0,12.61,0.0,23.12,0.0
101,2023,93,2238.0,12.61,0.0,23.15,0.0
101,2023,93,2239.0,12.61,0.0,23.18,0.0
101,2023,93,2240.0,12.61,0.0,23.2,0.0
101,2023,93,2241.0,12.61,0.0,23.18,0.0
101,2023,93,2242.0,12.61,0.0,23.19,0.0
101,2023,93,2243.0,12.61,0.0,23.18,0.0
101,2023,93,2244.0,12.61,0.0,23.21,0.0
101,2023,93,2245.0,12.61,0.0,23.2,0.0
101,2023,93,2246.0,12.6,0.0,23.21,0.0
101,2023,93,2247.0,12.6,0.0,23.19,0.0
101,2023,93,2248.0,12.6,0.0,23.19,0.0
101,2023,93,2249.0,12.61,0.0,23.19,0.0
101,2023,93,2250.0,12.6,0.0,23.22,0.0
101,2023,93,2251.0,12.6,0.0,23.23,0.0
101,2023,93,2252.0,12.6,0.0,23.23,0.0
101,2023,93,2253.0,12.6,0.0,23.22,0.0
101,2023,93,2254.0,12.6,0.0,23.21,0.0
101,2023,93,2255.0,12.6,0.0,23.21,0.0
101,2023,93,2256.0,12.6,0.0,23.21,0.0
101,2023,93,2257.0,12.6,0.0,23.2,0.0
101,2023,93,2258.0,12.6,0.0,23.2,0.0
101,2023,93,2259.0,12.6,0.0,23.2,0.0
101,2023,93,2300.0,12.6,0.0,23.23,0.0
101,2023,93,2301.0,12.6,0.0,23.26,0.0
101,2023,93,2302.0,12.6,0.0,23.25,0.0
101,2023,93,2303.0,12.6,0.0,23.23,0.0
101,2023,93,2304.0,12.6,0.0,23.21,0.0
101,2023,93,2305.0,12.6,0.0,23.19,0.0
101,2023,93,2306.0,12.6,0.0,23.18,0.0
101,2023,93,2307.0,12.6,0.0,23.17,0.0
101,2023,93,2308.0,12.6,0.0,23.17,0.0
101,2023,93,2309.0,12.6,0.0,23.17,0.0
101,2023,93,2310.0,12.59,0.0,23.16,0.0
101,2023,93,2311.0,12.6,0.0,23.17,0.0
101,2023,93,2312.0,12.59,0.0,23.18,0.0
101,2023,93,2313.0,12.59,0.0,23.18,0.0
101,2023,93,2314.0,12.59,0.0,23.17,0.0
101,2023,93,2315.0,12.59,0.0,23.15,0.0
101,2023,93,2316.0,12.59,0.0,23.13,0.0
101,2023,93,2317.0,12.59,0.0,23.11,0.0
101,2023,93,2318.0,12.59,0.0,23.1,0.0
101,2023,93,2319.0,12.59,0.0,23.13,0.0
101,2023,93,2320.0,12.59,0.0,23.18,0.0
101,2023,93,2321.0,12.59,0.0,23.24,0.0
101,2023,93,2322.0,12.59,0.0,23.29,0.0
101,2023,93,2323.0,12.59,0.0,23.35,0.0
101,2023,93,2324.0,12.59,0.0,23.43,0.0
101,2023,93,2325.0,12.59,0.0,23.5,0.0
101,2023,93,2326.0,12.59,0.0,23.5,0.0
101,2023,93,2327.0,12.59,0.0,23.53,0.0
101,2023,93,2328.0,12.59,0.0,23.58,0.0
101,2023,93,2329.0,12.59,0.0,23.59,0.0
101,2023,93,2330.0,12.59,0.0,23.58,0.0
101,2023,93,2331.0,12.59,0.0,23.55,0.0
101,2023,93,2332.0,12.59,0.0,23.53,0.0
101,2023,93,2333.0,12.59,0.0,23.57,0.0
101,2023,93,2334.0,12.59,0.0,23.6,0.0
101,2023,93,2335.0,12.59,0.0,23.62,0.0
101,2023,93,2336.0,12.59,0.0,23.65,0.0
101,2023,93,2337.0,12.58,0.0,23.65,0.0
101,2023,93,2338.0,12.59,0.0,23.65,0.0
101,2023,93,2339.0,12.58,0.0,23.65,0.0
101,2023,93,2340.0,12.58,0.0,23.66,0.0
101,2023,93,2341.0,12.59,0.0,23.69,0.0
101,2023,93,2342.0,12.58,0.0,23.69,0.0
101,2023,93,2343.0,12.58,0.0,23.68,0.0
101,2023,93,2344.0,12.58,0.0,23.67,0.0
101,2023,93,2345.0,12.58,0.0,23.68,0.0
101,2023,93,2346.0,12.58,0.0,23.67,0.0
101,2023,93,2347.0,12.58,0.0,23.67,0.0
101,2023,93,2348.0,12.58,0.0,23.65,0.0
101,2023,93,2349.0,12.58,0.0,23.65,0.0
101,2023,93,2350.0,12.58,0.0,23.64,0.0
101,2023,93,2351.0,12.58,0.0,23.63,0.0
101,2023,93,2352.0,12.58,0.0,23.6,0.0
101,2023,93,2353.0,12.58,0.0,23.57,0.0
101,2023,93,2354.0,12.58,0.0,23.55,0.0
101,2023,93,2355.0,12.58,0.0,23.56,0.0
101,2023,93,2356.0,12.58,0.0,23.56,0.0
101,2023,93,2357.0,12.58,0.0,23.56,0.0
101,2023,93,2358.0,12.58,0.0,23.53,0.0
101,2023,93,2359.0,12.58,0.0,23.49,0.0
