a,b,dia_juliano,d,e,f,g,h
101,2023,100,2400.0,12.61,0.0,23.49,0.0
101,2023,100,1.0,12.6,0.0,23.53,0.0
101,2023,100,2.0,12.6,0.0,23.47,0.0
101,2023,100,3.0,12.6,0.0,23.2,0.0
101,2023,100,4.0,12.6,0.0,23.08,0.0
101,2023,100,5.0,12.6,0.0,23.14,0.0
101,2023,100,6.0,12.6,0.0,23.08,0.0
101,2023,100,7.0,12.6,0.0,22.98,0.0
101,2023,100,8.0,12.6,0.0,23.0,0.0
101,2023,100,9.0,12.6,0.0,23.04,0.0
101,2023,100,10.0,12.6,0.0,23.1,0.0
101,2023,100,11.0,12.6,0.0,23.14,0.0
101,2023,100,12.0,12.6,0.0,23.15,0.0
101,2023,100,13.0,12.6,0.0,23.17,0.0
101,2023,100,14.0,12.6,0.0,23.17,0.0
101,2023,100,15.0,12.6,0.0,23.11,0.0
101,2023,100,16.0,12.6,0.0,23.04,0.0
101,2023,100,17.0,12.6,0.0,23.04,0.0
101,2023,100,18.0,12.6,0.0,23.08,0.0
101,2023,100,19.0,12.6,0.0,23.11,0.0
101,2023,100,20.0,12.6,0.0,23.14,0.0
101,2023,100,21.0,12.6,0.0,23.16,0.0
101,2023,100,22.0,12.6,0.0,23.21,0.0
101,2023,100,23.0,12.6,0.0,23.22,0.0
101,2023,100,24.0,12.6,0.0,23.21,0.0
101,2023,100,25.0,12.6,0.0,23.2,0.0
101,2023,100,26.0,12.6,0.0,23.18,0.0
101,2023,100,27.0,12.6,0.0,23.15,0.0
101,2023,100,28.0,12.6,0.0,23.13,0.0
101,2023,100,29.0,12.59,0.0,23.11,0.0
101,2023,100,30.0,12.6,0.0,23.1,0.0
101,2023,100,31.0,12.59,0.0,23.1,0.0
101,2023,100,32.0,12.59,0.0,23.14,0.0
101,2023,100,33.0,12.59,0.0,23.15,0.0
101,2023,100,34.0,12.59,0.0,23.17,0.0
101,2023,100,35.0,12.59,0.0,23.18,0.0
101,2023,100,36.0,12.59,0.0,23.2,0.0
101,2023,100,37.0,12.59,0.0,23.23,0.0
101,2023,100,38.0,12.59,0.0,23.26,0.0
101,2023,100,39.0,12.59,0.0,23.26,0.0
101,2023,100,40.0,12.59,0.0,23.24,0.0
101,2023,100,41.0,12.59,0.0,23.22,0.0
101,2023,100,42.0,12.59,0.0,23.25,0.0
101,2023,100,43.0,12.59,0.0,23.27,0.0
101,2023,100,44.0,12.59,0.0,23.3,0.0
101,2023,100,45.0,12.59,0.0,23.32,0.0
101,2023,100,46.0,12.59,0.0,23.34,0.0
101,2023,100,47.0,12.59,0.0,23.33,0.0
101,2023,100,48.0,12.59,0.0,23.33,0.0
101,2023,100,49.0,12.59,0.0,23.31,0.0
101,2023,100,50.0,12.59,0.0,23.27,0.0
101,2023,100,51.0,12.59,0.0,23.23,0.0
101,2023,100,52.0,12.59,0.0,23.21,0.0
101,2023,100,53.0,12.59,0.0,23.19,0.0
101,2023,100,54.0,12.59,0.0,23.2,0.0
101,2023,100,55.0,12.59,0.0,23.26,0.0
101,2023,100,56.0,12.59,0.0,23.29,0.0
101,2023,100,57.0,12.59,0.0,23.29,0.0
101,2023,100,58.0,12.59,0.0,23.28,0.0
101,2023,100,59.0,12.59,0.0,23.25,0.0
101,2023,100,100.0,12.59,0.0,23.23,0.0
101,2023,100,101.0,12.58,0.0,23.2,0.0
101,2023,100,102.0,12.58,0.0,23.15,0.0
101,2023,100,103.0,12.58,0.0,23.11,0.0
101,2023,100,104.0,12.58,0.0,23.11,0.0
101,2023,100,105.0,12.58,0.0,23.18,0.0
101,2023,100,106.0,12.58,0.0,23.19,0.0
101,2023,100,107.0,12.58,0.0,23.19,0.0
101,2023,100,108.0,12.58,0.0,23.2,0.0
101,2023,100,109.0,12.58,0.0,23.17,0.0
101,2023,100,110.0,12.58,0.0,23.12,0.0
101,2023,100,111.0,12.58,0.0,23.08,0.0
101,2023,100,112.0,12.58,0.0,23.05,0.0
101,2023,100,113.0,12.58,0.0,23.04,0.0
101,2023,100,114.0,12.58,0.0,23.05,0.0
101,2023,100,115.0,12.58,0.0,23.07,0.0
101,2023,100,116.0,12.58,0.0,23.05,0.0
101,2023,100,117.0,12.58,0.0,23.11,0.0
101,2023,100,118.0,12.58,0.0,23.19,0.0
101,2023,100,119.0,12.58,0.0,23.24,0.0
101,2023,100,120.0,12.58,0.0,23.23,0.0
101,2023,100,121.0,12.58,0.0,23.24,0.0
101,2023,100,122.0,12.58,0.0,23.23,0.0
101,2023,100,123.0,12.58,0.0,23.26,0.0
101,2023,100,124.0,12.57,0.0,23.27,0.0
101,2023,100,125.0,12.58,0.0,23.27,0.0
101,2023,100,126.0,12.57,0.0,23.25,0.0
101,2023,100,127.0,12.58,0.0,23.23,0.0
101,2023,100,128.0,12.58,0.0,23.22,0.0
101,2023,100,129.0,12.57,0.0,23.23,0.0
101,2023,100,130.0,12.58,0.0,23.26,0.0
101,2023,100,131.0,12.57,0.0,23.28,0.0
101,2023,100,132.0,12.57,0.0,23.3,0.0
101,2023,100,133.0,12.57,0.0,23.29,0.0
101,2023,100,134.0,12.57,0.0,23.28,0.0
101,2023,100,135.0,12.57,0.0,23.26,0.0
101,2023,100,136.0,12.57,0.0,23.22,0.0
101,2023,100,137.0,12.57,0.0,23.2,0.0
101,2023,100,138.0,12.57,0.0,23.17,0.0
101,2023,100,139.0,12.57,0.0,23.15,0.0
101,2023,100,140.0,12.57,0.0,23.13,0.0
101,2023,100,141.0,12.57,0.0,23.1,0.0
101,2023,100,142.0,12.57,0.0,23.08,0.0
101,2023,100,143.0,12.57,0.0,23.05,0.0
101,2023,100,144.0,12.57,0.0,23.06,0.0
101,2023,100,145.0,12.57,0.0,23.02,0.0
101,2023,100,146.0,12.57,0.0,23.0,0.0
101,2023,100,147.0,12.57,0.0,22.99,0.0
101,2023,100,148.0,12.57,0.0,22.95,0.0
101,2023,100,149.0,12.57,0.0,22.84,0.0
101,2023,100,150.0,12.57,0.0,22.74,0.0
101,2023,100,151.0,12.57,0.0,22.7,0.0
101,2023,100,152.0,12.57,0.0,22.8,0.0
101,2023,100,153.0,12.57,0.0,22.9,0.0
101,2023,100,154.0,12.57,0.0,22.71,0.0
101,2023,100,155.0,12.57,0.0,22.6,0.0
101,2023,100,156.0,12.57,0.0,22.53,0.0
101,2023,100,157.0,12.57,0.0,22.57,0.0
101,2023,100,158.0,12.57,0.0,22.65,0.0
101,2023,100,159.0,12.57,0.0,22.58,0.0
101,2023,100,200.0,12.56,0.0,22.57,0.0
101,2023,100,201.0,12.56,0.0,22.65,0.0
101,2023,100,202.0,12.57,0.0,22.7,0.0
101,2023,100,203.0,12.57,0.0,22.75,0.0
101,2023,100,204.0,12.59,0.0,22.76,0.0
101,2023,100,205.0,12.59,0.0,22.81,0.0
101,2023,100,206.0,12.6,0.0,22.86,0.0
101,2023,100,207.0,12.6,0.0,22.9,0.0
101,2023,100,208.0,12.61,0.0,22.91,0.0
101,2023,100,209.0,12.62,0.0,22.88,0.0
101,2023,100,210.0,12.62,0.0,22.85,0.0
101,2023,100,211.0,12.62,0.0,22.83,0.0
101,2023,100,212.0,12.62,0.0,22.82,0.0
101,2023,100,213.0,12.62,0.0,22.81,0.0
101,2023,100,214.0,12.62,0.0,22.81,0.0
101,2023,100,215.0,12.62,0.0,22.79,0.0
101,2023,100,216.0,12.62,0.0,22.78,0.0
101,2023,100,217.0,12.62,0.0,22.8,0.0
101,2023,100,218.0,12.62,0.0,22.84,0.0
101,2023,100,219.0,12.62,0.0,22.9,0.0
101,2023,100,220.0,12.62,0.0,22.98,0.0
101,2023,100,221.0,12.62,0.0,23.01,0.0
101,2023,100,222.0,12.62,0.0,23.03,0.0
101,2023,100,223.0,12.62,0.0,23.02,0.0
101,2023,100,224.0,12.62,0.0,22.99,0.0
101,2023,100,225.0,12.63,0.0,22.97,0.0
101,2023,100,226.0,12.63,0.0,22.96,0.0
101,2023,100,227.0,12.62,0.0,22.97,0.0
101,2023,100,228.0,12.63,0.0,23.0,0.0
101,2023,100,229.0,12.63,0.0,22.98,0.0
101,2023,100,230.0,12.63,0.0,22.92,0.0
101,2023,100,231.0,12.63,0.0,22.89,0.0
101,2023,100,232.0,12.62,0.0,22.85,0.0
101,2023,100,233.0,12.63,0.0,22.82,0.0
101,2023,100,234.0,12.62,0.0,22.86,0.0
101,2023,100,235.0,12.6,0.0,22.82,0.0
101,2023,100,236.0,12.59,0.0,22.83,0.0
101,2023,100,237.0,12.58,0.0,22.81,0.0
101,2023,100,238.0,12.57,0.0,22.82,0.0
101,2023,100,239.0,12.57,0.0,22.83,0.0
101,2023,100,240.0,12.56,0.0,22.82,0.0
101,2023,100,241.0,12.56,0.0,22.79,0.0
101,2023,100,242.0,12.56,0.0,22.83,0.0
101,2023,100,243.0,12.56,0.0,22.86,0.0
101,2023,100,244.0,12.57,0.0,22.87,0.0
101,2023,100,245.0,12.58,0.0,22.84,0.0
101,2023,100,246.0,12.58,0.0,22.86,0.0
101,2023,100,247.0,12.59,0.0,22.85,0.0
101,2023,100,248.0,12.6,0.0,22.84,0.0
101,2023,100,249.0,12.6,0.0,22.85,0.0
101,2023,100,250.0,12.6,0.0,22.88,0.0
101,2023,100,251.0,12.6,0.0,22.89,0.0
101,2023,100,252.0,12.61,0.0,22.89,0.0
101,2023,100,253.0,12.61,0.0,22.88,0.0
101,2023,100,254.0,12.61,0.0,22.89,0.0
101,2023,100,255.0,12.61,0.0,22.9,0.0
101,2023,100,256.0,12.61,0.0,22.84,0.0
101,2023,100,257.0,12.61,0.0,22.79,0.0
101,2023,100,258.0,12.61,0.0,22.71,0.0
101,2023,100,259.0,12.62,0.0,22.67,0.0
101,2023,100,300.0,12.62,0.0,22.63,0.0
101,2023,100,301.0,12.62,0.0,22.59,0.0
101,2023,100,302.0,12.61,0.0,22.61,0.0
101,2023,100,303.0,12.62,0.0,22.68,0.0
101,2023,100,304.0,12.62,0.0,22.7,0.0
101,2023,100,305.0,12.62,0.0,22.8,0.0
101,2023,100,306.0,12.62,0.0,22.83,0.0
101,2023,100,307.0,12.62,0.0,22.83,0.0
101,2023,100,308.0,12.62,0.0,22.87,0.0
101,2023,100,309.0,12.62,0.0,22.89,0.0
101,2023,100,310.0,12.62,0.0,22.95,0.0
101,2023,100,311.0,12.62,0.0,22.97,0.0
101,2023,100,312.0,12.62,0.0,22.99,0.0
101,2023,100,313.0,12.62,0.0,23.04,0.0
101,2023,100,314.0,12.62,0.0,23.09,0.0
101,2023,100,315.0,12.62,0.0,23.12,0.0
101,2023,100,316.0,12.62,0.0,23.12,0.0
101,2023,100,317.0,12.62,0.0,23.1,0.0
101,2023,100,318.0,12.62,0.0,23.09,0.0
101,2023,100,319.0,12.62,0.0,23.07,0.0
101,2023,100,320.0,12.62,0.0,23.08,0.0
101,2023,100,321.0,12.62,0.0,23.08,0.0
101,2023,100,322.0,12.62,0.0,23.05,0.0
101,2023,100,323.0,12.62,0.0,23.0,0.0
101,2023,100,324.0,12.62,0.0,22.98,0.0
101,2023,100,325.0,12.62,0.0,22.98,0.0
101,2023,100,326.0,12.62,0.0,22.96,0.0
101,2023,100,327.0,12.62,0.0,22.93,0.0
101,2023,100,328.0,12.62,0.0,22.91,0.0
101,2023,100,329.0,12.62,0.0,22.88,0.0
101,2023,100,330.0,12.62,0.0,22.83,0.0
101,2023,100,331.0,12.62,0.0,22.8,0.0
101,2023,100,332.0,12.62,0.0,22.78,0.0
101,2023,100,333.0,12.62,0.0,22.77,0.0
101,2023,100,334.0,12.62,0.0,22.76,0.0
101,2023,100,335.0,12.62,0.0,22.76,0.0
101,2023,100,336.0,12.62,0.0,22.74,0.0
101,2023,100,337.0,12.62,0.0,22.72,0.0
101,2023,100,338.0,12.62,0.0,22.72,0.0
101,2023,100,339.0,12.62,0.0,22.72,0.0
101,2023,100,340.0,12.62,0.0,22.71,0.0
101,2023,100,341.0,12.62,0.0,22.69,0.0
101,2023,100,342.0,12.62,0.0,22.68,0.0
101,2023,100,343.0,12.62,0.0,22.66,0.0
101,2023,100,344.0,12.62,0.0,22.62,0.0
101,2023,100,345.0,12.62,0.0,22.66,0.0
101,2023,100,346.0,12.62,0.0,22.7,0.0
101,2023,100,347.0,12.62,0.0,22.71,0.0
101,2023,100,348.0,12.62,0.0,22.69,0.0
101,2023,100,349.0,12.62,0.0,22.67,0.0
101,2023,100,350.0,12.62,0.0,22.65,0.0
101,2023,100,351.0,12.62,0.0,22.66,0.0
101,2023,100,352.0,12.62,0.0,22.67,0.0
101,2023,100,353.0,12.62,0.0,22.65,0.0
101,2023,100,354.0,12.62,0.0,22.63,0.0
101,2023,100,355.0,12.62,0.0,22.6,0.0
101,2023,100,356.0,12.62,0.0,22.57,0.0
101,2023,100,357.0,12.62,0.0,22.54,0.0
101,2023,100,358.0,12.62,0.0,22.5,0.0
101,2023,100,359.0,12.62,0.0,22.48,0.0
101,2023,100,400.0,12.62,0.0,22.46,0.0
101,2023,100,401.0,12.62,0.0,22.46,0.0
101,2023,100,402.0,12.62,0.0,22.46,0.0
101,2023,100,403.0,12.62,0.0,22.51,0.0
101,2023,100,404.0,12.62,0.0,22.51,0.0
101,2023,100,405.0,12.62,0.0,22.48,0.0
101,2023,100,406.0,12.62,0.0,22.44,0.0
101,2023,100,407.0,12.62,0.0,22.44,0.0
101,2023,100,408.0,12.62,0.0,22.44,0.0
101,2023,100,409.0,12.62,0.0,22.43,0.0
101,2023,100,410.0,12.61,0.0,22.39,0.0
101,2023,100,411.0,12.62,0.0,22.37,0.0
101,2023,100,412.0,12.62,0.0,22.36,0.0
101,2023,100,413.0,12.62,0.0,22.34,0.0
101,2023,100,414.0,12.62,0.0,22.32,0.0
101,2023,100,415.0,12.62,0.0,22.29,0.0
101,2023,100,416.0,12.62,0.0,22.27,0.0
101,2023,100,417.0,12.61,0.0,22.25,0.0
101,2023,100,418.0,12.62,0.0,22.23,0.0
101,2023,100,419.0,12.62,0.0,22.22,0.0
101,2023,100,420.0,12.61,0.0,22.19,0.0
101,2023,100,421.0,12.62,0.0,22.18,0.0
101,2023,100,422.0,12.61,0.0,22.17,0.0
101,2023,100,423.0,12.62,0.0,22.17,0.0
101,2023,100,424.0,12.61,0.0,22.17,0.0
101,2023,100,425.0,12.61,0.0,22.15,0.0
101,2023,100,426.0,12.61,0.0,22.15,0.0
101,2023,100,427.0,12.62,0.0,22.15,0.0
101,2023,100,428.0,12.61,0.0,22.23,0.0
101,2023,100,429.0,12.61,0.0,22.28,0.0
101,2023,100,430.0,12.61,0.0,22.28,0.0
101,2023,100,431.0,12.61,0.0,22.26,0.0
101,2023,100,432.0,12.61,0.0,22.25,0.0
101,2023,100,433.0,12.61,0.0,22.26,0.0
101,2023,100,434.0,12.61,0.0,22.27,0.0
101,2023,100,435.0,12.61,0.0,22.27,0.0
101,2023,100,436.0,12.61,0.0,22.26,0.0
101,2023,100,437.0,12.61,0.0,22.27,0.0
101,2023,100,438.0,12.61,0.0,22.29,0.0
101,2023,100,439.0,12.61,0.0,22.29,0.0
101,2023,100,440.0,12.61,0.0,22.26,0.0
101,2023,100,441.0,12.61,0.0,22.23,0.0
101,2023,100,442.0,12.61,0.0,22.21,0.0
101,2023,100,443.0,12.61,0.0,22.19,0.0
101,2023,100,444.0,12.61,0.0,22.17,0.0
101,2023,100,445.0,12.61,0.0,22.17,0.0
101,2023,100,446.0,12.61,0.0,22.15,0.0
101,2023,100,447.0,12.61,0.0,22.21,0.0
101,2023,100,448.0,12.61,0.0,22.26,0.0
101,2023,100,449.0,12.61,0.0,22.28,0.0
101,2023,100,450.0,12.61,0.0,22.26,0.0
101,2023,100,451.0,12.61,0.0,22.29,0.0
101,2023,100,452.0,12.61,0.0,22.38,0.0
101,2023,100,453.0,12.61,0.0,22.36,0.0
101,2023,100,454.0,12.61,0.0,22.39,0.0
101,2023,100,455.0,12.61,0.0,22.41,0.0
101,2023,100,456.0,12.61,0.0,22.35,0.0
101,2023,100,457.0,12.61,0.0,22.27,0.0
101,2023,100,458.0,12.61,0.0,22.24,0.0
101,2023,100,459.0,12.61,0.0,22.26,0.0
101,2023,100,500.0,12.61,0.0,22.2,0.0
101,2023,100,501.0,12.61,0.0,22.11,0.0
101,2023,100,502.0,12.61,0.0,22.12,0.0
101,2023,100,503.0,12.61,0.0,22.12,0.0
101,2023,100,504.0,12.61,0.0,22.12,0.0
101,2023,100,505.0,12.61,0.0,22.13,0.0
101,2023,100,506.0,12.61,0.0,22.27,0.0
101,2023,100,507.0,12.61,0.0,22.35,0.0
101,2023,100,508.0,12.61,0.0,22.36,0.0
101,2023,100,509.0,12.61,0.0,22.38,0.0
101,2023,100,510.0,12.61,0.0,22.4,0.0
101,2023,100,511.0,12.61,0.0,22.47,0.0
101,2023,100,512.0,12.61,0.0,22.53,0.0
101,2023,100,513.0,12.61,0.0,22.57,0.0
101,2023,100,514.0,12.61,0.0,22.61,0.0
101,2023,100,515.0,12.61,0.0,22.62,0.0
101,2023,100,516.0,12.61,0.0,22.52,0.0
101,2023,100,517.0,12.61,0.0,22.51,0.0
101,2023,100,518.0,12.61,0.0,22.5,0.0
101,2023,100,519.0,12.61,1.072,22.51,0.0
101,2023,100,520.0,12.61,1.382,22.55,0.0
101,2023,100,521.0,12.61,1.918,22.58,0.0
101,2023,100,522.0,12.61,2.539,22.65,0.0
101,2023,100,523.0,12.61,3.413,22.62,0.0
101,2023,100,524.0,12.61,4.062,22.63,0.0
101,2023,100,525.0,12.61,4.4,22.59,0.0
101,2023,100,526.0,12.61,4.57,22.62,0.0
101,2023,100,527.0,12.61,4.654,22.61,0.0
101,2023,100,528.0,12.61,5.105,22.64,0.0
101,2023,100,529.0,12.61,5.811,22.66,0.0
101,2023,100,530.0,12.62,6.685,22.65,0.0
101,2023,100,531.0,12.63,8.01,22.65,0.0
101,2023,100,532.0,12.64,9.2,22.65,0.0
101,2023,100,533.0,12.65,10.63,22.69,0.0
101,2023,100,534.0,12.67,12.38,22.66,0.0
101,2023,100,535.0,12.69,14.05,22.66,0.0
101,2023,100,536.0,12.72,16.13,22.68,0.0
101,2023,100,537.0,12.75,17.83,22.73,0.0
101,2023,100,538.0,12.78,19.38,22.81,0.0
101,2023,100,539.0,12.81,22.68,22.89,0.0
101,2023,100,540.0,12.86,25.5,22.88,0.0
101,2023,100,541.0,12.95,26.97,22.84,0.0
101,2023,100,542.0,13.06,28.32,22.82,0.0
101,2023,100,543.0,13.1,29.42,22.84,0.0
101,2023,100,544.0,13.1,30.8,22.87,0.0
101,2023,100,545.0,13.12,33.09,22.89,0.0
101,2023,100,546.0,13.19,35.12,22.9,0.0
101,2023,100,547.0,13.26,37.4,22.92,0.0
101,2023,100,548.0,13.26,40.03,22.95,0.0
101,2023,100,549.0,13.26,41.86,22.94,0.0
101,2023,100,550.0,13.26,43.81,22.97,0.0
101,2023,100,551.0,13.26,45.84,22.95,0.0
101,2023,100,552.0,13.26,47.61,22.95,0.0
101,2023,100,553.0,13.25,49.73,22.95,0.0
101,2023,100,554.0,13.25,52.52,22.98,0.0
101,2023,100,555.0,13.25,55.48,23.0,0.0
101,2023,100,556.0,13.25,58.36,23.02,0.0
101,2023,100,557.0,13.25,61.58,23.0,0.0
101,2023,100,558.0,13.25,64.31,23.04,0.0
101,2023,100,559.0,13.25,66.77,23.11,0.0
101,2023,100,600.0,13.25,69.25,23.12,0.0
101,2023,100,601.0,13.25,71.6,23.13,0.0
101,2023,100,602.0,13.25,73.8,23.18,0.0
101,2023,100,603.0,13.25,76.9,23.31,0.0
101,2023,100,604.0,13.25,80.8,23.43,0.0
101,2023,100,605.0,13.25,84.6,23.41,0.0
101,2023,100,606.0,13.25,88.9,23.47,0.0
101,2023,100,607.0,13.24,93.2,23.63,0.0
101,2023,100,608.0,13.24,97.9,23.66,0.0
101,2023,100,609.0,13.25,101.9,23.59,0.0
101,2023,100,610.0,13.25,104.5,23.53,0.0
101,2023,100,611.0,13.24,111.8,23.58,0.0
101,2023,100,612.0,13.24,121.7,23.57,0.0
101,2023,100,613.0,13.24,130.7,23.59,0.0
101,2023,100,614.0,13.24,139.0,23.62,0.0
101,2023,100,615.0,13.24,146.3,23.6,0.0
101,2023,100,616.0,13.24,153.6,23.66,0.0
101,2023,100,617.0,13.24,158.9,23.74,0.0
101,2023,100,618.0,13.24,162.2,23.75,0.0
101,2023,100,619.0,13.24,165.6,23.78,0.0
101,2023,100,620.0,13.24,167.0,23.98,0.0
101,2023,100,621.0,13.24,166.6,24.12,0.0
101,2023,100,622.0,13.24,167.0,24.14,0.0
101,2023,100,623.0,13.24,168.1,24.29,0.0
101,2023,100,624.0,13.24,166.3,24.44,0.0
101,2023,100,625.0,13.23,161.3,24.4,0.0
101,2023,100,626.0,13.23,157.3,24.35,0.0
101,2023,100,627.0,13.23,157.5,24.32,0.0
101,2023,100,628.0,13.23,160.8,24.28,0.0
101,2023,100,629.0,13.23,165.2,24.36,0.0
101,2023,100,630.0,13.23,170.8,24.45,0.0
101,2023,100,631.0,13.23,176.4,24.48,0.0
101,2023,100,632.0,13.23,180.9,24.51,0.0
101,2023,100,633.0,13.23,185.8,24.63,0.0
101,2023,100,634.0,13.23,190.3,24.67,0.0
101,2023,100,635.0,13.23,194.6,24.69,0.0
101,2023,100,636.0,13.22,198.9,24.75,0.0
101,2023,100,637.0,13.23,203.3,24.82,0.0
101,2023,100,638.0,13.22,203.6,24.76,0.0
101,2023,100,639.0,13.22,204.6,24.78,0.0
101,2023,100,640.0,13.22,209.8,24.89,0.0
101,2023,100,641.0,13.22,214.7,25.04,0.0
101,2023,100,642.0,13.22,218.8,25.06,0.0
101,2023,100,643.0,13.22,220.2,25.06,0.0
101,2023,100,644.0,13.22,222.0,25.14,0.0
101,2023,100,645.0,13.22,225.4,25.19,0.0
101,2023,100,646.0,13.22,229.8,25.26,0.0
101,2023,100,647.0,13.22,233.7,25.29,0.0
101,2023,100,648.0,13.21,237.2,25.31,0.0
101,2023,100,649.0,13.21,240.4,25.43,0.0
101,2023,100,650.0,13.21,244.4,25.38,0.0
101,2023,100,651.0,13.21,247.7,25.33,0.0
101,2023,100,652.0,13.21,250.9,25.35,0.0
101,2023,100,653.0,13.21,254.0,25.4,0.0
101,2023,100,654.0,13.21,256.7,25.44,0.0
101,2023,100,655.0,13.21,260.0,25.48,0.0
101,2023,100,656.0,13.21,263.6,25.51,0.0
101,2023,100,657.0,13.21,267.2,25.58,0.0
101,2023,100,658.0,13.21,269.8,25.55,0.0
101,2023,100,659.0,13.21,273.1,25.51,0.0
101,2023,100,700.0,13.2,275.9,25.54,0.0
101,2023,100,701.0,13.2,278.1,25.52,0.0
101,2023,100,702.0,13.2,281.4,25.76,0.0
101,2023,100,703.0,13.2,284.1,25.8,0.0
101,2023,100,704.0,13.2,287.2,25.71,0.0
101,2023,100,705.0,13.2,291.0,25.72,0.0
101,2023,100,706.0,13.2,295.1,25.93,0.0
101,2023,100,707.0,13.2,299.0,26.02,0.0
101,2023,100,708.0,13.2,302.6,25.99,0.0
101,2023,100,709.0,13.19,306.2,26.05,0.0
101,2023,100,710.0,13.19,310.2,26.05,0.0
101,2023,100,711.0,13.19,313.9,26.05,0.0
101,2023,100,712.0,13.19,318.3,25.93,0.0
101,2023,100,713.0,13.19,324.1,25.95,0.0
101,2023,100,714.0,13.19,328.7,25.95,0.0
101,2023,100,715.0,13.19,333.5,26.1,0.0
101,2023,100,716.0,13.19,337.7,26.04,0.0
101,2023,100,717.0,13.19,341.9,26.02,0.0
101,2023,100,718.0,13.18,345.9,26.08,0.0
101,2023,100,719.0,13.18,350.2,26.16,0.0
101,2023,100,720.0,13.18,354.5,26.3,0.0
101,2023,100,721.0,13.18,357.6,26.38,0.0
101,2023,100,722.0,13.18,360.4,26.45,0.0
101,2023,100,723.0,13.18,363.9,26.41,0.0
101,2023,100,724.0,13.18,365.0,26.18,0.0
101,2023,100,725.0,13.18,367.1,26.13,0.0
101,2023,100,726.0,13.18,367.9,26.16,0.0
101,2023,100,727.0,13.18,370.3,26.29,0.0
101,2023,100,728.0,13.18,373.6,26.4,0.0
101,2023,100,729.0,13.17,381.2,26.48,0.0
101,2023,100,730.0,13.17,388.3,26.47,0.0
101,2023,100,731.0,13.17,394.1,26.43,0.0
101,2023,100,732.0,13.17,399.3,26.52,0.0
101,2023,100,733.0,13.17,404.5,26.55,0.0
101,2023,100,734.0,13.17,408.7,26.73,0.0
101,2023,100,735.0,13.17,416.4,26.73,0.0
101,2023,100,736.0,13.17,425.4,26.69,0.0
101,2023,100,737.0,13.17,433.7,26.85,0.0
101,2023,100,738.0,13.17,437.1,26.98,0.0
101,2023,100,739.0,13.17,436.8,27.1,0.0
101,2023,100,740.0,13.16,436.9,27.02,0.0
101,2023,100,741.0,13.16,439.3,26.93,0.0
101,2023,100,742.0,13.16,451.4,27.07,0.0
101,2023,100,743.0,13.16,462.7,27.09,0.0
101,2023,100,744.0,13.16,465.2,27.04,0.0
101,2023,100,745.0,13.16,482.0,27.0,0.0
101,2023,100,746.0,13.16,497.5,26.97,0.0
101,2023,100,747.0,13.16,509.0,26.96,0.0
101,2023,100,748.0,13.16,523.9,26.92,0.0
101,2023,100,749.0,13.16,507.9,26.94,0.0
101,2023,100,750.0,13.15,530.8,26.98,0.0
101,2023,100,751.0,13.15,527.5,27.01,0.0
101,2023,100,752.0,13.15,528.8,27.0,0.0
101,2023,100,753.0,13.15,535.4,27.03,0.0
101,2023,100,754.0,13.15,553.3,27.15,0.0
101,2023,100,755.0,13.15,544.1,27.39,0.0
101,2023,100,756.0,13.15,598.4,27.52,0.0
101,2023,100,757.0,13.15,563.1,27.42,0.0
101,2023,100,758.0,13.14,246.8,27.33,0.0
101,2023,100,759.0,13.14,290.4,27.14,0.0
101,2023,100,800.0,13.14,478.2,27.06,0.0
101,2023,100,801.0,13.14,381.1,27.13,0.0
101,2023,100,802.0,13.14,634.2,27.2,0.0
101,2023,100,803.0,13.14,675.3,27.21,0.0
101,2023,100,804.0,13.14,652.7,27.29,0.0
101,2023,100,805.0,13.14,648.2,27.41,0.0
101,2023,100,806.0,13.14,651.9,27.42,0.0
101,2023,100,807.0,13.13,650.6,27.45,0.0
101,2023,100,808.0,13.14,640.0,27.48,0.0
101,2023,100,809.0,13.13,392.7,27.52,0.0
101,2023,100,810.0,13.13,442.4,27.49,0.0
101,2023,100,811.0,13.13,517.7,27.59,0.0
101,2023,100,812.0,13.13,530.6,27.6,0.0
101,2023,100,813.0,13.13,604.4,27.67,0.0
101,2023,100,814.0,13.13,616.6,27.83,0.0
101,2023,100,815.0,13.12,601.9,27.89,0.0
101,2023,100,816.0,13.12,411.6,27.86,0.0
101,2023,100,817.0,13.12,280.9,27.85,0.0
101,2023,100,818.0,13.12,289.3,27.79,0.0
101,2023,100,819.0,13.12,312.1,27.64,0.0
101,2023,100,820.0,13.12,234.0,27.58,0.0
101,2023,100,821.0,13.12,398.1,27.55,0.0
101,2023,100,822.0,13.12,669.8,27.54,0.0
101,2023,100,823.0,13.12,313.3,27.54,0.0
101,2023,100,824.0,13.12,413.6,27.56,0.0
101,2023,100,825.0,13.12,361.3,27.63,0.0
101,2023,100,826.0,13.12,291.9,27.66,0.0
101,2023,100,827.0,13.12,255.8,27.64,0.0
101,2023,100,828.0,13.12,244.5,27.5,0.0
101,2023,100,829.0,13.12,243.7,27.49,0.0
101,2023,100,830.0,13.12,509.8,27.5,0.0
101,2023,100,831.0,13.12,757.0,27.6,0.0
101,2023,100,832.0,13.12,732.0,27.69,0.0
101,2023,100,833.0,13.12,576.1,27.51,0.0
101,2023,100,834.0,13.12,423.9,27.46,0.0
101,2023,100,835.0,13.12,237.6,27.49,0.0
101,2023,100,836.0,13.12,222.7,27.59,0.0
101,2023,100,837.0,13.12,227.3,27.65,0.0
101,2023,100,838.0,13.12,325.1,27.71,0.0
101,2023,100,839.0,13.12,484.8,27.75,0.0
101,2023,100,840.0,13.12,756.0,27.79,0.0
101,2023,100,841.0,13.12,699.2,27.92,0.0
101,2023,100,842.0,13.12,767.0,28.04,0.0
101,2023,100,843.0,13.12,766.0,28.17,0.0
101,2023,100,844.0,13.12,755.0,28.16,0.0
101,2023,100,845.0,13.11,749.0,28.33,0.0
101,2023,100,846.0,13.11,744.0,28.26,0.0
101,2023,100,847.0,13.11,724.0,28.24,0.0
101,2023,100,848.0,13.11,701.0,28.25,0.0
101,2023,100,849.0,13.11,706.0,28.45,0.0
101,2023,100,850.0,13.11,691.9,28.47,0.0
101,2023,100,851.0,13.1,514.6,28.64,0.0
101,2023,100,852.0,13.1,738.0,28.68,0.0
101,2023,100,853.0,13.1,755.0,28.59,0.0
101,2023,100,854.0,13.1,764.0,28.54,0.0
101,2023,100,855.0,13.1,768.0,28.51,0.0
101,2023,100,856.0,13.09,775.0,28.57,0.0
101,2023,100,857.0,13.1,787.0,28.67,0.0
101,2023,100,858.0,13.09,805.0,28.65,0.0
101,2023,100,859.0,13.09,785.0,28.66,0.0
101,2023,100,900.0,13.09,831.0,28.78,0.0
101,2023,100,901.0,13.09,840.0,28.8,0.0
101,2023,100,902.0,13.09,833.0,28.73,0.0
101,2023,100,903.0,13.09,821.0,28.8,0.0
101,2023,100,904.0,13.09,815.0,28.74,0.0
101,2023,100,905.0,13.08,818.0,28.79,0.0
101,2023,100,906.0,13.09,820.0,29.11,0.0
101,2023,100,907.0,13.08,838.0,29.25,0.0
101,2023,100,908.0,13.08,848.0,29.16,0.0
101,2023,100,909.0,13.08,831.0,29.2,0.0
101,2023,100,910.0,13.08,447.1,29.31,0.0
101,2023,100,911.0,13.08,436.6,29.09,0.0
101,2023,100,912.0,13.08,627.6,28.82,0.0
101,2023,100,913.0,13.08,778.0,28.8,0.0
101,2023,100,914.0,13.08,801.0,28.94,0.0
101,2023,100,915.0,13.07,592.9,29.13,0.0
101,2023,100,916.0,13.07,814.0,29.01,0.0
101,2023,100,917.0,13.07,626.1,29.01,0.0
101,2023,100,918.0,13.07,555.8,29.25,0.0
101,2023,100,919.0,13.07,445.5,29.38,0.0
101,2023,100,920.0,13.07,603.2,29.31,0.0
101,2023,100,921.0,13.07,574.6,29.31,0.0
101,2023,100,922.0,13.07,516.3,29.45,0.0
101,2023,100,923.0,13.07,281.4,29.41,0.0
101,2023,100,924.0,13.07,598.5,29.42,0.0
101,2023,100,925.0,13.07,529.6,29.32,0.0
101,2023,100,926.0,13.07,850.0,29.35,0.0
101,2023,100,927.0,13.07,845.0,29.49,0.0
101,2023,100,928.0,13.08,842.0,29.56,0.0
101,2023,100,929.0,13.07,843.0,29.58,0.0
101,2023,100,930.0,13.07,848.0,29.58,0.0
101,2023,100,931.0,13.07,853.0,29.45,0.0
101,2023,100,932.0,13.07,860.0,29.48,0.0
101,2023,100,933.0,13.07,870.0,29.54,0.0
101,2023,100,934.0,13.07,588.0,29.35,0.0
101,2023,100,935.0,13.07,839.0,29.21,0.0
101,2023,100,936.0,13.07,911.0,29.4,0.0
101,2023,100,937.0,13.07,949.0,29.41,0.0
101,2023,100,938.0,13.07,925.0,29.51,0.0
101,2023,100,939.0,13.07,911.0,29.48,0.0
101,2023,100,940.0,13.07,907.0,29.49,0.0
101,2023,100,941.0,13.07,913.0,29.5,0.0
101,2023,100,942.0,13.07,928.0,29.55,0.0
101,2023,100,943.0,13.07,937.0,29.64,0.0
101,2023,100,944.0,13.07,940.0,29.8,0.0
101,2023,100,945.0,13.07,944.0,29.87,0.0
101,2023,100,946.0,13.07,950.0,29.87,0.0
101,2023,100,947.0,13.07,712.0,29.84,0.0
101,2023,100,948.0,13.07,432.3,29.68,0.0
101,2023,100,949.0,13.08,768.0,29.59,0.0
101,2023,100,950.0,13.07,984.0,29.76,0.0
101,2023,100,951.0,13.07,981.0,29.71,0.0
101,2023,100,952.0,13.08,853.0,29.59,0.0
101,2023,100,953.0,13.07,266.3,29.71,0.0
101,2023,100,954.0,13.08,268.3,29.56,0.0
101,2023,100,955.0,13.08,392.6,29.53,0.0
101,2023,100,956.0,13.08,742.0,29.55,0.0
101,2023,100,957.0,13.08,472.9,29.49,0.0
101,2023,100,958.0,13.08,1009.0,29.54,0.0
101,2023,100,959.0,13.08,1046.0,29.81,0.0
101,2023,100,1000.0,13.08,1043.0,29.96,0.0
101,2023,100,1001.0,13.08,1033.0,30.17,0.0
101,2023,100,1002.0,13.08,1022.0,30.19,0.0
101,2023,100,1003.0,13.08,1007.0,29.96,0.0
101,2023,100,1004.0,13.08,1005.0,30.15,0.0
101,2023,100,1005.0,13.08,899.0,30.29,0.0
101,2023,100,1006.0,13.08,433.0,30.25,0.0
101,2023,100,1007.0,13.08,262.8,29.95,0.0
101,2023,100,1008.0,13.08,613.2,29.74,0.0
101,2023,100,1009.0,13.08,821.0,29.69,0.0
101,2023,100,1010.0,13.08,756.0,29.79,0.0
101,2023,100,1011.0,13.08,1020.0,29.92,0.0
101,2023,100,1012.0,13.08,874.0,29.95,0.0
101,2023,100,1013.0,13.08,892.0,29.98,0.0
101,2023,100,1014.0,13.08,369.7,30.04,0.0
101,2023,100,1015.0,13.08,940.0,30.01,0.0
101,2023,100,1016.0,13.09,1069.0,30.12,0.0
101,2023,100,1017.0,13.08,839.0,30.11,0.0
101,2023,100,1018.0,13.08,884.0,30.09,0.0
101,2023,100,1019.0,13.08,1103.0,30.39,0.0
101,2023,100,1020.0,13.09,701.0,30.55,0.0
101,2023,100,1021.0,13.09,385.8,30.43,0.0
101,2023,100,1022.0,13.09,1033.0,30.39,0.0
101,2023,100,1023.0,13.08,1118.0,30.22,0.0
101,2023,100,1024.0,13.08,1076.0,30.13,0.0
101,2023,100,1025.0,13.08,1101.0,30.38,0.0
101,2023,100,1026.0,13.08,1083.0,30.61,0.0
101,2023,100,1027.0,13.08,1070.0,30.57,0.0
101,2023,100,1028.0,13.08,1075.0,30.53,0.0
101,2023,100,1029.0,13.08,1086.0,30.52,0.0
101,2023,100,1030.0,13.08,1094.0,30.61,0.0
101,2023,100,1031.0,13.08,1085.0,30.49,0.0
101,2023,100,1032.0,13.08,1079.0,30.57,0.0
101,2023,100,1033.0,13.08,1081.0,30.61,0.0
101,2023,100,1034.0,13.08,1096.0,30.45,0.0
101,2023,100,1035.0,13.08,934.0,30.34,0.0
101,2023,100,1036.0,13.08,754.0,30.24,0.0
101,2023,100,1037.0,13.08,364.5,30.22,0.0
101,2023,100,1038.0,13.08,355.1,30.04,0.0
101,2023,100,1039.0,13.08,349.9,30.05,0.0
101,2023,100,1040.0,13.08,464.0,30.07,0.0
101,2023,100,1041.0,13.08,1000.0,30.0,0.0
101,2023,100,1042.0,13.08,1038.0,30.1,0.0
101,2023,100,1043.0,13.08,481.0,30.15,0.0
101,2023,100,1044.0,13.08,350.1,30.33,0.0
101,2023,100,1045.0,13.08,579.9,30.21,0.0
101,2023,100,1046.0,13.08,880.0,30.21,0.0
101,2023,100,1047.0,13.08,1112.0,30.37,0.0
101,2023,100,1048.0,13.08,1129.0,30.69,0.0
101,2023,100,1049.0,13.08,1145.0,30.68,0.0
101,2023,100,1050.0,13.08,738.0,30.75,0.0
101,2023,100,1051.0,13.08,403.7,30.48,0.0
101,2023,100,1052.0,13.08,474.4,30.42,0.0
101,2023,100,1053.0,13.08,535.2,30.29,0.0
101,2023,100,1054.0,13.08,670.3,30.27,0.0
101,2023,100,1055.0,13.08,1154.0,30.32,0.0
101,2023,100,1056.0,13.08,1170.0,30.27,0.0
101,2023,100,1057.0,13.08,863.0,30.4,0.0
101,2023,100,1058.0,13.08,530.2,30.31,0.0
101,2023,100,1059.0,13.08,498.4,30.16,0.0
101,2023,100,1100.0,13.08,747.0,30.04,0.0
101,2023,100,1101.0,13.08,1084.0,30.08,0.0
101,2023,100,1102.0,13.08,1090.0,30.3,0.0
101,2023,100,1103.0,13.08,1015.0,30.43,0.0
101,2023,100,1104.0,13.08,904.0,30.54,0.0
101,2023,100,1105.0,13.08,1001.0,30.75,0.0
101,2023,100,1106.0,13.08,1066.0,30.69,0.0
101,2023,100,1107.0,13.08,1060.0,30.7,0.0
101,2023,100,1108.0,13.08,1058.0,30.71,0.0
101,2023,100,1109.0,13.08,1044.0,30.71,0.0
101,2023,100,1110.0,13.08,1073.0,30.66,0.0
101,2023,100,1111.0,13.08,1078.0,30.74,0.0
101,2023,100,1112.0,13.08,1074.0,30.84,0.0
101,2023,100,1113.0,13.08,705.0,30.87,0.0
101,2023,100,1114.0,13.08,424.3,30.9,0.0
101,2023,100,1115.0,13.08,438.9,30.8,0.0
101,2023,100,1116.0,13.08,1028.0,30.74,0.0
101,2023,100,1117.0,13.08,1079.0,30.9,0.0
101,2023,100,1118.0,13.08,984.0,30.98,0.0
101,2023,100,1119.0,13.08,357.2,30.73,0.0
101,2023,100,1120.0,13.08,871.0,30.54,0.0
101,2023,100,1121.0,13.08,1045.0,30.62,0.0
101,2023,100,1122.0,13.08,1039.0,30.65,0.0
101,2023,100,1123.0,13.08,1040.0,30.67,0.0
101,2023,100,1124.0,13.08,1050.0,30.76,0.0
101,2023,100,1125.0,13.08,1057.0,30.64,0.0
101,2023,100,1126.0,13.08,1053.0,30.69,0.0
101,2023,100,1127.0,13.08,1040.0,31.03,0.0
101,2023,100,1128.0,13.08,1036.0,31.23,0.0
101,2023,100,1129.0,13.08,1036.0,30.97,0.0
101,2023,100,1130.0,13.08,1036.0,30.89,0.0
101,2023,100,1131.0,13.08,1032.0,30.8,0.0
101,2023,100,1132.0,13.08,1027.0,30.76,0.0
101,2023,100,1133.0,13.08,1021.0,30.82,0.0
101,2023,100,1134.0,13.08,708.0,30.99,0.0
101,2023,100,1135.0,13.08,306.5,30.83,0.0
101,2023,100,1136.0,13.08,689.4,30.82,0.0
101,2023,100,1137.0,13.08,1022.0,30.89,0.0
101,2023,100,1138.0,13.08,1025.0,31.08,0.0
101,2023,100,1139.0,13.08,1023.0,31.01,0.0
101,2023,100,1140.0,13.08,1014.0,31.1,0.0
101,2023,100,1141.0,13.08,1007.0,31.06,0.0
101,2023,100,1142.0,13.08,1005.0,31.09,0.0
101,2023,100,1143.0,13.08,1008.0,31.09,0.0
101,2023,100,1144.0,13.09,1015.0,31.11,0.0
101,2023,100,1145.0,13.08,1018.0,30.94,0.0
101,2023,100,1146.0,13.08,1023.0,31.07,0.0
101,2023,100,1147.0,13.08,1026.0,31.32,0.0
101,2023,100,1148.0,13.08,1031.0,31.28,0.0
101,2023,100,1149.0,13.08,943.0,31.07,0.0
101,2023,100,1150.0,13.08,529.1,30.99,0.0
101,2023,100,1151.0,13.08,629.1,30.87,0.0
101,2023,100,1152.0,13.08,908.0,30.94,0.0
101,2023,100,1153.0,13.08,1004.0,30.95,0.0
101,2023,100,1154.0,13.08,1004.0,30.9,0.0
101,2023,100,1155.0,13.08,1007.0,30.92,0.0
101,2023,100,1156.0,13.08,1012.0,30.77,0.0
101,2023,100,1157.0,13.08,1015.0,30.83,0.0
101,2023,100,1158.0,13.08,1015.0,30.96,0.0
101,2023,100,1159.0,13.08,1014.0,31.04,0.0
101,2023,100,1200.0,13.08,1013.0,31.06,0.0
101,2023,100,1201.0,13.08,1022.0,31.17,0.0
101,2023,100,1202.0,13.08,1025.0,31.21,0.0
101,2023,100,1203.0,13.08,1021.0,31.3,0.0
101,2023,100,1204.0,13.08,1008.0,31.22,0.0
101,2023,100,1205.0,13.08,1034.0,30.9,0.0
101,2023,100,1206.0,13.08,1025.0,31.07,0.0
101,2023,100,1207.0,13.08,1023.0,31.21,0.0
101,2023,100,1208.0,13.08,1028.0,31.27,0.0
101,2023,100,1209.0,13.08,931.0,31.28,0.0
101,2023,100,1210.0,13.08,527.8,31.25,0.0
101,2023,100,1211.0,13.08,571.4,31.17,0.0
101,2023,100,1212.0,13.08,536.6,31.09,0.0
101,2023,100,1213.0,13.08,764.0,30.97,0.0
101,2023,100,1214.0,13.08,992.0,31.01,0.0
101,2023,100,1215.0,13.08,1023.0,30.98,0.0
101,2023,100,1216.0,13.08,1027.0,31.08,0.0
101,2023,100,1217.0,13.08,1026.0,31.04,0.0
101,2023,100,1218.0,13.08,1024.0,31.04,0.0
101,2023,100,1219.0,13.08,1024.0,31.13,0.0
101,2023,100,1220.0,13.08,1030.0,31.35,0.0
101,2023,100,1221.0,13.08,1039.0,31.58,0.0
101,2023,100,1222.0,13.07,1047.0,31.57,0.0
101,2023,100,1223.0,13.07,1053.0,31.58,0.0
101,2023,100,1224.0,13.07,1057.0,31.48,0.0
101,2023,100,1225.0,13.07,1063.0,31.45,0.0
101,2023,100,1226.0,13.07,1063.0,31.51,0.0
101,2023,100,1227.0,13.07,1062.0,31.46,0.0
101,2023,100,1228.0,13.07,1071.0,31.4,0.0
101,2023,100,1229.0,13.07,1071.0,31.46,0.0
101,2023,100,1230.0,13.07,1072.0,31.38,0.0
101,2023,100,1231.0,13.06,1068.0,31.18,0.0
101,2023,100,1232.0,13.06,1056.0,31.15,0.0
101,2023,100,1233.0,13.06,1044.0,31.14,0.0
101,2023,100,1234.0,13.06,1037.0,31.1,0.0
101,2023,100,1235.0,13.06,1045.0,31.29,0.0
101,2023,100,1236.0,13.06,1053.0,31.45,0.0
101,2023,100,1237.0,13.06,1049.0,31.42,0.0
101,2023,100,1238.0,13.06,1046.0,31.48,0.0
101,2023,100,1239.0,13.06,971.0,31.61,0.0
101,2023,100,1240.0,13.06,1003.0,31.61,0.0
101,2023,100,1241.0,13.06,1071.0,31.36,0.0
101,2023,100,1242.0,13.06,1092.0,31.23,0.0
101,2023,100,1243.0,13.05,1096.0,31.4,0.0
101,2023,100,1244.0,13.06,1088.0,31.42,0.0
101,2023,100,1245.0,13.05,1097.0,31.53,0.0
101,2023,100,1246.0,13.05,1094.0,31.87,0.0
101,2023,100,1247.0,13.05,1097.0,31.85,0.0
101,2023,100,1248.0,13.05,1099.0,31.73,0.0
101,2023,100,1249.0,13.05,1088.0,31.57,0.0
101,2023,100,1250.0,13.05,1083.0,31.39,0.0
101,2023,100,1251.0,13.05,1092.0,31.48,0.0
101,2023,100,1252.0,13.05,1102.0,31.38,0.0
101,2023,100,1253.0,13.04,1107.0,31.61,0.0
101,2023,100,1254.0,13.04,902.0,31.5,0.0
101,2023,100,1255.0,13.04,1058.0,31.37,0.0
101,2023,100,1256.0,13.04,1066.0,31.27,0.0
101,2023,100,1257.0,13.04,1041.0,31.34,0.0
101,2023,100,1258.0,13.04,1036.0,31.52,0.0
101,2023,100,1259.0,13.04,1046.0,31.5,0.0
101,2023,100,1300.0,13.04,1060.0,31.68,0.0
101,2023,100,1301.0,13.04,1005.0,31.72,0.0
101,2023,100,1302.0,13.04,637.2,31.58,0.0
101,2023,100,1303.0,13.04,393.8,31.28,0.0
101,2023,100,1304.0,13.04,346.7,31.2,0.0
101,2023,100,1305.0,13.04,744.0,31.11,0.0
101,2023,100,1306.0,13.04,695.4,31.17,0.0
101,2023,100,1307.0,13.04,811.0,31.1,0.0
101,2023,100,1308.0,13.04,832.0,31.07,0.0
101,2023,100,1309.0,13.04,403.8,31.07,0.0
101,2023,100,1310.0,13.04,745.0,31.05,0.0
101,2023,100,1311.0,13.05,989.0,31.1,0.0
101,2023,100,1312.0,13.05,996.0,31.1,0.0
101,2023,100,1313.0,13.05,987.0,31.17,0.0
101,2023,100,1314.0,13.04,956.0,31.2,0.0
101,2023,100,1315.0,13.04,983.0,31.25,0.0
101,2023,100,1316.0,13.04,980.0,31.23,0.0
101,2023,100,1317.0,13.05,795.0,31.28,0.0
101,2023,100,1318.0,13.05,925.0,31.35,0.0
101,2023,100,1319.0,13.04,922.0,31.1,0.0
101,2023,100,1320.0,13.05,933.0,31.06,0.0
101,2023,100,1321.0,13.04,949.0,31.01,0.0
101,2023,100,1322.0,13.04,961.0,31.09,0.0
101,2023,100,1323.0,13.04,969.0,31.08,0.0
101,2023,100,1324.0,13.04,973.0,31.25,0.0
101,2023,100,1325.0,13.04,976.0,31.17,0.0
101,2023,100,1326.0,13.04,986.0,31.28,0.0
101,2023,100,1327.0,13.04,993.0,31.23,0.0
101,2023,100,1328.0,13.04,995.0,31.21,0.0
101,2023,100,1329.0,13.04,652.3,31.38,0.0
101,2023,100,1330.0,13.04,901.0,31.27,0.0
101,2023,100,1331.0,13.04,973.0,31.12,0.0
101,2023,100,1332.0,13.04,972.0,31.25,0.0
101,2023,100,1333.0,13.04,969.0,31.22,0.0
101,2023,100,1334.0,13.04,963.0,31.09,0.0
101,2023,100,1335.0,13.04,953.0,31.09,0.0
101,2023,100,1336.0,13.04,950.0,31.16,0.0
101,2023,100,1337.0,13.04,944.0,31.32,0.0
101,2023,100,1338.0,13.04,935.0,31.34,0.0
101,2023,100,1339.0,13.04,924.0,31.34,0.0
101,2023,100,1340.0,13.04,914.0,31.38,0.0
101,2023,100,1341.0,13.04,904.0,31.45,0.0
101,2023,100,1342.0,13.04,894.0,31.15,0.0
101,2023,100,1343.0,13.04,891.0,31.13,0.0
101,2023,100,1344.0,13.04,886.0,31.05,0.0
101,2023,100,1345.0,13.04,877.0,31.08,0.0
101,2023,100,1346.0,13.04,868.0,31.23,0.0
101,2023,100,1347.0,13.04,860.0,31.15,0.0
101,2023,100,1348.0,13.04,857.0,31.23,0.0
101,2023,100,1349.0,13.04,853.0,31.25,0.0
101,2023,100,1350.0,13.04,859.0,31.34,0.0
101,2023,100,1351.0,13.03,856.0,31.22,0.0
101,2023,100,1352.0,13.04,691.1,31.12,0.0
101,2023,100,1353.0,13.04,695.2,30.97,0.0
101,2023,100,1354.0,13.04,827.0,30.89,0.0
101,2023,100,1355.0,13.04,828.0,30.8,0.0
101,2023,100,1356.0,13.04,824.0,30.77,0.0
101,2023,100,1357.0,13.04,820.0,30.78,0.0
101,2023,100,1358.0,13.04,817.0,30.86,0.0
101,2023,100,1359.0,13.04,814.0,30.97,0.0
101,2023,100,1400.0,13.04,813.0,31.06,0.0
101,2023,100,1401.0,13.04,811.0,31.07,0.0
101,2023,100,1402.0,13.04,810.0,31.23,0.0
101,2023,100,1403.0,13.04,809.0,31.37,0.0
101,2023,100,1404.0,13.04,807.0,31.41,0.0
101,2023,100,1405.0,13.04,806.0,31.32,0.0
101,2023,100,1406.0,13.04,803.0,31.2,0.0
101,2023,100,1407.0,13.04,800.0,31.25,0.0
101,2023,100,1408.0,13.04,796.0,31.26,0.0
101,2023,100,1409.0,13.04,792.0,31.28,0.0
101,2023,100,1410.0,13.04,789.0,31.31,0.0
101,2023,100,1411.0,13.04,787.0,31.41,0.0
101,2023,100,1412.0,13.04,785.0,31.24,0.0
101,2023,100,1413.0,13.04,784.0,31.17,0.0
101,2023,100,1414.0,13.04,782.0,31.02,0.0
101,2023,100,0.0,13.04,782.0,30.91,0.0
101,2023,100,1416.0,13.04,784.0,30.98,0.0
101,2023,100,1417.0,13.04,787.0,31.09,0.0
101,2023,100,1418.0,13.04,798.0,30.99,0.0
101,2023,100,1419.0,13.04,811.0,31.01,0.0
101,2023,100,1420.0,13.04,807.0,31.2,0.0
101,2023,100,1421.0,13.04,473.3,31.27,0.0
101,2023,100,1422.0,13.04,356.7,31.13,0.0
101,2023,100,1423.0,13.04,598.9,30.95,0.0
101,2023,100,1424.0,13.04,590.2,30.79,0.0
101,2023,100,1425.0,13.04,772.0,30.83,0.0
101,2023,100,1426.0,13.04,779.0,30.76,0.0
101,2023,100,1427.0,13.04,773.0,30.63,0.0
101,2023,100,1428.0,13.04,762.0,30.72,0.0
101,2023,100,1429.0,13.04,759.0,30.84,0.0
101,2023,100,1430.0,13.04,762.0,30.81,0.0
101,2023,100,1431.0,13.04,765.0,30.95,0.0
101,2023,100,1432.0,13.04,759.0,30.99,0.0
101,2023,100,1433.0,13.04,756.0,30.94,0.0
101,2023,100,1434.0,13.04,761.0,30.88,0.0
101,2023,100,1435.0,13.04,765.0,30.72,0.0
101,2023,100,1436.0,13.04,765.0,30.66,0.0
101,2023,100,1437.0,13.04,752.0,30.57,0.0
101,2023,100,1438.0,13.04,719.0,30.51,0.0
101,2023,100,1439.0,13.04,745.0,30.47,0.0
101,2023,100,1440.0,13.04,736.0,30.5,0.0
101,2023,100,1441.0,13.04,726.0,30.55,0.0
101,2023,100,1442.0,13.04,715.0,30.55,0.0
101,2023,100,1443.0,13.04,707.0,30.61,0.0
101,2023,100,1444.0,13.04,701.0,30.58,0.0
101,2023,100,1445.0,13.04,694.3,30.53,0.0
101,2023,100,1446.0,13.04,688.5,30.58,0.0
101,2023,100,1447.0,13.04,685.6,30.43,0.0
101,2023,100,1448.0,13.04,682.8,30.48,0.0
101,2023,100,1449.0,13.04,675.2,30.56,0.0
101,2023,100,1450.0,13.04,666.2,30.64,0.0
101,2023,100,1451.0,13.04,657.1,30.62,0.0
101,2023,100,1452.0,13.04,655.3,30.65,0.0
101,2023,100,1453.0,13.04,662.4,30.49,0.0
101,2023,100,1454.0,13.05,676.0,30.58,0.0
101,2023,100,1455.0,13.04,445.1,30.58,0.0
101,2023,100,1456.0,13.04,245.3,30.49,0.0
101,2023,100,1457.0,13.04,375.5,30.41,0.0
101,2023,100,1458.0,13.05,590.8,30.29,0.0
101,2023,100,1459.0,13.05,617.0,30.34,0.0
101,2023,100,1500.0,13.04,612.3,30.4,0.0
101,2023,100,1501.0,13.05,609.0,30.46,0.0
101,2023,100,1502.0,13.05,604.7,30.36,0.0
101,2023,100,1503.0,13.05,599.9,30.34,0.0
101,2023,100,1504.0,13.05,593.6,30.32,0.0
101,2023,100,1505.0,13.05,586.6,30.28,0.0
101,2023,100,1506.0,13.05,582.0,30.3,0.0
101,2023,100,1507.0,13.05,577.7,30.36,0.0
101,2023,100,1508.0,13.05,574.3,30.34,0.0
101,2023,100,1509.0,13.05,570.4,30.27,0.0
101,2023,100,1510.0,13.05,564.7,30.39,0.0
101,2023,100,1511.0,13.05,556.6,30.35,0.0
101,2023,100,1512.0,13.05,551.1,30.28,0.0
101,2023,100,1513.0,13.06,546.9,30.36,0.0
101,2023,100,1514.0,13.05,542.6,30.38,0.0
101,2023,100,1515.0,13.05,536.9,30.42,0.0
101,2023,100,1516.0,13.06,527.5,30.35,0.0
101,2023,100,1517.0,13.05,518.2,30.24,0.0
101,2023,100,1518.0,13.06,506.4,30.24,0.0
101,2023,100,1519.0,13.06,494.5,30.28,0.0
101,2023,100,1520.0,13.06,489.4,30.11,0.0
101,2023,100,1521.0,13.06,487.2,30.01,0.0
101,2023,100,1522.0,13.06,485.9,30.02,0.0
101,2023,100,1523.0,13.06,481.8,29.98,0.0
101,2023,100,1524.0,13.06,471.2,29.94,0.0
101,2023,100,1525.0,13.06,458.4,29.91,0.0
101,2023,100,1526.0,13.06,443.7,29.86,0.0
101,2023,100,1527.0,13.06,437.3,29.82,0.0
101,2023,100,1528.0,13.06,440.4,29.83,0.0
101,2023,100,1529.0,13.07,441.5,29.88,0.0
101,2023,100,1530.0,13.06,438.6,29.78,0.0
101,2023,100,1531.0,13.06,435.9,29.76,0.0
101,2023,100,1532.0,13.06,313.4,29.74,0.0
101,2023,100,1533.0,13.06,411.6,29.74,0.0
101,2023,100,1534.0,13.06,346.2,29.7,0.0
101,2023,100,1535.0,13.07,368.3,29.66,0.0
101,2023,100,1536.0,13.06,398.1,29.63,0.0
101,2023,100,1537.0,13.07,395.7,29.6,0.0
101,2023,100,1538.0,13.07,391.4,29.53,0.0
101,2023,100,1539.0,13.07,381.5,29.42,0.0
101,2023,100,1540.0,13.07,368.0,29.45,0.0
101,2023,100,1541.0,13.07,360.9,29.48,0.0
101,2023,100,1542.0,13.07,361.1,29.52,0.0
101,2023,100,1543.0,13.07,357.3,29.53,0.0
101,2023,100,1544.0,13.07,346.1,29.59,0.0
101,2023,100,1545.0,13.07,337.1,29.61,0.0
101,2023,100,1546.0,13.07,332.1,29.5,0.0
101,2023,100,1547.0,13.07,330.2,29.49,0.0
101,2023,100,1548.0,13.07,331.3,29.48,0.0
101,2023,100,1549.0,13.07,333.9,29.36,0.0
101,2023,100,1550.0,13.07,333.9,29.33,0.0
101,2023,100,1551.0,13.07,329.8,29.3,0.0
101,2023,100,1552.0,13.07,328.0,29.34,0.0
101,2023,100,1553.0,13.07,328.6,29.34,0.0
101,2023,100,1554.0,13.07,325.8,29.32,0.0
101,2023,100,1555.0,13.07,322.0,29.32,0.0
101,2023,100,1556.0,13.07,318.3,29.36,0.0
101,2023,100,1557.0,13.07,310.5,29.28,0.0
101,2023,100,1558.0,13.07,298.9,29.24,0.0
101,2023,100,1559.0,13.07,288.9,29.19,0.0
101,2023,100,1600.0,13.07,282.9,29.15,0.0
101,2023,100,1601.0,13.07,280.5,29.06,0.0
101,2023,100,1602.0,13.07,280.8,29.11,0.0
101,2023,100,1603.0,13.06,278.2,29.14,0.0
101,2023,100,1604.0,13.07,271.8,29.12,0.0
101,2023,100,1605.0,13.06,257.0,29.08,0.0
101,2023,100,1606.0,13.06,237.8,28.98,0.0
101,2023,100,1607.0,13.05,227.5,28.93,0.0
101,2023,100,1608.0,13.05,223.6,28.88,0.0
101,2023,100,1609.0,13.04,213.4,28.87,0.0
101,2023,100,1610.0,13.04,197.4,28.8,0.0
101,2023,100,1611.0,13.03,185.5,28.76,0.0
101,2023,100,1612.0,13.03,185.2,28.77,0.0
101,2023,100,1613.0,13.03,186.3,28.74,0.0
101,2023,100,1614.0,13.02,188.4,28.66,0.0
101,2023,100,1615.0,13.02,198.3,28.64,0.0
101,2023,100,1616.0,13.02,210.3,28.68,0.0
101,2023,100,1617.0,13.02,217.3,28.63,0.0
101,2023,100,1618.0,13.02,221.7,28.57,0.0
101,2023,100,1619.0,13.03,223.8,28.5,0.0
101,2023,100,1620.0,13.02,223.7,28.48,0.0
101,2023,100,1621.0,13.02,220.2,28.45,0.0
101,2023,100,1622.0,13.03,215.1,28.42,0.0
101,2023,100,1623.0,13.02,218.5,28.42,0.0
101,2023,100,1624.0,13.03,221.5,28.41,0.0
101,2023,100,1625.0,13.02,214.6,28.45,0.0
101,2023,100,1626.0,13.02,207.4,28.46,0.0
101,2023,100,1627.0,13.02,202.8,28.41,0.0
101,2023,100,1628.0,13.02,203.2,28.39,0.0
101,2023,100,1629.0,13.02,202.3,28.35,0.0
101,2023,100,1630.0,13.02,197.9,28.31,0.0
101,2023,100,1631.0,13.02,197.6,28.26,0.0
101,2023,100,1632.0,13.02,197.9,28.23,0.0
101,2023,100,1633.0,13.01,192.2,28.24,0.0
101,2023,100,1634.0,13.01,183.0,28.21,0.0
101,2023,100,1635.0,13.01,171.4,28.15,0.0
101,2023,100,1636.0,13.0,161.7,28.11,0.0
101,2023,100,1637.0,13.0,149.2,28.07,0.0
101,2023,100,1638.0,12.99,137.5,28.04,0.0
101,2023,100,1639.0,12.99,133.5,28.01,0.0
101,2023,100,1640.0,12.98,125.1,27.98,0.0
101,2023,100,1641.0,12.98,131.8,27.96,0.0
101,2023,100,1642.0,12.98,150.9,27.95,0.0
101,2023,100,1643.0,12.98,153.0,27.93,0.0
101,2023,100,1644.0,12.98,147.9,27.94,0.0
101,2023,100,1645.0,12.97,142.6,27.96,0.0
101,2023,100,1646.0,12.97,138.0,27.96,0.0
101,2023,100,1647.0,12.96,133.2,27.95,0.0
101,2023,100,1648.0,12.96,128.2,27.91,0.0
101,2023,100,1649.0,12.95,123.6,27.83,0.0
101,2023,100,1650.0,12.95,118.9,27.78,0.0
101,2023,100,1651.0,12.94,114.3,27.79,0.0
101,2023,100,1652.0,12.94,110.5,27.77,0.0
101,2023,100,1653.0,12.93,106.5,27.73,0.0
101,2023,100,1654.0,12.93,101.7,27.7,0.0
101,2023,100,1655.0,12.92,95.1,27.63,0.0
101,2023,100,1656.0,12.91,90.3,27.63,0.0
101,2023,100,1657.0,12.91,86.9,27.61,0.0
101,2023,100,1658.0,12.9,82.4,27.59,0.0
101,2023,100,1659.0,12.89,78.1,27.58,0.0
101,2023,100,1700.0,12.89,74.6,27.51,0.0
101,2023,100,1701.0,12.88,68.42,27.46,0.0
101,2023,100,1702.0,12.87,63.09,27.4,0.0
101,2023,100,1703.0,12.86,59.83,27.36,0.0
101,2023,100,1704.0,12.85,56.11,27.33,0.0
101,2023,100,1705.0,12.85,48.72,27.29,0.0
101,2023,100,1706.0,12.84,43.96,27.28,0.0
101,2023,100,1707.0,12.84,42.89,27.23,0.0
101,2023,100,1708.0,12.83,39.54,27.17,0.0
101,2023,100,1709.0,12.82,35.85,27.11,0.0
101,2023,100,1710.0,12.82,32.46,27.09,0.0
101,2023,100,1711.0,12.81,28.97,27.06,0.0
101,2023,100,1712.0,12.81,25.81,27.02,0.0
101,2023,100,1713.0,12.81,20.99,26.98,0.0
101,2023,100,1714.0,12.81,16.63,26.95,0.0
101,2023,100,1715.0,12.8,14.74,26.9,0.0
101,2023,100,1716.0,12.8,13.36,26.85,0.0
101,2023,100,1717.0,12.8,12.06,26.81,0.0
101,2023,100,1718.0,12.79,10.85,26.78,0.0
101,2023,100,1719.0,12.79,9.72,26.74,0.0
101,2023,100,1720.0,12.79,8.85,26.7,0.0
101,2023,100,1721.0,12.79,7.92,26.65,0.0
101,2023,100,1722.0,12.79,7.07,26.61,0.0
101,2023,100,1723.0,12.78,6.369,26.55,0.0
101,2023,100,1724.0,12.78,5.721,26.52,0.0
101,2023,100,1725.0,12.78,5.017,26.5,0.0
101,2023,100,1726.0,12.78,4.538,26.46,0.0
101,2023,100,1727.0,12.78,4.058,26.42,0.0
101,2023,100,1728.0,12.78,3.861,26.39,0.0
101,2023,100,1729.0,12.78,3.72,26.35,0.0
101,2023,100,1730.0,12.77,3.326,26.31,0.0
101,2023,100,1731.0,12.77,3.016,26.28,0.0
101,2023,100,1732.0,12.77,2.424,26.27,0.0
101,2023,100,1733.0,12.77,2.142,26.23,0.0
101,2023,100,1734.0,12.77,1.691,26.2,0.0
101,2023,100,1735.0,12.77,1.24,26.17,0.0
101,2023,100,1736.0,12.77,1.015,26.14,0.0
101,2023,100,1737.0,12.77,0.0,26.12,0.0
101,2023,100,1738.0,12.76,0.0,26.09,0.0
101,2023,100,1739.0,12.76,0.0,26.07,0.0
101,2023,100,1740.0,12.76,0.0,26.02,0.0
101,2023,100,1741.0,12.76,0.0,25.99,0.0
101,2023,100,1742.0,12.76,0.0,25.96,0.0
101,2023,100,1743.0,12.75,0.0,25.94,0.0
101,2023,100,1744.0,12.76,0.0,25.92,0.0
101,2023,100,1745.0,12.76,0.0,25.9,0.0
101,2023,100,1746.0,12.75,0.0,25.87,0.0
101,2023,100,1747.0,12.75,0.0,25.84,0.0
101,2023,100,1748.0,12.75,0.0,25.82,0.0
101,2023,100,1749.0,12.75,0.0,25.8,0.0
101,2023,100,1750.0,12.75,0.0,25.79,0.0
101,2023,100,1751.0,12.75,0.0,25.78,0.0
101,2023,100,1752.0,12.75,0.0,25.75,0.0
101,2023,100,1753.0,12.74,0.0,25.72,0.0
101,2023,100,1754.0,12.74,0.0,25.7,0.0
101,2023,100,1755.0,12.74,0.0,25.68,0.0
101,2023,100,1756.0,12.75,0.0,25.65,0.0
101,2023,100,1757.0,12.74,0.0,25.62,0.0
101,2023,100,1758.0,12.74,0.0,25.61,0.0
101,2023,100,1759.0,12.74,0.0,25.61,0.0
101,2023,100,1800.0,12.74,0.0,25.58,0.0
101,2023,100,1801.0,12.74,0.0,25.56,0.0
101,2023,100,1802.0,12.74,0.0,25.54,0.0
101,2023,100,1803.0,12.73,0.0,25.52,0.0
101,2023,100,1804.0,12.73,0.0,25.51,0.0
101,2023,100,1805.0,12.74,0.0,25.48,0.0
101,2023,100,1806.0,12.73,0.0,25.45,0.0
101,2023,100,1807.0,12.73,0.0,25.43,0.0
101,2023,100,1808.0,12.73,0.0,25.38,0.0
101,2023,100,1809.0,12.73,0.0,25.36,0.0
101,2023,100,1810.0,12.73,0.0,25.31,0.0
101,2023,100,1811.0,12.73,0.0,25.29,0.0
101,2023,100,1812.0,12.73,0.0,25.28,0.0
101,2023,100,1813.0,12.73,0.0,25.27,0.0
101,2023,100,1814.0,12.73,0.0,25.25,0.0
101,2023,100,1815.0,12.73,0.0,25.23,0.0
101,2023,100,1816.0,12.73,0.0,25.21,0.0
101,2023,100,1817.0,12.72,0.0,25.16,0.0
101,2023,100,1818.0,12.72,0.0,25.15,0.0
101,2023,100,1819.0,12.72,0.0,25.12,0.0
101,2023,100,1820.0,12.72,0.0,25.09,0.0
101,2023,100,1821.0,12.72,0.0,25.06,0.0
101,2023,100,1822.0,12.72,0.0,25.04,0.0
101,2023,100,1823.0,12.72,0.0,25.02,0.0
101,2023,100,1824.0,12.72,0.0,24.99,0.0
101,2023,100,1825.0,12.72,0.0,24.98,0.0
101,2023,100,1826.0,12.72,0.0,24.96,0.0
101,2023,100,1827.0,12.72,0.0,24.96,0.0
101,2023,100,1828.0,12.72,0.0,24.93,0.0
101,2023,100,1829.0,12.72,0.0,24.92,0.0
101,2023,100,1830.0,12.72,0.0,24.91,0.0
101,2023,100,1831.0,12.71,0.0,24.91,0.0
101,2023,100,1832.0,12.71,0.0,24.9,0.0
101,2023,100,1833.0,12.71,0.0,24.91,0.0
101,2023,100,1834.0,12.72,0.0,24.89,0.0
101,2023,100,1835.0,12.71,0.0,24.89,0.0
101,2023,100,1836.0,12.71,0.0,24.88,0.0
101,2023,100,1837.0,12.71,0.0,24.87,0.0
101,2023,100,1838.0,12.71,0.0,24.86,0.0
101,2023,100,1839.0,12.71,0.0,24.86,0.0
101,2023,100,1840.0,12.71,0.0,24.85,0.0
101,2023,100,1841.0,12.71,0.0,24.85,0.0
101,2023,100,1842.0,12.71,0.0,24.86,0.0
101,2023,100,1843.0,12.71,0.0,24.85,0.0
101,2023,100,1844.0,12.71,0.0,24.84,0.0
101,2023,100,1845.0,12.71,0.0,24.84,0.0
101,2023,100,1846.0,12.71,0.0,24.84,0.0
101,2023,100,1847.0,12.7,0.0,24.83,0.0
101,2023,100,1848.0,12.71,0.0,24.81,0.0
101,2023,100,1849.0,12.7,0.0,24.79,0.0
101,2023,100,1850.0,12.7,0.0,24.78,0.0
101,2023,100,1851.0,12.7,0.0,24.76,0.0
101,2023,100,1852.0,12.7,0.0,24.76,0.0
101,2023,100,1853.0,12.7,0.0,24.73,0.0
101,2023,100,1854.0,12.7,0.0,24.71,0.0
101,2023,100,1855.0,12.7,0.0,24.71,0.0
101,2023,100,1856.0,12.7,0.0,24.71,0.0
101,2023,100,1857.0,12.7,0.0,24.69,0.0
101,2023,100,1858.0,12.7,0.0,24.7,0.0
101,2023,100,1859.0,12.7,0.0,24.69,0.0
101,2023,100,1900.0,12.7,0.0,24.7,0.0
101,2023,100,1901.0,12.7,0.0,24.71,0.0
101,2023,100,1902.0,12.7,0.0,24.7,0.0
101,2023,100,1903.0,12.7,0.0,24.67,0.0
101,2023,100,1904.0,12.7,0.0,24.65,0.0
101,2023,100,1905.0,12.7,0.0,24.62,0.0
101,2023,100,1906.0,12.7,0.0,24.64,0.0
101,2023,100,1907.0,12.7,0.0,24.65,0.0
101,2023,100,1908.0,12.7,0.0,24.64,0.0
101,2023,100,1909.0,12.7,0.0,24.64,0.0
101,2023,100,1910.0,12.69,0.0,24.64,0.0
101,2023,100,1911.0,12.69,0.0,24.63,0.0
101,2023,100,1912.0,12.69,0.0,24.63,0.0
101,2023,100,1913.0,12.69,0.0,24.61,0.0
101,2023,100,1914.0,12.69,0.0,24.6,0.0
101,2023,100,1915.0,12.69,0.0,24.57,0.0
101,2023,100,1916.0,12.69,0.0,24.56,0.0
101,2023,100,1917.0,12.69,0.0,24.54,0.0
101,2023,100,1918.0,12.69,0.0,24.53,0.0
101,2023,100,1919.0,12.69,0.0,24.53,0.0
101,2023,100,1920.0,12.69,0.0,24.51,0.0
101,2023,100,1921.0,12.69,0.0,24.51,0.0
101,2023,100,1922.0,12.69,0.0,24.51,0.0
101,2023,100,1923.0,12.69,0.0,24.51,0.0
101,2023,100,1924.0,12.69,0.0,24.49,0.0
101,2023,100,1925.0,12.69,0.0,24.47,0.0
101,2023,100,1926.0,12.69,0.0,24.45,0.0
101,2023,100,1927.0,12.68,0.0,24.42,0.0
101,2023,100,1928.0,12.69,0.0,24.42,0.0
101,2023,100,1929.0,12.68,0.0,24.4,0.0
101,2023,100,1930.0,12.68,0.0,24.41,0.0
101,2023,100,1931.0,12.68,0.0,24.4,0.0
101,2023,100,1932.0,12.68,0.0,24.39,0.0
101,2023,100,1933.0,12.68,0.0,24.38,0.0
101,2023,100,1934.0,12.68,0.0,24.36,0.0
101,2023,100,1935.0,12.68,0.0,24.34,0.0
101,2023,100,1936.0,12.68,0.0,24.31,0.0
101,2023,100,1937.0,12.68,0.0,24.3,0.0
101,2023,100,1938.0,12.68,0.0,24.3,0.0
101,2023,100,1939.0,12.68,0.0,24.28,0.0
101,2023,100,1940.0,12.68,0.0,24.26,0.0
101,2023,100,1941.0,12.68,0.0,24.26,0.0
101,2023,100,1942.0,12.68,0.0,24.27,0.0
101,2023,100,1943.0,12.68,0.0,24.28,0.0
101,2023,100,1944.0,12.68,0.0,24.27,0.0
101,2023,100,1945.0,12.68,0.0,24.26,0.0
101,2023,100,1946.0,12.68,0.0,24.27,0.0
101,2023,100,1947.0,12.68,0.0,24.25,0.0
101,2023,100,1948.0,12.68,0.0,24.24,0.0
101,2023,100,1949.0,12.68,0.0,24.22,0.0
101,2023,100,1950.0,12.68,0.0,24.21,0.0
101,2023,100,1951.0,12.68,0.0,24.19,0.0
101,2023,100,1952.0,12.68,0.0,24.19,0.0
101,2023,100,1953.0,12.68,0.0,24.17,0.0
101,2023,100,1954.0,12.67,0.0,24.17,0.0
101,2023,100,1955.0,12.67,0.0,24.17,0.0
101,2023,100,1956.0,12.67,0.0,24.17,0.0
101,2023,100,1957.0,12.67,0.0,24.16,0.0
101,2023,100,1958.0,12.67,0.0,24.14,0.0
101,2023,100,1959.0,12.67,0.0,24.13,0.0
101,2023,100,2000.0,12.67,0.0,24.12,0.0
101,2023,100,2001.0,12.67,0.0,24.11,0.0
101,2023,100,2002.0,12.67,0.0,24.11,0.0
101,2023,100,2003.0,12.67,0.0,24.09,0.0
101,2023,100,2004.0,12.67,0.0,24.07,0.0
101,2023,100,2005.0,12.67,0.0,24.08,0.0
101,2023,100,2006.0,12.67,0.0,24.08,0.0
101,2023,100,2007.0,12.67,0.0,24.06,0.0
101,2023,100,2008.0,12.67,0.0,24.05,0.0
101,2023,100,2009.0,12.67,0.0,24.05,0.0
101,2023,100,2010.0,12.67,0.0,24.05,0.0
101,2023,100,2011.0,12.67,0.0,24.04,0.0
101,2023,100,2012.0,12.67,0.0,24.02,0.0
101,2023,100,2013.0,12.67,0.0,24.01,0.0
101,2023,100,2014.0,12.67,0.0,24.0,0.0
101,2023,100,2015.0,12.67,0.0,23.98,0.0
101,2023,100,2016.0,12.67,0.0,23.98,0.0
101,2023,100,2017.0,12.67,0.0,23.98,0.0
101,2023,100,2018.0,12.67,0.0,23.98,0.0
101,2023,100,2019.0,12.67,0.0,23.97,0.0
101,2023,100,2020.0,12.67,0.0,23.96,0.0
101,2023,100,2021.0,12.66,0.0,23.93,0.0
101,2023,100,2022.0,12.66,0.0,23.93,0.0
101,2023,100,2023.0,12.66,0.0,23.92,0.0
101,2023,100,2024.0,12.67,0.0,23.92,0.0
101,2023,100,2025.0,12.66,0.0,23.93,0.0
101,2023,100,2026.0,12.66,0.0,23.92,0.0
101,2023,100,2027.0,12.66,0.0,23.93,0.0
101,2023,100,2028.0,12.66,0.0,23.96,0.0
101,2023,100,2029.0,12.66,0.0,23.94,0.0
101,2023,100,2030.0,12.66,0.0,23.93,0.0
101,2023,100,2031.0,12.66,0.0,23.93,0.0
101,2023,100,2032.0,12.66,0.0,23.94,0.0
101,2023,100,2033.0,12.66,0.0,23.93,0.0
101,2023,100,2034.0,12.66,0.0,23.95,0.0
101,2023,100,2035.0,12.66,0.0,23.95,0.0
101,2023,100,2036.0,12.66,0.0,23.98,0.0
101,2023,100,2037.0,12.66,0.0,23.97,0.0
101,2023,100,2038.0,12.65,0.0,23.96,0.0
101,2023,100,2039.0,12.66,0.0,23.98,0.0
101,2023,100,2040.0,12.65,0.0,24.0,0.0
101,2023,100,2041.0,12.65,0.0,23.99,0.0
101,2023,100,2042.0,12.65,0.0,23.99,0.0
101,2023,100,2043.0,12.65,0.0,24.01,0.0
101,2023,100,2044.0,12.65,0.0,24.01,0.0
101,2023,100,2045.0,12.65,0.0,24.01,0.0
101,2023,100,2046.0,12.65,0.0,23.99,0.0
101,2023,100,2047.0,12.65,0.0,23.97,0.0
101,2023,100,2048.0,12.65,0.0,23.97,0.0
101,2023,100,2049.0,12.65,0.0,23.96,0.0
101,2023,100,2050.0,12.65,0.0,23.94,0.0
101,2023,100,2051.0,12.65,0.0,23.93,0.0
101,2023,100,2052.0,12.65,0.0,23.92,0.0
101,2023,100,2053.0,12.65,0.0,23.92,0.0
101,2023,100,2054.0,12.65,0.0,23.91,0.0
101,2023,100,2055.0,12.65,0.0,23.92,0.0
101,2023,100,2056.0,12.65,0.0,23.93,0.0
101,2023,100,2057.0,12.65,0.0,23.91,0.0
101,2023,100,2058.0,12.65,0.0,23.92,0.0
101,2023,100,2059.0,12.65,0.0,23.92,0.0
101,2023,100,2100.0,12.65,0.0,23.9,0.0
101,2023,100,2101.0,12.65,0.0,23.88,0.0
101,2023,100,2102.0,12.65,0.0,23.85,0.0
101,2023,100,2103.0,12.65,0.0,23.8,0.0
101,2023,100,2104.0,12.65,0.0,23.82,0.0
101,2023,100,2105.0,12.65,0.0,23.81,0.0
101,2023,100,2106.0,12.65,0.0,23.78,0.0
101,2023,100,2107.0,12.65,0.0,23.78,0.0
101,2023,100,2108.0,12.65,0.0,23.77,0.0
101,2023,100,2109.0,12.65,0.0,23.75,0.0
101,2023,100,2110.0,12.64,0.0,23.74,0.0
101,2023,100,2111.0,12.65,0.0,23.75,0.0
101,2023,100,2112.0,12.64,0.0,23.76,0.0
101,2023,100,2113.0,12.64,0.0,23.77,0.0
101,2023,100,2114.0,12.64,0.0,23.79,0.0
101,2023,100,2115.0,12.64,0.0,23.81,0.0
101,2023,100,2116.0,12.64,0.0,23.83,0.0
101,2023,100,2117.0,12.64,0.0,23.82,0.0
101,2023,100,2118.0,12.64,0.0,23.81,0.0
101,2023,100,2119.0,12.64,0.0,23.81,0.0
101,2023,100,2120.0,12.64,0.0,23.8,0.0
101,2023,100,2121.0,12.64,0.0,23.8,0.0
101,2023,100,2122.0,12.64,0.0,23.79,0.0
101,2023,100,2123.0,12.64,0.0,23.8,0.0
101,2023,100,2124.0,12.64,0.0,23.79,0.0
101,2023,100,2125.0,12.64,0.0,23.76,0.0
101,2023,100,2126.0,12.64,0.0,23.72,0.0
101,2023,100,2127.0,12.64,0.0,23.73,0.0
101,2023,100,2128.0,12.64,0.0,23.72,0.0
101,2023,100,2129.0,12.64,0.0,23.72,0.0
101,2023,100,2130.0,12.64,0.0,23.71,0.0
101,2023,100,2131.0,12.64,0.0,23.71,0.0
101,2023,100,2132.0,12.63,0.0,23.71,0.0
101,2023,100,2133.0,12.63,0.0,23.72,0.0
101,2023,100,2134.0,12.63,0.0,23.72,0.0
101,2023,100,2135.0,12.63,0.0,23.72,0.0
101,2023,100,2136.0,12.64,0.0,23.71,0.0
101,2023,100,2137.0,12.64,0.0,23.71,0.0
101,2023,100,2138.0,12.63,0.0,23.72,0.0
101,2023,100,2139.0,12.63,0.0,23.72,0.0
101,2023,100,2140.0,12.63,0.0,23.71,0.0
101,2023,100,2141.0,12.63,0.0,23.71,0.0
101,2023,100,2142.0,12.63,0.0,23.71,0.0
101,2023,100,2143.0,12.63,0.0,23.73,0.0
101,2023,100,2144.0,12.63,0.0,23.74,0.0
101,2023,100,2145.0,12.63,0.0,23.74,0.0
101,2023,100,2146.0,12.63,0.0,23.73,0.0
101,2023,100,2147.0,12.63,0.0,23.72,0.0
101,2023,100,2148.0,12.63,0.0,23.72,0.0
101,2023,100,2149.0,12.63,0.0,23.72,0.0
101,2023,100,2150.0,12.63,0.0,23.7,0.0
101,2023,100,2151.0,12.63,0.0,23.7,0.0
101,2023,100,2152.0,12.63,0.0,23.68,0.0
101,2023,100,2153.0,12.63,0.0,23.69,0.0
101,2023,100,2154.0,12.63,0.0,23.7,0.0
101,2023,100,2155.0,12.63,0.0,23.7,0.0
101,2023,100,2156.0,12.63,0.0,23.71,0.0
101,2023,100,2157.0,12.63,0.0,23.73,0.0
101,2023,100,2158.0,12.63,0.0,23.72,0.0
101,2023,100,2159.0,12.63,0.0,23.71,0.0
101,2023,100,2200.0,12.63,0.0,23.71,0.0
101,2023,100,2201.0,12.63,0.0,23.71,0.0
101,2023,100,2202.0,12.63,0.0,23.71,0.0
101,2023,100,2203.0,12.63,0.0,23.73,0.0
101,2023,100,2204.0,12.63,0.0,23.76,0.0
101,2023,100,2205.0,12.63,0.0,23.75,0.0
101,2023,100,2206.0,12.63,0.0,23.73,0.0
101,2023,100,2207.0,12.62,0.0,23.65,0.0
101,2023,100,2208.0,12.63,0.0,23.61,0.0
101,2023,100,2209.0,12.62,0.0,23.61,0.0
101,2023,100,2210.0,12.62,0.0,23.61,0.0
101,2023,100,2211.0,12.63,0.0,23.6,0.0
101,2023,100,2212.0,12.63,0.0,23.59,0.0
101,2023,100,2213.0,12.62,0.0,23.57,0.0
101,2023,100,2214.0,12.63,0.0,23.56,0.0
101,2023,100,2215.0,12.62,0.0,23.54,0.0
101,2023,100,2216.0,12.62,0.0,23.47,0.0
101,2023,100,2217.0,12.63,0.0,23.39,0.0
101,2023,100,2218.0,12.62,0.0,23.39,0.0
101,2023,100,2219.0,12.62,0.0,23.38,0.0
101,2023,100,2220.0,12.62,0.0,23.37,0.0
101,2023,100,2221.0,12.62,0.0,23.36,0.0
101,2023,100,2222.0,12.62,0.0,23.36,0.0
101,2023,100,2223.0,12.62,0.0,23.38,0.0
101,2023,100,2224.0,12.62,0.0,23.38,0.0
101,2023,100,2225.0,12.62,0.0,23.38,0.0
101,2023,100,2226.0,12.62,0.0,23.34,0.0
101,2023,100,2227.0,12.62,0.0,23.33,0.0
101,2023,100,2228.0,12.62,0.0,23.33,0.0
101,2023,100,2229.0,12.62,0.0,23.31,0.0
101,2023,100,2230.0,12.62,0.0,23.31,0.0
101,2023,100,2231.0,12.62,0.0,23.31,0.0
101,2023,100,2232.0,12.62,0.0,23.33,0.0
101,2023,100,2233.0,12.62,0.0,23.33,0.0
101,2023,100,2234.0,12.62,0.0,23.32,0.0
101,2023,100,2235.0,12.62,0.0,23.31,0.0
101,2023,100,2236.0,12.62,0.0,23.29,0.0
101,2023,100,2237.0,12.62,0.0,23.27,0.0
101,2023,100,2238.0,12.62,0.0,23.24,0.0
101,2023,100,2239.0,12.61,0.0,23.22,0.0
101,2023,100,2240.0,12.61,0.0,23.2,0.0
101,2023,100,2241.0,12.61,0.0,23.18,0.0
101,2023,100,2242.0,12.62,0.0,23.17,0.0
101,2023,100,2243.0,12.62,0.0,23.26,0.0
101,2023,100,2244.0,12.62,0.0,23.32,0.0
101,2023,100,2245.0,12.62,0.0,23.33,0.0
101,2023,100,2246.0,12.61,0.0,23.31,0.0
101,2023,100,2247.0,12.61,0.0,23.3,0.0
101,2023,100,2248.0,12.62,0.0,23.26,0.0
101,2023,100,2249.0,12.62,0.0,23.25,0.0
101,2023,100,2250.0,12.61,0.0,23.25,0.0
101,2023,100,2251.0,12.61,0.0,23.28,0.0
101,2023,100,2252.0,12.61,0.0,23.3,0.0
101,2023,100,2253.0,12.61,0.0,23.31,0.0
101,2023,100,2254.0,12.61,0.0,23.29,0.0
101,2023,100,2255.0,12.61,0.0,23.26,0.0
101,2023,100,2256.0,12.61,0.0,23.22,0.0
101,2023,100,2257.0,12.61,0.0,23.09,0.0
101,2023,100,2258.0,12.61,0.0,22.92,0.0
101,2023,100,2259.0,12.61,0.0,22.86,0.0
101,2023,100,2300.0,12.61,0.0,22.78,0.0
101,2023,100,2301.0,12.61,0.0,22.82,0.0
101,2023,100,2302.0,12.61,0.0,22.82,0.0
101,2023,100,2303.0,12.61,0.0,22.79,0.0
101,2023,100,2304.0,12.61,0.0,22.81,0.0
101,2023,100,2305.0,12.61,0.0,22.84,0.0
101,2023,100,2306.0,12.61,0.0,22.88,0.0
101,2023,100,2307.0,12.61,0.0,22.91,0.0
101,2023,100,2308.0,12.61,0.0,22.91,0.0
101,2023,100,2309.0,12.61,0.0,22.93,0.0
101,2023,100,2310.0,12.61,0.0,22.92,0.0
101,2023,100,2311.0,12.61,0.0,22.91,0.0
101,2023,100,2312.0,12.61,0.0,22.9,0.0
101,2023,100,2313.0,12.61,0.0,22.89,0.0
101,2023,100,2314.0,12.61,0.0,22.89,0.0
101,2023,100,2315.0,12.61,0.0,22.87,0.0
101,2023,100,2316.0,12.61,0.0,22.87,0.0
101,2023,100,2317.0,12.61,0.0,22.88,0.0
101,2023,100,2318.0,12.6,0.0,22.89,0.0
101,2023,100,2319.0,12.61,0.0,22.92,0.0
101,2023,100,2320.0,12.6,0.0,22.93,0.0
101,2023,100,2321.0,12.6,0.0,22.93,0.0
101,2023,100,2322.0,12.6,0.0,22.94,0.0
101,2023,100,2323.0,12.61,0.0,22.95,0.0
101,2023,100,2324.0,12.6,0.0,22.94,0.0
101,2023,100,2325.0,12.6,0.0,22.93,0.0
101,2023,100,2326.0,12.6,0.0,22.95,0.0
101,2023,100,2327.0,12.61,0.0,22.95,0.0
101,2023,100,2328.0,12.61,0.0,22.98,0.0
101,2023,100,2329.0,12.6,0.0,23.0,0.0
101,2023,100,2330.0,12.6,0.0,23.02,0.0
101,2023,100,2331.0,12.6,0.0,23.04,0.0
101,2023,100,2332.0,12.6,0.0,23.05,0.0
101,2023,100,2333.0,12.6,0.0,23.07,0.0
101,2023,100,2334.0,12.6,0.0,23.07,0.0
101,2023,100,2335.0,12.6,0.0,23.05,0.0
101,2023,100,2336.0,12.6,0.0,23.05,0.0
101,2023,100,2337.0,12.6,0.0,23.05,0.0
101,2023,100,2338.0,12.6,0.0,23.05,0.0
101,2023,100,2339.0,12.6,0.0,23.05,0.0
101,2023,100,2340.0,12.6,0.0,23.03,0.0
101,2023,100,2341.0,12.6,0.0,23.04,0.0
101,2023,100,2342.0,12.6,0.0,23.06,0.0
101,2023,100,2343.0,12.6,0.0,23.05,0.0
101,2023,100,2344.0,12.6,0.0,23.06,0.0
101,2023,100,2345.0,12.6,0.0,23.08,0.0
101,2023,100,2346.0,12.6,0.0,23.1,0.0
101,2023,100,2347.0,12.6,0.0,23.12,0.0
101,2023,100,2348.0,12.6,0.0,23.13,0.0
101,2023,100,2349.0,12.6,0.0,23.13,0.0
101,2023,100,2350.0,12.6,0.0,23.15,0.0
101,2023,100,2351.0,12.59,0.0,23.14,0.0
101,2023,100,2352.0,12.6,0.0,23.15,0.0
101,2023,100,2353.0,12.6,0.0,23.15,0.0
101,2023,100,2354.0,12.6,0.0,23.15,0.0
101,2023,100,2355.0,12.6,0.0,23.14,0.0
101,2023,100,2356.0,12.6,0.0,23.12,0.0
101,2023,100,2357.0,12.6,0.0,23.08,0.0
101,2023,100,2358.0,12.59,0.0,23.06,0.0
101,2023,100,2359.0,12.59,0.0,23.02,0.0
