a,b,dia_juliano,d,e,f,g,h
101,2023,117,2400.0,12.65,0.0,23.33,0.0
101,2023,117,1.0,12.65,0.0,23.29,0.0
101,2023,117,2.0,12.64,0.0,23.29,0.0
101,2023,117,3.0,12.65,0.0,23.3,0.0
101,2023,117,4.0,12.64,0.0,23.31,0.0
101,2023,117,5.0,12.64,0.0,23.31,0.0
101,2023,117,6.0,12.64,0.0,23.31,0.0
101,2023,117,7.0,12.65,0.0,23.3,0.0
101,2023,117,8.0,12.64,0.0,23.29,0.0
101,2023,117,9.0,12.64,0.0,23.29,0.0
101,2023,117,10.0,12.65,0.0,23.29,0.0
101,2023,117,11.0,12.64,0.0,23.3,0.0
101,2023,117,12.0,12.64,0.0,23.33,0.0
101,2023,117,13.0,12.64,0.0,23.33,0.0
101,2023,117,14.0,12.64,0.0,23.33,0.0
101,2023,117,15.0,12.64,0.0,23.34,0.0
101,2023,117,16.0,12.64,0.0,23.36,0.0
101,2023,117,17.0,12.64,0.0,23.36,0.0
101,2023,117,18.0,12.64,0.0,23.35,0.0
101,2023,117,19.0,12.64,0.0,23.36,0.0
101,2023,117,20.0,12.64,0.0,23.35,0.0
101,2023,117,21.0,12.64,0.0,23.34,0.0
101,2023,117,22.0,12.64,0.0,23.36,0.0
101,2023,117,23.0,12.64,0.0,23.37,0.0
101,2023,117,24.0,12.64,0.0,23.39,0.0
101,2023,117,25.0,12.64,0.0,23.42,0.0
101,2023,117,26.0,12.64,0.0,23.43,0.0
101,2023,117,27.0,12.64,0.0,23.43,0.0
101,2023,117,28.0,12.64,0.0,23.41,0.0
101,2023,117,29.0,12.64,0.0,23.41,0.0
101,2023,117,30.0,12.64,0.0,23.4,0.0
101,2023,117,31.0,12.64,0.0,23.4,0.0
101,2023,117,32.0,12.64,0.0,23.4,0.0
101,2023,117,33.0,12.64,0.0,23.41,0.0
101,2023,117,34.0,12.64,0.0,23.41,0.0
101,2023,117,35.0,12.64,0.0,23.42,0.0
101,2023,117,36.0,12.64,0.0,23.43,0.0
101,2023,117,37.0,12.64,0.0,23.44,0.0
101,2023,117,38.0,12.64,0.0,23.44,0.0
101,2023,117,39.0,12.64,0.0,23.41,0.0
101,2023,117,40.0,12.64,0.0,23.4,0.0
101,2023,117,41.0,12.64,0.0,23.39,0.0
101,2023,117,42.0,12.64,0.0,23.37,0.0
101,2023,117,43.0,12.64,0.0,23.33,0.0
101,2023,117,44.0,12.64,0.0,23.31,0.0
101,2023,117,45.0,12.64,0.0,23.28,0.0
101,2023,117,46.0,12.64,0.0,23.25,0.0
101,2023,117,47.0,12.64,0.0,23.21,0.0
101,2023,117,48.0,12.64,0.0,23.19,0.0
101,2023,117,49.0,12.64,0.0,23.17,0.0
101,2023,117,50.0,12.64,0.0,23.13,0.0
101,2023,117,51.0,12.64,0.0,23.09,0.0
101,2023,117,52.0,12.64,0.0,23.07,0.0
101,2023,117,53.0,12.64,0.0,23.06,0.0
101,2023,117,54.0,12.64,0.0,23.06,0.0
101,2023,117,55.0,12.64,0.0,23.06,0.0
101,2023,117,56.0,12.64,0.0,23.04,0.0
101,2023,117,57.0,12.64,0.0,23.04,0.0
101,2023,117,58.0,12.64,0.0,23.04,0.0
101,2023,117,59.0,12.64,0.0,23.03,0.0
101,2023,117,100.0,12.64,0.0,23.02,0.0
101,2023,117,101.0,12.64,0.0,23.02,0.0
101,2023,117,102.0,12.63,0.0,23.03,0.0
101,2023,117,103.0,12.64,0.0,23.02,0.0
101,2023,117,104.0,12.64,0.0,23.0,0.0
101,2023,117,105.0,12.64,0.0,22.99,0.0
101,2023,117,106.0,12.64,0.0,22.97,0.0
101,2023,117,107.0,12.64,0.0,22.96,0.0
101,2023,117,108.0,12.63,0.0,22.94,0.0
101,2023,117,109.0,12.63,0.0,22.94,0.0
101,2023,117,110.0,12.63,0.0,22.95,0.0
101,2023,117,111.0,12.64,0.0,22.94,0.0
101,2023,117,112.0,12.63,0.0,22.95,0.0
101,2023,117,113.0,12.64,0.0,22.97,0.0
101,2023,117,114.0,12.63,0.0,22.96,0.0
101,2023,117,115.0,12.63,0.0,22.95,0.0
101,2023,117,116.0,12.63,0.0,22.96,0.0
101,2023,117,117.0,12.63,0.0,22.95,0.0
101,2023,117,118.0,12.63,0.0,22.96,0.0
101,2023,117,119.0,12.63,0.0,22.96,0.0
101,2023,117,120.0,12.63,0.0,22.96,0.0
101,2023,117,121.0,12.63,0.0,22.97,0.0
101,2023,117,122.0,12.63,0.0,22.97,0.0
101,2023,117,123.0,12.64,0.0,22.96,0.0
101,2023,117,124.0,12.63,0.0,22.97,0.0
101,2023,117,125.0,12.63,0.0,22.96,0.0
101,2023,117,126.0,12.63,0.0,22.97,0.0
101,2023,117,127.0,12.63,0.0,22.97,0.0
101,2023,117,128.0,12.63,0.0,22.98,0.0
101,2023,117,129.0,12.63,0.0,22.99,0.0
101,2023,117,130.0,12.63,0.0,23.0,0.0
101,2023,117,131.0,12.63,0.0,23.0,0.0
101,2023,117,132.0,12.63,0.0,23.02,0.0
101,2023,117,133.0,12.63,0.0,23.07,0.0
101,2023,117,134.0,12.63,0.0,23.15,0.0
101,2023,117,135.0,12.63,0.0,23.19,0.0
101,2023,117,136.0,12.63,0.0,23.21,0.0
101,2023,117,137.0,12.63,0.0,23.21,0.0
101,2023,117,138.0,12.63,0.0,23.2,0.0
101,2023,117,139.0,12.63,0.0,23.2,0.0
101,2023,117,140.0,12.63,0.0,23.19,0.0
101,2023,117,141.0,12.63,0.0,23.19,0.0
101,2023,117,142.0,12.63,0.0,23.19,0.0
101,2023,117,143.0,12.63,0.0,23.19,0.0
101,2023,117,144.0,12.63,0.0,23.19,0.0
101,2023,117,145.0,12.63,0.0,23.19,0.0
101,2023,117,146.0,12.63,0.0,23.19,0.0
101,2023,117,147.0,12.63,0.0,23.16,0.0
101,2023,117,148.0,12.63,0.0,23.14,0.0
101,2023,117,149.0,12.63,0.0,23.14,0.0
101,2023,117,150.0,12.63,0.0,23.13,0.0
101,2023,117,151.0,12.63,0.0,23.11,0.0
101,2023,117,152.0,12.63,0.0,23.1,0.0
101,2023,117,153.0,12.63,0.0,23.09,0.0
101,2023,117,154.0,12.63,0.0,23.09,0.0
101,2023,117,155.0,12.63,0.0,23.09,0.0
101,2023,117,156.0,12.62,0.0,23.1,0.0
101,2023,117,157.0,12.62,0.0,23.11,0.0
101,2023,117,158.0,12.63,0.0,23.11,0.0
101,2023,117,159.0,12.63,0.0,23.11,0.0
101,2023,117,200.0,12.63,0.0,23.11,0.0
101,2023,117,201.0,12.63,0.0,23.12,0.0
101,2023,117,202.0,12.63,0.0,23.11,0.0
101,2023,117,203.0,12.63,0.0,23.11,0.0
101,2023,117,204.0,12.63,0.0,23.12,0.0
101,2023,117,205.0,12.63,0.0,23.12,0.0
101,2023,117,206.0,12.62,0.0,23.12,0.0
101,2023,117,207.0,12.63,0.0,23.12,0.0
101,2023,117,208.0,12.62,0.0,23.12,0.0
101,2023,117,209.0,12.62,0.0,23.11,0.0
101,2023,117,210.0,12.63,0.0,23.11,0.0
101,2023,117,211.0,12.62,0.0,23.11,0.0
101,2023,117,212.0,12.62,0.0,23.1,0.0
101,2023,117,213.0,12.62,0.0,23.1,0.0
101,2023,117,214.0,12.62,0.0,23.09,0.0
101,2023,117,215.0,12.63,0.0,23.11,0.0
101,2023,117,216.0,12.62,0.0,23.1,0.0
101,2023,117,217.0,12.63,0.0,23.09,0.0
101,2023,117,218.0,12.62,0.0,23.09,0.0
101,2023,117,219.0,12.62,0.0,23.09,0.0
101,2023,117,220.0,12.62,0.0,23.09,0.0
101,2023,117,221.0,12.62,0.0,23.09,0.0
101,2023,117,222.0,12.62,0.0,23.09,0.0
101,2023,117,223.0,12.62,0.0,23.09,0.0
101,2023,117,224.0,12.62,0.0,23.09,0.0
101,2023,117,225.0,12.62,0.0,23.09,0.0
101,2023,117,226.0,12.62,0.0,23.09,0.0
101,2023,117,227.0,12.62,0.0,23.09,0.0
101,2023,117,228.0,12.62,0.0,23.09,0.0
101,2023,117,229.0,12.62,0.0,23.08,0.0
101,2023,117,230.0,12.62,0.0,23.09,0.0
101,2023,117,231.0,12.62,0.0,23.07,0.0
101,2023,117,232.0,12.62,0.0,23.06,0.0
101,2023,117,233.0,12.62,0.0,23.06,0.0
101,2023,117,234.0,12.62,0.0,23.05,0.0
101,2023,117,235.0,12.62,0.0,23.05,0.0
101,2023,117,236.0,12.62,0.0,23.05,0.0
101,2023,117,237.0,12.62,0.0,23.04,0.0
101,2023,117,238.0,12.62,0.0,23.04,0.0
101,2023,117,239.0,12.62,0.0,23.05,0.0
101,2023,117,240.0,12.62,0.0,23.04,0.0
101,2023,117,241.0,12.62,0.0,23.04,0.0
101,2023,117,242.0,12.62,0.0,23.04,0.0
101,2023,117,243.0,12.62,0.0,23.04,0.0
101,2023,117,244.0,12.62,0.0,23.02,0.0
101,2023,117,245.0,12.62,0.0,22.99,0.0
101,2023,117,246.0,12.62,0.0,22.99,0.0
101,2023,117,247.0,12.62,0.0,22.97,0.0
101,2023,117,248.0,12.62,0.0,22.95,0.0
101,2023,117,249.0,12.62,0.0,22.94,0.0
101,2023,117,250.0,12.61,0.0,22.94,0.0
101,2023,117,251.0,12.61,0.0,22.93,0.0
101,2023,117,252.0,12.62,0.0,22.92,0.0
101,2023,117,253.0,12.62,0.0,22.92,0.0
101,2023,117,254.0,12.62,0.0,22.92,0.0
101,2023,117,255.0,12.62,0.0,22.92,0.0
101,2023,117,256.0,12.61,0.0,22.91,0.0
101,2023,117,257.0,12.62,0.0,22.91,0.0
101,2023,117,258.0,12.61,0.0,22.91,0.0
101,2023,117,259.0,12.62,0.0,22.92,0.0
101,2023,117,300.0,12.61,0.0,22.92,0.0
101,2023,117,301.0,12.62,0.0,22.94,0.0
101,2023,117,302.0,12.61,0.0,22.96,0.0
101,2023,117,303.0,12.61,0.0,22.96,0.0
101,2023,117,304.0,12.61,0.0,22.97,0.0
101,2023,117,305.0,12.61,0.0,22.98,0.0
101,2023,117,306.0,12.61,0.0,22.99,0.0
101,2023,117,307.0,12.61,0.0,23.01,0.0
101,2023,117,308.0,12.61,0.0,23.02,0.0
101,2023,117,309.0,12.61,0.0,23.04,0.0
101,2023,117,310.0,12.61,0.0,23.04,0.0
101,2023,117,311.0,12.61,0.0,23.04,0.0
101,2023,117,312.0,12.61,0.0,23.03,0.0
101,2023,117,313.0,12.61,0.0,23.04,0.0
101,2023,117,314.0,12.61,0.0,23.04,0.0
101,2023,117,315.0,12.61,0.0,23.05,0.0
101,2023,117,316.0,12.61,0.0,23.04,0.0
101,2023,117,317.0,12.61,0.0,23.04,0.0
101,2023,117,318.0,12.61,0.0,23.04,0.0
101,2023,117,319.0,12.61,0.0,23.04,0.0
101,2023,117,320.0,12.61,0.0,23.03,0.0
101,2023,117,321.0,12.61,0.0,23.03,0.0
101,2023,117,322.0,12.61,0.0,23.02,0.0
101,2023,117,323.0,12.61,0.0,23.01,0.0
101,2023,117,324.0,12.61,0.0,23.0,0.0
101,2023,117,325.0,12.61,0.0,22.99,0.0
101,2023,117,326.0,12.61,0.0,22.98,0.0
101,2023,117,327.0,12.61,0.0,22.97,0.0
101,2023,117,328.0,12.61,0.0,22.96,0.0
101,2023,117,329.0,12.61,0.0,22.96,0.0
101,2023,117,330.0,12.61,0.0,22.94,0.0
101,2023,117,331.0,12.6,0.0,22.93,0.0
101,2023,117,332.0,12.61,0.0,22.92,0.0
101,2023,117,333.0,12.61,0.0,22.91,0.0
101,2023,117,334.0,12.6,0.0,22.89,0.0
101,2023,117,335.0,12.61,0.0,22.89,0.0
101,2023,117,336.0,12.61,0.0,22.89,0.0
101,2023,117,337.0,12.6,0.0,22.89,0.0
101,2023,117,338.0,12.61,0.0,22.89,0.0
101,2023,117,339.0,12.6,0.0,22.88,0.0
101,2023,117,340.0,12.61,0.0,22.88,0.0
101,2023,117,341.0,12.6,0.0,22.87,0.0
101,2023,117,342.0,12.6,0.0,22.87,0.0
101,2023,117,343.0,12.6,0.0,22.87,0.0
101,2023,117,344.0,12.6,0.0,22.87,0.0
101,2023,117,345.0,12.6,0.0,22.87,0.0
101,2023,117,346.0,12.6,0.0,22.87,0.0
101,2023,117,347.0,12.6,0.0,22.87,0.0
101,2023,117,348.0,12.6,0.0,22.87,0.0
101,2023,117,349.0,12.6,0.0,22.86,0.0
101,2023,117,350.0,12.6,0.0,22.86,0.0
101,2023,117,351.0,12.6,0.0,22.86,0.0
101,2023,117,352.0,12.6,0.0,22.88,0.0
101,2023,117,353.0,12.6,0.0,22.9,0.0
101,2023,117,354.0,12.6,0.0,22.9,0.0
101,2023,117,355.0,12.6,0.0,22.89,0.0
101,2023,117,356.0,12.6,0.0,22.89,0.0
101,2023,117,357.0,12.6,0.0,22.89,0.0
101,2023,117,358.0,12.6,0.0,22.9,0.0
101,2023,117,359.0,12.6,0.0,22.9,0.0
101,2023,117,400.0,12.6,0.0,22.9,0.0
101,2023,117,401.0,12.6,0.0,22.92,0.0
101,2023,117,402.0,12.6,0.0,22.92,0.0
101,2023,117,403.0,12.6,0.0,22.92,0.0
101,2023,117,404.0,12.6,0.0,22.92,0.0
101,2023,117,405.0,12.6,0.0,22.92,0.0
101,2023,117,406.0,12.6,0.0,22.92,0.0
101,2023,117,407.0,12.6,0.0,22.92,0.0
101,2023,117,408.0,12.59,0.0,22.93,0.0
101,2023,117,409.0,12.6,0.0,22.94,0.0
101,2023,117,410.0,12.6,0.0,22.94,0.0
101,2023,117,411.0,12.6,0.0,22.94,0.0
101,2023,117,412.0,12.6,0.0,22.94,0.0
101,2023,117,413.0,12.59,0.0,22.95,0.0
101,2023,117,414.0,12.6,0.0,22.95,0.0
101,2023,117,415.0,12.59,0.0,22.95,0.0
101,2023,117,416.0,12.59,0.0,22.96,0.0
101,2023,117,417.0,12.6,0.0,22.98,0.0
101,2023,117,418.0,12.59,0.0,23.02,0.0
101,2023,117,419.0,12.59,0.0,23.03,0.0
101,2023,117,420.0,12.59,0.0,23.03,0.0
101,2023,117,421.0,12.59,0.0,23.04,0.0
101,2023,117,422.0,12.59,0.0,23.04,0.0
101,2023,117,423.0,12.59,0.0,23.04,0.0
101,2023,117,424.0,12.6,0.0,23.04,0.0
101,2023,117,425.0,12.59,0.0,23.04,0.0
101,2023,117,426.0,12.59,0.0,23.03,0.0
101,2023,117,427.0,12.59,0.0,23.02,0.0
101,2023,117,428.0,12.59,0.0,23.02,0.0
101,2023,117,429.0,12.59,0.0,23.02,0.0
101,2023,117,430.0,12.59,0.0,23.04,0.0
101,2023,117,431.0,12.59,0.0,23.04,0.0
101,2023,117,432.0,12.59,0.0,23.04,0.0
101,2023,117,433.0,12.59,0.0,23.03,0.0
101,2023,117,434.0,12.59,0.0,23.04,0.0
101,2023,117,435.0,12.59,0.0,23.04,0.0
101,2023,117,436.0,12.59,0.0,23.05,0.0
101,2023,117,437.0,12.59,0.0,23.04,0.0
101,2023,117,438.0,12.59,0.0,23.03,0.0
101,2023,117,439.0,12.59,0.0,23.03,0.0
101,2023,117,440.0,12.59,0.0,23.04,0.0
101,2023,117,441.0,12.59,0.0,23.04,0.0
101,2023,117,442.0,12.59,0.0,23.04,0.0
101,2023,117,443.0,12.59,0.0,23.04,0.0
101,2023,117,444.0,12.59,0.0,23.03,0.0
101,2023,117,445.0,12.59,0.0,23.03,0.0
101,2023,117,446.0,12.59,0.0,23.03,0.0
101,2023,117,447.0,12.59,0.0,23.03,0.0
101,2023,117,448.0,12.59,0.0,23.04,0.0
101,2023,117,449.0,12.59,0.0,23.04,0.0
101,2023,117,450.0,12.58,0.0,23.03,0.0
101,2023,117,451.0,12.58,0.0,23.03,0.0
101,2023,117,452.0,12.58,0.0,23.02,0.0
101,2023,117,453.0,12.59,0.0,23.02,0.0
101,2023,117,454.0,12.59,0.0,23.02,0.0
101,2023,117,455.0,12.58,0.0,23.02,0.0
101,2023,117,456.0,12.58,0.0,23.02,0.0
101,2023,117,457.0,12.58,0.0,23.02,0.0
101,2023,117,458.0,12.58,0.0,23.0,0.0
101,2023,117,459.0,12.58,0.0,22.99,0.0
101,2023,117,500.0,12.58,0.0,22.97,0.0
101,2023,117,501.0,12.58,0.0,22.95,0.0
101,2023,117,502.0,12.58,0.0,22.95,0.0
101,2023,117,503.0,12.58,0.0,22.95,0.0
101,2023,117,504.0,12.58,0.0,22.94,0.0
101,2023,117,505.0,12.58,0.0,22.94,0.0
101,2023,117,506.0,12.58,0.0,22.94,0.0
101,2023,117,507.0,12.58,0.0,22.94,0.0
101,2023,117,508.0,12.58,0.0,22.94,0.0
101,2023,117,509.0,12.58,0.0,22.97,0.0
101,2023,117,510.0,12.58,0.0,22.98,0.0
101,2023,117,511.0,12.58,0.0,22.99,0.0
101,2023,117,512.0,12.58,0.0,22.99,0.0
101,2023,117,513.0,12.58,0.0,22.99,0.0
101,2023,117,514.0,12.58,0.0,23.0,0.0
101,2023,117,515.0,12.58,0.0,23.0,0.0
101,2023,117,516.0,12.58,0.0,23.0,0.0
101,2023,117,517.0,12.58,0.0,23.01,0.0
101,2023,117,518.0,12.58,0.931,23.04,0.0
101,2023,117,519.0,12.58,1.015,23.03,0.0
101,2023,117,520.0,12.58,1.015,23.03,0.0
101,2023,117,521.0,12.58,1.043,23.01,0.0
101,2023,117,522.0,12.58,1.297,22.99,0.0
101,2023,117,523.0,12.58,1.664,23.0,0.0
101,2023,117,524.0,12.58,1.692,23.0,0.0
101,2023,117,525.0,12.58,1.692,23.0,0.0
101,2023,117,526.0,12.58,2.002,23.0,0.0
101,2023,117,527.0,12.57,2.284,23.0,0.0
101,2023,117,528.0,12.57,2.369,22.99,0.0
101,2023,117,529.0,12.57,2.397,22.99,0.0
101,2023,117,530.0,12.58,2.735,23.0,0.0
101,2023,117,531.0,12.57,3.046,23.01,0.0
101,2023,117,532.0,12.57,3.299,23.01,0.0
101,2023,117,533.0,12.58,3.722,23.01,0.0
101,2023,117,534.0,12.57,4.033,23.02,0.0
101,2023,117,535.0,12.58,4.371,23.01,0.0
101,2023,117,536.0,12.57,4.935,23.01,0.0
101,2023,117,537.0,12.57,5.442,23.01,0.0
101,2023,117,538.0,12.57,5.95,23.01,0.0
101,2023,117,539.0,12.57,6.091,23.01,0.0
101,2023,117,540.0,12.57,6.345,23.02,0.0
101,2023,117,541.0,12.57,6.768,23.02,0.0
101,2023,117,542.0,12.57,7.02,23.02,0.0
101,2023,117,543.0,12.57,7.36,23.02,0.0
101,2023,117,544.0,12.57,7.44,23.02,0.0
101,2023,117,545.0,12.57,7.9,23.03,0.0
101,2023,117,546.0,12.57,8.15,23.03,0.0
101,2023,117,547.0,12.57,8.69,23.05,0.0
101,2023,117,548.0,12.57,8.8,23.07,0.0
101,2023,117,549.0,12.57,8.4,23.09,0.0
101,2023,117,550.0,12.57,7.81,23.11,0.0
101,2023,117,551.0,12.57,6.739,23.11,0.0
101,2023,117,552.0,12.57,5.245,23.11,0.0
101,2023,117,553.0,12.57,4.484,23.12,0.0
101,2023,117,554.0,12.57,4.935,23.14,0.0
101,2023,117,555.0,12.57,5.781,23.15,0.0
101,2023,117,556.0,12.57,6.542,23.16,0.0
101,2023,117,557.0,12.57,6.768,23.14,0.0
101,2023,117,558.0,12.57,6.768,23.15,0.0
101,2023,117,559.0,12.57,6.768,23.17,0.0
101,2023,117,600.0,12.57,7.11,23.19,0.0
101,2023,117,601.0,12.57,7.44,23.19,0.0
101,2023,117,602.0,12.57,7.44,23.19,0.0
101,2023,117,603.0,12.57,7.44,23.2,0.0
101,2023,117,604.0,12.57,7.59,23.21,0.0
101,2023,117,605.0,12.57,7.47,23.21,0.0
101,2023,117,606.0,12.57,7.16,23.21,0.0
101,2023,117,607.0,12.57,7.02,23.21,0.0
101,2023,117,608.0,12.57,6.683,23.21,0.0
101,2023,117,609.0,12.57,6.176,23.21,0.0
101,2023,117,610.0,12.57,6.514,23.21,0.0
101,2023,117,611.0,12.57,7.16,23.21,0.0
101,2023,117,612.0,12.57,8.29,23.21,0.0
101,2023,117,613.0,12.57,9.59,23.21,0.0
101,2023,117,614.0,12.57,10.66,23.2,0.0
101,2023,117,615.0,12.57,11.79,23.2,0.0
101,2023,117,616.0,12.57,13.76,23.2,0.0
101,2023,117,617.0,12.57,14.89,23.19,0.0
101,2023,117,618.0,12.57,16.13,23.2,0.0
101,2023,117,619.0,12.57,17.0,23.2,0.0
101,2023,117,620.0,12.57,17.09,23.19,0.0
101,2023,117,621.0,12.57,17.23,23.19,0.0
101,2023,117,622.0,12.57,17.0,23.21,0.0
101,2023,117,623.0,12.57,16.19,23.21,0.0
101,2023,117,624.0,12.57,14.83,23.21,0.0
101,2023,117,625.0,12.57,13.31,23.21,0.0
101,2023,117,626.0,12.57,12.86,23.21,0.0
101,2023,117,627.0,12.57,12.86,23.21,0.0
101,2023,117,628.0,12.57,12.86,23.22,0.0
101,2023,117,629.0,12.57,12.46,23.23,0.0
101,2023,117,630.0,12.56,12.13,23.24,0.0
101,2023,117,631.0,12.57,12.18,23.27,0.0
101,2023,117,632.0,12.56,13.79,23.3,0.0
101,2023,117,633.0,12.56,15.51,23.31,0.0
101,2023,117,634.0,12.56,15.76,23.31,0.0
101,2023,117,635.0,12.57,15.14,23.31,0.0
101,2023,117,636.0,12.56,14.89,23.31,0.0
101,2023,117,637.0,12.57,14.78,23.32,0.0
101,2023,117,638.0,12.56,13.87,23.33,0.0
101,2023,117,639.0,12.57,13.79,23.32,0.0
101,2023,117,640.0,12.57,16.27,23.33,0.0
101,2023,117,641.0,12.57,21.04,23.31,0.0
101,2023,117,642.0,12.59,25.38,23.32,0.0
101,2023,117,643.0,12.6,29.3,23.31,0.0
101,2023,117,644.0,12.61,32.65,23.29,0.0
101,2023,117,645.0,12.63,36.85,23.3,0.0
101,2023,117,646.0,12.66,42.72,23.33,0.0
101,2023,117,647.0,12.69,49.15,23.36,0.0
101,2023,117,648.0,12.73,55.35,23.36,0.0
101,2023,117,649.0,12.76,61.3,23.32,0.0
101,2023,117,650.0,12.8,67.2,23.34,0.0
101,2023,117,651.0,12.84,72.4,23.36,0.0
101,2023,117,652.0,12.88,76.2,23.4,0.0
101,2023,117,653.0,12.92,78.3,23.37,0.0
101,2023,117,654.0,12.96,83.1,23.35,0.0
101,2023,117,655.0,13.02,93.5,23.36,0.0
101,2023,117,656.0,13.07,101.9,23.4,0.0
101,2023,117,657.0,13.14,108.0,23.47,0.0
101,2023,117,658.0,13.21,113.2,23.45,0.0
101,2023,117,659.0,13.23,126.9,23.52,0.0
101,2023,117,700.0,13.24,160.2,23.44,0.0
101,2023,117,701.0,13.23,186.3,23.37,0.0
101,2023,117,702.0,13.23,181.5,23.45,0.0
101,2023,117,703.0,13.23,162.6,23.48,0.0
101,2023,117,704.0,13.23,168.6,23.52,0.0
101,2023,117,705.0,13.23,191.2,23.5,0.0
101,2023,117,706.0,13.23,163.7,23.64,0.0
101,2023,117,707.0,13.23,182.0,23.7,0.0
101,2023,117,708.0,13.23,221.3,23.8,0.0
101,2023,117,709.0,13.23,224.4,24.03,0.0
101,2023,117,710.0,13.23,208.7,24.18,0.0
101,2023,117,711.0,13.23,181.2,23.96,0.0
101,2023,117,712.0,13.23,191.3,23.72,0.0
101,2023,117,713.0,13.22,245.9,23.76,0.0
101,2023,117,714.0,13.22,263.1,23.57,0.0
101,2023,117,715.0,13.22,273.7,23.66,0.0
101,2023,117,716.0,13.22,235.2,23.72,0.0
101,2023,117,717.0,13.22,247.6,23.74,0.0
101,2023,117,718.0,13.22,246.4,23.74,0.0
101,2023,117,719.0,13.22,246.3,23.76,0.0
101,2023,117,720.0,13.22,205.2,23.84,0.0
101,2023,117,721.0,13.22,184.2,23.83,0.0
101,2023,117,722.0,13.22,203.1,24.02,0.0
101,2023,117,723.0,13.22,214.7,24.01,0.0
101,2023,117,724.0,13.22,197.3,23.97,0.0
101,2023,117,725.0,13.22,167.8,23.99,0.0
101,2023,117,726.0,13.22,146.7,24.02,0.0
101,2023,117,727.0,13.22,130.1,23.86,0.0
101,2023,117,728.0,13.22,119.6,23.67,0.0
101,2023,117,729.0,13.22,111.0,23.65,0.0
101,2023,117,730.0,13.22,105.7,23.65,0.0
101,2023,117,731.0,13.22,101.7,23.73,0.0
101,2023,117,732.0,13.21,100.7,23.63,0.0
101,2023,117,733.0,13.21,100.0,23.67,0.0
101,2023,117,734.0,13.2,98.0,23.76,0.0
101,2023,117,735.0,13.2,95.8,23.72,0.0
101,2023,117,736.0,13.19,94.2,23.71,0.0
101,2023,117,737.0,13.18,92.6,23.69,0.0
101,2023,117,738.0,13.17,90.5,23.74,0.0
101,2023,117,739.0,13.15,86.5,23.78,0.0
101,2023,117,740.0,13.14,79.7,23.77,0.0
101,2023,117,741.0,13.12,72.0,23.71,0.0
101,2023,117,742.0,13.1,65.84,23.68,0.0
101,2023,117,743.0,13.08,60.26,23.55,0.0
101,2023,117,744.0,13.06,55.07,23.64,0.0
101,2023,117,745.0,13.04,49.35,23.7,0.0
101,2023,117,746.0,13.03,45.15,23.56,0.0
101,2023,117,747.0,13.02,42.52,23.52,0.0
101,2023,117,748.0,13.01,41.87,23.49,0.0
101,2023,117,749.0,13.01,44.16,23.48,0.0
101,2023,117,750.0,13.0,47.82,23.55,0.0
101,2023,117,751.0,12.99,49.83,23.58,0.0
101,2023,117,752.0,12.98,46.98,23.49,0.0
101,2023,117,753.0,12.97,42.13,23.49,0.0
101,2023,117,754.0,12.96,38.66,23.48,0.0
101,2023,117,755.0,12.96,38.63,23.44,0.0
101,2023,117,756.0,12.96,41.4,23.38,0.0
101,2023,117,757.0,12.96,44.84,23.34,0.0
101,2023,117,758.0,12.96,47.99,23.38,0.0
101,2023,117,759.0,12.97,50.7,23.36,0.0
101,2023,117,800.0,12.97,53.58,23.37,0.0
101,2023,117,801.0,12.97,54.62,23.29,0.0
101,2023,117,802.0,12.98,56.28,23.25,0.0
101,2023,117,803.0,12.98,56.96,23.25,0.0
101,2023,117,804.0,12.99,58.77,23.26,0.0
101,2023,117,805.0,12.99,60.49,23.27,0.0
101,2023,117,806.0,13.0,63.05,23.24,0.0
101,2023,117,807.0,13.0,65.11,23.24,0.0
101,2023,117,808.0,13.01,65.39,23.22,0.0
101,2023,117,809.0,13.0,63.02,23.15,0.0
101,2023,117,810.0,13.01,60.77,23.1,0.0
101,2023,117,811.0,13.01,63.0,22.94,0.0
101,2023,117,812.0,13.03,65.76,22.83,0.0
101,2023,117,813.0,13.04,67.0,22.79,0.0
101,2023,117,814.0,13.04,67.28,22.76,0.0
101,2023,117,815.0,13.06,70.1,22.6,0.0
101,2023,117,816.0,13.08,76.1,22.65,0.0
101,2023,117,817.0,13.1,81.4,22.74,0.0
101,2023,117,818.0,13.12,86.7,22.82,0.0
101,2023,117,819.0,13.14,91.2,22.88,0.0
101,2023,117,820.0,13.16,94.6,22.88,0.0
101,2023,117,821.0,13.18,97.9,22.94,0.0
101,2023,117,822.0,13.19,102.0,22.97,0.0
101,2023,117,823.0,13.21,105.8,23.01,0.0
101,2023,117,824.0,13.23,111.1,23.06,0.0
101,2023,117,825.0,13.23,117.2,23.06,0.0
101,2023,117,826.0,13.23,122.2,23.11,0.0
101,2023,117,827.0,13.23,126.7,23.2,0.0
101,2023,117,828.0,13.23,130.9,23.19,0.0
101,2023,117,829.0,13.23,135.5,23.19,0.0
101,2023,117,830.0,13.23,142.8,23.2,0.0
101,2023,117,831.0,13.23,150.3,23.12,0.0
101,2023,117,832.0,13.23,157.6,23.09,0.0
101,2023,117,833.0,13.23,164.2,23.13,0.0
101,2023,117,834.0,13.23,170.7,23.23,0.0
101,2023,117,835.0,13.23,176.2,23.3,0.0
101,2023,117,836.0,13.23,180.9,23.35,0.0
101,2023,117,837.0,13.23,185.5,23.42,0.0
101,2023,117,838.0,13.23,191.0,23.45,0.0
101,2023,117,839.0,13.23,196.9,23.54,0.0
101,2023,117,840.0,13.23,201.9,23.4,0.0
101,2023,117,841.0,13.23,204.3,23.32,0.0
101,2023,117,842.0,13.23,206.8,23.39,0.0
101,2023,117,843.0,13.23,210.1,23.39,0.0
101,2023,117,844.0,13.23,212.8,23.46,0.0
101,2023,117,845.0,13.23,213.8,23.47,0.0
101,2023,117,846.0,13.23,213.1,23.52,0.0
101,2023,117,847.0,13.23,213.2,23.61,0.0
101,2023,117,848.0,13.23,213.7,23.63,0.0
101,2023,117,849.0,13.23,215.2,23.63,0.0
101,2023,117,850.0,13.23,217.0,23.73,0.0
101,2023,117,851.0,13.23,218.4,23.66,0.0
101,2023,117,852.0,13.22,219.0,23.65,0.0
101,2023,117,853.0,13.23,222.6,23.69,0.0
101,2023,117,854.0,13.23,227.4,23.69,0.0
101,2023,117,855.0,13.22,231.7,23.78,0.0
101,2023,117,856.0,13.22,237.0,23.94,0.0
101,2023,117,857.0,13.22,243.5,24.08,0.0
101,2023,117,858.0,13.22,250.4,24.1,0.0
101,2023,117,859.0,13.22,258.5,24.13,0.0
101,2023,117,900.0,13.22,265.2,24.2,0.0
101,2023,117,901.0,13.22,269.3,24.23,0.0
101,2023,117,902.0,13.22,271.4,24.25,0.0
101,2023,117,903.0,13.22,270.1,24.15,0.0
101,2023,117,904.0,13.22,265.2,24.21,0.0
101,2023,117,905.0,13.22,258.9,24.31,0.0
101,2023,117,906.0,13.22,253.5,24.37,0.0
101,2023,117,907.0,13.22,255.2,24.13,0.0
101,2023,117,908.0,13.22,259.6,24.09,0.0
101,2023,117,909.0,13.22,260.1,24.19,0.0
101,2023,117,910.0,13.22,263.1,24.23,0.0
101,2023,117,911.0,13.22,271.2,24.21,0.0
101,2023,117,912.0,13.22,276.1,24.26,0.0
101,2023,117,913.0,13.22,279.7,24.3,0.0
101,2023,117,914.0,13.22,285.8,24.41,0.0
101,2023,117,915.0,13.22,290.9,24.55,0.0
101,2023,117,916.0,13.21,293.5,24.53,0.0
101,2023,117,917.0,13.21,300.0,24.45,0.0
101,2023,117,918.0,13.22,309.3,24.38,0.0
101,2023,117,919.0,13.21,322.3,24.41,0.0
101,2023,117,920.0,13.21,341.5,24.46,0.0
101,2023,117,921.0,13.21,356.8,24.54,0.0
101,2023,117,922.0,13.21,367.3,24.59,0.0
101,2023,117,923.0,13.21,370.1,24.51,0.0
101,2023,117,924.0,13.21,377.7,24.58,0.0
101,2023,117,925.0,13.21,401.2,24.51,0.0
101,2023,117,926.0,13.21,445.0,24.58,0.0
101,2023,117,927.0,13.21,562.9,24.63,0.0
101,2023,117,928.0,13.21,716.0,24.82,0.0
101,2023,117,929.0,13.21,837.0,24.84,0.0
101,2023,117,930.0,13.21,731.0,25.08,0.0
101,2023,117,931.0,13.2,656.2,25.15,0.0
101,2023,117,932.0,13.2,598.7,25.28,0.0
101,2023,117,933.0,13.2,613.3,25.43,0.0
101,2023,117,934.0,13.2,656.0,25.39,0.0
101,2023,117,935.0,13.2,815.0,25.5,0.0
101,2023,117,936.0,13.2,912.0,25.55,0.0
101,2023,117,937.0,13.19,1064.0,25.69,0.0
101,2023,117,938.0,13.19,1125.0,25.79,0.0
101,2023,117,939.0,13.19,1067.0,25.91,0.0
101,2023,117,940.0,13.19,1047.0,26.06,0.0
101,2023,117,941.0,13.19,1146.0,26.24,0.0
101,2023,117,942.0,13.18,1152.0,26.36,0.0
101,2023,117,943.0,13.18,1057.0,26.46,0.0
101,2023,117,944.0,13.18,840.0,26.66,0.0
101,2023,117,945.0,13.18,810.0,26.87,0.0
101,2023,117,946.0,13.17,772.0,26.96,0.0
101,2023,117,947.0,13.17,890.0,27.03,0.0
101,2023,117,948.0,13.17,910.0,27.24,0.0
101,2023,117,949.0,13.17,795.0,27.18,0.0
101,2023,117,950.0,13.17,859.0,27.38,0.0
101,2023,117,951.0,13.17,1014.0,27.49,0.0
101,2023,117,952.0,13.17,1015.0,27.73,0.0
101,2023,117,953.0,13.17,961.0,27.92,0.0
101,2023,117,954.0,13.16,893.0,28.02,0.0
101,2023,117,955.0,13.17,843.0,27.92,0.0
101,2023,117,956.0,13.17,838.0,28.14,0.0
101,2023,117,957.0,13.16,831.0,28.13,0.0
101,2023,117,958.0,13.16,655.4,27.94,0.0
101,2023,117,959.0,13.16,525.7,27.99,0.0
101,2023,117,1000.0,13.16,469.3,28.02,0.0
101,2023,117,1001.0,13.16,450.6,27.86,0.0
101,2023,117,1002.0,13.16,431.2,27.76,0.0
101,2023,117,1003.0,13.16,422.4,27.7,0.0
101,2023,117,1004.0,13.16,426.8,27.69,0.0
101,2023,117,1005.0,13.16,439.8,27.76,0.0
101,2023,117,1006.0,13.16,486.1,27.77,0.0
101,2023,117,1007.0,13.16,542.0,27.78,0.0
101,2023,117,1008.0,13.16,483.8,27.74,0.0
101,2023,117,1009.0,13.16,416.9,27.64,0.0
101,2023,117,1010.0,13.16,436.3,27.64,0.0
101,2023,117,1011.0,13.16,410.5,27.78,0.0
101,2023,117,1012.0,13.16,413.2,27.81,0.0
101,2023,117,1013.0,13.16,423.0,27.63,0.0
101,2023,117,1014.0,13.16,411.6,27.5,0.0
101,2023,117,1015.0,13.16,392.4,27.54,0.0
101,2023,117,1016.0,13.16,368.7,27.62,0.0
101,2023,117,1017.0,13.16,347.8,27.71,0.0
101,2023,117,1018.0,13.16,301.5,27.65,0.0
101,2023,117,1019.0,13.16,242.0,27.66,0.0
101,2023,117,1020.0,13.16,201.8,27.62,0.0
101,2023,117,1021.0,13.16,171.9,27.61,0.0
101,2023,117,1022.0,13.16,148.5,27.57,0.0
101,2023,117,1023.0,13.16,131.0,27.41,0.0
101,2023,117,1024.0,13.16,120.0,27.25,0.0
101,2023,117,1025.0,13.16,112.3,27.11,0.0
101,2023,117,1026.0,13.16,107.3,26.99,0.0
101,2023,117,1027.0,13.16,105.4,26.8,0.0
101,2023,117,1028.0,13.16,106.7,26.73,0.0
101,2023,117,1029.0,13.16,112.5,26.69,0.0
101,2023,117,1030.0,13.16,120.9,26.76,0.0
101,2023,117,1031.0,13.16,129.8,26.77,0.0
101,2023,117,1032.0,13.16,149.0,26.82,0.0
101,2023,117,1033.0,13.16,179.6,26.83,0.0
101,2023,117,1034.0,13.17,220.5,26.86,0.0
101,2023,117,1035.0,13.16,269.6,26.88,0.0
101,2023,117,1036.0,13.17,350.1,26.97,0.0
101,2023,117,1037.0,13.16,408.4,27.08,0.0
101,2023,117,1038.0,13.16,461.6,27.12,0.0
101,2023,117,1039.0,13.16,521.1,27.13,0.0
101,2023,117,1040.0,13.16,459.7,27.13,0.0
101,2023,117,1041.0,13.16,396.4,27.24,0.0
101,2023,117,1042.0,13.16,340.7,27.2,0.0
101,2023,117,1043.0,13.16,292.7,27.21,0.0
101,2023,117,1044.0,13.16,252.4,27.26,0.0
101,2023,117,1045.0,13.16,226.6,27.26,0.0
101,2023,117,1046.0,13.16,217.0,27.31,0.0
101,2023,117,1047.0,13.16,214.8,27.3,0.0
101,2023,117,1048.0,13.16,215.0,27.35,0.0
101,2023,117,1049.0,13.16,208.0,27.4,0.0
101,2023,117,1050.0,13.16,199.0,27.4,0.0
101,2023,117,1051.0,13.16,195.0,27.25,0.0
101,2023,117,1052.0,13.17,214.8,26.99,0.0
101,2023,117,1053.0,13.16,255.2,26.93,0.0
101,2023,117,1054.0,13.17,308.0,26.86,0.0
101,2023,117,1055.0,13.17,358.7,26.86,0.0
101,2023,117,1056.0,13.17,407.5,26.89,0.0
101,2023,117,1057.0,13.16,464.8,26.73,0.0
101,2023,117,1058.0,13.17,545.6,26.86,0.0
101,2023,117,1059.0,13.17,530.3,26.9,0.0
101,2023,117,1100.0,13.16,531.8,26.92,0.0
101,2023,117,1101.0,13.16,583.1,27.02,0.0
101,2023,117,1102.0,13.16,600.6,27.02,0.0
101,2023,117,1103.0,13.16,678.7,27.05,0.0
101,2023,117,1104.0,13.16,679.6,27.24,0.0
101,2023,117,1105.0,13.17,740.0,27.25,0.0
101,2023,117,1106.0,13.16,713.0,27.33,0.0
101,2023,117,1107.0,13.16,479.6,27.26,0.0
101,2023,117,1108.0,13.16,377.4,27.37,0.0
101,2023,117,1109.0,13.16,346.5,27.34,0.0
101,2023,117,1110.0,13.16,367.7,27.43,0.0
101,2023,117,1111.0,13.16,488.2,27.43,0.0
101,2023,117,1112.0,13.16,545.0,27.39,0.0
101,2023,117,1113.0,13.16,534.3,27.51,0.0
101,2023,117,1114.0,13.16,519.4,27.64,0.0
101,2023,117,1115.0,13.16,451.6,27.73,0.0
101,2023,117,1116.0,13.16,562.6,27.74,0.0
101,2023,117,1117.0,13.16,713.0,27.78,0.0
101,2023,117,1118.0,13.16,705.0,27.76,0.0
101,2023,117,1119.0,13.15,555.1,27.8,0.0
101,2023,117,1120.0,13.15,471.1,27.79,0.0
101,2023,117,1121.0,13.15,743.0,27.77,0.0
101,2023,117,1122.0,13.15,927.0,27.79,0.0
101,2023,117,1123.0,13.15,923.0,27.89,0.0
101,2023,117,1124.0,13.15,848.0,28.05,0.0
101,2023,117,1125.0,13.15,977.0,28.16,0.0
101,2023,117,1126.0,13.14,658.0,28.23,0.0
101,2023,117,1127.0,13.15,600.1,28.22,0.0
101,2023,117,1128.0,13.15,559.9,28.34,0.0
101,2023,117,1129.0,13.14,655.4,28.23,0.0
101,2023,117,1130.0,13.14,786.0,28.1,0.0
101,2023,117,1131.0,13.14,766.0,28.26,0.0
101,2023,117,1132.0,13.14,1061.0,28.43,0.0
101,2023,117,1133.0,13.14,1190.0,28.58,0.0
101,2023,117,1134.0,13.14,789.0,28.64,0.0
101,2023,117,1135.0,13.14,600.9,28.82,0.0
101,2023,117,1136.0,13.13,452.5,28.68,0.0
101,2023,117,1137.0,13.13,435.8,28.38,0.0
101,2023,117,1138.0,13.13,511.0,28.34,0.0
101,2023,117,1139.0,13.13,529.9,28.51,0.0
101,2023,117,1140.0,13.13,588.5,28.42,0.0
101,2023,117,1141.0,13.13,785.0,28.37,0.0
101,2023,117,1142.0,13.13,843.0,28.72,0.0
101,2023,117,1143.0,13.12,907.0,28.97,0.0
101,2023,117,1144.0,13.12,760.0,29.11,0.0
101,2023,117,1145.0,13.12,783.0,29.17,0.0
101,2023,117,1146.0,13.13,1040.0,29.23,0.0
101,2023,117,1147.0,13.12,819.0,29.23,0.0
101,2023,117,1148.0,13.12,1065.0,29.17,0.0
101,2023,117,1149.0,13.12,1089.0,29.1,0.0
101,2023,117,1150.0,13.12,951.0,29.16,0.0
101,2023,117,1151.0,13.12,811.0,29.29,0.0
101,2023,117,1152.0,13.12,771.0,29.31,0.0
101,2023,117,1153.0,13.11,965.0,29.45,0.0
101,2023,117,1154.0,13.11,1081.0,29.39,0.0
101,2023,117,1155.0,13.11,1042.0,29.43,0.0
101,2023,117,1156.0,13.11,997.0,29.47,0.0
101,2023,117,1157.0,13.11,987.0,29.47,0.0
101,2023,117,1158.0,13.11,880.0,29.54,0.0
101,2023,117,1159.0,13.1,810.0,29.62,0.0
101,2023,117,1200.0,13.11,742.0,29.72,0.0
101,2023,117,1201.0,13.1,755.0,29.63,0.0
101,2023,117,1202.0,13.1,998.0,29.5,0.0
101,2023,117,1203.0,13.1,1022.0,29.45,0.0
101,2023,117,1204.0,13.1,1004.0,29.24,0.0
101,2023,117,1205.0,13.1,983.0,29.32,0.0
101,2023,117,1206.0,13.1,911.0,29.56,0.0
101,2023,117,1207.0,13.1,888.0,29.44,0.0
101,2023,117,1208.0,13.1,919.0,29.49,0.0
101,2023,117,1209.0,13.1,623.2,29.5,0.0
101,2023,117,1210.0,13.1,1056.0,29.52,0.0
101,2023,117,1211.0,13.1,1147.0,29.66,0.0
101,2023,117,1212.0,13.1,1001.0,29.71,0.0
101,2023,117,1213.0,13.1,450.8,29.64,0.0
101,2023,117,1214.0,13.1,814.0,29.53,0.0
101,2023,117,1215.0,13.1,852.0,29.33,0.0
101,2023,117,1216.0,13.1,1019.0,29.29,0.0
101,2023,117,1217.0,13.1,899.0,29.24,0.0
101,2023,117,1218.0,13.1,419.8,28.96,0.0
101,2023,117,1219.0,13.09,358.6,28.63,0.0
101,2023,117,1220.0,13.09,343.8,28.25,0.0
101,2023,117,1221.0,13.09,366.4,28.06,0.0
101,2023,117,1222.0,13.09,439.5,27.9,0.0
101,2023,117,1223.0,13.1,343.4,27.77,0.0
101,2023,117,1224.0,13.1,370.0,27.82,0.0
101,2023,117,1225.0,13.1,398.1,27.8,0.0
101,2023,117,1226.0,13.1,388.2,27.83,0.0
101,2023,117,1227.0,13.1,386.9,27.77,0.0
101,2023,117,1228.0,13.1,388.5,27.66,0.0
101,2023,117,1229.0,13.11,412.3,27.71,0.0
101,2023,117,1230.0,13.1,485.7,27.78,0.0
101,2023,117,1231.0,13.11,518.8,27.78,0.0
101,2023,117,1232.0,13.11,1037.0,27.84,0.0
101,2023,117,1233.0,13.11,930.0,27.9,0.0
101,2023,117,1234.0,13.11,520.2,27.94,0.0
101,2023,117,1235.0,13.1,442.7,28.11,0.0
101,2023,117,1236.0,13.11,468.8,28.05,0.0
101,2023,117,1237.0,13.11,675.8,27.94,0.0
101,2023,117,1238.0,13.11,1105.0,27.99,0.0
101,2023,117,1239.0,13.11,1039.0,28.07,0.0
101,2023,117,1240.0,13.11,1038.0,28.03,0.0
101,2023,117,1241.0,13.1,915.0,28.13,0.0
101,2023,117,1242.0,13.1,942.0,28.11,0.0
101,2023,117,1243.0,13.1,954.0,28.14,0.0
101,2023,117,1244.0,13.1,918.0,28.34,0.0
101,2023,117,1245.0,13.1,464.8,28.54,0.0
101,2023,117,1246.0,13.1,520.3,28.5,0.0
101,2023,117,1247.0,13.1,441.6,28.27,0.0
101,2023,117,1248.0,13.1,714.0,28.23,0.0
101,2023,117,1249.0,13.1,1044.0,28.16,0.0
101,2023,117,1250.0,13.1,1022.0,28.1,0.0
101,2023,117,1251.0,13.1,993.0,28.2,0.0
101,2023,117,1252.0,13.1,1062.0,28.38,0.0
101,2023,117,1253.0,13.1,952.0,28.53,0.0
101,2023,117,1254.0,13.1,1025.0,28.37,0.0
101,2023,117,1255.0,13.1,1053.0,28.14,0.0
101,2023,117,1256.0,13.1,1045.0,27.98,0.0
101,2023,117,1257.0,13.1,1043.0,28.11,0.0
101,2023,117,1258.0,13.09,1068.0,28.17,0.0
101,2023,117,1259.0,13.09,1055.0,28.18,0.0
101,2023,117,1300.0,13.09,966.0,28.32,0.0
101,2023,117,1301.0,13.09,1017.0,28.13,0.0
101,2023,117,1302.0,13.09,908.0,28.16,0.0
101,2023,117,1303.0,13.09,951.0,28.37,0.0
101,2023,117,1304.0,13.09,805.0,28.57,0.0
101,2023,117,1305.0,13.09,577.5,28.44,0.0
101,2023,117,1306.0,13.09,780.0,28.4,0.0
101,2023,117,1307.0,13.09,869.0,28.34,0.0
101,2023,117,1308.0,13.09,1002.0,28.42,0.0
101,2023,117,1309.0,13.09,1039.0,28.5,0.0
101,2023,117,1310.0,13.09,973.0,28.7,0.0
101,2023,117,1311.0,13.08,669.3,28.75,0.0
101,2023,117,1312.0,13.09,449.6,28.78,0.0
101,2023,117,1313.0,13.09,399.6,28.51,0.0
101,2023,117,1314.0,13.09,405.5,28.46,0.0
101,2023,117,1315.0,13.09,586.8,28.32,0.0
101,2023,117,1316.0,13.09,784.0,28.28,0.0
101,2023,117,1317.0,13.09,832.0,28.28,0.0
101,2023,117,1318.0,13.09,839.0,28.31,0.0
101,2023,117,1319.0,13.09,907.0,28.34,0.0
101,2023,117,1320.0,13.09,1012.0,28.25,0.0
101,2023,117,1321.0,13.09,1108.0,28.19,0.0
101,2023,117,1322.0,13.09,1091.0,28.23,0.0
101,2023,117,1323.0,13.09,904.0,28.26,0.0
101,2023,117,1324.0,13.09,910.0,28.34,0.0
101,2023,117,1325.0,13.09,976.0,28.3,0.0
101,2023,117,1326.0,13.09,965.0,28.21,0.0
101,2023,117,1327.0,13.08,685.3,28.31,0.0
101,2023,117,1328.0,13.09,783.0,28.34,0.0
101,2023,117,1329.0,13.08,1092.0,28.41,0.0
101,2023,117,1330.0,13.08,1075.0,28.48,0.0
101,2023,117,1331.0,13.08,1028.0,28.52,0.0
101,2023,117,1332.0,13.08,843.0,28.6,0.0
101,2023,117,1333.0,13.08,566.9,28.51,0.0
101,2023,117,1334.0,13.09,623.7,28.29,0.0
101,2023,117,1335.0,13.08,627.6,28.25,0.0
101,2023,117,1336.0,13.08,744.0,28.31,0.0
101,2023,117,1337.0,13.08,518.9,28.24,0.0
101,2023,117,1338.0,13.08,383.8,28.19,0.0
101,2023,117,1339.0,13.08,366.5,28.17,0.0
101,2023,117,1340.0,13.09,397.8,28.18,0.0
101,2023,117,1341.0,13.08,595.1,28.17,0.0
101,2023,117,1342.0,13.09,767.0,28.12,0.0
101,2023,117,1343.0,13.09,686.7,28.04,0.0
101,2023,117,1344.0,13.09,543.6,28.06,0.0
101,2023,117,1345.0,13.09,888.0,28.13,0.0
101,2023,117,1346.0,13.09,597.2,28.18,0.0
101,2023,117,1347.0,13.09,847.0,28.03,0.0
101,2023,117,1348.0,13.09,827.0,28.09,0.0
101,2023,117,1349.0,13.09,997.0,28.21,0.0
101,2023,117,1350.0,13.09,1017.0,28.21,0.0
101,2023,117,1351.0,13.09,1067.0,28.24,0.0
101,2023,117,1352.0,13.09,1050.0,28.51,0.0
101,2023,117,1353.0,13.09,571.1,28.56,0.0
101,2023,117,1354.0,13.09,573.7,28.37,0.0
101,2023,117,1355.0,13.09,727.0,28.46,0.0
101,2023,117,1356.0,13.09,796.0,28.52,0.0
101,2023,117,1357.0,13.09,696.7,28.64,0.0
101,2023,117,1358.0,13.09,715.0,28.52,0.0
101,2023,117,1359.0,13.09,705.0,28.56,0.0
101,2023,117,1400.0,13.09,380.0,28.35,0.0
101,2023,117,1401.0,13.09,375.1,28.18,0.0
101,2023,117,1402.0,13.09,390.3,28.22,0.0
101,2023,117,1403.0,13.09,315.6,28.23,0.0
101,2023,117,1404.0,13.09,242.2,28.28,0.0
101,2023,117,1405.0,13.09,196.2,28.26,0.0
101,2023,117,1406.0,13.09,186.5,28.05,0.0
101,2023,117,1407.0,13.09,179.9,27.88,0.0
101,2023,117,1408.0,13.09,168.9,27.69,0.0
101,2023,117,1409.0,13.09,158.1,27.53,0.0
101,2023,117,1410.0,13.09,147.1,27.31,0.0
101,2023,117,1411.0,13.1,136.6,27.13,0.0
101,2023,117,1412.0,13.1,127.9,26.94,0.0
101,2023,117,1413.0,13.1,120.2,26.9,0.0
101,2023,117,1414.0,13.1,114.2,26.75,0.0
101,2023,117,0.0,13.1,108.0,26.63,0.0
101,2023,117,1416.0,13.1,103.5,26.38,0.0
101,2023,117,1417.0,13.1,98.4,26.24,0.0
101,2023,117,1418.0,13.09,93.3,26.09,0.0
101,2023,117,1419.0,13.08,88.1,25.87,0.0
101,2023,117,1420.0,13.08,83.7,25.66,0.0
101,2023,117,1421.0,13.07,79.1,25.49,0.0
101,2023,117,1422.0,13.06,75.7,25.41,0.0
101,2023,117,1423.0,13.06,72.6,25.35,0.0
101,2023,117,1424.0,13.05,70.6,25.36,0.0
101,2023,117,1425.0,13.05,72.4,25.33,0.0
101,2023,117,1426.0,13.05,73.2,25.3,0.0
101,2023,117,1427.0,13.05,72.8,25.28,0.0
101,2023,117,1428.0,13.05,72.7,25.27,0.0
101,2023,117,1429.0,13.05,73.6,25.16,0.0
101,2023,117,1430.0,13.05,75.9,25.17,0.0
101,2023,117,1431.0,13.05,79.2,25.22,0.0
101,2023,117,1432.0,13.06,82.4,25.18,0.0
101,2023,117,1433.0,13.06,85.3,25.16,0.0
101,2023,117,1434.0,13.07,88.3,25.21,0.0
101,2023,117,1435.0,13.07,91.7,25.23,0.0
101,2023,117,1436.0,13.09,95.5,25.23,0.0
101,2023,117,1437.0,13.1,100.7,25.12,0.0
101,2023,117,1438.0,13.11,106.7,25.09,0.0
101,2023,117,1439.0,13.13,112.9,25.07,0.0
101,2023,117,1440.0,13.14,119.6,25.16,0.0
101,2023,117,1441.0,13.14,125.6,25.2,0.0
101,2023,117,1442.0,13.14,130.5,25.17,0.0
101,2023,117,1443.0,13.14,133.1,25.16,0.0
101,2023,117,1444.0,13.14,132.0,25.08,0.0
101,2023,117,1445.0,13.14,130.5,25.0,0.0
101,2023,117,1446.0,13.14,129.8,24.86,0.0
101,2023,117,1447.0,13.14,128.6,24.79,0.0
101,2023,117,1448.0,13.15,126.6,24.77,0.0
101,2023,117,1449.0,13.15,123.8,24.79,0.0
101,2023,117,1450.0,13.14,119.8,24.8,0.0
101,2023,117,1451.0,13.15,115.3,24.83,0.0
101,2023,117,1452.0,13.15,111.3,24.81,0.0
101,2023,117,1453.0,13.15,108.1,24.82,0.0
101,2023,117,1454.0,13.15,105.8,24.9,0.0
101,2023,117,1455.0,13.15,103.6,24.94,0.0
101,2023,117,1456.0,13.15,100.9,24.91,0.0
101,2023,117,1457.0,13.15,99.1,24.97,0.0
101,2023,117,1458.0,13.15,99.0,25.0,0.0
101,2023,117,1459.0,13.15,100.2,24.98,0.0
101,2023,117,1500.0,13.15,101.1,25.02,0.0
101,2023,117,1501.0,13.15,101.5,25.06,0.0
101,2023,117,1502.0,13.15,101.4,25.09,0.0
101,2023,117,1503.0,13.15,99.9,25.13,0.0
101,2023,117,1504.0,13.15,98.5,25.24,0.0
101,2023,117,1505.0,13.16,98.6,25.26,0.0
101,2023,117,1506.0,13.15,99.5,25.26,0.0
101,2023,117,1507.0,13.15,101.0,25.29,0.0
101,2023,117,1508.0,13.15,102.6,25.31,0.0
101,2023,117,1509.0,13.16,103.5,25.33,0.0
101,2023,117,1510.0,13.16,103.6,25.3,0.0
101,2023,117,1511.0,13.16,103.7,25.3,0.0
101,2023,117,1512.0,13.16,103.5,25.33,0.0
101,2023,117,1513.0,13.16,103.0,25.39,0.0
101,2023,117,1514.0,13.16,102.8,25.43,0.0
101,2023,117,1515.0,13.16,102.2,25.4,0.0
101,2023,117,1516.0,13.16,102.0,25.37,0.0
101,2023,117,1517.0,13.16,101.5,25.42,0.0
101,2023,117,1518.0,13.16,101.0,25.44,0.0
101,2023,117,1519.0,13.16,100.6,25.46,0.0
101,2023,117,1520.0,13.16,99.9,25.47,0.0
101,2023,117,1521.0,13.16,99.2,25.49,0.0
101,2023,117,1522.0,13.16,98.5,25.52,0.0
101,2023,117,1523.0,13.16,98.3,25.55,0.0
101,2023,117,1524.0,13.16,98.1,25.55,0.0
101,2023,117,1525.0,13.16,98.1,25.54,0.0
101,2023,117,1526.0,13.16,98.1,25.52,0.0
101,2023,117,1527.0,13.16,97.6,25.47,0.0
101,2023,117,1528.0,13.15,97.1,25.48,0.0
101,2023,117,1529.0,13.16,96.5,25.52,0.0
101,2023,117,1530.0,13.16,95.8,25.54,0.0
101,2023,117,1531.0,13.15,94.5,25.55,0.0
101,2023,117,1532.0,13.15,93.4,25.53,0.0
101,2023,117,1533.0,13.15,93.4,25.55,0.0
101,2023,117,1534.0,13.15,94.0,25.55,0.0
101,2023,117,1535.0,13.14,94.5,25.55,0.0
101,2023,117,1536.0,13.14,94.7,25.57,0.0
101,2023,117,1537.0,13.15,94.7,25.63,0.0
101,2023,117,1538.0,13.15,94.7,25.65,0.0
101,2023,117,1539.0,13.15,95.4,25.66,0.0
101,2023,117,1540.0,13.15,95.9,25.68,0.0
101,2023,117,1541.0,13.15,96.1,25.69,0.0
101,2023,117,1542.0,13.15,96.0,25.71,0.0
101,2023,117,1543.0,13.15,96.0,25.7,0.0
101,2023,117,1544.0,13.15,95.9,25.69,0.0
101,2023,117,1545.0,13.16,95.4,25.69,0.0
101,2023,117,1546.0,13.16,95.4,25.71,0.0
101,2023,117,1547.0,13.16,94.8,25.7,0.0
101,2023,117,1548.0,13.16,94.5,25.71,0.0
101,2023,117,1549.0,13.15,94.0,25.65,0.0
101,2023,117,1550.0,13.16,94.0,25.65,0.0
101,2023,117,1551.0,13.16,93.4,25.68,0.0
101,2023,117,1552.0,13.16,93.1,25.66,0.0
101,2023,117,1553.0,13.16,92.5,25.71,0.0
101,2023,117,1554.0,13.16,91.8,25.72,0.0
101,2023,117,1555.0,13.16,91.0,25.72,0.0
101,2023,117,1556.0,13.15,89.8,25.73,0.0
101,2023,117,1557.0,13.15,88.4,25.76,0.0
101,2023,117,1558.0,13.15,86.6,25.78,0.0
101,2023,117,1559.0,13.14,84.2,25.79,0.0
101,2023,117,1600.0,13.14,81.4,25.8,0.0
101,2023,117,1601.0,13.13,77.8,25.81,0.0
101,2023,117,1602.0,13.13,73.5,25.84,0.0
101,2023,117,1603.0,13.11,69.83,25.84,0.0
101,2023,117,1604.0,13.1,65.97,25.86,0.0
101,2023,117,1605.0,13.09,62.53,25.85,0.0
101,2023,117,1606.0,13.08,60.22,25.89,0.0
101,2023,117,1607.0,13.08,58.98,25.88,0.0
101,2023,117,1608.0,13.07,58.27,25.86,0.0
101,2023,117,1609.0,13.07,58.19,25.87,0.0
101,2023,117,1610.0,13.06,58.19,25.89,0.0
101,2023,117,1611.0,13.06,58.16,25.9,0.0
101,2023,117,1612.0,13.06,57.4,25.9,0.0
101,2023,117,1613.0,13.06,56.27,25.89,0.0
101,2023,117,1614.0,13.05,53.99,25.9,0.0
101,2023,117,1615.0,13.05,50.41,25.9,0.0
101,2023,117,1616.0,13.04,46.88,25.9,0.0
101,2023,117,1617.0,13.03,43.59,25.9,0.0
101,2023,117,1618.0,13.02,41.72,25.88,0.0
101,2023,117,1619.0,13.02,41.27,25.89,0.0
101,2023,117,1620.0,13.01,41.56,25.87,0.0
101,2023,117,1621.0,13.01,42.06,25.88,0.0
101,2023,117,1622.0,13.0,42.12,25.85,0.0
101,2023,117,1623.0,12.99,41.25,25.86,0.0
101,2023,117,1624.0,12.98,39.81,25.85,0.0
101,2023,117,1625.0,12.97,38.31,25.8,0.0
101,2023,117,1626.0,12.96,37.78,25.78,0.0
101,2023,117,1627.0,12.95,37.21,25.79,0.0
101,2023,117,1628.0,12.94,36.68,25.81,0.0
101,2023,117,1629.0,12.93,35.94,25.77,0.0
101,2023,117,1630.0,12.92,34.96,25.76,0.0
101,2023,117,1631.0,12.92,33.77,25.76,0.0
101,2023,117,1632.0,12.91,32.19,25.73,0.0
101,2023,117,1633.0,12.9,30.42,25.71,0.0
101,2023,117,1634.0,12.9,28.47,25.71,0.0
101,2023,117,1635.0,12.89,26.73,25.67,0.0
101,2023,117,1636.0,12.88,25.15,25.67,0.0
101,2023,117,1637.0,12.87,24.02,25.64,0.0
101,2023,117,1638.0,12.87,23.12,25.62,0.0
101,2023,117,1639.0,12.86,22.24,25.61,0.0
101,2023,117,1640.0,12.85,21.43,25.6,0.0
101,2023,117,1641.0,12.85,20.75,25.58,0.0
101,2023,117,1642.0,12.85,19.99,25.59,0.0
101,2023,117,1643.0,12.84,19.23,25.6,0.0
101,2023,117,1644.0,12.84,18.47,25.59,0.0
101,2023,117,1645.0,12.83,17.82,25.57,0.0
101,2023,117,1646.0,12.83,17.14,25.55,0.0
101,2023,117,1647.0,12.83,16.49,25.56,0.0
101,2023,117,1648.0,12.83,15.76,25.55,0.0
101,2023,117,1649.0,12.83,15.03,25.55,0.0
101,2023,117,1650.0,12.82,14.38,25.52,0.0
101,2023,117,1651.0,12.82,13.73,25.5,0.0
101,2023,117,1652.0,12.82,13.19,25.51,0.0
101,2023,117,1653.0,12.82,12.55,25.49,0.0
101,2023,117,1654.0,12.81,11.78,25.48,0.0
101,2023,117,1655.0,12.81,11.08,25.49,0.0
101,2023,117,1656.0,12.81,10.43,25.49,0.0
101,2023,117,1657.0,12.81,9.9,25.47,0.0
101,2023,117,1658.0,12.81,9.19,25.45,0.0
101,2023,117,1659.0,12.8,8.63,25.44,0.0
101,2023,117,1700.0,12.81,7.95,25.43,0.0
101,2023,117,1701.0,12.8,7.25,25.4,0.0
101,2023,117,1702.0,12.8,6.597,25.39,0.0
101,2023,117,1703.0,12.8,5.949,25.41,0.0
101,2023,117,1704.0,12.8,5.413,25.4,0.0
101,2023,117,1705.0,12.8,4.793,25.4,0.0
101,2023,117,1706.0,12.8,4.511,25.39,0.0
101,2023,117,1707.0,12.8,4.06,25.35,0.0
101,2023,117,1708.0,12.79,3.834,25.34,0.0
101,2023,117,1709.0,12.79,3.721,25.33,0.0
101,2023,117,1710.0,12.79,3.129,25.32,0.0
101,2023,117,1711.0,12.79,3.045,25.31,0.0
101,2023,117,1712.0,12.79,2.537,25.3,0.0
101,2023,117,1713.0,12.79,2.368,25.3,0.0
101,2023,117,1714.0,12.79,2.34,25.29,0.0
101,2023,117,1715.0,12.79,1.945,25.29,0.0
101,2023,117,1716.0,12.79,1.692,25.26,0.0
101,2023,117,1717.0,12.79,1.692,25.26,0.0
101,2023,117,1718.0,12.78,1.663,25.26,0.0
101,2023,117,1719.0,12.78,1.212,25.23,0.0
101,2023,117,1720.0,12.78,1.015,25.23,0.0
101,2023,117,1721.0,12.78,1.015,25.21,0.0
101,2023,117,1722.0,12.78,1.015,25.2,0.0
101,2023,117,1723.0,12.78,1.015,25.18,0.0
101,2023,117,1724.0,12.78,0.0,25.16,0.0
101,2023,117,1725.0,12.78,0.0,25.15,0.0
101,2023,117,1726.0,12.78,0.0,25.13,0.0
101,2023,117,1727.0,12.78,0.0,25.13,0.0
101,2023,117,1728.0,12.78,0.0,25.11,0.0
101,2023,117,1729.0,12.78,0.0,25.09,0.0
101,2023,117,1730.0,12.78,0.0,25.08,0.0
101,2023,117,1731.0,12.77,0.0,25.07,0.0
101,2023,117,1732.0,12.77,0.0,25.05,0.0
101,2023,117,1733.0,12.77,0.0,25.04,0.0
101,2023,117,1734.0,12.77,0.0,25.03,0.0
101,2023,117,1735.0,12.77,0.0,25.03,0.0
101,2023,117,1736.0,12.77,0.0,25.03,0.0
101,2023,117,1737.0,12.77,0.0,25.0,0.0
101,2023,117,1738.0,12.77,0.0,25.0,0.0
101,2023,117,1739.0,12.77,0.0,24.98,0.0
101,2023,117,1740.0,12.77,0.0,24.97,0.0
101,2023,117,1741.0,12.77,0.0,24.95,0.0
101,2023,117,1742.0,12.77,0.0,24.93,0.0
101,2023,117,1743.0,12.77,0.0,24.92,0.0
101,2023,117,1744.0,12.77,0.0,24.91,0.0
101,2023,117,1745.0,12.76,0.0,24.92,0.0
101,2023,117,1746.0,12.77,0.0,24.9,0.0
101,2023,117,1747.0,12.76,0.0,24.88,0.0
101,2023,117,1748.0,12.76,0.0,24.87,0.0
101,2023,117,1749.0,12.76,0.0,24.85,0.0
101,2023,117,1750.0,12.76,0.0,24.84,0.0
101,2023,117,1751.0,12.76,0.0,24.84,0.0
101,2023,117,1752.0,12.76,0.0,24.81,0.0
101,2023,117,1753.0,12.76,0.0,24.8,0.0
101,2023,117,1754.0,12.76,0.0,24.79,0.0
101,2023,117,1755.0,12.76,0.0,24.77,0.0
101,2023,117,1756.0,12.76,0.0,24.76,0.0
101,2023,117,1757.0,12.76,0.0,24.74,0.0
101,2023,117,1758.0,12.76,0.0,24.74,0.0
101,2023,117,1759.0,12.76,0.0,24.74,0.0
101,2023,117,1800.0,12.76,0.0,24.72,0.0
101,2023,117,1801.0,12.75,0.0,24.71,0.0
101,2023,117,1802.0,12.75,0.0,24.7,0.0
101,2023,117,1803.0,12.75,0.0,24.69,0.0
101,2023,117,1804.0,12.75,0.0,24.67,0.0
101,2023,117,1805.0,12.75,0.0,24.66,0.0
101,2023,117,1806.0,12.75,0.0,24.65,0.0
101,2023,117,1807.0,12.75,0.0,24.64,0.0
101,2023,117,1808.0,12.75,0.0,24.63,0.0
101,2023,117,1809.0,12.75,0.0,24.62,0.0
101,2023,117,1810.0,12.75,0.0,24.62,0.0
101,2023,117,1811.0,12.75,0.0,24.63,0.0
101,2023,117,1812.0,12.75,0.0,24.62,0.0
101,2023,117,1813.0,12.75,0.0,24.61,0.0
101,2023,117,1814.0,12.75,0.0,24.59,0.0
101,2023,117,1815.0,12.75,0.0,24.58,0.0
101,2023,117,1816.0,12.75,0.0,24.57,0.0
101,2023,117,1817.0,12.75,0.0,24.56,0.0
101,2023,117,1818.0,12.74,0.0,24.54,0.0
101,2023,117,1819.0,12.75,0.0,24.54,0.0
101,2023,117,1820.0,12.74,0.0,24.53,0.0
101,2023,117,1821.0,12.74,0.0,24.52,0.0
101,2023,117,1822.0,12.74,0.0,24.52,0.0
101,2023,117,1823.0,12.74,0.0,24.54,0.0
101,2023,117,1824.0,12.74,0.0,24.53,0.0
101,2023,117,1825.0,12.74,0.0,24.52,0.0
101,2023,117,1826.0,12.74,0.0,24.51,0.0
101,2023,117,1827.0,12.74,0.0,24.52,0.0
101,2023,117,1828.0,12.74,0.0,24.54,0.0
101,2023,117,1829.0,12.74,0.0,24.54,0.0
101,2023,117,1830.0,12.74,0.0,24.54,0.0
101,2023,117,1831.0,12.74,0.0,24.55,0.0
101,2023,117,1832.0,12.74,0.0,24.54,0.0
101,2023,117,1833.0,12.74,0.0,24.54,0.0
101,2023,117,1834.0,12.74,0.0,24.55,0.0
101,2023,117,1835.0,12.74,0.0,24.56,0.0
101,2023,117,1836.0,12.74,0.0,24.56,0.0
101,2023,117,1837.0,12.73,0.0,24.54,0.0
101,2023,117,1838.0,12.73,0.0,24.54,0.0
101,2023,117,1839.0,12.74,0.0,24.53,0.0
101,2023,117,1840.0,12.73,0.0,24.51,0.0
101,2023,117,1841.0,12.73,0.0,24.51,0.0
101,2023,117,1842.0,12.73,0.0,24.51,0.0
101,2023,117,1843.0,12.73,0.0,24.5,0.0
101,2023,117,1844.0,12.73,0.0,24.48,0.0
101,2023,117,1845.0,12.73,0.0,24.47,0.0
101,2023,117,1846.0,12.73,0.0,24.47,0.0
101,2023,117,1847.0,12.73,0.0,24.47,0.0
101,2023,117,1848.0,12.73,0.0,24.46,0.0
101,2023,117,1849.0,12.73,0.0,24.45,0.0
101,2023,117,1850.0,12.73,0.0,24.42,0.0
101,2023,117,1851.0,12.73,0.0,24.43,0.0
101,2023,117,1852.0,12.73,0.0,24.44,0.0
101,2023,117,1853.0,12.73,0.0,24.4,0.0
101,2023,117,1854.0,12.73,0.0,24.35,0.0
101,2023,117,1855.0,12.73,0.0,24.35,0.0
101,2023,117,1856.0,12.73,0.0,24.35,0.0
101,2023,117,1857.0,12.73,0.0,24.33,0.0
101,2023,117,1858.0,12.73,0.0,24.33,0.0
101,2023,117,1859.0,12.73,0.0,24.35,0.0
101,2023,117,1900.0,12.73,0.0,24.36,0.0
101,2023,117,1901.0,12.72,0.0,24.37,0.0
101,2023,117,1902.0,12.73,0.0,24.38,0.0
101,2023,117,1903.0,12.73,0.0,24.39,0.0
101,2023,117,1904.0,12.73,0.0,24.4,0.0
101,2023,117,1905.0,12.73,0.0,24.41,0.0
101,2023,117,1906.0,12.72,0.0,24.41,0.0
101,2023,117,1907.0,12.73,0.0,24.4,0.0
101,2023,117,1908.0,12.72,0.0,24.4,0.0
101,2023,117,1909.0,12.72,0.0,24.39,0.0
101,2023,117,1910.0,12.72,0.0,24.38,0.0
101,2023,117,1911.0,12.72,0.0,24.37,0.0
101,2023,117,1912.0,12.73,0.0,24.36,0.0
101,2023,117,1913.0,12.73,0.0,24.37,0.0
101,2023,117,1914.0,12.72,0.0,24.38,0.0
101,2023,117,1915.0,12.72,0.0,24.39,0.0
101,2023,117,1916.0,12.72,0.0,24.39,0.0
101,2023,117,1917.0,12.72,0.0,24.38,0.0
101,2023,117,1918.0,12.72,0.0,24.37,0.0
101,2023,117,1919.0,12.72,0.0,24.34,0.0
101,2023,117,1920.0,12.72,0.0,24.33,0.0
101,2023,117,1921.0,12.72,0.0,24.32,0.0
101,2023,117,1922.0,12.72,0.0,24.31,0.0
101,2023,117,1923.0,12.72,0.0,24.28,0.0
101,2023,117,1924.0,12.72,0.0,24.27,0.0
101,2023,117,1925.0,12.72,0.0,24.25,0.0
101,2023,117,1926.0,12.72,0.0,24.23,0.0
101,2023,117,1927.0,12.72,0.0,24.25,0.0
101,2023,117,1928.0,12.72,0.0,24.27,0.0
101,2023,117,1929.0,12.72,0.0,24.28,0.0
101,2023,117,1930.0,12.72,0.0,24.28,0.0
101,2023,117,1931.0,12.72,0.0,24.28,0.0
101,2023,117,1932.0,12.72,0.0,24.28,0.0
101,2023,117,1933.0,12.72,0.0,24.27,0.0
101,2023,117,1934.0,12.72,0.0,24.25,0.0
101,2023,117,1935.0,12.72,0.0,24.23,0.0
101,2023,117,1936.0,12.72,0.0,24.2,0.0
101,2023,117,1937.0,12.72,0.0,24.18,0.0
101,2023,117,1938.0,12.71,0.0,24.17,0.0
101,2023,117,1939.0,12.72,0.0,24.16,0.0
101,2023,117,1940.0,12.72,0.0,24.15,0.0
101,2023,117,1941.0,12.72,0.0,24.15,0.0
101,2023,117,1942.0,12.72,0.0,24.16,0.0
101,2023,117,1943.0,12.72,0.0,24.16,0.0
101,2023,117,1944.0,12.71,0.0,24.11,0.0
101,2023,117,1945.0,12.71,0.0,24.13,0.0
101,2023,117,1946.0,12.71,0.0,24.12,0.0
101,2023,117,1947.0,12.71,0.0,24.07,0.0
101,2023,117,1948.0,12.71,0.0,24.04,0.0
101,2023,117,1949.0,12.71,0.0,24.02,0.0
101,2023,117,1950.0,12.71,0.0,24.01,0.0
101,2023,117,1951.0,12.71,0.0,23.99,0.0
101,2023,117,1952.0,12.71,0.0,24.0,0.0
101,2023,117,1953.0,12.71,0.0,24.0,0.0
101,2023,117,1954.0,12.71,0.0,23.98,0.0
101,2023,117,1955.0,12.71,0.0,23.97,0.0
101,2023,117,1956.0,12.71,0.0,23.95,0.0
101,2023,117,1957.0,12.71,0.0,23.92,0.0
101,2023,117,1958.0,12.71,0.0,23.9,0.0
101,2023,117,1959.0,12.71,0.0,23.88,0.0
101,2023,117,2000.0,12.71,0.0,23.88,0.0
101,2023,117,2001.0,12.71,0.0,23.88,0.0
101,2023,117,2002.0,12.71,0.0,23.86,0.0
101,2023,117,2003.0,12.71,0.0,23.84,0.0
101,2023,117,2004.0,12.71,0.0,23.84,0.0
101,2023,117,2005.0,12.71,0.0,23.83,0.0
101,2023,117,2006.0,12.71,0.0,23.8,0.0
101,2023,117,2007.0,12.71,0.0,23.79,0.0
101,2023,117,2008.0,12.71,0.0,23.81,0.0
101,2023,117,2009.0,12.71,0.0,23.89,0.0
101,2023,117,2010.0,12.71,0.0,24.0,0.0
101,2023,117,2011.0,12.7,0.0,24.02,0.0
101,2023,117,2012.0,12.7,0.0,24.03,0.0
101,2023,117,2013.0,12.7,0.0,24.02,0.0
101,2023,117,2014.0,12.7,0.0,24.03,0.0
101,2023,117,2015.0,12.71,0.0,24.04,0.0
101,2023,117,2016.0,12.7,0.0,24.04,0.0
101,2023,117,2017.0,12.71,0.0,24.03,0.0
101,2023,117,2018.0,12.71,0.0,24.02,0.0
101,2023,117,2019.0,12.7,0.0,24.0,0.0
101,2023,117,2020.0,12.7,0.0,23.99,0.0
101,2023,117,2021.0,12.7,0.0,23.93,0.0
101,2023,117,2022.0,12.7,0.0,23.91,0.0
101,2023,117,2023.0,12.7,0.0,23.91,0.0
101,2023,117,2024.0,12.7,0.0,23.92,0.0
101,2023,117,2025.0,12.7,0.0,23.98,0.0
101,2023,117,2026.0,12.7,0.0,24.0,0.0
101,2023,117,2027.0,12.7,0.0,24.0,0.0
101,2023,117,2028.0,12.7,0.0,23.99,0.0
101,2023,117,2029.0,12.7,0.0,23.97,0.0
101,2023,117,2030.0,12.7,0.0,23.93,0.0
101,2023,117,2031.0,12.7,0.0,23.9,0.0
101,2023,117,2032.0,12.7,0.0,23.9,0.0
101,2023,117,2033.0,12.7,0.0,23.92,0.0
101,2023,117,2034.0,12.7,0.0,23.9,0.0
101,2023,117,2035.0,12.7,0.0,23.89,0.0
101,2023,117,2036.0,12.7,0.0,23.89,0.0
101,2023,117,2037.0,12.7,0.0,23.89,0.0
101,2023,117,2038.0,12.7,0.0,23.9,0.0
101,2023,117,2039.0,12.7,0.0,23.9,0.0
101,2023,117,2040.0,12.7,0.0,23.91,0.0
101,2023,117,2041.0,12.7,0.0,23.91,0.0
101,2023,117,2042.0,12.7,0.0,23.88,0.0
101,2023,117,2043.0,12.69,0.0,23.89,0.0
101,2023,117,2044.0,12.7,0.0,23.89,0.0
101,2023,117,2045.0,12.7,0.0,23.88,0.0
101,2023,117,2046.0,12.7,0.0,23.88,0.0
101,2023,117,2047.0,12.69,0.0,23.88,0.0
101,2023,117,2048.0,12.7,0.0,23.9,0.0
101,2023,117,2049.0,12.7,0.0,23.89,0.0
101,2023,117,2050.0,12.69,0.0,23.89,0.0
101,2023,117,2051.0,12.69,0.0,23.88,0.0
101,2023,117,2052.0,12.69,0.0,23.84,0.0
101,2023,117,2053.0,12.7,0.0,23.78,0.0
101,2023,117,2054.0,12.69,0.0,23.74,0.0
101,2023,117,2055.0,12.69,0.0,23.71,0.0
101,2023,117,2056.0,12.69,0.0,23.71,0.0
101,2023,117,2057.0,12.69,0.0,23.73,0.0
101,2023,117,2058.0,12.69,0.0,23.78,0.0
101,2023,117,2059.0,12.69,0.0,23.77,0.0
101,2023,117,2100.0,12.69,0.0,23.74,0.0
101,2023,117,2101.0,12.69,0.0,23.72,0.0
101,2023,117,2102.0,12.69,0.0,23.7,0.0
101,2023,117,2103.0,12.69,0.0,23.7,0.0
101,2023,117,2104.0,12.69,0.0,23.72,0.0
101,2023,117,2105.0,12.69,0.0,23.73,0.0
101,2023,117,2106.0,12.69,0.0,23.75,0.0
101,2023,117,2107.0,12.69,0.0,23.77,0.0
101,2023,117,2108.0,12.69,0.0,23.77,0.0
101,2023,117,2109.0,12.69,0.0,23.75,0.0
101,2023,117,2110.0,12.69,0.0,23.72,0.0
101,2023,117,2111.0,12.69,0.0,23.71,0.0
101,2023,117,2112.0,12.69,0.0,23.7,0.0
101,2023,117,2113.0,12.69,0.0,23.73,0.0
101,2023,117,2114.0,12.69,0.0,23.73,0.0
101,2023,117,2115.0,12.69,0.0,23.74,0.0
101,2023,117,2116.0,12.68,0.0,23.74,0.0
101,2023,117,2117.0,12.69,0.0,23.73,0.0
101,2023,117,2118.0,12.69,0.0,23.72,0.0
101,2023,117,2119.0,12.69,0.0,23.7,0.0
101,2023,117,2120.0,12.69,0.0,23.68,0.0
101,2023,117,2121.0,12.68,0.0,23.66,0.0
101,2023,117,2122.0,12.68,0.0,23.65,0.0
101,2023,117,2123.0,12.68,0.0,23.64,0.0
101,2023,117,2124.0,12.68,0.0,23.65,0.0
101,2023,117,2125.0,12.68,0.0,23.65,0.0
101,2023,117,2126.0,12.68,0.0,23.67,0.0
101,2023,117,2127.0,12.68,0.0,23.68,0.0
101,2023,117,2128.0,12.68,0.0,23.71,0.0
101,2023,117,2129.0,12.68,0.0,23.73,0.0
101,2023,117,2130.0,12.68,0.0,23.75,0.0
101,2023,117,2131.0,12.68,0.0,23.75,0.0
101,2023,117,2132.0,12.68,0.0,23.72,0.0
101,2023,117,2133.0,12.68,0.0,23.7,0.0
101,2023,117,2134.0,12.68,0.0,23.7,0.0
101,2023,117,2135.0,12.68,0.0,23.71,0.0
101,2023,117,2136.0,12.68,0.0,23.71,0.0
101,2023,117,2137.0,12.68,0.0,23.71,0.0
101,2023,117,2138.0,12.68,0.0,23.74,0.0
101,2023,117,2139.0,12.68,0.0,23.74,0.0
101,2023,117,2140.0,12.68,0.0,23.75,0.0
101,2023,117,2141.0,12.68,0.0,23.74,0.0
101,2023,117,2142.0,12.68,0.0,23.73,0.0
101,2023,117,2143.0,12.68,0.0,23.71,0.0
101,2023,117,2144.0,12.68,0.0,23.71,0.0
101,2023,117,2145.0,12.68,0.0,23.7,0.0
101,2023,117,2146.0,12.68,0.0,23.68,0.0
101,2023,117,2147.0,12.67,0.0,23.67,0.0
101,2023,117,2148.0,12.68,0.0,23.63,0.0
101,2023,117,2149.0,12.68,0.0,23.6,0.0
101,2023,117,2150.0,12.67,0.0,23.6,0.0
101,2023,117,2151.0,12.68,0.0,23.58,0.0
101,2023,117,2152.0,12.67,0.0,23.57,0.0
101,2023,117,2153.0,12.67,0.0,23.57,0.0
101,2023,117,2154.0,12.67,0.0,23.57,0.0
101,2023,117,2155.0,12.67,0.0,23.56,0.0
101,2023,117,2156.0,12.67,0.0,23.55,0.0
101,2023,117,2157.0,12.67,0.0,23.54,0.0
101,2023,117,2158.0,12.67,0.0,23.52,0.0
101,2023,117,2159.0,12.67,0.0,23.5,0.0
101,2023,117,2200.0,12.67,0.0,23.48,0.0
101,2023,117,2201.0,12.67,0.0,23.47,0.0
101,2023,117,2202.0,12.67,0.0,23.46,0.0
101,2023,117,2203.0,12.67,0.0,23.44,0.0
101,2023,117,2204.0,12.67,0.0,23.44,0.0
101,2023,117,2205.0,12.67,0.0,23.47,0.0
101,2023,117,2206.0,12.67,0.0,23.49,0.0
101,2023,117,2207.0,12.67,0.0,23.51,0.0
101,2023,117,2208.0,12.67,0.0,23.51,0.0
101,2023,117,2209.0,12.67,0.0,23.51,0.0
101,2023,117,2210.0,12.67,0.0,23.51,0.0
101,2023,117,2211.0,12.67,0.0,23.51,0.0
101,2023,117,2212.0,12.67,0.0,23.49,0.0
101,2023,117,2213.0,12.67,0.0,23.46,0.0
101,2023,117,2214.0,12.67,0.0,23.45,0.0
101,2023,117,2215.0,12.67,0.0,23.43,0.0
101,2023,117,2216.0,12.67,0.0,23.42,0.0
101,2023,117,2217.0,12.67,0.0,23.41,0.0
101,2023,117,2218.0,12.67,0.0,23.4,0.0
101,2023,117,2219.0,12.67,0.0,23.39,0.0
101,2023,117,2220.0,12.67,0.0,23.37,0.0
101,2023,117,2221.0,12.67,0.0,23.36,0.0
101,2023,117,2222.0,12.67,0.0,23.35,0.0
101,2023,117,2223.0,12.67,0.0,23.33,0.0
101,2023,117,2224.0,12.67,0.0,23.3,0.0
101,2023,117,2225.0,12.67,0.0,23.29,0.0
101,2023,117,2226.0,12.67,0.0,23.29,0.0
101,2023,117,2227.0,12.66,0.0,23.29,0.0
101,2023,117,2228.0,12.66,0.0,23.29,0.0
101,2023,117,2229.0,12.66,0.0,23.29,0.0
101,2023,117,2230.0,12.66,0.0,23.3,0.0
101,2023,117,2231.0,12.66,0.0,23.29,0.0
101,2023,117,2232.0,12.66,0.0,23.3,0.0
101,2023,117,2233.0,12.66,0.0,23.31,0.0
101,2023,117,2234.0,12.66,0.0,23.33,0.0
101,2023,117,2235.0,12.66,0.0,23.36,0.0
101,2023,117,2236.0,12.66,0.0,23.39,0.0
101,2023,117,2237.0,12.66,0.0,23.38,0.0
101,2023,117,2238.0,12.66,0.0,23.37,0.0
101,2023,117,2239.0,12.66,0.0,23.37,0.0
101,2023,117,2240.0,12.66,0.0,23.36,0.0
101,2023,117,2241.0,12.66,0.0,23.36,0.0
101,2023,117,2242.0,12.66,0.0,23.36,0.0
101,2023,117,2243.0,12.66,0.0,23.34,0.0
101,2023,117,2244.0,12.66,0.0,23.37,0.0
101,2023,117,2245.0,12.66,0.0,23.41,0.0
101,2023,117,2246.0,12.66,0.0,23.4,0.0
101,2023,117,2247.0,12.66,0.0,23.41,0.0
101,2023,117,2248.0,12.66,0.0,23.41,0.0
101,2023,117,2249.0,12.66,0.0,23.45,0.0
101,2023,117,2250.0,12.66,0.0,23.49,0.0
101,2023,117,2251.0,12.66,0.0,23.51,0.0
101,2023,117,2252.0,12.66,0.0,23.5,0.0
101,2023,117,2253.0,12.66,0.0,23.48,0.0
101,2023,117,2254.0,12.66,0.0,23.46,0.0
101,2023,117,2255.0,12.66,0.0,23.44,0.0
101,2023,117,2256.0,12.65,0.0,23.41,0.0
101,2023,117,2257.0,12.66,0.0,23.41,0.0
101,2023,117,2258.0,12.65,0.0,23.44,0.0
101,2023,117,2259.0,12.66,0.0,23.46,0.0
101,2023,117,2300.0,12.65,0.0,23.45,0.0
101,2023,117,2301.0,12.65,0.0,23.43,0.0
101,2023,117,2302.0,12.66,0.0,23.42,0.0
101,2023,117,2303.0,12.66,0.0,23.4,0.0
101,2023,117,2304.0,12.66,0.0,23.39,0.0
101,2023,117,2305.0,12.65,0.0,23.39,0.0
101,2023,117,2306.0,12.65,0.0,23.39,0.0
101,2023,117,2307.0,12.65,0.0,23.37,0.0
101,2023,117,2308.0,12.65,0.0,23.36,0.0
101,2023,117,2309.0,12.66,0.0,23.39,0.0
101,2023,117,2310.0,12.65,0.0,23.44,0.0
101,2023,117,2311.0,12.65,0.0,23.48,0.0
101,2023,117,2312.0,12.65,0.0,23.47,0.0
101,2023,117,2313.0,12.65,0.0,23.47,0.0
101,2023,117,2314.0,12.65,0.0,23.46,0.0
101,2023,117,2315.0,12.65,0.0,23.44,0.0
101,2023,117,2316.0,12.65,0.0,23.43,0.0
101,2023,117,2317.0,12.65,0.0,23.42,0.0
101,2023,117,2318.0,12.65,0.0,23.42,0.0
101,2023,117,2319.0,12.65,0.0,23.41,0.0
101,2023,117,2320.0,12.65,0.0,23.39,0.0
101,2023,117,2321.0,12.65,0.0,23.39,0.0
101,2023,117,2322.0,12.65,0.0,23.37,0.0
101,2023,117,2323.0,12.65,0.0,23.37,0.0
101,2023,117,2324.0,12.65,0.0,23.37,0.0
101,2023,117,2325.0,12.65,0.0,23.36,0.0
101,2023,117,2326.0,12.65,0.0,23.35,0.0
101,2023,117,2327.0,12.65,0.0,23.32,0.0
101,2023,117,2328.0,12.65,0.0,23.3,0.0
101,2023,117,2329.0,12.65,0.0,23.27,0.0
101,2023,117,2330.0,12.65,0.0,23.24,0.0
101,2023,117,2331.0,12.65,0.0,23.22,0.0
101,2023,117,2332.0,12.65,0.0,23.2,0.0
101,2023,117,2333.0,12.65,0.0,23.2,0.0
101,2023,117,2334.0,12.65,0.0,23.2,0.0
101,2023,117,2335.0,12.65,0.0,23.2,0.0
101,2023,117,2336.0,12.65,0.0,23.21,0.0
101,2023,117,2337.0,12.65,0.0,23.21,0.0
101,2023,117,2338.0,12.65,0.0,23.22,0.0
101,2023,117,2339.0,12.65,0.0,23.22,0.0
101,2023,117,2340.0,12.65,0.0,23.22,0.0
101,2023,117,2341.0,12.65,0.0,23.23,0.0
101,2023,117,2342.0,12.65,0.0,23.29,0.0
101,2023,117,2343.0,12.65,0.0,23.32,0.0
101,2023,117,2344.0,12.65,0.0,23.35,0.0
101,2023,117,2345.0,12.65,0.0,23.34,0.0
101,2023,117,2346.0,12.65,0.0,23.35,0.0
101,2023,117,2347.0,12.64,0.0,23.35,0.0
101,2023,117,2348.0,12.65,0.0,23.34,0.0
101,2023,117,2349.0,12.65,0.0,23.34,0.0
101,2023,117,2350.0,12.65,0.0,23.34,0.0
101,2023,117,2351.0,12.65,0.0,23.34,0.0
101,2023,117,2352.0,12.65,0.0,23.34,0.0
101,2023,117,2353.0,12.65,0.0,23.34,0.0
101,2023,117,2354.0,12.64,0.0,23.34,0.0
101,2023,117,2355.0,12.64,0.0,23.35,0.0
101,2023,117,2356.0,12.64,0.0,23.33,0.0
101,2023,117,2357.0,12.65,0.0,23.32,0.0
101,2023,117,2358.0,12.64,0.0,23.32,0.0
101,2023,117,2359.0,12.64,0.0,23.35,0.0
