a,b,dia_juliano,d,e,f,g,h
101,2023,95,2400.0,12.62,0.0,23.22,0.0
101,2023,95,1.0,12.62,0.0,23.23,0.0
101,2023,95,2.0,12.62,0.0,23.25,0.0
101,2023,95,3.0,12.62,0.0,23.31,0.0
101,2023,95,4.0,12.62,0.0,23.34,0.0
101,2023,95,5.0,12.62,0.0,23.35,0.0
101,2023,95,6.0,12.62,0.0,23.37,0.0
101,2023,95,7.0,12.61,0.0,23.39,0.0
101,2023,95,8.0,12.61,0.0,23.39,0.0
101,2023,95,9.0,12.62,0.0,23.41,0.0
101,2023,95,10.0,12.62,0.0,23.41,0.0
101,2023,95,11.0,12.62,0.0,23.39,0.0
101,2023,95,12.0,12.61,0.0,23.38,0.0
101,2023,95,13.0,12.61,0.0,23.36,0.0
101,2023,95,14.0,12.62,0.0,23.36,0.0
101,2023,95,15.0,12.62,0.0,23.37,0.0
101,2023,95,16.0,12.61,0.0,23.37,0.0
101,2023,95,17.0,12.61,0.0,23.31,0.0
101,2023,95,18.0,12.61,0.0,23.3,0.0
101,2023,95,19.0,12.61,0.0,23.27,0.0
101,2023,95,20.0,12.61,0.0,23.28,0.0
101,2023,95,21.0,12.61,0.0,23.28,0.0
101,2023,95,22.0,12.61,0.0,23.29,0.0
101,2023,95,23.0,12.61,0.0,23.33,0.0
101,2023,95,24.0,12.61,0.0,23.34,0.0
101,2023,95,25.0,12.61,0.0,23.35,0.0
101,2023,95,26.0,12.61,0.0,23.36,0.0
101,2023,95,27.0,12.61,0.0,23.38,0.0
101,2023,95,28.0,12.61,0.0,23.34,0.0
101,2023,95,29.0,12.61,0.0,23.29,0.0
101,2023,95,30.0,12.61,0.0,23.27,0.0
101,2023,95,31.0,12.61,0.0,23.27,0.0
101,2023,95,32.0,12.61,0.0,23.25,0.0
101,2023,95,33.0,12.61,0.0,23.23,0.0
101,2023,95,34.0,12.61,0.0,23.2,0.0
101,2023,95,35.0,12.61,0.0,23.18,0.0
101,2023,95,36.0,12.61,0.0,23.17,0.0
101,2023,95,37.0,12.61,0.0,23.17,0.0
101,2023,95,38.0,12.61,0.0,23.17,0.0
101,2023,95,39.0,12.61,0.0,23.17,0.0
101,2023,95,40.0,12.61,0.0,23.17,0.0
101,2023,95,41.0,12.61,0.0,23.17,0.0
101,2023,95,42.0,12.61,0.0,23.16,0.0
101,2023,95,43.0,12.61,0.0,23.16,0.0
101,2023,95,44.0,12.61,0.0,23.17,0.0
101,2023,95,45.0,12.61,0.0,23.17,0.0
101,2023,95,46.0,12.61,0.0,23.17,0.0
101,2023,95,47.0,12.61,0.0,23.17,0.0
101,2023,95,48.0,12.61,0.0,23.17,0.0
101,2023,95,49.0,12.61,0.0,23.17,0.0
101,2023,95,50.0,12.6,0.0,23.17,0.0
101,2023,95,51.0,12.6,0.0,23.17,0.0
101,2023,95,52.0,12.6,0.0,23.17,0.0
101,2023,95,53.0,12.6,0.0,23.18,0.0
101,2023,95,54.0,12.6,0.0,23.24,0.0
101,2023,95,55.0,12.6,0.0,23.24,0.0
101,2023,95,56.0,12.6,0.0,23.2,0.0
101,2023,95,57.0,12.6,0.0,23.18,0.0
101,2023,95,58.0,12.6,0.0,23.2,0.0
101,2023,95,59.0,12.6,0.0,23.19,0.0
101,2023,95,100.0,12.6,0.0,23.17,0.0
101,2023,95,101.0,12.6,0.0,23.16,0.0
101,2023,95,102.0,12.6,0.0,23.15,0.0
101,2023,95,103.0,12.6,0.0,23.15,0.0
101,2023,95,104.0,12.6,0.0,23.17,0.0
101,2023,95,105.0,12.6,0.0,23.17,0.0
101,2023,95,106.0,12.6,0.0,23.17,0.0
101,2023,95,107.0,12.6,0.0,23.16,0.0
101,2023,95,108.0,12.6,0.0,23.14,0.0
101,2023,95,109.0,12.6,0.0,23.15,0.0
101,2023,95,110.0,12.6,0.0,23.15,0.0
101,2023,95,111.0,12.6,0.0,23.16,0.0
101,2023,95,112.0,12.6,0.0,23.2,0.0
101,2023,95,113.0,12.6,0.0,23.21,0.0
101,2023,95,114.0,12.6,0.0,23.24,0.0
101,2023,95,115.0,12.59,0.0,23.29,0.0
101,2023,95,116.0,12.6,0.0,23.28,0.0
101,2023,95,117.0,12.6,0.0,23.26,0.0
101,2023,95,118.0,12.59,0.0,23.28,0.0
101,2023,95,119.0,12.59,0.0,23.29,0.0
101,2023,95,120.0,12.6,0.0,23.28,0.0
101,2023,95,121.0,12.59,0.0,23.24,0.0
101,2023,95,122.0,12.59,0.0,23.21,0.0
101,2023,95,123.0,12.6,0.0,23.19,0.0
101,2023,95,124.0,12.6,0.0,23.16,0.0
101,2023,95,125.0,12.6,0.0,23.11,0.0
101,2023,95,126.0,12.59,0.0,23.1,0.0
101,2023,95,127.0,12.59,0.0,23.05,0.0
101,2023,95,128.0,12.59,0.0,23.01,0.0
101,2023,95,129.0,12.59,0.0,23.01,0.0
101,2023,95,130.0,12.59,0.0,23.02,0.0
101,2023,95,131.0,12.59,0.0,22.99,0.0
101,2023,95,132.0,12.59,0.0,22.99,0.0
101,2023,95,133.0,12.59,0.0,22.96,0.0
101,2023,95,134.0,12.59,0.0,22.88,0.0
101,2023,95,135.0,12.59,0.0,22.88,0.0
101,2023,95,136.0,12.59,0.0,22.89,0.0
101,2023,95,137.0,12.59,0.0,22.92,0.0
101,2023,95,138.0,12.59,0.0,22.92,0.0
101,2023,95,139.0,12.59,0.0,22.94,0.0
101,2023,95,140.0,12.59,0.0,22.96,0.0
101,2023,95,141.0,12.59,0.0,22.97,0.0
101,2023,95,142.0,12.59,0.0,22.99,0.0
101,2023,95,143.0,12.59,0.0,22.99,0.0
101,2023,95,144.0,12.59,0.0,23.0,0.0
101,2023,95,145.0,12.59,0.0,23.02,0.0
101,2023,95,146.0,12.59,0.0,23.02,0.0
101,2023,95,147.0,12.58,0.0,23.03,0.0
101,2023,95,148.0,12.59,0.0,23.04,0.0
101,2023,95,149.0,12.58,0.0,23.02,0.0
101,2023,95,150.0,12.58,0.0,23.02,0.0
101,2023,95,151.0,12.58,0.0,23.03,0.0
101,2023,95,152.0,12.58,0.0,23.02,0.0
101,2023,95,153.0,12.58,0.0,23.01,0.0
101,2023,95,154.0,12.58,0.0,23.0,0.0
101,2023,95,155.0,12.58,0.0,22.98,0.0
101,2023,95,156.0,12.58,0.0,22.98,0.0
101,2023,95,157.0,12.58,0.0,22.98,0.0
101,2023,95,158.0,12.58,0.0,22.98,0.0
101,2023,95,159.0,12.58,0.0,22.99,0.0
101,2023,95,200.0,12.58,0.0,22.99,0.0
101,2023,95,201.0,12.58,0.0,22.98,0.0
101,2023,95,202.0,12.58,0.0,22.97,0.0
101,2023,95,203.0,12.58,0.0,22.97,0.0
101,2023,95,204.0,12.58,0.0,22.98,0.0
101,2023,95,205.0,12.58,0.0,22.99,0.0
101,2023,95,206.0,12.58,0.0,22.98,0.0
101,2023,95,207.0,12.58,0.0,22.96,0.0
101,2023,95,208.0,12.58,0.0,22.95,0.0
101,2023,95,209.0,12.58,0.0,22.94,0.0
101,2023,95,210.0,12.58,0.0,22.94,0.0
101,2023,95,211.0,12.57,0.0,22.92,0.0
101,2023,95,212.0,12.57,0.0,22.92,0.0
101,2023,95,213.0,12.58,0.0,22.91,0.0
101,2023,95,214.0,12.57,0.0,22.91,0.0
101,2023,95,215.0,12.58,0.0,22.9,0.0
101,2023,95,216.0,12.57,0.0,22.9,0.0
101,2023,95,217.0,12.58,0.0,22.9,0.0
101,2023,95,218.0,12.57,0.0,22.9,0.0
101,2023,95,219.0,12.57,0.0,22.89,0.0
101,2023,95,220.0,12.57,0.0,22.88,0.0
101,2023,95,221.0,12.57,0.0,22.87,0.0
101,2023,95,222.0,12.57,0.0,22.86,0.0
101,2023,95,223.0,12.57,0.0,22.84,0.0
101,2023,95,224.0,12.57,0.0,22.82,0.0
101,2023,95,225.0,12.57,0.0,22.81,0.0
101,2023,95,226.0,12.57,0.0,22.8,0.0
101,2023,95,227.0,12.57,0.0,22.8,0.0
101,2023,95,228.0,12.57,0.0,22.8,0.0
101,2023,95,229.0,12.57,0.0,22.8,0.0
101,2023,95,230.0,12.57,0.0,22.79,0.0
101,2023,95,231.0,12.57,0.0,22.78,0.0
101,2023,95,232.0,12.57,0.0,22.77,0.0
101,2023,95,233.0,12.57,0.0,22.78,0.0
101,2023,95,234.0,12.57,0.0,22.77,0.0
101,2023,95,235.0,12.57,0.0,22.78,0.0
101,2023,95,236.0,12.57,0.0,22.79,0.0
101,2023,95,237.0,12.57,0.0,22.8,0.0
101,2023,95,238.0,12.57,0.0,22.81,0.0
101,2023,95,239.0,12.57,0.0,22.8,0.0
101,2023,95,240.0,12.57,0.0,22.79,0.0
101,2023,95,241.0,12.57,0.0,22.79,0.0
101,2023,95,242.0,12.57,0.0,22.77,0.0
101,2023,95,243.0,12.57,0.0,22.78,0.0
101,2023,95,244.0,12.56,0.0,22.78,0.0
101,2023,95,245.0,12.57,0.0,22.75,0.0
101,2023,95,246.0,12.57,0.0,22.73,0.0
101,2023,95,247.0,12.56,0.0,22.74,0.0
101,2023,95,248.0,12.56,0.0,22.74,0.0
101,2023,95,249.0,12.56,0.0,22.74,0.0
101,2023,95,250.0,12.56,0.0,22.74,0.0
101,2023,95,251.0,12.56,0.0,22.73,0.0
101,2023,95,252.0,12.56,0.0,22.72,0.0
101,2023,95,253.0,12.56,0.0,22.72,0.0
101,2023,95,254.0,12.56,0.0,22.71,0.0
101,2023,95,255.0,12.56,0.0,22.7,0.0
101,2023,95,256.0,12.56,0.0,22.69,0.0
101,2023,95,257.0,12.56,0.0,22.69,0.0
101,2023,95,258.0,12.56,0.0,22.69,0.0
101,2023,95,259.0,12.56,0.0,22.69,0.0
101,2023,95,300.0,12.56,0.0,22.7,0.0
101,2023,95,301.0,12.56,0.0,22.7,0.0
101,2023,95,302.0,12.56,0.0,22.71,0.0
101,2023,95,303.0,12.56,0.0,22.71,0.0
101,2023,95,304.0,12.56,0.0,22.71,0.0
101,2023,95,305.0,12.56,0.0,22.71,0.0
101,2023,95,306.0,12.56,0.0,22.71,0.0
101,2023,95,307.0,12.56,0.0,22.71,0.0
101,2023,95,308.0,12.56,0.0,22.72,0.0
101,2023,95,309.0,12.56,0.0,22.74,0.0
101,2023,95,310.0,12.56,0.0,22.74,0.0
101,2023,95,311.0,12.56,0.0,22.74,0.0
101,2023,95,312.0,12.56,0.0,22.74,0.0
101,2023,95,313.0,12.56,0.0,22.74,0.0
101,2023,95,314.0,12.56,0.0,22.75,0.0
101,2023,95,315.0,12.56,0.0,22.74,0.0
101,2023,95,316.0,12.56,0.0,22.75,0.0
101,2023,95,317.0,12.56,0.0,22.75,0.0
101,2023,95,318.0,12.56,0.0,22.74,0.0
101,2023,95,319.0,12.55,0.0,22.73,0.0
101,2023,95,320.0,12.56,0.0,22.72,0.0
101,2023,95,321.0,12.55,0.0,22.73,0.0
101,2023,95,322.0,12.55,0.0,22.73,0.0
101,2023,95,323.0,12.55,0.0,22.75,0.0
101,2023,95,324.0,12.55,0.0,22.75,0.0
101,2023,95,325.0,12.56,0.0,22.76,0.0
101,2023,95,326.0,12.55,0.0,22.77,0.0
101,2023,95,327.0,12.55,0.0,22.78,0.0
101,2023,95,328.0,12.55,0.0,22.76,0.0
101,2023,95,329.0,12.55,0.0,22.75,0.0
101,2023,95,330.0,12.55,0.0,22.75,0.0
101,2023,95,331.0,12.55,0.0,22.76,0.0
101,2023,95,332.0,12.55,0.0,22.74,0.0
101,2023,95,333.0,12.55,0.0,22.74,0.0
101,2023,95,334.0,12.55,0.0,22.73,0.0
101,2023,95,335.0,12.55,0.0,22.72,0.0
101,2023,95,336.0,12.55,0.0,22.7,0.0
101,2023,95,337.0,12.55,0.0,22.69,0.0
101,2023,95,338.0,12.55,0.0,22.69,0.0
101,2023,95,339.0,12.55,0.0,22.71,0.0
101,2023,95,340.0,12.55,0.0,22.7,0.0
101,2023,95,341.0,12.55,0.0,22.69,0.0
101,2023,95,342.0,12.55,0.0,22.67,0.0
101,2023,95,343.0,12.55,0.0,22.67,0.0
101,2023,95,344.0,12.55,0.0,22.67,0.0
101,2023,95,345.0,12.55,0.0,22.68,0.0
101,2023,95,346.0,12.55,0.0,22.68,0.0
101,2023,95,347.0,12.55,0.0,22.67,0.0
101,2023,95,348.0,12.55,0.0,22.66,0.0
101,2023,95,349.0,12.55,0.0,22.66,0.0
101,2023,95,350.0,12.55,0.0,22.66,0.0
101,2023,95,351.0,12.55,0.0,22.63,0.0
101,2023,95,352.0,12.55,0.0,22.59,0.0
101,2023,95,353.0,12.55,0.0,22.56,0.0
101,2023,95,354.0,12.55,0.0,22.53,0.0
101,2023,95,355.0,12.55,0.0,22.51,0.0
101,2023,95,356.0,12.55,0.0,22.5,0.0
101,2023,95,357.0,12.55,0.0,22.49,0.0
101,2023,95,358.0,12.55,0.0,22.47,0.0
101,2023,95,359.0,12.55,0.0,22.47,0.0
101,2023,95,400.0,12.55,0.0,22.46,0.0
101,2023,95,401.0,12.55,0.0,22.45,0.0
101,2023,95,402.0,12.55,0.0,22.43,0.0
101,2023,95,403.0,12.55,0.0,22.41,0.0
101,2023,95,404.0,12.55,0.0,22.38,0.0
101,2023,95,405.0,12.55,0.0,22.34,0.0
101,2023,95,406.0,12.55,0.0,22.33,0.0
101,2023,95,407.0,12.55,0.0,22.31,0.0
101,2023,95,408.0,12.55,0.0,22.3,0.0
101,2023,95,409.0,12.55,0.0,22.28,0.0
101,2023,95,410.0,12.55,0.0,22.29,0.0
101,2023,95,411.0,12.55,0.0,22.31,0.0
101,2023,95,412.0,12.54,0.0,22.34,0.0
101,2023,95,413.0,12.54,0.0,22.37,0.0
101,2023,95,414.0,12.55,0.0,22.39,0.0
101,2023,95,415.0,12.54,0.0,22.43,0.0
101,2023,95,416.0,12.55,0.0,22.44,0.0
101,2023,95,417.0,12.54,0.0,22.46,0.0
101,2023,95,418.0,12.54,0.0,22.47,0.0
101,2023,95,419.0,12.54,0.0,22.47,0.0
101,2023,95,420.0,12.54,0.0,22.49,0.0
101,2023,95,421.0,12.55,0.0,22.5,0.0
101,2023,95,422.0,12.54,0.0,22.51,0.0
101,2023,95,423.0,12.54,0.0,22.5,0.0
101,2023,95,424.0,12.54,0.0,22.5,0.0
101,2023,95,425.0,12.54,0.0,22.49,0.0
101,2023,95,426.0,12.54,0.0,22.48,0.0
101,2023,95,427.0,12.54,0.0,22.49,0.0
101,2023,95,428.0,12.54,0.0,22.49,0.0
101,2023,95,429.0,12.55,0.0,22.49,0.0
101,2023,95,430.0,12.54,0.0,22.49,0.0
101,2023,95,431.0,12.54,0.0,22.5,0.0
101,2023,95,432.0,12.54,0.0,22.5,0.0
101,2023,95,433.0,12.54,0.0,22.5,0.0
101,2023,95,434.0,12.54,0.0,22.51,0.0
101,2023,95,435.0,12.54,0.0,22.52,0.0
101,2023,95,436.0,12.54,0.0,22.52,0.0
101,2023,95,437.0,12.54,0.0,22.54,0.0
101,2023,95,438.0,12.54,0.0,22.55,0.0
101,2023,95,439.0,12.54,0.0,22.58,0.0
101,2023,95,440.0,12.54,0.0,22.61,0.0
101,2023,95,441.0,12.54,0.0,22.64,0.0
101,2023,95,442.0,12.54,0.0,22.63,0.0
101,2023,95,443.0,12.54,0.0,22.62,0.0
101,2023,95,444.0,12.54,0.0,22.63,0.0
101,2023,95,445.0,12.54,0.0,22.63,0.0
101,2023,95,446.0,12.54,0.0,22.62,0.0
101,2023,95,447.0,12.54,0.0,22.62,0.0
101,2023,95,448.0,12.54,0.0,22.61,0.0
101,2023,95,449.0,12.54,0.0,22.6,0.0
101,2023,95,450.0,12.54,0.0,22.59,0.0
101,2023,95,451.0,12.54,0.0,22.58,0.0
101,2023,95,452.0,12.54,0.0,22.57,0.0
101,2023,95,453.0,12.54,0.0,22.57,0.0
101,2023,95,454.0,12.54,0.0,22.58,0.0
101,2023,95,455.0,12.54,0.0,22.59,0.0
101,2023,95,456.0,12.54,0.0,22.6,0.0
101,2023,95,457.0,12.54,0.0,22.63,0.0
101,2023,95,458.0,12.54,0.0,22.64,0.0
101,2023,95,459.0,12.54,0.0,22.64,0.0
101,2023,95,500.0,12.54,0.0,22.64,0.0
101,2023,95,501.0,12.54,0.0,22.65,0.0
101,2023,95,502.0,12.54,0.0,22.65,0.0
101,2023,95,503.0,12.54,0.0,22.65,0.0
101,2023,95,504.0,12.54,0.0,22.66,0.0
101,2023,95,505.0,12.54,0.0,22.67,0.0
101,2023,95,506.0,12.54,0.0,22.69,0.0
101,2023,95,507.0,12.54,0.0,22.7,0.0
101,2023,95,508.0,12.54,0.0,22.71,0.0
101,2023,95,509.0,12.54,0.0,22.7,0.0
101,2023,95,510.0,12.54,0.0,22.69,0.0
101,2023,95,511.0,12.54,0.0,22.68,0.0
101,2023,95,512.0,12.54,0.0,22.66,0.0
101,2023,95,513.0,12.54,0.0,22.66,0.0
101,2023,95,514.0,12.54,0.0,22.67,0.0
101,2023,95,515.0,12.54,0.0,22.68,0.0
101,2023,95,516.0,12.54,0.0,22.68,0.0
101,2023,95,517.0,12.54,0.0,22.68,0.0
101,2023,95,518.0,12.54,0.0,22.69,0.0
101,2023,95,519.0,12.54,0.0,22.7,0.0
101,2023,95,520.0,12.54,0.0,22.72,0.0
101,2023,95,521.0,12.54,0.902,22.72,0.0
101,2023,95,522.0,12.54,1.128,22.72,0.0
101,2023,95,523.0,12.54,1.1,22.72,0.0
101,2023,95,524.0,12.54,1.015,22.71,0.0
101,2023,95,525.0,12.54,1.241,22.71,0.0
101,2023,95,526.0,12.54,1.579,22.72,0.0
101,2023,95,527.0,12.54,1.861,22.73,0.0
101,2023,95,528.0,12.54,2.199,22.72,0.0
101,2023,95,529.0,12.54,2.51,22.71,0.0
101,2023,95,530.0,12.54,2.82,22.7,0.0
101,2023,95,531.0,12.54,3.045,22.69,0.0
101,2023,95,532.0,12.54,3.299,22.69,0.0
101,2023,95,533.0,12.54,3.722,22.7,0.0
101,2023,95,534.0,12.54,4.061,22.71,0.0
101,2023,95,535.0,12.54,4.202,22.7,0.0
101,2023,95,536.0,12.54,4.568,22.7,0.0
101,2023,95,537.0,12.54,5.188,22.71,0.0
101,2023,95,538.0,12.54,5.865,22.72,0.0
101,2023,95,539.0,12.54,6.457,22.73,0.0
101,2023,95,540.0,12.54,7.05,22.73,0.0
101,2023,95,541.0,12.54,7.73,22.73,0.0
101,2023,95,542.0,12.54,8.29,22.72,0.0
101,2023,95,543.0,12.54,8.97,22.72,0.0
101,2023,95,544.0,12.54,9.81,22.74,0.0
101,2023,95,545.0,12.54,10.83,22.73,0.0
101,2023,95,546.0,12.54,11.7,22.73,0.0
101,2023,95,547.0,12.54,12.24,22.74,0.0
101,2023,95,548.0,12.54,12.52,22.73,0.0
101,2023,95,549.0,12.54,12.52,22.72,0.0
101,2023,95,550.0,12.54,12.69,22.74,0.0
101,2023,95,551.0,12.54,13.31,22.73,0.0
101,2023,95,552.0,12.54,14.47,22.74,0.0
101,2023,95,553.0,12.54,15.65,22.78,0.0
101,2023,95,554.0,12.54,16.44,22.78,0.0
101,2023,95,555.0,12.54,16.38,22.75,0.0
101,2023,95,556.0,12.54,15.71,22.74,0.0
101,2023,95,557.0,12.54,15.45,22.75,0.0
101,2023,95,558.0,12.54,16.19,22.75,0.0
101,2023,95,559.0,12.54,17.65,22.75,0.0
101,2023,95,600.0,12.54,18.72,22.74,0.0
101,2023,95,601.0,12.54,18.72,22.76,0.0
101,2023,95,602.0,12.54,16.98,22.76,0.0
101,2023,95,603.0,12.54,13.82,22.78,0.0
101,2023,95,604.0,12.54,11.34,22.77,0.0
101,2023,95,605.0,12.54,11.05,22.77,0.0
101,2023,95,606.0,12.54,12.13,22.77,0.0
101,2023,95,607.0,12.55,14.01,22.77,0.0
101,2023,95,608.0,12.55,16.33,22.78,0.0
101,2023,95,609.0,12.56,19.03,22.79,0.0
101,2023,95,610.0,12.57,21.83,22.79,0.0
101,2023,95,611.0,12.57,24.87,22.81,0.0
101,2023,95,612.0,12.58,27.75,22.82,0.0
101,2023,95,613.0,12.59,30.48,22.83,0.0
101,2023,95,614.0,12.6,32.85,22.85,0.0
101,2023,95,615.0,12.61,35.02,22.86,0.0
101,2023,95,616.0,12.62,37.02,22.87,0.0
101,2023,95,617.0,12.62,38.57,22.87,0.0
101,2023,95,618.0,12.63,39.93,22.86,0.0
101,2023,95,619.0,12.64,41.37,22.8,0.0
101,2023,95,620.0,12.65,42.83,22.82,0.0
101,2023,95,621.0,12.66,44.78,22.85,0.0
101,2023,95,622.0,12.68,46.87,22.88,0.0
101,2023,95,623.0,12.69,48.59,22.91,0.0
101,2023,95,624.0,12.71,50.59,22.93,0.0
101,2023,95,625.0,12.72,53.41,22.94,0.0
101,2023,95,626.0,12.75,56.68,22.94,0.0
101,2023,95,627.0,12.77,60.2,22.93,0.0
101,2023,95,628.0,12.79,63.87,22.91,0.0
101,2023,95,629.0,12.81,68.01,22.91,0.0
101,2023,95,630.0,12.84,71.9,22.93,0.0
101,2023,95,631.0,12.86,75.6,22.95,0.0
101,2023,95,632.0,12.9,79.3,22.98,0.0
101,2023,95,633.0,12.93,83.9,23.0,0.0
101,2023,95,634.0,12.96,88.1,23.0,0.0
101,2023,95,635.0,13.0,92.3,22.98,0.0
101,2023,95,636.0,13.05,95.9,22.95,0.0
101,2023,95,637.0,13.08,98.9,22.95,0.0
101,2023,95,638.0,13.1,100.9,22.94,0.0
101,2023,95,639.0,13.11,102.4,22.95,0.0
101,2023,95,640.0,13.14,105.4,22.97,0.0
101,2023,95,641.0,13.16,108.5,23.0,0.0
101,2023,95,642.0,13.17,110.4,22.96,0.0
101,2023,95,643.0,13.18,111.0,22.98,0.0
101,2023,95,644.0,13.2,112.2,22.96,0.0
101,2023,95,645.0,13.22,117.4,22.99,0.0
101,2023,95,646.0,13.22,119.2,22.97,0.0
101,2023,95,647.0,13.2,112.0,23.0,0.0
101,2023,95,648.0,13.18,102.7,23.03,0.0
101,2023,95,649.0,13.15,94.7,23.03,0.0
101,2023,95,650.0,13.14,93.3,23.03,0.0
101,2023,95,651.0,13.12,93.7,23.06,0.0
101,2023,95,652.0,13.09,88.4,22.99,0.0
101,2023,95,653.0,13.07,74.3,22.99,0.0
101,2023,95,654.0,13.04,62.63,22.99,0.0
101,2023,95,655.0,13.01,54.2,22.99,0.0
101,2023,95,656.0,12.99,44.92,23.01,0.0
101,2023,95,657.0,12.97,37.42,22.94,0.0
101,2023,95,658.0,12.95,33.1,22.93,0.0
101,2023,95,659.0,12.93,30.43,22.94,0.0
101,2023,95,700.0,12.91,28.09,22.96,0.0
101,2023,95,701.0,12.9,26.0,22.94,0.0
101,2023,95,702.0,12.88,24.7,22.95,0.0
101,2023,95,703.0,12.87,23.97,22.97,0.0
101,2023,95,704.0,12.86,23.69,22.99,0.0
101,2023,95,705.0,12.84,24.19,22.99,0.0
101,2023,95,706.0,12.84,25.69,22.88,0.0
101,2023,95,707.0,12.83,28.65,22.88,0.0
101,2023,95,708.0,12.83,31.81,22.9,0.0
101,2023,95,709.0,12.83,34.15,22.96,0.0
101,2023,95,710.0,12.84,38.83,22.98,0.0
101,2023,95,711.0,12.85,47.4,23.01,0.0
101,2023,95,712.0,12.86,54.59,22.96,0.0
101,2023,95,713.0,12.87,58.37,22.91,0.0
101,2023,95,714.0,12.88,61.39,22.83,0.0
101,2023,95,715.0,12.9,69.03,22.88,0.0
101,2023,95,716.0,12.92,83.3,22.91,0.0
101,2023,95,717.0,12.94,95.2,23.02,0.0
101,2023,95,718.0,12.96,102.0,23.09,0.0
101,2023,95,719.0,12.99,106.6,23.12,0.0
101,2023,95,720.0,13.02,110.7,23.19,0.0
101,2023,95,721.0,13.05,115.0,23.19,0.0
101,2023,95,722.0,13.08,120.6,23.12,0.0
101,2023,95,723.0,13.12,126.8,23.07,0.0
101,2023,95,724.0,13.15,130.8,23.12,0.0
101,2023,95,725.0,13.18,132.6,23.2,0.0
101,2023,95,726.0,13.21,135.5,23.24,0.0
101,2023,95,727.0,13.22,138.0,23.25,0.0
101,2023,95,728.0,13.22,142.0,23.26,0.0
101,2023,95,729.0,13.22,141.9,23.3,0.0
101,2023,95,730.0,13.22,137.8,23.29,0.0
101,2023,95,731.0,13.22,135.4,23.25,0.0
101,2023,95,732.0,13.22,135.8,23.19,0.0
101,2023,95,733.0,13.22,139.3,23.16,0.0
101,2023,95,734.0,13.22,147.1,23.19,0.0
101,2023,95,735.0,13.22,160.0,23.18,0.0
101,2023,95,736.0,13.22,174.2,23.23,0.0
101,2023,95,737.0,13.22,184.1,23.25,0.0
101,2023,95,738.0,13.22,189.8,23.29,0.0
101,2023,95,739.0,13.22,193.0,23.37,0.0
101,2023,95,740.0,13.22,192.2,23.43,0.0
101,2023,95,741.0,13.22,187.2,23.46,0.0
101,2023,95,742.0,13.22,184.2,23.36,0.0
101,2023,95,743.0,13.22,177.9,23.4,0.0
101,2023,95,744.0,13.22,171.9,23.43,0.0
101,2023,95,745.0,13.22,178.6,23.51,0.0
101,2023,95,746.0,13.22,206.6,23.54,0.0
101,2023,95,747.0,13.22,232.6,23.65,0.0
101,2023,95,748.0,13.21,243.5,23.64,0.0
101,2023,95,749.0,13.21,244.2,23.68,0.0
101,2023,95,750.0,13.21,240.6,23.73,0.0
101,2023,95,751.0,13.21,238.2,23.7,0.0
101,2023,95,752.0,13.21,238.0,23.75,0.0
101,2023,95,753.0,13.21,240.0,23.75,0.0
101,2023,95,754.0,13.21,249.2,23.85,0.0
101,2023,95,755.0,13.21,263.2,23.92,0.0
101,2023,95,756.0,13.21,270.1,23.89,0.0
101,2023,95,757.0,13.21,266.4,23.89,0.0
101,2023,95,758.0,13.21,256.2,23.94,0.0
101,2023,95,759.0,13.21,242.4,24.05,0.0
101,2023,95,800.0,13.21,227.9,24.0,0.0
101,2023,95,801.0,13.2,220.0,24.0,0.0
101,2023,95,802.0,13.2,222.2,24.08,0.0
101,2023,95,803.0,13.2,229.1,24.11,0.0
101,2023,95,804.0,13.2,237.6,23.97,0.0
101,2023,95,805.0,13.2,251.2,24.08,0.0
101,2023,95,806.0,13.2,261.3,24.09,0.0
101,2023,95,807.0,13.2,260.7,24.19,0.0
101,2023,95,808.0,13.2,258.8,24.31,0.0
101,2023,95,809.0,13.2,262.5,24.28,0.0
101,2023,95,810.0,13.2,267.2,24.39,0.0
101,2023,95,811.0,13.2,267.5,24.31,0.0
101,2023,95,812.0,13.2,266.1,24.44,0.0
101,2023,95,813.0,13.2,274.5,24.48,0.0
101,2023,95,814.0,13.2,308.9,24.59,0.0
101,2023,95,815.0,13.2,337.0,24.57,0.0
101,2023,95,816.0,13.19,342.5,24.67,0.0
101,2023,95,817.0,13.19,354.8,24.73,0.0
101,2023,95,818.0,13.19,360.3,24.81,0.0
101,2023,95,819.0,13.19,355.4,24.9,0.0
101,2023,95,820.0,13.19,368.3,24.99,0.0
101,2023,95,821.0,13.19,355.1,25.12,0.0
101,2023,95,822.0,13.18,361.4,25.22,0.0
101,2023,95,823.0,13.18,339.7,25.23,0.0
101,2023,95,824.0,13.18,318.4,25.3,0.0
101,2023,95,825.0,13.18,310.7,25.27,0.0
101,2023,95,826.0,13.18,310.2,25.09,0.0
101,2023,95,827.0,13.18,311.5,25.1,0.0
101,2023,95,828.0,13.18,314.5,25.19,0.0
101,2023,95,829.0,13.18,318.4,25.12,0.0
101,2023,95,830.0,13.18,323.6,25.21,0.0
101,2023,95,831.0,13.18,332.7,25.38,0.0
101,2023,95,832.0,13.17,351.5,25.48,0.0
101,2023,95,833.0,13.18,380.2,25.4,0.0
101,2023,95,834.0,13.18,429.8,25.59,0.0
101,2023,95,835.0,13.17,476.4,25.72,0.0
101,2023,95,836.0,13.17,481.4,25.73,0.0
101,2023,95,837.0,13.17,512.3,25.77,0.0
101,2023,95,838.0,13.17,473.0,25.87,0.0
101,2023,95,839.0,13.17,464.3,25.87,0.0
101,2023,95,840.0,13.17,468.5,25.96,0.0
101,2023,95,841.0,13.16,479.8,25.89,0.0
101,2023,95,842.0,13.16,474.8,26.02,0.0
101,2023,95,843.0,13.16,493.8,26.17,0.0
101,2023,95,844.0,13.16,517.4,26.29,0.0
101,2023,95,845.0,13.16,515.2,26.41,0.0
101,2023,95,846.0,13.16,514.6,26.47,0.0
101,2023,95,847.0,13.16,527.6,26.49,0.0
101,2023,95,848.0,13.16,527.4,26.36,0.0
101,2023,95,849.0,13.16,519.7,26.44,0.0
101,2023,95,850.0,13.15,503.2,26.63,0.0
101,2023,95,851.0,13.15,512.0,26.78,0.0
101,2023,95,852.0,13.15,539.1,26.71,0.0
101,2023,95,853.0,13.15,581.0,26.77,0.0
101,2023,95,854.0,13.15,594.9,26.94,0.0
101,2023,95,855.0,13.15,605.7,27.02,0.0
101,2023,95,856.0,13.15,562.7,27.21,0.0
101,2023,95,857.0,13.14,529.4,27.23,0.0
101,2023,95,858.0,13.14,544.1,27.06,0.0
101,2023,95,859.0,13.14,574.5,27.0,0.0
101,2023,95,900.0,13.14,614.6,27.2,0.0
101,2023,95,901.0,13.14,616.3,27.4,0.0
101,2023,95,902.0,13.14,632.0,27.55,0.0
101,2023,95,903.0,13.14,650.2,27.74,0.0
101,2023,95,904.0,13.13,661.9,27.75,0.0
101,2023,95,905.0,13.13,659.9,27.67,0.0
101,2023,95,906.0,13.13,666.8,27.68,0.0
101,2023,95,907.0,13.13,655.6,27.82,0.0
101,2023,95,908.0,13.13,625.3,27.97,0.0
101,2023,95,909.0,13.13,622.7,27.85,0.0
101,2023,95,910.0,13.13,439.8,27.7,0.0
101,2023,95,911.0,13.12,544.1,27.7,0.0
101,2023,95,912.0,13.12,660.4,27.69,0.0
101,2023,95,913.0,13.12,669.8,27.63,0.0
101,2023,95,914.0,13.12,591.8,27.67,0.0
101,2023,95,915.0,13.12,495.8,27.68,0.0
101,2023,95,916.0,13.12,547.9,27.52,0.0
101,2023,95,917.0,13.12,589.8,27.67,0.0
101,2023,95,918.0,13.12,510.0,27.69,0.0
101,2023,95,919.0,13.12,398.9,27.58,0.0
101,2023,95,920.0,13.12,497.1,27.59,0.0
101,2023,95,921.0,13.12,448.3,27.61,0.0
101,2023,95,922.0,13.12,429.5,27.69,0.0
101,2023,95,923.0,13.12,429.0,27.71,0.0
101,2023,95,924.0,13.12,564.6,27.64,0.0
101,2023,95,925.0,13.12,493.5,27.54,0.0
101,2023,95,926.0,13.12,387.3,27.54,0.0
101,2023,95,927.0,13.12,334.7,27.53,0.0
101,2023,95,928.0,13.12,293.3,27.48,0.0
101,2023,95,929.0,13.12,271.3,27.52,0.0
101,2023,95,930.0,13.12,266.1,27.52,0.0
101,2023,95,931.0,13.12,281.1,27.56,0.0
101,2023,95,932.0,13.12,385.2,27.58,0.0
101,2023,95,933.0,13.12,611.2,27.68,0.0
101,2023,95,934.0,13.12,362.9,27.66,0.0
101,2023,95,935.0,13.12,295.5,27.64,0.0
101,2023,95,936.0,13.12,285.9,27.69,0.0
101,2023,95,937.0,13.12,299.7,27.69,0.0
101,2023,95,938.0,13.13,337.7,27.58,0.0
101,2023,95,939.0,13.13,427.0,27.58,0.0
101,2023,95,940.0,13.12,779.0,27.66,0.0
101,2023,95,941.0,13.12,797.0,27.77,0.0
101,2023,95,942.0,13.12,747.0,27.91,0.0
101,2023,95,943.0,13.12,553.4,27.97,0.0
101,2023,95,944.0,13.12,442.6,28.05,0.0
101,2023,95,945.0,13.12,431.2,28.06,0.0
101,2023,95,946.0,13.12,545.8,28.09,0.0
101,2023,95,947.0,13.12,428.0,27.95,0.0
101,2023,95,948.0,13.12,456.7,27.81,0.0
101,2023,95,949.0,13.12,416.8,27.8,0.0
101,2023,95,950.0,13.12,387.6,27.88,0.0
101,2023,95,951.0,13.12,373.6,27.81,0.0
101,2023,95,952.0,13.12,528.6,27.81,0.0
101,2023,95,953.0,13.12,564.3,27.87,0.0
101,2023,95,954.0,13.12,481.2,27.94,0.0
101,2023,95,955.0,13.12,821.0,27.97,0.0
101,2023,95,956.0,13.12,841.0,27.99,0.0
101,2023,95,957.0,13.12,840.0,28.11,0.0
101,2023,95,958.0,13.12,521.9,28.21,0.0
101,2023,95,959.0,13.12,383.3,28.31,0.0
101,2023,95,1000.0,13.12,638.6,28.3,0.0
101,2023,95,1001.0,13.12,862.0,28.37,0.0
101,2023,95,1002.0,13.12,863.0,28.57,0.0
101,2023,95,1003.0,13.12,690.4,28.63,0.0
101,2023,95,1004.0,13.12,366.6,28.48,0.0
101,2023,95,1005.0,13.12,303.3,28.34,0.0
101,2023,95,1006.0,13.12,295.6,28.22,0.0
101,2023,95,1007.0,13.12,331.9,28.11,0.0
101,2023,95,1008.0,13.12,634.5,28.05,0.0
101,2023,95,1009.0,13.12,862.0,28.13,0.0
101,2023,95,1010.0,13.12,906.0,28.28,0.0
101,2023,95,1011.0,13.12,800.0,28.5,0.0
101,2023,95,1012.0,13.12,948.0,28.66,0.0
101,2023,95,1013.0,13.12,929.0,28.73,0.0
101,2023,95,1014.0,13.12,927.0,28.79,0.0
101,2023,95,1015.0,13.12,899.0,29.02,0.0
101,2023,95,1016.0,13.12,883.0,29.12,0.0
101,2023,95,1017.0,13.12,914.0,29.14,0.0
101,2023,95,1018.0,13.12,892.0,29.25,0.0
101,2023,95,1019.0,13.12,879.0,29.06,0.0
101,2023,95,1020.0,13.12,823.0,29.12,0.0
101,2023,95,1021.0,13.12,935.0,29.38,0.0
101,2023,95,1022.0,13.12,604.8,29.29,0.0
101,2023,95,1023.0,13.11,648.3,29.23,0.0
101,2023,95,1024.0,13.12,842.0,29.0,0.0
101,2023,95,1025.0,13.11,774.0,28.93,0.0
101,2023,95,1026.0,13.11,969.0,28.9,0.0
101,2023,95,1027.0,13.11,1019.0,28.99,0.0
101,2023,95,1028.0,13.11,1038.0,29.15,0.0
101,2023,95,1029.0,13.12,1010.0,29.33,0.0
101,2023,95,1030.0,13.11,968.0,29.48,0.0
101,2023,95,1031.0,13.12,948.0,29.45,0.0
101,2023,95,1032.0,13.11,977.0,29.5,0.0
101,2023,95,1033.0,13.11,985.0,29.55,0.0
101,2023,95,1034.0,13.11,986.0,29.41,0.0
101,2023,95,1035.0,13.11,991.0,29.27,0.0
101,2023,95,1036.0,13.11,839.0,29.5,0.0
101,2023,95,1037.0,13.11,584.1,29.55,0.0
101,2023,95,1038.0,13.11,381.4,29.3,0.0
101,2023,95,1039.0,13.11,608.8,29.15,0.0
101,2023,95,1040.0,13.11,546.1,29.2,0.0
101,2023,95,1041.0,13.11,564.3,29.19,0.0
101,2023,95,1042.0,13.11,770.0,29.23,0.0
101,2023,95,1043.0,13.11,725.0,29.17,0.0
101,2023,95,1044.0,13.11,743.0,29.14,0.0
101,2023,95,1045.0,13.11,777.0,29.07,0.0
101,2023,95,1046.0,13.11,722.0,29.07,0.0
101,2023,95,1047.0,13.11,352.7,29.1,0.0
101,2023,95,1048.0,13.11,331.0,29.03,0.0
101,2023,95,1049.0,13.11,551.2,28.94,0.0
101,2023,95,1050.0,13.11,642.0,28.85,0.0
101,2023,95,1051.0,13.11,739.0,28.9,0.0
101,2023,95,1052.0,13.11,745.0,29.1,0.0
101,2023,95,1053.0,13.11,511.0,29.19,0.0
101,2023,95,1054.0,13.11,884.0,29.15,0.0
101,2023,95,1055.0,13.11,912.0,29.16,0.0
101,2023,95,1056.0,13.11,912.0,29.32,0.0
101,2023,95,1057.0,13.11,922.0,29.42,0.0
101,2023,95,1058.0,13.11,918.0,29.38,0.0
101,2023,95,1059.0,13.11,910.0,29.39,0.0
101,2023,95,1100.0,13.11,912.0,29.41,0.0
101,2023,95,1101.0,13.11,712.0,29.38,0.0
101,2023,95,1102.0,13.11,922.0,29.37,0.0
101,2023,95,1103.0,13.11,916.0,29.26,0.0
101,2023,95,1104.0,13.11,912.0,29.36,0.0
101,2023,95,1105.0,13.11,901.0,29.41,0.0
101,2023,95,1106.0,13.11,881.0,29.42,0.0
101,2023,95,1107.0,13.11,881.0,29.43,0.0
101,2023,95,1108.0,13.11,868.0,29.45,0.0
101,2023,95,1109.0,13.1,781.0,29.55,0.0
101,2023,95,1110.0,13.1,360.3,29.49,0.0
101,2023,95,1111.0,13.1,299.5,29.26,0.0
101,2023,95,1112.0,13.1,283.1,29.2,0.0
101,2023,95,1113.0,13.1,285.8,29.14,0.0
101,2023,95,1114.0,13.1,291.6,29.04,0.0
101,2023,95,1115.0,13.1,293.9,28.91,0.0
101,2023,95,1116.0,13.11,301.7,28.79,0.0
101,2023,95,1117.0,13.11,312.1,28.79,0.0
101,2023,95,1118.0,13.1,325.8,28.58,0.0
101,2023,95,1119.0,13.1,346.1,28.52,0.0
101,2023,95,1120.0,13.1,373.8,28.59,0.0
101,2023,95,1121.0,13.1,418.5,28.71,0.0
101,2023,95,1122.0,13.1,495.5,28.73,0.0
101,2023,95,1123.0,13.1,496.5,28.79,0.0
101,2023,95,1124.0,13.11,503.9,28.72,0.0
101,2023,95,1125.0,13.11,535.8,28.67,0.0
101,2023,95,1126.0,13.1,583.1,28.78,0.0
101,2023,95,1127.0,13.1,537.3,28.92,0.0
101,2023,95,1128.0,13.1,809.0,29.0,0.0
101,2023,95,1129.0,13.1,909.0,28.88,0.0
101,2023,95,1130.0,13.1,880.0,28.89,0.0
101,2023,95,1131.0,13.1,823.0,29.11,0.0
101,2023,95,1132.0,13.1,713.0,29.34,0.0
101,2023,95,1133.0,13.1,635.0,29.26,0.0
101,2023,95,1134.0,13.1,626.4,29.15,0.0
101,2023,95,1135.0,13.1,559.9,29.14,0.0
101,2023,95,1136.0,13.1,557.6,29.1,0.0
101,2023,95,1137.0,13.1,917.0,29.13,0.0
101,2023,95,1138.0,13.1,801.0,29.21,0.0
101,2023,95,1139.0,13.1,675.1,29.12,0.0
101,2023,95,1140.0,13.1,396.9,29.1,0.0
101,2023,95,1141.0,13.1,359.8,29.08,0.0
101,2023,95,1142.0,13.1,351.5,29.08,0.0
101,2023,95,1143.0,13.1,328.7,29.02,0.0
101,2023,95,1144.0,13.1,307.4,28.92,0.0
101,2023,95,1145.0,13.1,298.7,28.87,0.0
101,2023,95,1146.0,13.1,296.3,28.76,0.0
101,2023,95,1147.0,13.1,297.1,28.78,0.0
101,2023,95,1148.0,13.1,308.8,28.75,0.0
101,2023,95,1149.0,13.1,337.9,28.73,0.0
101,2023,95,1150.0,13.1,454.1,28.76,0.0
101,2023,95,1151.0,13.1,707.0,28.85,0.0
101,2023,95,1152.0,13.1,871.0,28.91,0.0
101,2023,95,1153.0,13.1,844.0,28.91,0.0
101,2023,95,1154.0,13.1,850.0,28.93,0.0
101,2023,95,1155.0,13.1,836.0,28.94,0.0
101,2023,95,1156.0,13.1,861.0,28.99,0.0
101,2023,95,1157.0,13.1,832.0,29.15,0.0
101,2023,95,1158.0,13.1,770.0,29.43,0.0
101,2023,95,1159.0,13.1,899.0,29.46,0.0
101,2023,95,1200.0,13.1,770.0,29.28,0.0
101,2023,95,1201.0,13.1,736.0,29.29,0.0
101,2023,95,1202.0,13.1,871.0,29.46,0.0
101,2023,95,1203.0,13.1,833.0,29.59,0.0
101,2023,95,1204.0,13.1,443.2,29.7,0.0
101,2023,95,1205.0,13.1,380.3,29.66,0.0
101,2023,95,1206.0,13.1,605.4,29.51,0.0
101,2023,95,1207.0,13.1,783.0,29.38,0.0
101,2023,95,1208.0,13.1,800.0,29.34,0.0
101,2023,95,1209.0,13.1,768.0,29.42,0.0
101,2023,95,1210.0,13.1,728.0,29.49,0.0
101,2023,95,1211.0,13.1,443.4,29.57,0.0
101,2023,95,1212.0,13.1,401.4,29.56,0.0
101,2023,95,1213.0,13.1,390.3,29.55,0.0
101,2023,95,1214.0,13.1,633.6,29.41,0.0
101,2023,95,1215.0,13.1,652.3,29.46,0.0
101,2023,95,1216.0,13.1,651.9,29.53,0.0
101,2023,95,1217.0,13.1,661.7,29.49,0.0
101,2023,95,1218.0,13.1,644.0,29.52,0.0
101,2023,95,1219.0,13.1,657.0,29.48,0.0
101,2023,95,1220.0,13.1,667.1,29.48,0.0
101,2023,95,1221.0,13.1,655.6,29.58,0.0
101,2023,95,1222.0,13.1,643.2,29.52,0.0
101,2023,95,1223.0,13.1,661.3,29.48,0.0
101,2023,95,1224.0,13.1,700.0,29.64,0.0
101,2023,95,1225.0,13.1,725.0,29.69,0.0
101,2023,95,1226.0,13.1,717.0,29.63,0.0
101,2023,95,1227.0,13.1,752.0,29.76,0.0
101,2023,95,1228.0,13.09,759.0,29.88,0.0
101,2023,95,1229.0,13.1,773.0,29.89,0.0
101,2023,95,1230.0,13.1,751.0,29.83,0.0
101,2023,95,1231.0,13.1,739.0,29.77,0.0
101,2023,95,1232.0,13.09,747.0,29.64,0.0
101,2023,95,1233.0,13.09,762.0,29.54,0.0
101,2023,95,1234.0,13.09,761.0,29.64,0.0
101,2023,95,1235.0,13.09,788.0,29.68,0.0
101,2023,95,1236.0,13.09,802.0,29.58,0.0
101,2023,95,1237.0,13.09,807.0,29.67,0.0
101,2023,95,1238.0,13.09,828.0,29.74,0.0
101,2023,95,1239.0,13.09,854.0,29.8,0.0
101,2023,95,1240.0,13.09,848.0,29.6,0.0
101,2023,95,1241.0,13.1,913.0,29.47,0.0
101,2023,95,1242.0,13.09,756.0,29.54,0.0
101,2023,95,1243.0,13.09,907.0,29.54,0.0
101,2023,95,1244.0,13.09,710.0,29.62,0.0
101,2023,95,1245.0,13.09,621.0,29.71,0.0
101,2023,95,1246.0,13.09,775.0,29.67,0.0
101,2023,95,1247.0,13.09,762.0,29.58,0.0
101,2023,95,1248.0,13.09,786.0,29.53,0.0
101,2023,95,1249.0,13.09,768.0,29.68,0.0
101,2023,95,1250.0,13.09,743.0,29.86,0.0
101,2023,95,1251.0,13.09,791.0,29.68,0.0
101,2023,95,1252.0,13.09,774.0,29.66,0.0
101,2023,95,1253.0,13.09,807.0,29.82,0.0
101,2023,95,1254.0,13.09,806.0,29.68,0.0
101,2023,95,1255.0,13.09,808.0,29.71,0.0
101,2023,95,1256.0,13.09,810.0,29.83,0.0
101,2023,95,1257.0,13.08,847.0,29.93,0.0
101,2023,95,1258.0,13.08,839.0,30.04,0.0
101,2023,95,1259.0,13.08,824.0,30.05,0.0
101,2023,95,1300.0,13.08,816.0,29.84,0.0
101,2023,95,1301.0,13.08,789.0,29.81,0.0
101,2023,95,1302.0,13.08,773.0,29.95,0.0
101,2023,95,1303.0,13.08,753.0,29.88,0.0
101,2023,95,1304.0,13.08,739.0,29.88,0.0
101,2023,95,1305.0,13.08,688.4,29.98,0.0
101,2023,95,1306.0,13.07,592.4,29.8,0.0
101,2023,95,1307.0,13.07,594.1,29.76,0.0
101,2023,95,1308.0,13.07,547.0,29.47,0.0
101,2023,95,1309.0,13.07,516.9,29.48,0.0
101,2023,95,1310.0,13.08,488.4,29.48,0.0
101,2023,95,1311.0,13.08,499.5,29.6,0.0
101,2023,95,1312.0,13.07,524.6,29.47,0.0
101,2023,95,1313.0,13.07,537.0,29.45,0.0
101,2023,95,1314.0,13.07,527.5,29.46,0.0
101,2023,95,1315.0,13.08,534.3,29.49,0.0
101,2023,95,1316.0,13.08,538.6,29.34,0.0
101,2023,95,1317.0,13.07,550.9,29.32,0.0
101,2023,95,1318.0,13.07,599.4,29.41,0.0
101,2023,95,1319.0,13.07,648.3,29.38,0.0
101,2023,95,1320.0,13.08,731.0,29.51,0.0
101,2023,95,1321.0,13.07,778.0,29.66,0.0
101,2023,95,1322.0,13.07,811.0,29.71,0.0
101,2023,95,1323.0,13.08,846.0,29.75,0.0
101,2023,95,1324.0,13.07,869.0,29.77,0.0
101,2023,95,1325.0,13.08,876.0,29.74,0.0
101,2023,95,1326.0,13.07,904.0,29.86,0.0
101,2023,95,1327.0,13.08,910.0,30.07,0.0
101,2023,95,1328.0,13.07,904.0,30.13,0.0
101,2023,95,1329.0,13.07,928.0,30.21,0.0
101,2023,95,1330.0,13.07,928.0,30.31,0.0
101,2023,95,1331.0,13.07,935.0,30.2,0.0
101,2023,95,1332.0,13.07,916.0,30.1,0.0
101,2023,95,1333.0,13.07,821.0,30.33,0.0
101,2023,95,1334.0,13.07,388.7,30.51,0.0
101,2023,95,1335.0,13.07,321.8,30.53,0.0
101,2023,95,1336.0,13.07,307.8,30.16,0.0
101,2023,95,1337.0,13.06,318.1,29.84,0.0
101,2023,95,1338.0,13.07,722.0,29.65,0.0
101,2023,95,1339.0,13.07,800.0,29.57,0.0
101,2023,95,1340.0,13.07,806.0,29.77,0.0
101,2023,95,1341.0,13.07,814.0,29.89,0.0
101,2023,95,1342.0,13.07,819.0,29.84,0.0
101,2023,95,1343.0,13.07,815.0,29.85,0.0
101,2023,95,1344.0,13.07,787.0,29.85,0.0
101,2023,95,1345.0,13.07,723.0,29.73,0.0
101,2023,95,1346.0,13.07,388.4,29.85,0.0
101,2023,95,1347.0,13.07,296.3,29.85,0.0
101,2023,95,1348.0,13.06,282.8,29.64,0.0
101,2023,95,1349.0,13.07,288.7,29.48,0.0
101,2023,95,1350.0,13.06,539.3,29.43,0.0
101,2023,95,1351.0,13.07,634.6,29.53,0.0
101,2023,95,1352.0,13.07,499.6,29.58,0.0
101,2023,95,1353.0,13.07,532.5,29.55,0.0
101,2023,95,1354.0,13.07,593.0,29.73,0.0
101,2023,95,1355.0,13.07,626.8,29.74,0.0
101,2023,95,1356.0,13.07,627.0,29.78,0.0
101,2023,95,1357.0,13.07,682.5,29.84,0.0
101,2023,95,1358.0,13.07,757.0,29.85,0.0
101,2023,95,1359.0,13.07,742.0,29.85,0.0
101,2023,95,1400.0,13.07,752.0,29.86,0.0
101,2023,95,1401.0,13.07,612.8,29.97,0.0
101,2023,95,1402.0,13.07,285.2,29.68,0.0
101,2023,95,1403.0,13.07,263.9,29.52,0.0
101,2023,95,1404.0,13.07,263.0,29.36,0.0
101,2023,95,1405.0,13.07,275.6,29.25,0.0
101,2023,95,1406.0,13.07,454.6,29.3,0.0
101,2023,95,1407.0,13.07,482.2,29.41,0.0
101,2023,95,1408.0,13.07,481.4,29.4,0.0
101,2023,95,1409.0,13.07,488.4,29.4,0.0
101,2023,95,1410.0,13.07,453.0,29.36,0.0
101,2023,95,1411.0,13.07,436.1,29.39,0.0
101,2023,95,1412.0,13.07,411.7,29.32,0.0
101,2023,95,1413.0,13.07,426.4,29.19,0.0
101,2023,95,1414.0,13.07,433.7,29.22,0.0
101,2023,95,0.0,13.07,447.9,29.33,0.0
101,2023,95,1416.0,13.07,457.7,29.34,0.0
101,2023,95,1417.0,13.07,468.7,29.39,0.0
101,2023,95,1418.0,13.07,454.2,29.34,0.0
101,2023,95,1419.0,13.07,452.8,29.34,0.0
101,2023,95,1420.0,13.07,455.2,29.24,0.0
101,2023,95,1421.0,13.07,452.8,29.07,0.0
101,2023,95,1422.0,13.07,440.5,29.03,0.0
101,2023,95,1423.0,13.07,431.1,29.04,0.0
101,2023,95,1424.0,13.07,406.1,29.12,0.0
101,2023,95,1425.0,13.07,379.4,29.26,0.0
101,2023,95,1426.0,13.07,357.7,29.27,0.0
101,2023,95,1427.0,13.08,275.4,29.23,0.0
101,2023,95,1428.0,13.07,266.8,29.17,0.0
101,2023,95,1429.0,13.08,271.3,29.13,0.0
101,2023,95,1430.0,13.08,278.9,29.08,0.0
101,2023,95,1431.0,13.07,298.4,29.04,0.0
101,2023,95,1432.0,13.08,328.9,29.02,0.0
101,2023,95,1433.0,13.08,346.0,29.0,0.0
101,2023,95,1434.0,13.07,372.7,28.99,0.0
101,2023,95,1435.0,13.08,376.4,28.9,0.0
101,2023,95,1436.0,13.08,349.7,28.94,0.0
101,2023,95,1437.0,13.08,338.6,28.99,0.0
101,2023,95,1438.0,13.08,316.4,28.98,0.0
101,2023,95,1439.0,13.08,296.4,28.89,0.0
101,2023,95,1440.0,13.08,288.1,28.8,0.0
101,2023,95,1441.0,13.08,321.5,28.76,0.0
101,2023,95,1442.0,13.08,345.6,28.83,0.0
101,2023,95,1443.0,13.08,340.9,28.89,0.0
101,2023,95,1444.0,13.08,332.7,28.87,0.0
101,2023,95,1445.0,13.08,328.0,28.9,0.0
101,2023,95,1446.0,13.08,322.8,28.85,0.0
101,2023,95,1447.0,13.08,320.2,28.83,0.0
101,2023,95,1448.0,13.08,314.7,28.81,0.0
101,2023,95,1449.0,13.08,264.3,28.8,0.0
101,2023,95,1450.0,13.08,238.5,28.8,0.0
101,2023,95,1451.0,13.09,262.6,28.77,0.0
101,2023,95,1452.0,13.09,301.8,28.65,0.0
101,2023,95,1453.0,13.08,310.9,28.58,0.0
101,2023,95,1454.0,13.09,316.2,28.52,0.0
101,2023,95,1455.0,13.08,324.2,28.5,0.0
101,2023,95,1456.0,13.09,319.0,28.53,0.0
101,2023,95,1457.0,13.09,311.7,28.61,0.0
101,2023,95,1458.0,13.09,309.8,28.68,0.0
101,2023,95,1459.0,13.09,293.8,28.72,0.0
101,2023,95,1500.0,13.09,263.6,28.79,0.0
101,2023,95,1501.0,13.09,279.9,28.84,0.0
101,2023,95,1502.0,13.09,280.2,28.83,0.0
101,2023,95,1503.0,13.09,269.8,28.7,0.0
101,2023,95,1504.0,13.09,260.1,28.65,0.0
101,2023,95,1505.0,13.09,252.8,28.69,0.0
101,2023,95,1506.0,13.09,249.4,28.66,0.0
101,2023,95,1507.0,13.09,244.5,28.6,0.0
101,2023,95,1508.0,13.09,240.6,28.64,0.0
101,2023,95,1509.0,13.09,231.3,28.65,0.0
101,2023,95,1510.0,13.09,220.0,28.66,0.0
101,2023,95,1511.0,13.09,219.0,28.61,0.0
101,2023,95,1512.0,13.09,220.6,28.55,0.0
101,2023,95,1513.0,13.09,220.4,28.52,0.0
101,2023,95,1514.0,13.09,216.0,28.46,0.0
101,2023,95,1515.0,13.09,211.4,28.36,0.0
101,2023,95,1516.0,13.09,205.3,28.36,0.0
101,2023,95,1517.0,13.09,205.4,28.31,0.0
101,2023,95,1518.0,13.09,206.1,28.25,0.0
101,2023,95,1519.0,13.1,205.0,28.21,0.0
101,2023,95,1520.0,13.09,208.4,28.19,0.0
101,2023,95,1521.0,13.09,203.3,28.17,0.0
101,2023,95,1522.0,13.09,209.5,28.12,0.0
101,2023,95,1523.0,13.1,221.2,28.09,0.0
101,2023,95,1524.0,13.09,226.6,28.1,0.0
101,2023,95,1525.0,13.1,231.6,28.08,0.0
101,2023,95,1526.0,13.1,255.3,28.12,0.0
101,2023,95,1527.0,13.1,265.6,28.17,0.0
101,2023,95,1528.0,13.1,273.4,28.21,0.0
101,2023,95,1529.0,13.1,257.6,28.21,0.0
101,2023,95,1530.0,13.1,234.9,28.17,0.0
101,2023,95,1531.0,13.1,215.4,28.09,0.0
101,2023,95,1532.0,13.1,211.4,28.05,0.0
101,2023,95,1533.0,13.1,224.6,28.06,0.0
101,2023,95,1534.0,13.1,238.9,28.06,0.0
101,2023,95,1535.0,13.1,234.1,28.0,0.0
101,2023,95,1536.0,13.1,240.0,27.97,0.0
101,2023,95,1537.0,13.1,236.2,27.94,0.0
101,2023,95,1538.0,13.1,233.9,27.98,0.0
101,2023,95,1539.0,13.1,234.1,28.0,0.0
101,2023,95,1540.0,13.1,227.1,28.01,0.0
101,2023,95,1541.0,13.1,228.5,28.01,0.0
101,2023,95,1542.0,13.1,231.4,28.01,0.0
101,2023,95,1543.0,13.1,219.1,28.02,0.0
101,2023,95,1544.0,13.1,204.1,28.0,0.0
101,2023,95,1545.0,13.1,191.3,28.01,0.0
101,2023,95,1546.0,13.1,179.8,27.95,0.0
101,2023,95,1547.0,13.1,171.8,27.86,0.0
101,2023,95,1548.0,13.1,167.9,27.85,0.0
101,2023,95,1549.0,13.1,166.5,27.86,0.0
101,2023,95,1550.0,13.1,165.2,27.89,0.0
101,2023,95,1551.0,13.1,167.1,27.86,0.0
101,2023,95,1552.0,13.1,168.8,27.82,0.0
101,2023,95,1553.0,13.1,163.3,27.77,0.0
101,2023,95,1554.0,13.1,155.5,27.77,0.0
101,2023,95,1555.0,13.1,149.7,27.79,0.0
101,2023,95,1556.0,13.1,145.1,27.73,0.0
101,2023,95,1557.0,13.1,140.5,27.65,0.0
101,2023,95,1558.0,13.09,136.1,27.62,0.0
101,2023,95,1559.0,13.09,131.7,27.57,0.0
101,2023,95,1600.0,13.09,128.2,27.5,0.0
101,2023,95,1601.0,13.09,125.5,27.5,0.0
101,2023,95,1602.0,13.09,123.0,27.49,0.0
101,2023,95,1603.0,13.09,120.6,27.51,0.0
101,2023,95,1604.0,13.08,118.8,27.53,0.0
101,2023,95,1605.0,13.08,117.5,27.53,0.0
101,2023,95,1606.0,13.08,117.2,27.53,0.0
101,2023,95,1607.0,13.07,117.6,27.51,0.0
101,2023,95,1608.0,13.07,119.3,27.46,0.0
101,2023,95,1609.0,13.07,123.3,27.42,0.0
101,2023,95,1610.0,13.06,126.7,27.39,0.0
101,2023,95,1611.0,13.06,128.7,27.38,0.0
101,2023,95,1612.0,13.06,133.1,27.35,0.0
101,2023,95,1613.0,13.06,136.2,27.32,0.0
101,2023,95,1614.0,13.06,135.0,27.25,0.0
101,2023,95,1615.0,13.05,133.7,27.24,0.0
101,2023,95,1616.0,13.05,126.7,27.24,0.0
101,2023,95,1617.0,13.05,131.5,27.17,0.0
101,2023,95,1618.0,13.05,135.8,27.12,0.0
101,2023,95,1619.0,13.04,133.3,27.12,0.0
101,2023,95,1620.0,13.04,138.2,27.11,0.0
101,2023,95,1621.0,13.04,151.0,27.1,0.0
101,2023,95,1622.0,13.05,169.4,27.09,0.0
101,2023,95,1623.0,13.05,187.4,27.09,0.0
101,2023,95,1624.0,13.05,187.1,27.09,0.0
101,2023,95,1625.0,13.05,179.2,27.11,0.0
101,2023,95,1626.0,13.05,174.0,27.11,0.0
101,2023,95,1627.0,13.05,166.1,27.1,0.0
101,2023,95,1628.0,13.04,158.2,27.09,0.0
101,2023,95,1629.0,13.04,151.3,27.06,0.0
101,2023,95,1630.0,13.04,143.8,27.06,0.0
101,2023,95,1631.0,13.04,140.0,27.03,0.0
101,2023,95,1632.0,13.03,137.0,27.05,0.0
101,2023,95,1633.0,13.02,126.9,27.08,0.0
101,2023,95,1634.0,13.02,121.5,27.08,0.0
101,2023,95,1635.0,13.01,120.7,27.02,0.0
101,2023,95,1636.0,13.01,113.2,26.98,0.0
101,2023,95,1637.0,13.0,100.4,27.0,0.0
101,2023,95,1638.0,12.99,100.8,27.03,0.0
101,2023,95,1639.0,12.98,106.7,27.03,0.0
101,2023,95,1640.0,12.98,110.6,27.0,0.0
101,2023,95,1641.0,12.97,108.2,26.96,0.0
101,2023,95,1642.0,12.97,108.3,26.94,0.0
101,2023,95,1643.0,12.97,117.2,26.95,0.0
101,2023,95,1644.0,12.97,118.7,26.95,0.0
101,2023,95,1645.0,12.96,110.4,26.93,0.0
101,2023,95,1646.0,12.95,83.1,26.86,0.0
101,2023,95,1647.0,12.94,63.08,26.84,0.0
101,2023,95,1648.0,12.93,54.59,26.8,0.0
101,2023,95,1649.0,12.91,48.25,26.76,0.0
101,2023,95,1650.0,12.91,43.24,26.74,0.0
101,2023,95,1651.0,12.89,39.32,26.7,0.0
101,2023,95,1652.0,12.88,36.53,26.68,0.0
101,2023,95,1653.0,12.88,34.08,26.67,0.0
101,2023,95,1654.0,12.87,32.13,26.62,0.0
101,2023,95,1655.0,12.86,30.33,26.59,0.0
101,2023,95,1656.0,12.86,28.75,26.56,0.0
101,2023,95,1657.0,12.84,27.34,26.54,0.0
101,2023,95,1658.0,12.84,26.13,26.54,0.0
101,2023,95,1659.0,12.84,24.86,26.5,0.0
101,2023,95,1700.0,12.83,23.7,26.45,0.0
101,2023,95,1701.0,12.82,22.49,26.39,0.0
101,2023,95,1702.0,12.82,21.28,26.37,0.0
101,2023,95,1703.0,12.82,20.12,26.34,0.0
101,2023,95,1704.0,12.81,18.97,26.33,0.0
101,2023,95,1705.0,12.81,17.93,26.31,0.0
101,2023,95,1706.0,12.81,16.91,26.28,0.0
101,2023,95,1707.0,12.8,16.01,26.27,0.0
101,2023,95,1708.0,12.8,15.19,26.23,0.0
101,2023,95,1709.0,12.8,14.26,26.19,0.0
101,2023,95,1710.0,12.8,13.44,26.17,0.0
101,2023,95,1711.0,12.79,12.51,26.14,0.0
101,2023,95,1712.0,12.79,11.75,26.12,0.0
101,2023,95,1713.0,12.79,10.94,26.11,0.0
101,2023,95,1714.0,12.79,10.12,26.08,0.0
101,2023,95,1715.0,12.79,9.41,26.05,0.0
101,2023,95,1716.0,12.78,8.71,26.02,0.0
101,2023,95,1717.0,12.78,7.92,26.0,0.0
101,2023,95,1718.0,12.78,7.19,25.97,0.0
101,2023,95,1719.0,12.78,6.483,25.93,0.0
101,2023,95,1720.0,12.78,5.778,25.89,0.0
101,2023,95,1721.0,12.77,5.073,25.87,0.0
101,2023,95,1722.0,12.77,4.397,25.85,0.0
101,2023,95,1723.0,12.77,3.974,25.83,0.0
101,2023,95,1724.0,12.77,3.58,25.8,0.0
101,2023,95,1725.0,12.77,3.072,25.77,0.0
101,2023,95,1726.0,12.77,2.988,25.74,0.0
101,2023,95,1727.0,12.77,2.368,25.72,0.0
101,2023,95,1728.0,12.76,2.368,25.69,0.0
101,2023,95,1729.0,12.76,2.199,25.67,0.0
101,2023,95,1730.0,12.76,1.691,25.66,0.0
101,2023,95,1731.0,12.76,1.691,25.63,0.0
101,2023,95,1732.0,12.76,1.663,25.59,0.0
101,2023,95,1733.0,12.76,1.015,25.57,0.0
101,2023,95,1734.0,12.76,1.015,25.54,0.0
101,2023,95,1735.0,12.76,1.015,25.51,0.0
101,2023,95,1736.0,12.76,0.0,25.49,0.0
101,2023,95,1737.0,12.76,0.0,25.46,0.0
101,2023,95,1738.0,12.75,0.0,25.44,0.0
101,2023,95,1739.0,12.75,0.0,25.42,0.0
101,2023,95,1740.0,12.75,0.0,25.4,0.0
101,2023,95,1741.0,12.75,0.0,25.4,0.0
101,2023,95,1742.0,12.75,0.0,25.37,0.0
101,2023,95,1743.0,12.75,0.0,25.34,0.0
101,2023,95,1744.0,12.75,0.0,25.34,0.0
101,2023,95,1745.0,12.75,0.0,25.33,0.0
101,2023,95,1746.0,12.74,0.0,25.31,0.0
101,2023,95,1747.0,12.74,0.0,25.32,0.0
101,2023,95,1748.0,12.74,0.0,25.31,0.0
101,2023,95,1749.0,12.74,0.0,25.3,0.0
101,2023,95,1750.0,12.74,0.0,25.29,0.0
101,2023,95,1751.0,12.74,0.0,25.28,0.0
101,2023,95,1752.0,12.74,0.0,25.25,0.0
101,2023,95,1753.0,12.74,0.0,25.25,0.0
101,2023,95,1754.0,12.73,0.0,25.23,0.0
101,2023,95,1755.0,12.73,0.0,25.22,0.0
101,2023,95,1756.0,12.74,0.0,25.19,0.0
101,2023,95,1757.0,12.73,0.0,25.18,0.0
101,2023,95,1758.0,12.73,0.0,25.16,0.0
101,2023,95,1759.0,12.73,0.0,25.15,0.0
101,2023,95,1800.0,12.73,0.0,25.13,0.0
101,2023,95,1801.0,12.73,0.0,25.12,0.0
101,2023,95,1802.0,12.73,0.0,25.12,0.0
101,2023,95,1803.0,12.73,0.0,25.1,0.0
101,2023,95,1804.0,12.73,0.0,25.09,0.0
101,2023,95,1805.0,12.73,0.0,25.08,0.0
101,2023,95,1806.0,12.73,0.0,25.08,0.0
101,2023,95,1807.0,12.73,0.0,25.08,0.0
101,2023,95,1808.0,12.72,0.0,25.06,0.0
101,2023,95,1809.0,12.72,0.0,25.04,0.0
101,2023,95,1810.0,12.72,0.0,25.04,0.0
101,2023,95,1811.0,12.72,0.0,25.03,0.0
101,2023,95,1812.0,12.72,0.0,25.02,0.0
101,2023,95,1813.0,12.72,0.0,25.0,0.0
101,2023,95,1814.0,12.72,0.0,24.99,0.0
101,2023,95,1815.0,12.72,0.0,24.97,0.0
101,2023,95,1816.0,12.72,0.0,24.96,0.0
101,2023,95,1817.0,12.72,0.0,24.96,0.0
101,2023,95,1818.0,12.72,0.0,24.96,0.0
101,2023,95,1819.0,12.72,0.0,24.93,0.0
101,2023,95,1820.0,12.72,0.0,24.92,0.0
101,2023,95,1821.0,12.72,0.0,24.91,0.0
101,2023,95,1822.0,12.72,0.0,24.89,0.0
101,2023,95,1823.0,12.71,0.0,24.88,0.0
101,2023,95,1824.0,12.72,0.0,24.89,0.0
101,2023,95,1825.0,12.71,0.0,24.89,0.0
101,2023,95,1826.0,12.71,0.0,24.89,0.0
101,2023,95,1827.0,12.71,0.0,24.89,0.0
101,2023,95,1828.0,12.71,0.0,24.89,0.0
101,2023,95,1829.0,12.71,0.0,24.88,0.0
101,2023,95,1830.0,12.71,0.0,24.88,0.0
101,2023,95,1831.0,12.71,0.0,24.86,0.0
101,2023,95,1832.0,12.71,0.0,24.84,0.0
101,2023,95,1833.0,12.71,0.0,24.82,0.0
101,2023,95,1834.0,12.71,0.0,24.8,0.0
101,2023,95,1835.0,12.7,0.0,24.77,0.0
101,2023,95,1836.0,12.71,0.0,24.75,0.0
101,2023,95,1837.0,12.71,0.0,24.73,0.0
101,2023,95,1838.0,12.7,0.0,24.71,0.0
101,2023,95,1839.0,12.7,0.0,24.69,0.0
101,2023,95,1840.0,12.71,0.0,24.66,0.0
101,2023,95,1841.0,12.71,0.0,24.66,0.0
101,2023,95,1842.0,12.7,0.0,24.66,0.0
101,2023,95,1843.0,12.7,0.0,24.66,0.0
101,2023,95,1844.0,12.7,0.0,24.65,0.0
101,2023,95,1845.0,12.7,0.0,24.63,0.0
101,2023,95,1846.0,12.7,0.0,24.62,0.0
101,2023,95,1847.0,12.7,0.0,24.59,0.0
101,2023,95,1848.0,12.7,0.0,24.58,0.0
101,2023,95,1849.0,12.7,0.0,24.56,0.0
101,2023,95,1850.0,12.7,0.0,24.53,0.0
101,2023,95,1851.0,12.7,0.0,24.53,0.0
101,2023,95,1852.0,12.7,0.0,24.54,0.0
101,2023,95,1853.0,12.7,0.0,24.53,0.0
101,2023,95,1854.0,12.7,0.0,24.53,0.0
101,2023,95,1855.0,12.7,0.0,24.53,0.0
101,2023,95,1856.0,12.7,0.0,24.52,0.0
101,2023,95,1857.0,12.7,0.0,24.51,0.0
101,2023,95,1858.0,12.7,0.0,24.51,0.0
101,2023,95,1859.0,12.69,0.0,24.5,0.0
101,2023,95,1900.0,12.69,0.0,24.5,0.0
101,2023,95,1901.0,12.69,0.0,24.51,0.0
101,2023,95,1902.0,12.69,0.0,24.53,0.0
101,2023,95,1903.0,12.69,0.0,24.53,0.0
101,2023,95,1904.0,12.69,0.0,24.53,0.0
101,2023,95,1905.0,12.69,0.0,24.53,0.0
101,2023,95,1906.0,12.69,0.0,24.54,0.0
101,2023,95,1907.0,12.69,0.0,24.54,0.0
101,2023,95,1908.0,12.69,0.0,24.53,0.0
101,2023,95,1909.0,12.69,0.0,24.51,0.0
101,2023,95,1910.0,12.69,0.0,24.51,0.0
101,2023,95,1911.0,12.69,0.0,24.51,0.0
101,2023,95,1912.0,12.69,0.0,24.5,0.0
101,2023,95,1913.0,12.69,0.0,24.49,0.0
101,2023,95,1914.0,12.69,0.0,24.49,0.0
101,2023,95,1915.0,12.69,0.0,24.48,0.0
101,2023,95,1916.0,12.69,0.0,24.47,0.0
101,2023,95,1917.0,12.69,0.0,24.46,0.0
101,2023,95,1918.0,12.69,0.0,24.46,0.0
101,2023,95,1919.0,12.69,0.0,24.46,0.0
101,2023,95,1920.0,12.68,0.0,24.46,0.0
101,2023,95,1921.0,12.69,0.0,24.46,0.0
101,2023,95,1922.0,12.68,0.0,24.47,0.0
101,2023,95,1923.0,12.68,0.0,24.47,0.0
101,2023,95,1924.0,12.68,0.0,24.47,0.0
101,2023,95,1925.0,12.68,0.0,24.46,0.0
101,2023,95,1926.0,12.68,0.0,24.46,0.0
101,2023,95,1927.0,12.68,0.0,24.43,0.0
101,2023,95,1928.0,12.68,0.0,24.41,0.0
101,2023,95,1929.0,12.68,0.0,24.39,0.0
101,2023,95,1930.0,12.68,0.0,24.39,0.0
101,2023,95,1931.0,12.68,0.0,24.38,0.0
101,2023,95,1932.0,12.68,0.0,24.38,0.0
101,2023,95,1933.0,12.68,0.0,24.36,0.0
101,2023,95,1934.0,12.68,0.0,24.35,0.0
101,2023,95,1935.0,12.68,0.0,24.33,0.0
101,2023,95,1936.0,12.68,0.0,24.31,0.0
101,2023,95,1937.0,12.68,0.0,24.3,0.0
101,2023,95,1938.0,12.68,0.0,24.29,0.0
101,2023,95,1939.0,12.68,0.0,24.28,0.0
101,2023,95,1940.0,12.68,0.0,24.27,0.0
101,2023,95,1941.0,12.68,0.0,24.26,0.0
101,2023,95,1942.0,12.68,0.0,24.24,0.0
101,2023,95,1943.0,12.68,0.0,24.23,0.0
101,2023,95,1944.0,12.67,0.0,24.24,0.0
101,2023,95,1945.0,12.67,0.0,24.23,0.0
101,2023,95,1946.0,12.68,0.0,24.19,0.0
101,2023,95,1947.0,12.67,0.0,24.15,0.0
101,2023,95,1948.0,12.67,0.0,24.07,0.0
101,2023,95,1949.0,12.67,0.0,23.98,0.0
101,2023,95,1950.0,12.67,0.0,23.92,0.0
101,2023,95,1951.0,12.67,0.0,23.88,0.0
101,2023,95,1952.0,12.67,0.0,23.88,0.0
101,2023,95,1953.0,12.67,0.0,23.86,0.0
101,2023,95,1954.0,12.67,0.0,23.84,0.0
101,2023,95,1955.0,12.67,0.0,23.86,0.0
101,2023,95,1956.0,12.67,0.0,23.86,0.0
101,2023,95,1957.0,12.67,0.0,23.83,0.0
101,2023,95,1958.0,12.67,0.0,23.81,0.0
101,2023,95,1959.0,12.67,0.0,23.79,0.0
101,2023,95,2000.0,12.67,0.0,23.78,0.0
101,2023,95,2001.0,12.67,0.0,23.77,0.0
101,2023,95,2002.0,12.67,0.0,23.75,0.0
101,2023,95,2003.0,12.67,0.0,23.73,0.0
101,2023,95,2004.0,12.67,0.0,23.7,0.0
101,2023,95,2005.0,12.66,0.0,23.67,0.0
101,2023,95,2006.0,12.66,0.0,23.62,0.0
101,2023,95,2007.0,12.66,0.0,23.6,0.0
101,2023,95,2008.0,12.66,0.0,23.63,0.0
101,2023,95,2009.0,12.66,0.0,23.63,0.0
101,2023,95,2010.0,12.66,0.0,23.62,0.0
101,2023,95,2011.0,12.66,0.0,23.6,0.0
101,2023,95,2012.0,12.66,0.0,23.59,0.0
101,2023,95,2013.0,12.66,0.0,23.58,0.0
101,2023,95,2014.0,12.66,0.0,23.56,0.0
101,2023,95,2015.0,12.66,0.0,23.55,0.0
101,2023,95,2016.0,12.66,0.0,23.52,0.0
101,2023,95,2017.0,12.66,0.0,23.5,0.0
101,2023,95,2018.0,12.66,0.0,23.46,0.0
101,2023,95,2019.0,12.66,0.0,23.44,0.0
101,2023,95,2020.0,12.66,0.0,23.42,0.0
101,2023,95,2021.0,12.66,0.0,23.41,0.0
101,2023,95,2022.0,12.66,0.0,23.4,0.0
101,2023,95,2023.0,12.66,0.0,23.38,0.0
101,2023,95,2024.0,12.66,0.0,23.37,0.0
101,2023,95,2025.0,12.65,0.0,23.37,0.0
101,2023,95,2026.0,12.66,0.0,23.38,0.0
101,2023,95,2027.0,12.65,0.0,23.37,0.0
101,2023,95,2028.0,12.65,0.0,23.36,0.0
101,2023,95,2029.0,12.66,0.0,23.35,0.0
101,2023,95,2030.0,12.66,0.0,23.36,0.0
101,2023,95,2031.0,12.65,0.0,23.39,0.0
101,2023,95,2032.0,12.65,0.0,23.43,0.0
101,2023,95,2033.0,12.65,0.0,23.42,0.0
101,2023,95,2034.0,12.65,0.0,23.4,0.0
101,2023,95,2035.0,12.65,0.0,23.38,0.0
101,2023,95,2036.0,12.65,0.0,23.36,0.0
101,2023,95,2037.0,12.65,0.0,23.35,0.0
101,2023,95,2038.0,12.65,0.0,23.34,0.0
101,2023,95,2039.0,12.65,0.0,23.33,0.0
101,2023,95,2040.0,12.65,0.0,23.3,0.0
101,2023,95,2041.0,12.65,0.0,23.26,0.0
101,2023,95,2042.0,12.65,0.0,23.27,0.0
101,2023,95,2043.0,12.65,0.0,23.26,0.0
101,2023,95,2044.0,12.65,0.0,23.24,0.0
101,2023,95,2045.0,12.65,0.0,23.22,0.0
101,2023,95,2046.0,12.65,0.0,23.2,0.0
101,2023,95,2047.0,12.65,0.0,23.19,0.0
101,2023,95,2048.0,12.65,0.0,23.18,0.0
101,2023,95,2049.0,12.65,0.0,23.17,0.0
101,2023,95,2050.0,12.65,0.0,23.13,0.0
101,2023,95,2051.0,12.65,0.0,23.05,0.0
101,2023,95,2052.0,12.65,0.0,23.0,0.0
101,2023,95,2053.0,12.65,0.0,22.96,0.0
101,2023,95,2054.0,12.65,0.0,22.91,0.0
101,2023,95,2055.0,12.65,0.0,22.86,0.0
101,2023,95,2056.0,12.65,0.0,22.95,0.0
101,2023,95,2057.0,12.65,0.0,23.06,0.0
101,2023,95,2058.0,12.65,0.0,23.09,0.0
101,2023,95,2059.0,12.65,0.0,23.09,0.0
101,2023,95,2100.0,12.65,0.0,23.06,0.0
101,2023,95,2101.0,12.65,0.0,22.99,0.0
101,2023,95,2102.0,12.65,0.0,22.93,0.0
101,2023,95,2103.0,12.64,0.0,22.9,0.0
101,2023,95,2104.0,12.64,0.0,22.87,0.0
101,2023,95,2105.0,12.64,0.0,22.86,0.0
101,2023,95,2106.0,12.64,0.0,22.85,0.0
101,2023,95,2107.0,12.64,0.0,22.84,0.0
101,2023,95,2108.0,12.64,0.0,22.83,0.0
101,2023,95,2109.0,12.64,0.0,22.81,0.0
101,2023,95,2110.0,12.65,0.0,22.81,0.0
101,2023,95,2111.0,12.64,0.0,22.8,0.0
101,2023,95,2112.0,12.64,0.0,22.8,0.0
101,2023,95,2113.0,12.64,0.0,22.86,0.0
101,2023,95,2114.0,12.64,0.0,22.88,0.0
101,2023,95,2115.0,12.64,0.0,22.95,0.0
101,2023,95,2116.0,12.64,0.0,23.03,0.0
101,2023,95,2117.0,12.64,0.0,23.05,0.0
101,2023,95,2118.0,12.64,0.0,23.04,0.0
101,2023,95,2119.0,12.64,0.0,23.03,0.0
101,2023,95,2120.0,12.64,0.0,22.99,0.0
101,2023,95,2121.0,12.64,0.0,22.98,0.0
101,2023,95,2122.0,12.64,0.0,23.02,0.0
101,2023,95,2123.0,12.64,0.0,23.07,0.0
101,2023,95,2124.0,12.64,0.0,23.09,0.0
101,2023,95,2125.0,12.64,0.0,23.1,0.0
101,2023,95,2126.0,12.64,0.0,23.1,0.0
101,2023,95,2127.0,12.63,0.0,23.09,0.0
101,2023,95,2128.0,12.64,0.0,23.07,0.0
101,2023,95,2129.0,12.64,0.0,23.02,0.0
101,2023,95,2130.0,12.64,0.0,22.99,0.0
101,2023,95,2131.0,12.64,0.0,22.99,0.0
101,2023,95,2132.0,12.63,0.0,23.01,0.0
101,2023,95,2133.0,12.63,0.0,23.04,0.0
101,2023,95,2134.0,12.63,0.0,23.05,0.0
101,2023,95,2135.0,12.63,0.0,23.04,0.0
101,2023,95,2136.0,12.64,0.0,23.02,0.0
101,2023,95,2137.0,12.64,0.0,23.02,0.0
101,2023,95,2138.0,12.64,0.0,23.04,0.0
101,2023,95,2139.0,12.63,0.0,23.06,0.0
101,2023,95,2140.0,12.63,0.0,23.06,0.0
101,2023,95,2141.0,12.64,0.0,23.07,0.0
101,2023,95,2142.0,12.63,0.0,23.06,0.0
101,2023,95,2143.0,12.63,0.0,23.06,0.0
101,2023,95,2144.0,12.63,0.0,23.05,0.0
101,2023,95,2145.0,12.63,0.0,23.06,0.0
101,2023,95,2146.0,12.63,0.0,23.07,0.0
101,2023,95,2147.0,12.63,0.0,23.07,0.0
101,2023,95,2148.0,12.63,0.0,23.08,0.0
101,2023,95,2149.0,12.63,0.0,23.11,0.0
101,2023,95,2150.0,12.63,0.0,23.13,0.0
101,2023,95,2151.0,12.63,0.0,23.15,0.0
101,2023,95,2152.0,12.63,0.0,23.17,0.0
101,2023,95,2153.0,12.63,0.0,23.17,0.0
101,2023,95,2154.0,12.63,0.0,23.17,0.0
101,2023,95,2155.0,12.63,0.0,23.17,0.0
101,2023,95,2156.0,12.63,0.0,23.15,0.0
101,2023,95,2157.0,12.63,0.0,23.15,0.0
101,2023,95,2158.0,12.63,0.0,23.15,0.0
101,2023,95,2159.0,12.63,0.0,23.13,0.0
101,2023,95,2200.0,12.63,0.0,23.12,0.0
101,2023,95,2201.0,12.63,0.0,23.13,0.0
101,2023,95,2202.0,12.63,0.0,23.11,0.0
101,2023,95,2203.0,12.63,0.0,23.1,0.0
101,2023,95,2204.0,12.63,0.0,23.1,0.0
101,2023,95,2205.0,12.63,0.0,23.11,0.0
101,2023,95,2206.0,12.63,0.0,23.12,0.0
101,2023,95,2207.0,12.63,0.0,23.15,0.0
101,2023,95,2208.0,12.63,0.0,23.17,0.0
101,2023,95,2209.0,12.63,0.0,23.19,0.0
101,2023,95,2210.0,12.63,0.0,23.18,0.0
101,2023,95,2211.0,12.63,0.0,23.18,0.0
101,2023,95,2212.0,12.62,0.0,23.18,0.0
101,2023,95,2213.0,12.62,0.0,23.17,0.0
101,2023,95,2214.0,12.62,0.0,23.17,0.0
101,2023,95,2215.0,12.63,0.0,23.17,0.0
101,2023,95,2216.0,12.62,0.0,23.18,0.0
101,2023,95,2217.0,12.63,0.0,23.16,0.0
101,2023,95,2218.0,12.62,0.0,23.15,0.0
101,2023,95,2219.0,12.62,0.0,23.14,0.0
101,2023,95,2220.0,12.62,0.0,23.14,0.0
101,2023,95,2221.0,12.62,0.0,23.14,0.0
101,2023,95,2222.0,12.62,0.0,23.14,0.0
101,2023,95,2223.0,12.62,0.0,23.16,0.0
101,2023,95,2224.0,12.62,0.0,23.18,0.0
101,2023,95,2225.0,12.62,0.0,23.2,0.0
101,2023,95,2226.0,12.62,0.0,23.22,0.0
101,2023,95,2227.0,12.62,0.0,23.23,0.0
101,2023,95,2228.0,12.62,0.0,23.24,0.0
101,2023,95,2229.0,12.62,0.0,23.25,0.0
101,2023,95,2230.0,12.62,0.0,23.28,0.0
101,2023,95,2231.0,12.62,0.0,23.28,0.0
101,2023,95,2232.0,12.62,0.0,23.27,0.0
101,2023,95,2233.0,12.62,0.0,23.23,0.0
101,2023,95,2234.0,12.62,0.0,23.18,0.0
101,2023,95,2235.0,12.62,0.0,23.15,0.0
101,2023,95,2236.0,12.62,0.0,23.16,0.0
101,2023,95,2237.0,12.62,0.0,23.17,0.0
101,2023,95,2238.0,12.62,0.0,23.18,0.0
101,2023,95,2239.0,12.61,0.0,23.16,0.0
101,2023,95,2240.0,12.62,0.0,23.14,0.0
101,2023,95,2241.0,12.62,0.0,23.09,0.0
101,2023,95,2242.0,12.62,0.0,23.06,0.0
101,2023,95,2243.0,12.61,0.0,23.06,0.0
101,2023,95,2244.0,12.62,0.0,23.05,0.0
101,2023,95,2245.0,12.61,0.0,23.03,0.0
101,2023,95,2246.0,12.61,0.0,23.03,0.0
101,2023,95,2247.0,12.62,0.0,23.05,0.0
101,2023,95,2248.0,12.61,0.0,23.05,0.0
101,2023,95,2249.0,12.62,0.0,23.06,0.0
101,2023,95,2250.0,12.61,0.0,23.07,0.0
101,2023,95,2251.0,12.61,0.0,23.09,0.0
101,2023,95,2252.0,12.61,0.0,23.09,0.0
101,2023,95,2253.0,12.61,0.0,23.04,0.0
101,2023,95,2254.0,12.61,0.0,22.99,0.0
101,2023,95,2255.0,12.61,0.0,22.99,0.0
101,2023,95,2256.0,12.61,0.0,23.01,0.0
101,2023,95,2257.0,12.61,0.0,23.0,0.0
101,2023,95,2258.0,12.61,0.0,22.99,0.0
101,2023,95,2259.0,12.61,0.0,22.99,0.0
101,2023,95,2300.0,12.61,0.0,22.98,0.0
101,2023,95,2301.0,12.61,0.0,22.97,0.0
101,2023,95,2302.0,12.61,0.0,22.95,0.0
101,2023,95,2303.0,12.61,0.0,22.93,0.0
101,2023,95,2304.0,12.61,0.0,22.9,0.0
101,2023,95,2305.0,12.61,0.0,22.88,0.0
101,2023,95,2306.0,12.61,0.0,22.86,0.0
101,2023,95,2307.0,12.61,0.0,22.83,0.0
101,2023,95,2308.0,12.61,0.0,22.82,0.0
101,2023,95,2309.0,12.61,0.0,22.82,0.0
101,2023,95,2310.0,12.61,0.0,22.8,0.0
101,2023,95,2311.0,12.61,0.0,22.78,0.0
101,2023,95,2312.0,12.61,0.0,22.78,0.0
101,2023,95,2313.0,12.61,0.0,22.8,0.0
101,2023,95,2314.0,12.61,0.0,22.81,0.0
101,2023,95,2315.0,12.6,0.0,22.82,0.0
101,2023,95,2316.0,12.61,0.0,22.79,0.0
101,2023,95,2317.0,12.61,0.0,22.76,0.0
101,2023,95,2318.0,12.6,0.0,22.74,0.0
101,2023,95,2319.0,12.61,0.0,22.72,0.0
101,2023,95,2320.0,12.6,0.0,22.68,0.0
101,2023,95,2321.0,12.6,0.0,22.65,0.0
101,2023,95,2322.0,12.6,0.0,22.64,0.0
101,2023,95,2323.0,12.6,0.0,22.62,0.0
101,2023,95,2324.0,12.6,0.0,22.61,0.0
101,2023,95,2325.0,12.6,0.0,22.61,0.0
101,2023,95,2326.0,12.6,0.0,22.59,0.0
101,2023,95,2327.0,12.6,0.0,22.58,0.0
101,2023,95,2328.0,12.6,0.0,22.57,0.0
101,2023,95,2329.0,12.6,0.0,22.55,0.0
101,2023,95,2330.0,12.6,0.0,22.54,0.0
101,2023,95,2331.0,12.6,0.0,22.53,0.0
101,2023,95,2332.0,12.6,0.0,22.52,0.0
101,2023,95,2333.0,12.6,0.0,22.54,0.0
101,2023,95,2334.0,12.6,0.0,22.53,0.0
101,2023,95,2335.0,12.6,0.0,22.47,0.0
101,2023,95,2336.0,12.6,0.0,22.43,0.0
101,2023,95,2337.0,12.6,0.0,22.42,0.0
101,2023,95,2338.0,12.6,0.0,22.4,0.0
101,2023,95,2339.0,12.6,0.0,22.4,0.0
101,2023,95,2340.0,12.6,0.0,22.4,0.0
101,2023,95,2341.0,12.6,0.0,22.4,0.0
101,2023,95,2342.0,12.6,0.0,22.4,0.0
101,2023,95,2343.0,12.59,0.0,22.42,0.0
101,2023,95,2344.0,12.6,0.0,22.46,0.0
101,2023,95,2345.0,12.6,0.0,22.49,0.0
101,2023,95,2346.0,12.59,0.0,22.48,0.0
101,2023,95,2347.0,12.6,0.0,22.47,0.0
101,2023,95,2348.0,12.59,0.0,22.46,0.0
101,2023,95,2349.0,12.6,0.0,22.45,0.0
101,2023,95,2350.0,12.59,0.0,22.47,0.0
101,2023,95,2351.0,12.59,0.0,22.46,0.0
101,2023,95,2352.0,12.59,0.0,22.45,0.0
101,2023,95,2353.0,12.59,0.0,22.48,0.0
101,2023,95,2354.0,12.59,0.0,22.52,0.0
101,2023,95,2355.0,12.59,0.0,22.59,0.0
101,2023,95,2356.0,12.59,0.0,22.62,0.0
101,2023,95,2357.0,12.59,0.0,22.66,0.0
101,2023,95,2358.0,12.59,0.0,22.68,0.0
101,2023,95,2359.0,12.59,0.0,22.68,0.0
