a,b,dia_juliano,d,e,f,g,h
101,2023,137,2400.0,12.77,0.0,22.91,0.0
101,2023,137,1.0,12.77,0.0,22.91,0.0
101,2023,137,2.0,12.77,0.0,22.91,0.0
101,2023,137,3.0,12.77,0.0,22.88,0.0
101,2023,137,4.0,12.77,0.0,22.84,0.0
101,2023,137,5.0,12.77,0.0,22.84,0.0
101,2023,137,6.0,12.77,0.0,22.86,0.0
101,2023,137,7.0,12.76,0.0,22.88,0.0
101,2023,137,8.0,12.77,0.0,22.89,0.0
101,2023,137,9.0,12.77,0.0,22.88,0.0
101,2023,137,10.0,12.77,0.0,22.86,0.0
101,2023,137,11.0,12.76,0.0,22.84,0.0
101,2023,137,12.0,12.77,0.0,22.82,0.0
101,2023,137,13.0,12.76,0.0,22.78,0.0
101,2023,137,14.0,12.77,0.0,22.76,0.0
101,2023,137,15.0,12.77,0.0,22.74,0.0
101,2023,137,16.0,12.76,0.0,22.7,0.0
101,2023,137,17.0,12.77,0.0,22.67,0.0
101,2023,137,18.0,12.76,0.0,22.7,0.0
101,2023,137,19.0,12.76,0.0,22.75,0.0
101,2023,137,20.0,12.76,0.0,22.68,0.0
101,2023,137,21.0,12.76,0.0,22.55,0.0
101,2023,137,22.0,12.76,0.0,22.5,0.0
101,2023,137,23.0,12.76,0.0,22.51,0.0
101,2023,137,24.0,12.76,0.0,22.51,0.0
101,2023,137,25.0,12.76,0.0,22.5,0.0
101,2023,137,26.0,12.76,0.0,22.48,0.0
101,2023,137,27.0,12.76,0.0,22.46,0.0
101,2023,137,28.0,12.76,0.0,22.43,0.0
101,2023,137,29.0,12.76,0.0,22.4,0.0
101,2023,137,30.0,12.76,0.0,22.41,0.0
101,2023,137,31.0,12.76,0.0,22.43,0.0
101,2023,137,32.0,12.76,0.0,22.51,0.0
101,2023,137,33.0,12.76,0.0,22.59,0.0
101,2023,137,34.0,12.76,0.0,22.52,0.0
101,2023,137,35.0,12.76,0.0,22.5,0.0
101,2023,137,36.0,12.76,0.0,22.51,0.0
101,2023,137,37.0,12.76,0.0,22.56,0.0
101,2023,137,38.0,12.76,0.0,22.58,0.0
101,2023,137,39.0,12.76,0.0,22.52,0.0
101,2023,137,40.0,12.76,0.0,22.47,0.0
101,2023,137,41.0,12.76,0.0,22.47,0.0
101,2023,137,42.0,12.76,0.0,22.47,0.0
101,2023,137,43.0,12.76,0.0,22.47,0.0
101,2023,137,44.0,12.76,0.0,22.49,0.0
101,2023,137,45.0,12.76,0.0,22.49,0.0
101,2023,137,46.0,12.76,0.0,22.49,0.0
101,2023,137,47.0,12.76,0.0,22.47,0.0
101,2023,137,48.0,12.76,0.0,22.47,0.0
101,2023,137,49.0,12.76,0.0,22.49,0.0
101,2023,137,50.0,12.76,0.0,22.53,0.0
101,2023,137,51.0,12.76,0.0,22.58,0.0
101,2023,137,52.0,12.76,0.0,22.6,0.0
101,2023,137,53.0,12.76,0.0,22.61,0.0
101,2023,137,54.0,12.76,0.0,22.62,0.0
101,2023,137,55.0,12.76,0.0,22.61,0.0
101,2023,137,56.0,12.76,0.0,22.63,0.0
101,2023,137,57.0,12.76,0.0,22.71,0.0
101,2023,137,58.0,12.76,0.0,22.76,0.0
101,2023,137,59.0,12.76,0.0,22.79,0.0
101,2023,137,100.0,12.76,0.0,22.79,0.0
101,2023,137,101.0,12.76,0.0,22.79,0.0
101,2023,137,102.0,12.76,0.0,22.8,0.0
101,2023,137,103.0,12.76,0.0,22.83,0.0
101,2023,137,104.0,12.76,0.0,22.83,0.0
101,2023,137,105.0,12.76,0.0,22.82,0.0
101,2023,137,106.0,12.76,0.0,22.81,0.0
101,2023,137,107.0,12.76,0.0,22.8,0.0
101,2023,137,108.0,12.76,0.0,22.79,0.0
101,2023,137,109.0,12.76,0.0,22.78,0.0
101,2023,137,110.0,12.76,0.0,22.77,0.0
101,2023,137,111.0,12.76,0.0,22.75,0.0
101,2023,137,112.0,12.76,0.0,22.74,0.0
101,2023,137,113.0,12.76,0.0,22.73,0.0
101,2023,137,114.0,12.76,0.0,22.72,0.0
101,2023,137,115.0,12.76,0.0,22.71,0.0
101,2023,137,116.0,12.76,0.0,22.68,0.0
101,2023,137,117.0,12.76,0.0,22.65,0.0
101,2023,137,118.0,12.76,0.0,22.64,0.0
101,2023,137,119.0,12.76,0.0,22.64,0.0
101,2023,137,120.0,12.76,0.0,22.64,0.0
101,2023,137,121.0,12.76,0.0,22.63,0.0
101,2023,137,122.0,12.76,0.0,22.63,0.0
101,2023,137,123.0,12.76,0.0,22.61,0.0
101,2023,137,124.0,12.76,0.0,22.61,0.0
101,2023,137,125.0,12.76,0.0,22.61,0.0
101,2023,137,126.0,12.76,0.0,22.59,0.0
101,2023,137,127.0,12.76,0.0,22.61,0.0
101,2023,137,128.0,12.76,0.0,22.62,0.0
101,2023,137,129.0,12.76,0.0,22.63,0.0
101,2023,137,130.0,12.76,0.0,22.64,0.0
101,2023,137,131.0,12.76,0.0,22.66,0.0
101,2023,137,132.0,12.76,0.0,22.66,0.0
101,2023,137,133.0,12.76,0.0,22.66,0.0
101,2023,137,134.0,12.76,0.0,22.66,0.0
101,2023,137,135.0,12.76,0.0,22.66,0.0
101,2023,137,136.0,12.76,0.0,22.65,0.0
101,2023,137,137.0,12.76,0.0,22.66,0.0
101,2023,137,138.0,12.76,0.0,22.66,0.0
101,2023,137,139.0,12.76,0.0,22.65,0.0
101,2023,137,140.0,12.76,0.0,22.65,0.0
101,2023,137,141.0,12.76,0.0,22.64,0.0
101,2023,137,142.0,12.76,0.0,22.64,0.0
101,2023,137,143.0,12.76,0.0,22.65,0.0
101,2023,137,144.0,12.76,0.0,22.66,0.0
101,2023,137,145.0,12.76,0.0,22.66,0.0
101,2023,137,146.0,12.76,0.0,22.66,0.0
101,2023,137,147.0,12.76,0.0,22.66,0.0
101,2023,137,148.0,12.76,0.0,22.66,0.0
101,2023,137,149.0,12.76,0.0,22.66,0.0
101,2023,137,150.0,12.76,0.0,22.67,0.0
101,2023,137,151.0,12.76,0.0,22.68,0.0
101,2023,137,152.0,12.76,0.0,22.68,0.0
101,2023,137,153.0,12.76,0.0,22.69,0.0
101,2023,137,154.0,12.76,0.0,22.69,0.0
101,2023,137,155.0,12.76,0.0,22.69,0.0
101,2023,137,156.0,12.76,0.0,22.69,0.0
101,2023,137,157.0,12.76,0.0,22.69,0.0
101,2023,137,158.0,12.76,0.0,22.69,0.0
101,2023,137,159.0,12.76,0.0,22.68,0.0
101,2023,137,200.0,12.76,0.0,22.68,0.0
101,2023,137,201.0,12.76,0.0,22.67,0.0
101,2023,137,202.0,12.76,0.0,22.67,0.0
101,2023,137,203.0,12.76,0.0,22.66,0.0
101,2023,137,204.0,12.76,0.0,22.66,0.0
101,2023,137,205.0,12.76,0.0,22.66,0.0
101,2023,137,206.0,12.76,0.0,22.65,0.0
101,2023,137,207.0,12.76,0.0,22.65,0.0
101,2023,137,208.0,12.76,0.0,22.67,0.0
101,2023,137,209.0,12.76,0.0,22.66,0.0
101,2023,137,210.0,12.76,0.0,22.66,0.0
101,2023,137,211.0,12.76,0.0,22.66,0.0
101,2023,137,212.0,12.76,0.0,22.66,0.0
101,2023,137,213.0,12.76,0.0,22.66,0.0
101,2023,137,214.0,12.76,0.0,22.66,0.0
101,2023,137,215.0,12.76,0.0,22.66,0.0
101,2023,137,216.0,12.76,0.0,22.66,0.0
101,2023,137,217.0,12.76,0.0,22.68,0.0
101,2023,137,218.0,12.76,0.0,22.69,0.0
101,2023,137,219.0,12.76,0.0,22.69,0.0
101,2023,137,220.0,12.76,0.0,22.68,0.0
101,2023,137,221.0,12.76,0.0,22.67,0.0
101,2023,137,222.0,12.76,0.0,22.66,0.0
101,2023,137,223.0,12.76,0.0,22.64,0.0
101,2023,137,224.0,12.76,0.0,22.64,0.0
101,2023,137,225.0,12.76,0.0,22.64,0.0
101,2023,137,226.0,12.76,0.0,22.62,0.0
101,2023,137,227.0,12.76,0.0,22.65,0.0
101,2023,137,228.0,12.76,0.0,22.69,0.0
101,2023,137,229.0,12.76,0.0,22.68,0.0
101,2023,137,230.0,12.76,0.0,22.64,0.0
101,2023,137,231.0,12.76,0.0,22.6,0.0
101,2023,137,232.0,12.76,0.0,22.57,0.0
101,2023,137,233.0,12.76,0.0,22.55,0.0
101,2023,137,234.0,12.76,0.0,22.53,0.0
101,2023,137,235.0,12.76,0.0,22.52,0.0
101,2023,137,236.0,12.76,0.0,22.52,0.0
101,2023,137,237.0,12.76,0.0,22.49,0.0
101,2023,137,238.0,12.76,0.0,22.48,0.0
101,2023,137,239.0,12.76,0.0,22.47,0.0
101,2023,137,240.0,12.76,0.0,22.47,0.0
101,2023,137,241.0,12.76,0.0,22.47,0.0
101,2023,137,242.0,12.76,0.0,22.47,0.0
101,2023,137,243.0,12.76,0.0,22.47,0.0
101,2023,137,244.0,12.76,0.0,22.45,0.0
101,2023,137,245.0,12.76,0.0,22.44,0.0
101,2023,137,246.0,12.76,0.0,22.43,0.0
101,2023,137,247.0,12.76,0.0,22.42,0.0
101,2023,137,248.0,12.76,0.0,22.42,0.0
101,2023,137,249.0,12.76,0.0,22.4,0.0
101,2023,137,250.0,12.76,0.0,22.4,0.0
101,2023,137,251.0,12.76,0.0,22.39,0.0
101,2023,137,252.0,12.76,0.0,22.42,0.0
101,2023,137,253.0,12.76,0.0,22.47,0.0
101,2023,137,254.0,12.76,0.0,22.49,0.0
101,2023,137,255.0,12.76,0.0,22.49,0.0
101,2023,137,256.0,12.76,0.0,22.47,0.0
101,2023,137,257.0,12.76,0.0,22.47,0.0
101,2023,137,258.0,12.76,0.0,22.49,0.0
101,2023,137,259.0,12.76,0.0,22.53,0.0
101,2023,137,300.0,12.76,0.0,22.54,0.0
101,2023,137,301.0,12.76,0.0,22.56,0.0
101,2023,137,302.0,12.76,0.0,22.55,0.0
101,2023,137,303.0,12.75,0.0,22.54,0.0
101,2023,137,304.0,12.76,0.0,22.53,0.0
101,2023,137,305.0,12.76,0.0,22.52,0.0
101,2023,137,306.0,12.76,0.0,22.5,0.0
101,2023,137,307.0,12.75,0.0,22.49,0.0
101,2023,137,308.0,12.75,0.0,22.49,0.0
101,2023,137,309.0,12.75,0.0,22.49,0.0
101,2023,137,310.0,12.76,0.0,22.48,0.0
101,2023,137,311.0,12.76,0.0,22.47,0.0
101,2023,137,312.0,12.75,0.0,22.48,0.0
101,2023,137,313.0,12.76,0.0,22.51,0.0
101,2023,137,314.0,12.76,0.0,22.52,0.0
101,2023,137,315.0,12.75,0.0,22.49,0.0
101,2023,137,316.0,12.75,0.0,22.49,0.0
101,2023,137,317.0,12.76,0.0,22.48,0.0
101,2023,137,318.0,12.76,0.0,22.46,0.0
101,2023,137,319.0,12.75,0.0,22.44,0.0
101,2023,137,320.0,12.76,0.0,22.46,0.0
101,2023,137,321.0,12.76,0.0,22.5,0.0
101,2023,137,322.0,12.76,0.0,22.46,0.0
101,2023,137,323.0,12.76,0.0,22.45,0.0
101,2023,137,324.0,12.76,0.0,22.44,0.0
101,2023,137,325.0,12.76,0.0,22.47,0.0
101,2023,137,326.0,12.76,0.0,22.47,0.0
101,2023,137,327.0,12.76,0.0,22.47,0.0
101,2023,137,328.0,12.76,0.0,22.46,0.0
101,2023,137,329.0,12.75,0.0,22.43,0.0
101,2023,137,330.0,12.76,0.0,22.42,0.0
101,2023,137,331.0,12.75,0.0,22.39,0.0
101,2023,137,332.0,12.76,0.0,22.37,0.0
101,2023,137,333.0,12.76,0.0,22.37,0.0
101,2023,137,334.0,12.75,0.0,22.38,0.0
101,2023,137,335.0,12.75,0.0,22.39,0.0
101,2023,137,336.0,12.76,0.0,22.38,0.0
101,2023,137,337.0,12.76,0.0,22.39,0.0
101,2023,137,338.0,12.76,0.0,22.41,0.0
101,2023,137,339.0,12.76,0.0,22.41,0.0
101,2023,137,340.0,12.75,0.0,22.42,0.0
101,2023,137,341.0,12.75,0.0,22.43,0.0
101,2023,137,342.0,12.76,0.0,22.46,0.0
101,2023,137,343.0,12.76,0.0,22.48,0.0
101,2023,137,344.0,12.76,0.0,22.47,0.0
101,2023,137,345.0,12.76,0.0,22.47,0.0
101,2023,137,346.0,12.76,0.0,22.47,0.0
101,2023,137,347.0,12.75,0.0,22.45,0.0
101,2023,137,348.0,12.76,0.0,22.45,0.0
101,2023,137,349.0,12.75,0.0,22.45,0.0
101,2023,137,350.0,12.76,0.0,22.47,0.0
101,2023,137,351.0,12.75,0.0,22.47,0.0
101,2023,137,352.0,12.76,0.0,22.47,0.0
101,2023,137,353.0,12.75,0.0,22.46,0.0
101,2023,137,354.0,12.76,0.0,22.43,0.0
101,2023,137,355.0,12.75,0.0,22.42,0.0
101,2023,137,356.0,12.76,0.0,22.41,0.0
101,2023,137,357.0,12.75,0.0,22.4,0.0
101,2023,137,358.0,12.76,0.0,22.38,0.0
101,2023,137,359.0,12.75,0.0,22.37,0.0
101,2023,137,400.0,12.76,0.0,22.36,0.0
101,2023,137,401.0,12.75,0.0,22.35,0.0
101,2023,137,402.0,12.76,0.0,22.36,0.0
101,2023,137,403.0,12.75,0.0,22.34,0.0
101,2023,137,404.0,12.76,0.0,22.33,0.0
101,2023,137,405.0,12.75,0.0,22.33,0.0
101,2023,137,406.0,12.76,0.0,22.32,0.0
101,2023,137,407.0,12.75,0.0,22.31,0.0
101,2023,137,408.0,12.76,0.0,22.32,0.0
101,2023,137,409.0,12.76,0.0,22.3,0.0
101,2023,137,410.0,12.76,0.0,22.29,0.0
101,2023,137,411.0,12.75,0.0,22.3,0.0
101,2023,137,412.0,12.76,0.0,22.27,0.0
101,2023,137,413.0,12.75,0.0,22.27,0.0
101,2023,137,414.0,12.75,0.0,22.26,0.0
101,2023,137,415.0,12.75,0.0,22.26,0.0
101,2023,137,416.0,12.75,0.0,22.27,0.0
101,2023,137,417.0,12.75,0.0,22.25,0.0
101,2023,137,418.0,12.75,0.0,22.24,0.0
101,2023,137,419.0,12.75,0.0,22.23,0.0
101,2023,137,420.0,12.75,0.0,22.25,0.0
101,2023,137,421.0,12.75,0.0,22.25,0.0
101,2023,137,422.0,12.76,0.0,22.26,0.0
101,2023,137,423.0,12.75,0.0,22.28,0.0
101,2023,137,424.0,12.75,0.0,22.29,0.0
101,2023,137,425.0,12.75,0.0,22.29,0.0
101,2023,137,426.0,12.76,0.0,22.28,0.0
101,2023,137,427.0,12.75,0.0,22.29,0.0
101,2023,137,428.0,12.75,0.0,22.3,0.0
101,2023,137,429.0,12.75,0.0,22.32,0.0
101,2023,137,430.0,12.75,0.0,22.32,0.0
101,2023,137,431.0,12.75,0.0,22.31,0.0
101,2023,137,432.0,12.75,0.0,22.3,0.0
101,2023,137,433.0,12.75,0.0,22.3,0.0
101,2023,137,434.0,12.76,0.0,22.27,0.0
101,2023,137,435.0,12.76,0.0,22.27,0.0
101,2023,137,436.0,12.75,0.0,22.27,0.0
101,2023,137,437.0,12.75,0.0,22.27,0.0
101,2023,137,438.0,12.75,0.0,22.27,0.0
101,2023,137,439.0,12.75,0.0,22.29,0.0
101,2023,137,440.0,12.75,0.0,22.33,0.0
101,2023,137,441.0,12.75,0.0,22.36,0.0
101,2023,137,442.0,12.76,0.0,22.37,0.0
101,2023,137,443.0,12.75,0.0,22.38,0.0
101,2023,137,444.0,12.75,0.0,22.4,0.0
101,2023,137,445.0,12.75,0.0,22.4,0.0
101,2023,137,446.0,12.76,0.0,22.41,0.0
101,2023,137,447.0,12.75,0.0,22.41,0.0
101,2023,137,448.0,12.75,0.0,22.42,0.0
101,2023,137,449.0,12.75,0.0,22.43,0.0
101,2023,137,450.0,12.75,0.0,22.42,0.0
101,2023,137,451.0,12.75,0.0,22.44,0.0
101,2023,137,452.0,12.75,0.0,22.44,0.0
101,2023,137,453.0,12.75,0.0,22.43,0.0
101,2023,137,454.0,12.75,0.0,22.42,0.0
101,2023,137,455.0,12.75,0.0,22.41,0.0
101,2023,137,456.0,12.75,0.0,22.41,0.0
101,2023,137,457.0,12.75,0.0,22.4,0.0
101,2023,137,458.0,12.75,0.0,22.4,0.0
101,2023,137,459.0,12.75,0.0,22.39,0.0
101,2023,137,500.0,12.75,0.0,22.39,0.0
101,2023,137,501.0,12.75,0.0,22.39,0.0
101,2023,137,502.0,12.75,0.0,22.39,0.0
101,2023,137,503.0,12.75,0.0,22.39,0.0
101,2023,137,504.0,12.75,0.0,22.38,0.0
101,2023,137,505.0,12.75,0.0,22.37,0.0
101,2023,137,506.0,12.75,0.0,22.35,0.0
101,2023,137,507.0,12.76,0.0,22.35,0.0
101,2023,137,508.0,12.75,0.0,22.35,0.0
101,2023,137,509.0,12.75,0.0,22.36,0.0
101,2023,137,510.0,12.75,0.0,22.35,0.0
101,2023,137,511.0,12.75,0.0,22.35,0.0
101,2023,137,512.0,12.75,0.0,22.35,0.0
101,2023,137,513.0,12.75,0.0,22.39,0.0
101,2023,137,514.0,12.75,0.0,22.39,0.0
101,2023,137,515.0,12.75,0.0,22.4,0.0
101,2023,137,516.0,12.75,0.0,22.42,0.0
101,2023,137,517.0,12.75,0.0,22.44,0.0
101,2023,137,518.0,12.75,0.0,22.44,0.0
101,2023,137,519.0,12.75,0.0,22.44,0.0
101,2023,137,520.0,12.75,1.015,22.44,0.0
101,2023,137,521.0,12.75,1.157,22.42,0.0
101,2023,137,522.0,12.75,1.354,22.41,0.0
101,2023,137,523.0,12.75,1.354,22.4,0.0
101,2023,137,524.0,12.75,1.41,22.41,0.0
101,2023,137,525.0,12.75,1.692,22.42,0.0
101,2023,137,526.0,12.75,1.975,22.42,0.0
101,2023,137,527.0,12.75,2.031,22.42,0.0
101,2023,137,528.0,12.75,2.285,22.4,0.0
101,2023,137,529.0,12.75,2.369,22.4,0.0
101,2023,137,530.0,12.75,2.595,22.4,0.0
101,2023,137,531.0,12.75,2.934,22.4,0.0
101,2023,137,532.0,12.75,3.244,22.41,0.0
101,2023,137,533.0,12.75,3.808,22.42,0.0
101,2023,137,534.0,12.75,4.062,22.44,0.0
101,2023,137,535.0,12.75,4.231,22.48,0.0
101,2023,137,536.0,12.76,4.936,22.47,0.0
101,2023,137,537.0,12.75,6.008,22.47,0.0
101,2023,137,538.0,12.75,7.93,22.47,0.0
101,2023,137,539.0,12.76,9.65,22.47,0.0
101,2023,137,540.0,12.76,10.94,22.47,0.0
101,2023,137,541.0,12.77,12.35,22.47,0.0
101,2023,137,542.0,12.78,14.05,22.47,0.0
101,2023,137,543.0,12.79,15.71,22.49,0.0
101,2023,137,544.0,12.8,16.9,22.5,0.0
101,2023,137,545.0,12.82,17.83,22.5,0.0
101,2023,137,546.0,12.83,18.53,22.5,0.0
101,2023,137,547.0,12.85,19.52,22.5,0.0
101,2023,137,548.0,12.87,20.99,22.5,0.0
101,2023,137,549.0,12.9,23.13,22.5,0.0
101,2023,137,550.0,12.97,27.14,22.5,0.0
101,2023,137,551.0,13.13,32.44,22.5,0.0
101,2023,137,552.0,13.19,31.11,22.5,0.0
101,2023,137,553.0,13.2,29.65,22.49,0.0
101,2023,137,554.0,13.23,31.85,22.5,0.0
101,2023,137,555.0,13.28,37.12,22.52,0.0
101,2023,137,556.0,13.28,43.04,22.53,0.0
101,2023,137,557.0,13.28,41.75,22.54,0.0
101,2023,137,558.0,13.28,42.17,22.54,0.0
101,2023,137,559.0,13.28,51.31,22.55,0.0
101,2023,137,600.0,13.28,70.5,22.57,0.0
101,2023,137,601.0,13.28,77.3,22.62,0.0
101,2023,137,602.0,13.28,82.2,22.7,0.0
101,2023,137,603.0,13.28,86.8,22.77,0.0
101,2023,137,604.0,13.28,89.4,22.83,0.0
101,2023,137,605.0,13.28,90.9,22.89,0.0
101,2023,137,606.0,13.28,93.3,22.9,0.0
101,2023,137,607.0,13.28,95.7,22.9,0.0
101,2023,137,608.0,13.28,96.9,22.95,0.0
101,2023,137,609.0,13.28,104.0,22.99,0.0
101,2023,137,610.0,13.28,111.9,23.07,0.0
101,2023,137,611.0,13.28,114.2,23.1,0.0
101,2023,137,612.0,13.28,114.1,23.16,0.0
101,2023,137,613.0,13.28,119.7,23.16,0.0
101,2023,137,614.0,13.28,123.9,23.32,0.0
101,2023,137,615.0,13.28,125.8,23.33,0.0
101,2023,137,616.0,13.28,128.5,23.4,0.0
101,2023,137,617.0,13.28,131.6,23.48,0.0
101,2023,137,618.0,13.28,137.1,23.51,0.0
101,2023,137,619.0,13.28,138.2,23.66,0.0
101,2023,137,620.0,13.28,138.7,23.77,0.0
101,2023,137,621.0,13.28,143.3,23.78,0.0
101,2023,137,622.0,13.28,153.9,23.73,0.0
101,2023,137,623.0,13.28,155.3,23.86,0.0
101,2023,137,624.0,13.28,152.0,23.95,0.0
101,2023,137,625.0,13.28,159.5,24.04,0.0
101,2023,137,626.0,13.27,165.8,24.03,0.0
101,2023,137,627.0,13.27,167.1,24.03,0.0
101,2023,137,628.0,13.27,170.9,24.12,0.0
101,2023,137,629.0,13.27,174.5,24.29,0.0
101,2023,137,630.0,13.27,178.1,24.33,0.0
101,2023,137,631.0,13.27,181.9,24.4,0.0
101,2023,137,632.0,13.27,186.0,24.48,0.0
101,2023,137,633.0,13.27,188.6,24.48,0.0
101,2023,137,634.0,13.27,188.5,24.6,0.0
101,2023,137,635.0,13.27,190.4,24.64,0.0
101,2023,137,636.0,13.27,194.9,24.76,0.0
101,2023,137,637.0,13.27,196.5,24.88,0.0
101,2023,137,638.0,13.27,199.2,24.91,0.0
101,2023,137,639.0,13.27,202.9,24.93,0.0
101,2023,137,640.0,13.27,206.2,24.94,0.0
101,2023,137,641.0,13.27,207.0,25.02,0.0
101,2023,137,642.0,13.27,211.2,25.06,0.0
101,2023,137,643.0,13.27,214.7,25.09,0.0
101,2023,137,644.0,13.27,217.3,25.28,0.0
101,2023,137,645.0,13.27,221.4,25.25,0.0
101,2023,137,646.0,13.27,225.3,25.29,0.0
101,2023,137,647.0,13.27,226.2,25.25,0.0
101,2023,137,648.0,13.26,219.9,25.27,0.0
101,2023,137,649.0,13.27,230.7,25.14,0.0
101,2023,137,650.0,13.26,232.2,25.24,0.0
101,2023,137,651.0,13.26,237.0,25.29,0.0
101,2023,137,652.0,13.26,243.1,25.35,0.0
101,2023,137,653.0,13.26,247.3,25.59,0.0
101,2023,137,654.0,13.26,250.4,25.32,0.0
101,2023,137,655.0,13.26,253.1,25.42,0.0
101,2023,137,656.0,13.26,256.3,25.59,0.0
101,2023,137,657.0,13.26,258.1,25.71,0.0
101,2023,137,658.0,13.26,260.3,25.76,0.0
101,2023,137,659.0,13.26,262.7,25.87,0.0
101,2023,137,700.0,13.26,267.2,25.98,0.0
101,2023,137,701.0,13.26,271.4,26.01,0.0
101,2023,137,702.0,13.26,274.6,26.0,0.0
101,2023,137,703.0,13.26,277.1,26.14,0.0
101,2023,137,704.0,13.26,282.3,26.32,0.0
101,2023,137,705.0,13.26,287.5,26.52,0.0
101,2023,137,706.0,13.26,292.0,26.59,0.0
101,2023,137,707.0,13.26,296.2,26.56,0.0
101,2023,137,708.0,13.26,300.4,26.45,0.0
101,2023,137,709.0,13.26,302.8,26.27,0.0
101,2023,137,710.0,13.26,312.3,26.23,0.0
101,2023,137,711.0,13.26,317.8,26.21,0.0
101,2023,137,712.0,13.26,323.0,26.38,0.0
101,2023,137,713.0,13.26,327.2,26.52,0.0
101,2023,137,714.0,13.26,331.9,26.65,0.0
101,2023,137,715.0,13.25,334.2,26.67,0.0
101,2023,137,716.0,13.26,337.6,26.7,0.0
101,2023,137,717.0,13.25,340.3,26.59,0.0
101,2023,137,718.0,13.25,343.4,26.45,0.0
101,2023,137,719.0,13.25,348.0,26.53,0.0
101,2023,137,720.0,13.25,351.2,26.62,0.0
101,2023,137,721.0,13.25,355.0,26.72,0.0
101,2023,137,722.0,13.25,358.4,26.78,0.0
101,2023,137,723.0,13.25,361.3,26.72,0.0
101,2023,137,724.0,13.25,365.6,26.58,0.0
101,2023,137,725.0,13.25,369.9,26.5,0.0
101,2023,137,726.0,13.25,373.9,26.53,0.0
101,2023,137,727.0,13.25,377.2,26.55,0.0
101,2023,137,728.0,13.25,380.6,26.48,0.0
101,2023,137,729.0,13.24,383.4,26.5,0.0
101,2023,137,730.0,13.24,386.2,26.62,0.0
101,2023,137,731.0,13.24,389.1,26.63,0.0
101,2023,137,732.0,13.24,391.8,26.54,0.0
101,2023,137,733.0,13.24,393.2,26.4,0.0
101,2023,137,734.0,13.24,399.0,26.43,0.0
101,2023,137,735.0,13.24,402.5,26.57,0.0
101,2023,137,736.0,13.24,407.4,26.75,0.0
101,2023,137,737.0,13.24,411.5,26.86,0.0
101,2023,137,738.0,13.24,415.0,26.99,0.0
101,2023,137,739.0,13.24,416.6,26.98,0.0
101,2023,137,740.0,13.23,421.7,27.05,0.0
101,2023,137,741.0,13.23,426.3,27.18,0.0
101,2023,137,742.0,13.23,429.5,27.14,0.0
101,2023,137,743.0,13.23,432.2,27.35,0.0
101,2023,137,744.0,13.23,436.3,27.5,0.0
101,2023,137,745.0,13.23,439.7,27.53,0.0
101,2023,137,746.0,13.23,443.0,27.45,0.0
101,2023,137,747.0,13.23,447.6,27.46,0.0
101,2023,137,748.0,13.23,449.7,27.6,0.0
101,2023,137,749.0,13.23,414.2,27.57,0.0
101,2023,137,750.0,13.22,449.6,27.36,0.0
101,2023,137,751.0,13.22,455.4,27.25,0.0
101,2023,137,752.0,13.22,462.5,27.27,0.0
101,2023,137,753.0,13.22,468.0,27.37,0.0
101,2023,137,754.0,13.22,476.1,27.49,0.0
101,2023,137,755.0,13.22,484.5,27.71,0.0
101,2023,137,756.0,13.22,504.1,27.84,0.0
101,2023,137,757.0,13.22,531.3,28.01,0.0
101,2023,137,758.0,13.22,562.3,28.19,0.0
101,2023,137,759.0,13.21,568.8,28.12,0.0
101,2023,137,800.0,13.21,541.0,27.99,0.0
101,2023,137,801.0,13.21,439.3,27.78,0.0
101,2023,137,802.0,13.21,345.5,27.44,0.0
101,2023,137,803.0,13.21,158.6,27.37,0.0
101,2023,137,804.0,13.21,233.4,27.43,0.0
101,2023,137,805.0,13.21,544.1,27.39,0.0
101,2023,137,806.0,13.21,485.2,27.55,0.0
101,2023,137,807.0,13.21,432.9,27.77,0.0
101,2023,137,808.0,13.21,507.4,27.96,0.0
101,2023,137,809.0,13.21,202.9,27.95,0.0
101,2023,137,810.0,13.21,180.3,27.57,0.0
101,2023,137,811.0,13.2,172.0,27.35,0.0
101,2023,137,812.0,13.2,225.6,27.4,0.0
101,2023,137,813.0,13.2,265.4,27.54,0.0
101,2023,137,814.0,13.21,224.1,27.64,0.0
101,2023,137,815.0,13.21,213.1,27.69,0.0
101,2023,137,816.0,13.21,206.2,27.69,0.0
101,2023,137,817.0,13.21,162.5,27.68,0.0
101,2023,137,818.0,13.21,161.0,27.57,0.0
101,2023,137,819.0,13.2,188.7,27.25,0.0
101,2023,137,820.0,13.21,247.6,27.25,0.0
101,2023,137,821.0,13.21,489.2,27.2,0.0
101,2023,137,822.0,13.21,503.9,27.31,0.0
101,2023,137,823.0,13.2,305.7,27.51,0.0
101,2023,137,824.0,13.21,285.2,27.69,0.0
101,2023,137,825.0,13.2,227.9,27.7,0.0
101,2023,137,826.0,13.2,177.3,27.62,0.0
101,2023,137,827.0,13.2,156.3,27.44,0.0
101,2023,137,828.0,13.2,271.2,27.38,0.0
101,2023,137,829.0,13.2,256.0,27.29,0.0
101,2023,137,830.0,13.2,174.8,27.27,0.0
101,2023,137,831.0,13.2,168.3,27.33,0.0
101,2023,137,832.0,13.2,268.6,27.35,0.0
101,2023,137,833.0,13.2,496.9,27.16,0.0
101,2023,137,834.0,13.2,693.3,27.16,0.0
101,2023,137,835.0,13.2,716.0,27.15,0.0
101,2023,137,836.0,13.2,435.7,27.19,0.0
101,2023,137,837.0,13.2,241.1,27.35,0.0
101,2023,137,838.0,13.2,243.3,27.5,0.0
101,2023,137,839.0,13.2,248.7,27.62,0.0
101,2023,137,840.0,13.2,235.7,27.65,0.0
101,2023,137,841.0,13.19,288.5,27.55,0.0
101,2023,137,842.0,13.2,578.5,27.47,0.0
101,2023,137,843.0,13.2,519.5,27.56,0.0
101,2023,137,844.0,13.2,709.0,27.63,0.0
101,2023,137,845.0,13.19,619.6,27.85,0.0
101,2023,137,846.0,13.19,452.2,28.0,0.0
101,2023,137,847.0,13.19,329.6,27.88,0.0
101,2023,137,848.0,13.19,399.3,27.91,0.0
101,2023,137,849.0,13.19,282.6,27.99,0.0
101,2023,137,850.0,13.19,339.6,28.0,0.0
101,2023,137,851.0,13.19,464.0,27.81,0.0
101,2023,137,852.0,13.19,497.4,27.74,0.0
101,2023,137,853.0,13.18,772.0,27.71,0.0
101,2023,137,854.0,13.19,780.0,27.74,0.0
101,2023,137,855.0,13.18,807.0,27.84,0.0
101,2023,137,856.0,13.18,812.0,27.93,0.0
101,2023,137,857.0,13.18,802.0,28.07,0.0
101,2023,137,858.0,13.18,771.0,28.11,0.0
101,2023,137,859.0,13.18,757.0,27.98,0.0
101,2023,137,900.0,13.18,642.0,28.03,0.0
101,2023,137,901.0,13.17,774.0,28.2,0.0
101,2023,137,902.0,13.17,502.5,28.28,0.0
101,2023,137,903.0,13.17,266.0,28.3,0.0
101,2023,137,904.0,13.17,266.5,28.4,0.0
101,2023,137,905.0,13.17,264.0,28.46,0.0
101,2023,137,906.0,13.17,278.4,28.32,0.0
101,2023,137,907.0,13.17,764.0,28.08,0.0
101,2023,137,908.0,13.17,830.0,28.11,0.0
101,2023,137,909.0,13.17,602.1,28.28,0.0
101,2023,137,910.0,13.17,583.3,28.11,0.0
101,2023,137,911.0,13.17,305.8,28.07,0.0
101,2023,137,912.0,13.17,195.2,28.09,0.0
101,2023,137,913.0,13.17,163.1,27.99,0.0
101,2023,137,914.0,13.17,148.8,27.86,0.0
101,2023,137,915.0,13.17,146.1,27.77,0.0
101,2023,137,916.0,13.17,148.0,27.63,0.0
101,2023,137,917.0,13.17,145.6,27.63,0.0
101,2023,137,918.0,13.17,141.6,27.72,0.0
101,2023,137,919.0,13.17,137.7,27.68,0.0
101,2023,137,920.0,13.17,133.6,27.6,0.0
101,2023,137,921.0,13.17,129.6,27.58,0.0
101,2023,137,922.0,13.17,127.0,27.46,0.0
101,2023,137,923.0,13.17,125.8,27.38,0.0
101,2023,137,924.0,13.17,126.0,27.38,0.0
101,2023,137,925.0,13.17,126.9,27.38,0.0
101,2023,137,926.0,13.17,127.9,27.39,0.0
101,2023,137,927.0,13.17,130.5,27.43,0.0
101,2023,137,928.0,13.18,135.8,27.46,0.0
101,2023,137,929.0,13.17,140.0,27.46,0.0
101,2023,137,930.0,13.18,144.7,27.55,0.0
101,2023,137,931.0,13.17,150.9,27.6,0.0
101,2023,137,932.0,13.18,158.9,27.61,0.0
101,2023,137,933.0,13.17,168.3,27.6,0.0
101,2023,137,934.0,13.18,176.4,27.64,0.0
101,2023,137,935.0,13.18,177.4,27.69,0.0
101,2023,137,936.0,13.18,177.7,27.69,0.0
101,2023,137,937.0,13.18,178.3,27.76,0.0
101,2023,137,938.0,13.18,178.6,27.69,0.0
101,2023,137,939.0,13.18,180.8,27.57,0.0
101,2023,137,940.0,13.18,183.6,27.47,0.0
101,2023,137,941.0,13.18,190.6,27.44,0.0
101,2023,137,942.0,13.18,196.3,27.44,0.0
101,2023,137,943.0,13.18,197.7,27.44,0.0
101,2023,137,944.0,13.18,198.3,27.43,0.0
101,2023,137,945.0,13.18,200.8,27.41,0.0
101,2023,137,946.0,13.18,204.3,27.38,0.0
101,2023,137,947.0,13.18,213.0,27.36,0.0
101,2023,137,948.0,13.18,223.7,27.3,0.0
101,2023,137,949.0,13.18,233.6,27.29,0.0
101,2023,137,950.0,13.18,243.1,27.28,0.0
101,2023,137,951.0,13.18,255.9,27.19,0.0
101,2023,137,952.0,13.18,269.9,27.16,0.0
101,2023,137,953.0,13.18,281.7,27.21,0.0
101,2023,137,954.0,13.18,295.2,27.29,0.0
101,2023,137,955.0,13.18,311.7,27.37,0.0
101,2023,137,956.0,13.18,335.0,27.41,0.0
101,2023,137,957.0,13.18,352.3,27.37,0.0
101,2023,137,958.0,13.18,357.1,27.29,0.0
101,2023,137,959.0,13.18,360.9,27.33,0.0
101,2023,137,1000.0,13.18,375.6,27.42,0.0
101,2023,137,1001.0,13.18,394.1,27.46,0.0
101,2023,137,1002.0,13.18,417.2,27.49,0.0
101,2023,137,1003.0,13.18,437.3,27.54,0.0
101,2023,137,1004.0,13.18,425.2,27.67,0.0
101,2023,137,1005.0,13.18,410.5,27.72,0.0
101,2023,137,1006.0,13.18,399.5,27.77,0.0
101,2023,137,1007.0,13.18,379.0,27.72,0.0
101,2023,137,1008.0,13.18,352.4,27.66,0.0
101,2023,137,1009.0,13.17,330.8,27.64,0.0
101,2023,137,1010.0,13.18,329.7,27.68,0.0
101,2023,137,1011.0,13.17,366.1,27.72,0.0
101,2023,137,1012.0,13.18,370.0,27.67,0.0
101,2023,137,1013.0,13.17,305.3,27.67,0.0
101,2023,137,1014.0,13.18,280.8,27.72,0.0
101,2023,137,1015.0,13.17,253.3,27.65,0.0
101,2023,137,1016.0,13.18,232.9,27.5,0.0
101,2023,137,1017.0,13.17,225.6,27.39,0.0
101,2023,137,1018.0,13.18,227.9,27.34,0.0
101,2023,137,1019.0,13.17,225.7,27.27,0.0
101,2023,137,1020.0,13.18,219.0,27.17,0.0
101,2023,137,1021.0,13.17,214.1,27.16,0.0
101,2023,137,1022.0,13.18,210.2,27.17,0.0
101,2023,137,1023.0,13.18,210.5,27.15,0.0
101,2023,137,1024.0,13.18,223.1,27.19,0.0
101,2023,137,1025.0,13.18,241.6,27.11,0.0
101,2023,137,1026.0,13.18,256.9,27.04,0.0
101,2023,137,1027.0,13.18,268.7,27.02,0.0
101,2023,137,1028.0,13.18,278.4,27.0,0.0
101,2023,137,1029.0,13.18,291.1,27.02,0.0
101,2023,137,1030.0,13.18,309.4,27.05,0.0
101,2023,137,1031.0,13.18,321.9,27.06,0.0
101,2023,137,1032.0,13.18,339.9,27.1,0.0
101,2023,137,1033.0,13.18,359.9,27.16,0.0
101,2023,137,1034.0,13.18,373.0,27.26,0.0
101,2023,137,1035.0,13.18,380.7,27.31,0.0
101,2023,137,1036.0,13.18,385.8,27.32,0.0
101,2023,137,1037.0,13.18,384.1,27.35,0.0
101,2023,137,1038.0,13.18,382.1,27.3,0.0
101,2023,137,1039.0,13.18,385.1,27.36,0.0
101,2023,137,1040.0,13.18,386.9,27.36,0.0
101,2023,137,1041.0,13.18,386.5,27.42,0.0
101,2023,137,1042.0,13.18,383.0,27.39,0.0
101,2023,137,1043.0,13.18,376.6,27.48,0.0
101,2023,137,1044.0,13.18,372.0,27.46,0.0
101,2023,137,1045.0,13.18,371.5,27.49,0.0
101,2023,137,1046.0,13.18,368.2,27.54,0.0
101,2023,137,1047.0,13.18,354.0,27.61,0.0
101,2023,137,1048.0,13.18,336.6,27.68,0.0
101,2023,137,1049.0,13.18,344.0,27.73,0.0
101,2023,137,1050.0,13.18,356.3,27.78,0.0
101,2023,137,1051.0,13.18,360.1,27.77,0.0
101,2023,137,1052.0,13.18,330.8,27.81,0.0
101,2023,137,1053.0,13.18,298.1,27.8,0.0
101,2023,137,1054.0,13.18,294.1,27.83,0.0
101,2023,137,1055.0,13.18,300.1,27.86,0.0
101,2023,137,1056.0,13.18,302.5,27.91,0.0
101,2023,137,1057.0,13.17,304.0,27.9,0.0
101,2023,137,1058.0,13.18,307.1,27.93,0.0
101,2023,137,1059.0,13.17,309.4,27.92,0.0
101,2023,137,1100.0,13.18,305.2,27.93,0.0
101,2023,137,1101.0,13.17,296.7,27.95,0.0
101,2023,137,1102.0,13.18,300.0,27.95,0.0
101,2023,137,1103.0,13.17,309.3,27.96,0.0
101,2023,137,1104.0,13.18,321.2,27.98,0.0
101,2023,137,1105.0,13.17,340.9,28.03,0.0
101,2023,137,1106.0,13.18,355.4,28.03,0.0
101,2023,137,1107.0,13.17,362.2,27.95,0.0
101,2023,137,1108.0,13.18,370.4,27.96,0.0
101,2023,137,1109.0,13.17,391.7,28.0,0.0
101,2023,137,1110.0,13.18,477.1,28.11,0.0
101,2023,137,1111.0,13.17,600.0,28.21,0.0
101,2023,137,1112.0,13.17,534.1,28.32,0.0
101,2023,137,1113.0,13.17,395.1,28.44,0.0
101,2023,137,1114.0,13.17,300.4,28.54,0.0
101,2023,137,1115.0,13.17,292.8,28.58,0.0
101,2023,137,1116.0,13.17,305.7,28.56,0.0
101,2023,137,1117.0,13.17,536.2,28.52,0.0
101,2023,137,1118.0,13.17,382.5,28.6,0.0
101,2023,137,1119.0,13.17,345.4,28.73,0.0
101,2023,137,1120.0,13.17,338.9,28.8,0.0
101,2023,137,1121.0,13.17,365.1,28.8,0.0
101,2023,137,1122.0,13.17,815.0,28.75,0.0
101,2023,137,1123.0,13.17,849.0,28.74,0.0
101,2023,137,1124.0,13.17,541.7,28.81,0.0
101,2023,137,1125.0,13.17,715.0,28.93,0.0
101,2023,137,1126.0,13.17,952.0,29.05,0.0
101,2023,137,1127.0,13.16,1155.0,29.16,0.0
101,2023,137,1128.0,13.16,1150.0,29.3,0.0
101,2023,137,1129.0,13.16,1081.0,29.35,0.0
101,2023,137,1130.0,13.16,1057.0,29.38,0.0
101,2023,137,1131.0,13.15,957.0,29.49,0.0
101,2023,137,1132.0,13.16,908.0,29.43,0.0
101,2023,137,1133.0,13.15,1033.0,29.43,0.0
101,2023,137,1134.0,13.15,1069.0,29.36,0.0
101,2023,137,1135.0,13.15,1083.0,29.46,0.0
101,2023,137,1136.0,13.15,1070.0,29.65,0.0
101,2023,137,1137.0,13.14,1047.0,29.55,0.0
101,2023,137,1138.0,13.14,616.6,29.43,0.0
101,2023,137,1139.0,13.14,717.0,29.34,0.0
101,2023,137,1140.0,13.14,938.0,29.56,0.0
101,2023,137,1141.0,13.14,994.0,29.67,0.0
101,2023,137,1142.0,13.14,981.0,29.68,0.0
101,2023,137,1143.0,13.13,908.0,29.7,0.0
101,2023,137,1144.0,13.14,988.0,29.55,0.0
101,2023,137,1145.0,13.13,924.0,29.61,0.0
101,2023,137,1146.0,13.13,1019.0,29.85,0.0
101,2023,137,1147.0,13.13,1052.0,29.71,0.0
101,2023,137,1148.0,13.13,1062.0,29.67,0.0
101,2023,137,1149.0,13.13,1080.0,29.61,0.0
101,2023,137,1150.0,13.13,1054.0,29.67,0.0
101,2023,137,1151.0,13.13,1057.0,29.8,0.0
101,2023,137,1152.0,13.13,1054.0,29.74,0.0
101,2023,137,1153.0,13.12,926.0,29.84,0.0
101,2023,137,1154.0,13.12,845.0,29.88,0.0
101,2023,137,1155.0,13.12,417.0,29.84,0.0
101,2023,137,1156.0,13.12,312.7,29.68,0.0
101,2023,137,1157.0,13.12,445.4,29.35,0.0
101,2023,137,1158.0,13.12,677.9,29.23,0.0
101,2023,137,1159.0,13.12,926.0,29.3,0.0
101,2023,137,1200.0,13.12,981.0,29.44,0.0
101,2023,137,1201.0,13.12,671.5,29.65,0.0
101,2023,137,1202.0,13.12,370.8,29.61,0.0
101,2023,137,1203.0,13.12,413.0,29.45,0.0
101,2023,137,1204.0,13.12,621.1,29.19,0.0
101,2023,137,1205.0,13.12,780.0,29.07,0.0
101,2023,137,1206.0,13.12,813.0,29.21,0.0
101,2023,137,1207.0,13.12,546.0,29.28,0.0
101,2023,137,1208.0,13.12,910.0,29.37,0.0
101,2023,137,1209.0,13.12,967.0,29.51,0.0
101,2023,137,1210.0,13.12,956.0,29.56,0.0
101,2023,137,1211.0,13.12,948.0,29.71,0.0
101,2023,137,1212.0,13.12,941.0,29.92,0.0
101,2023,137,1213.0,13.12,942.0,29.85,0.0
101,2023,137,1214.0,13.12,944.0,29.86,0.0
101,2023,137,1215.0,13.12,940.0,29.89,0.0
101,2023,137,1216.0,13.12,927.0,29.92,0.0
101,2023,137,1217.0,13.12,930.0,29.77,0.0
101,2023,137,1218.0,13.12,929.0,29.71,0.0
101,2023,137,1219.0,13.11,919.0,29.55,0.0
101,2023,137,1220.0,13.11,922.0,29.56,0.0
101,2023,137,1221.0,13.11,916.0,29.63,0.0
101,2023,137,1222.0,13.11,918.0,29.87,0.0
101,2023,137,1223.0,13.11,935.0,29.94,0.0
101,2023,137,1224.0,13.11,935.0,30.09,0.0
101,2023,137,1225.0,13.11,940.0,30.21,0.0
101,2023,137,1226.0,13.11,943.0,30.03,0.0
101,2023,137,1227.0,13.11,952.0,29.91,0.0
101,2023,137,1228.0,13.11,961.0,29.81,0.0
101,2023,137,1229.0,13.11,963.0,29.78,0.0
101,2023,137,1230.0,13.11,969.0,29.78,0.0
101,2023,137,1231.0,13.11,966.0,30.05,0.0
101,2023,137,1232.0,13.11,971.0,30.2,0.0
101,2023,137,1233.0,13.1,1005.0,29.84,0.0
101,2023,137,1234.0,13.11,1039.0,30.0,0.0
101,2023,137,1235.0,13.1,1064.0,30.25,0.0
101,2023,137,1236.0,13.1,891.0,30.35,0.0
101,2023,137,1237.0,13.1,318.4,29.99,0.0
101,2023,137,1238.0,13.1,254.1,29.69,0.0
101,2023,137,1239.0,13.1,374.4,29.45,0.0
101,2023,137,1240.0,13.1,657.5,29.38,0.0
101,2023,137,1241.0,13.1,751.0,29.38,0.0
101,2023,137,1242.0,13.1,955.0,29.34,0.0
101,2023,137,1243.0,13.1,1030.0,29.59,0.0
101,2023,137,1244.0,13.1,1042.0,30.02,0.0
101,2023,137,1245.0,13.1,1044.0,30.19,0.0
101,2023,137,1246.0,13.11,1044.0,30.02,0.0
101,2023,137,1247.0,13.1,1044.0,30.08,0.0
101,2023,137,1248.0,13.1,1041.0,30.06,0.0
101,2023,137,1249.0,13.1,1032.0,30.29,0.0
101,2023,137,1250.0,13.1,1027.0,30.4,0.0
101,2023,137,1251.0,13.1,971.0,30.49,0.0
101,2023,137,1252.0,13.1,480.1,30.42,0.0
101,2023,137,1253.0,13.1,301.1,30.17,0.0
101,2023,137,1254.0,13.1,291.0,30.0,0.0
101,2023,137,1255.0,13.1,282.7,29.86,0.0
101,2023,137,1256.0,13.1,288.3,29.78,0.0
101,2023,137,1257.0,13.1,305.5,29.6,0.0
101,2023,137,1258.0,13.1,323.2,29.4,0.0
101,2023,137,1259.0,13.1,341.9,29.28,0.0
101,2023,137,1300.0,13.1,380.5,29.22,0.0
101,2023,137,1301.0,13.1,823.0,29.23,0.0
101,2023,137,1302.0,13.1,938.0,29.39,0.0
101,2023,137,1303.0,13.1,814.0,29.57,0.0
101,2023,137,1304.0,13.1,978.0,29.62,0.0
101,2023,137,1305.0,13.11,946.0,29.64,0.0
101,2023,137,1306.0,13.11,930.0,29.56,0.0
101,2023,137,1307.0,13.1,880.0,29.59,0.0
101,2023,137,1308.0,13.11,949.0,29.74,0.0
101,2023,137,1309.0,13.1,952.0,29.84,0.0
101,2023,137,1310.0,13.1,965.0,30.09,0.0
101,2023,137,1311.0,13.1,997.0,30.38,0.0
101,2023,137,1312.0,13.1,1045.0,30.28,0.0
101,2023,137,1313.0,13.1,485.9,30.37,0.0
101,2023,137,1314.0,13.1,580.7,30.25,0.0
101,2023,137,1315.0,13.1,396.9,29.95,0.0
101,2023,137,1316.0,13.1,266.9,29.55,0.0
101,2023,137,1317.0,13.1,202.8,29.33,0.0
101,2023,137,1318.0,13.1,168.4,29.14,0.0
101,2023,137,1319.0,13.1,159.8,29.03,0.0
101,2023,137,1320.0,13.1,159.4,28.58,0.0
101,2023,137,1321.0,13.1,164.9,28.25,0.0
101,2023,137,1322.0,13.1,172.8,28.09,0.0
101,2023,137,1323.0,13.1,183.2,27.68,0.0
101,2023,137,1324.0,13.1,196.1,27.26,0.0
101,2023,137,1325.0,13.11,207.2,27.05,0.0
101,2023,137,1326.0,13.11,222.4,26.94,0.0
101,2023,137,1327.0,13.11,235.5,26.9,0.0
101,2023,137,1328.0,13.11,244.0,26.71,0.0
101,2023,137,1329.0,13.11,249.2,26.66,0.0
101,2023,137,1330.0,13.12,249.0,26.6,0.0
101,2023,137,1331.0,13.12,246.1,26.5,0.0
101,2023,137,1332.0,13.12,240.3,26.43,0.0
101,2023,137,1333.0,13.12,238.8,26.42,0.0
101,2023,137,1334.0,13.12,236.4,26.41,0.0
101,2023,137,1335.0,13.13,241.2,26.43,0.0
101,2023,137,1336.0,13.13,253.1,26.37,0.0
101,2023,137,1337.0,13.12,515.6,26.31,0.0
101,2023,137,1338.0,13.13,813.0,26.34,0.0
101,2023,137,1339.0,13.13,753.0,26.52,0.0
101,2023,137,1340.0,13.13,693.4,26.64,0.0
101,2023,137,1341.0,13.13,544.6,26.7,0.0
101,2023,137,1342.0,13.13,713.0,26.82,0.0
101,2023,137,1343.0,13.13,780.0,26.98,0.0
101,2023,137,1344.0,13.13,782.0,27.07,0.0
101,2023,137,1345.0,13.13,786.0,27.15,0.0
101,2023,137,1346.0,13.13,776.0,27.31,0.0
101,2023,137,1347.0,13.13,772.0,27.45,0.0
101,2023,137,1348.0,13.13,771.0,27.51,0.0
101,2023,137,1349.0,13.13,798.0,27.47,0.0
101,2023,137,1350.0,13.13,828.0,27.51,0.0
101,2023,137,1351.0,13.13,841.0,27.64,0.0
101,2023,137,1352.0,13.13,895.0,27.71,0.0
101,2023,137,1353.0,13.12,784.0,27.78,0.0
101,2023,137,1354.0,13.12,633.5,27.84,0.0
101,2023,137,1355.0,13.12,692.0,27.83,0.0
101,2023,137,1356.0,13.12,541.2,27.92,0.0
101,2023,137,1357.0,13.12,441.6,28.01,0.0
101,2023,137,1358.0,13.12,592.4,27.84,0.0
101,2023,137,1359.0,13.12,741.0,27.77,0.0
101,2023,137,1400.0,13.12,439.1,27.84,0.0
101,2023,137,1401.0,13.12,648.6,27.85,0.0
101,2023,137,1402.0,13.12,666.3,27.92,0.0
101,2023,137,1403.0,13.12,500.8,27.99,0.0
101,2023,137,1404.0,13.12,356.2,28.02,0.0
101,2023,137,1405.0,13.12,267.3,28.05,0.0
101,2023,137,1406.0,13.12,323.3,28.09,0.0
101,2023,137,1407.0,13.12,185.0,27.94,0.0
101,2023,137,1408.0,13.12,145.5,27.75,0.0
101,2023,137,1409.0,13.12,124.5,27.66,0.0
101,2023,137,1410.0,13.12,115.9,27.44,0.0
101,2023,137,1411.0,13.12,110.6,27.26,0.0
101,2023,137,1412.0,13.13,108.7,27.08,0.0
101,2023,137,1413.0,13.12,107.8,26.89,0.0
101,2023,137,1414.0,13.13,104.5,26.77,0.0
101,2023,137,0.0,13.13,101.7,26.79,0.0
101,2023,137,1416.0,13.13,101.4,26.75,0.0
101,2023,137,1417.0,13.13,104.1,26.68,0.0
101,2023,137,1418.0,13.14,111.6,26.6,0.0
101,2023,137,1419.0,13.13,115.4,26.52,0.0
101,2023,137,1420.0,13.13,116.5,26.44,0.0
101,2023,137,1421.0,13.14,123.3,26.4,0.0
101,2023,137,1422.0,13.14,127.3,26.38,0.0
101,2023,137,1423.0,13.14,125.2,26.35,0.0
101,2023,137,1424.0,13.14,120.8,26.37,0.0
101,2023,137,1425.0,13.14,115.0,26.32,0.0
101,2023,137,1426.0,13.14,110.1,26.28,0.0
101,2023,137,1427.0,13.14,109.1,26.26,0.0
101,2023,137,1428.0,13.14,109.2,26.25,0.0
101,2023,137,1429.0,13.15,109.6,26.22,0.0
101,2023,137,1430.0,13.15,106.1,26.24,0.0
101,2023,137,1431.0,13.14,102.1,26.23,0.0
101,2023,137,1432.0,13.15,103.2,26.23,0.0
101,2023,137,1433.0,13.15,110.4,26.25,0.0
101,2023,137,1434.0,13.15,116.8,26.22,0.0
101,2023,137,1435.0,13.15,119.9,26.23,0.0
101,2023,137,1436.0,13.15,122.0,26.23,0.0
101,2023,137,1437.0,13.15,123.1,26.28,0.0
101,2023,137,1438.0,13.15,124.8,26.33,0.0
101,2023,137,1439.0,13.15,127.3,26.37,0.0
101,2023,137,1440.0,13.16,131.6,26.38,0.0
101,2023,137,1441.0,13.15,134.7,26.4,0.0
101,2023,137,1442.0,13.15,136.5,26.39,0.0
101,2023,137,1443.0,13.15,137.9,26.45,0.0
101,2023,137,1444.0,13.16,136.7,26.45,0.0
101,2023,137,1445.0,13.16,130.3,26.48,0.0
101,2023,137,1446.0,13.16,126.6,26.5,0.0
101,2023,137,1447.0,13.16,125.2,26.51,0.0
101,2023,137,1448.0,13.16,121.3,26.52,0.0
101,2023,137,1449.0,13.16,113.8,26.53,0.0
101,2023,137,1450.0,13.16,114.4,26.57,0.0
101,2023,137,1451.0,13.16,114.0,26.56,0.0
101,2023,137,1452.0,13.16,107.0,26.59,0.0
101,2023,137,1453.0,13.16,105.2,26.59,0.0
101,2023,137,1454.0,13.16,113.0,26.58,0.0
101,2023,137,1455.0,13.16,124.4,26.53,0.0
101,2023,137,1456.0,13.17,137.0,26.49,0.0
101,2023,137,1457.0,13.17,152.8,26.5,0.0
101,2023,137,1458.0,13.17,171.3,26.55,0.0
101,2023,137,1459.0,13.17,188.6,26.59,0.0
101,2023,137,1500.0,13.17,201.2,26.66,0.0
101,2023,137,1501.0,13.17,207.6,26.69,0.0
101,2023,137,1502.0,13.17,208.9,26.77,0.0
101,2023,137,1503.0,13.17,206.7,26.78,0.0
101,2023,137,1504.0,13.17,203.3,26.84,0.0
101,2023,137,1505.0,13.17,196.8,26.85,0.0
101,2023,137,1506.0,13.17,190.2,26.82,0.0
101,2023,137,1507.0,13.17,187.3,26.82,0.0
101,2023,137,1508.0,13.17,188.1,26.82,0.0
101,2023,137,1509.0,13.17,192.5,26.81,0.0
101,2023,137,1510.0,13.17,196.2,26.86,0.0
101,2023,137,1511.0,13.17,195.8,26.91,0.0
101,2023,137,1512.0,13.17,195.5,26.92,0.0
101,2023,137,1513.0,13.17,201.1,26.89,0.0
101,2023,137,1514.0,13.17,192.3,26.88,0.0
101,2023,137,1515.0,13.17,171.6,26.87,0.0
101,2023,137,1516.0,13.17,149.5,26.9,0.0
101,2023,137,1517.0,13.17,133.8,26.9,0.0
101,2023,137,1518.0,13.17,125.9,26.85,0.0
101,2023,137,1519.0,13.17,124.8,26.83,0.0
101,2023,137,1520.0,13.17,127.4,26.79,0.0
101,2023,137,1521.0,13.17,130.1,26.79,0.0
101,2023,137,1522.0,13.17,135.0,26.76,0.0
101,2023,137,1523.0,13.17,144.0,26.74,0.0
101,2023,137,1524.0,13.17,154.2,26.73,0.0
101,2023,137,1525.0,13.17,161.4,26.73,0.0
101,2023,137,1526.0,13.17,166.3,26.75,0.0
101,2023,137,1527.0,13.17,165.8,26.77,0.0
101,2023,137,1528.0,13.17,152.7,26.78,0.0
101,2023,137,1529.0,13.17,140.1,26.79,0.0
101,2023,137,1530.0,13.17,131.5,26.77,0.0
101,2023,137,1531.0,13.17,125.3,26.78,0.0
101,2023,137,1532.0,13.17,120.7,26.76,0.0
101,2023,137,1533.0,13.17,116.1,26.74,0.0
101,2023,137,1534.0,13.17,112.0,26.72,0.0
101,2023,137,1535.0,13.17,108.5,26.73,0.0
101,2023,137,1536.0,13.17,107.4,26.73,0.0
101,2023,137,1537.0,13.17,107.6,26.7,0.0
101,2023,137,1538.0,13.17,109.3,26.68,0.0
101,2023,137,1539.0,13.17,110.9,26.68,0.0
101,2023,137,1540.0,13.17,109.7,26.69,0.0
101,2023,137,1541.0,13.17,108.9,26.69,0.0
101,2023,137,1542.0,13.17,109.9,26.67,0.0
101,2023,137,1543.0,13.17,113.3,26.67,0.0
101,2023,137,1544.0,13.17,117.7,26.66,0.0
101,2023,137,1545.0,13.17,119.5,26.65,0.0
101,2023,137,1546.0,13.17,120.4,26.64,0.0
101,2023,137,1547.0,13.17,120.3,26.66,0.0
101,2023,137,1548.0,13.18,121.3,26.64,0.0
101,2023,137,1549.0,13.17,123.4,26.61,0.0
101,2023,137,1550.0,13.17,123.0,26.61,0.0
101,2023,137,1551.0,13.17,118.3,26.6,0.0
101,2023,137,1552.0,13.17,114.0,26.59,0.0
101,2023,137,1553.0,13.17,110.0,26.58,0.0
101,2023,137,1554.0,13.18,105.3,26.56,0.0
101,2023,137,1555.0,13.18,103.0,26.57,0.0
101,2023,137,1556.0,13.18,104.5,26.6,0.0
101,2023,137,1557.0,13.18,106.8,26.58,0.0
101,2023,137,1558.0,13.18,107.4,26.57,0.0
101,2023,137,1559.0,13.18,105.7,26.58,0.0
101,2023,137,1600.0,13.18,101.5,26.61,0.0
101,2023,137,1601.0,13.18,96.7,26.6,0.0
101,2023,137,1602.0,13.18,92.8,26.56,0.0
101,2023,137,1603.0,13.18,90.9,26.58,0.0
101,2023,137,1604.0,13.18,94.6,26.6,0.0
101,2023,137,1605.0,13.18,87.8,26.59,0.0
101,2023,137,1606.0,13.18,73.2,26.58,0.0
101,2023,137,1607.0,13.18,68.67,26.59,0.0
101,2023,137,1608.0,13.18,64.98,26.6,0.0
101,2023,137,1609.0,13.18,62.22,26.6,0.0
101,2023,137,1610.0,13.18,60.36,26.59,0.0
101,2023,137,1611.0,13.18,61.46,26.58,0.0
101,2023,137,1612.0,13.18,64.61,26.55,0.0
101,2023,137,1613.0,13.18,69.46,26.55,0.0
101,2023,137,1614.0,13.18,74.7,26.54,0.0
101,2023,137,1615.0,13.18,78.7,26.52,0.0
101,2023,137,1616.0,13.18,81.0,26.51,0.0
101,2023,137,1617.0,13.18,81.2,26.5,0.0
101,2023,137,1618.0,13.18,80.8,26.52,0.0
101,2023,137,1619.0,13.18,79.1,26.52,0.0
101,2023,137,1620.0,13.18,77.9,26.5,0.0
101,2023,137,1621.0,13.18,77.5,26.48,0.0
101,2023,137,1622.0,13.18,76.6,26.48,0.0
101,2023,137,1623.0,13.18,75.9,26.48,0.0
101,2023,137,1624.0,13.18,76.0,26.49,0.0
101,2023,137,1625.0,13.18,77.1,26.49,0.0
101,2023,137,1626.0,13.19,78.1,26.5,0.0
101,2023,137,1627.0,13.19,77.7,26.49,0.0
101,2023,137,1628.0,13.19,75.7,26.5,0.0
101,2023,137,1629.0,13.18,71.9,26.49,0.0
101,2023,137,1630.0,13.18,66.98,26.48,0.0
101,2023,137,1631.0,13.18,61.88,26.48,0.0
101,2023,137,1632.0,13.18,56.86,26.47,0.0
101,2023,137,1633.0,13.17,51.95,26.46,0.0
101,2023,137,1634.0,13.16,47.73,26.45,0.0
101,2023,137,1635.0,13.15,44.51,26.45,0.0
101,2023,137,1636.0,13.15,41.1,26.44,0.0
101,2023,137,1637.0,13.13,37.55,26.44,0.0
101,2023,137,1638.0,13.12,33.69,26.41,0.0
101,2023,137,1639.0,13.11,31.32,26.38,0.0
101,2023,137,1640.0,13.1,30.14,26.34,0.0
101,2023,137,1641.0,13.09,28.73,26.3,0.0
101,2023,137,1642.0,13.08,27.8,26.28,0.0
101,2023,137,1643.0,13.07,27.74,26.24,0.0
101,2023,137,1644.0,13.06,27.46,26.2,0.0
101,2023,137,1645.0,13.05,25.88,26.17,0.0
101,2023,137,1646.0,13.04,25.03,26.15,0.0
101,2023,137,1647.0,13.03,24.58,26.15,0.0
101,2023,137,1648.0,13.03,22.98,26.15,0.0
101,2023,137,1649.0,13.02,21.0,26.13,0.0
101,2023,137,1650.0,13.01,19.14,26.1,0.0
101,2023,137,1651.0,13.0,17.31,26.09,0.0
101,2023,137,1652.0,13.0,15.5,26.05,0.0
101,2023,137,1653.0,12.99,13.93,26.02,0.0
101,2023,137,1654.0,12.99,12.49,26.0,0.0
101,2023,137,1655.0,12.98,11.25,25.97,0.0
101,2023,137,1656.0,12.98,10.04,25.95,0.0
101,2023,137,1657.0,12.97,9.05,25.92,0.0
101,2023,137,1658.0,12.97,7.95,25.88,0.0
101,2023,137,1659.0,12.96,7.02,25.83,0.0
101,2023,137,1700.0,12.96,6.258,25.78,0.0
101,2023,137,1701.0,12.96,5.892,25.76,0.0
101,2023,137,1702.0,12.95,5.413,25.71,0.0
101,2023,137,1703.0,12.95,4.905,25.7,0.0
101,2023,137,1704.0,12.95,4.398,25.68,0.0
101,2023,137,1705.0,12.94,4.031,25.65,0.0
101,2023,137,1706.0,12.94,3.721,25.63,0.0
101,2023,137,1707.0,12.94,3.524,25.62,0.0
101,2023,137,1708.0,12.93,3.045,25.6,0.0
101,2023,137,1709.0,12.93,3.045,25.56,0.0
101,2023,137,1710.0,12.93,2.678,25.52,0.0
101,2023,137,1711.0,12.92,2.396,25.46,0.0
101,2023,137,1712.0,12.92,2.368,25.41,0.0
101,2023,137,1713.0,12.92,2.368,25.39,0.0
101,2023,137,1714.0,12.92,2.368,25.36,0.0
101,2023,137,1715.0,12.91,1.861,25.32,0.0
101,2023,137,1716.0,12.91,1.692,25.28,0.0
101,2023,137,1717.0,12.91,1.325,25.24,0.0
101,2023,137,1718.0,12.91,1.015,25.21,0.0
101,2023,137,1719.0,12.9,1.015,25.17,0.0
101,2023,137,1720.0,12.9,1.015,25.15,0.0
101,2023,137,1721.0,12.9,0.0,25.14,0.0
101,2023,137,1722.0,12.9,0.0,25.12,0.0
101,2023,137,1723.0,12.9,0.0,25.09,0.0
101,2023,137,1724.0,12.9,0.0,25.08,0.0
101,2023,137,1725.0,12.89,0.0,25.06,0.0
101,2023,137,1726.0,12.89,0.0,25.03,0.0
101,2023,137,1727.0,12.89,0.0,25.02,0.0
101,2023,137,1728.0,12.89,0.0,25.0,0.0
101,2023,137,1729.0,12.89,0.0,24.98,0.0
101,2023,137,1730.0,12.89,0.0,24.97,0.0
101,2023,137,1731.0,12.88,0.0,24.95,0.0
101,2023,137,1732.0,12.88,0.0,24.94,0.0
101,2023,137,1733.0,12.88,0.0,24.92,0.0
101,2023,137,1734.0,12.88,0.0,24.9,0.0
101,2023,137,1735.0,12.88,0.0,24.89,0.0
101,2023,137,1736.0,12.88,0.0,24.88,0.0
101,2023,137,1737.0,12.88,0.0,24.87,0.0
101,2023,137,1738.0,12.88,0.0,24.84,0.0
101,2023,137,1739.0,12.88,0.0,24.82,0.0
101,2023,137,1740.0,12.87,0.0,24.81,0.0
101,2023,137,1741.0,12.87,0.0,24.79,0.0
101,2023,137,1742.0,12.87,0.0,24.77,0.0
101,2023,137,1743.0,12.87,0.0,24.76,0.0
101,2023,137,1744.0,12.87,0.0,24.74,0.0
101,2023,137,1745.0,12.87,0.0,24.72,0.0
101,2023,137,1746.0,12.87,0.0,24.71,0.0
101,2023,137,1747.0,12.86,0.0,24.7,0.0
101,2023,137,1748.0,12.86,0.0,24.69,0.0
101,2023,137,1749.0,12.87,0.0,24.67,0.0
101,2023,137,1750.0,12.86,0.0,24.66,0.0
101,2023,137,1751.0,12.86,0.0,24.66,0.0
101,2023,137,1752.0,12.86,0.0,24.64,0.0
101,2023,137,1753.0,12.86,0.0,24.64,0.0
101,2023,137,1754.0,12.86,0.0,24.64,0.0
101,2023,137,1755.0,12.86,0.0,24.64,0.0
101,2023,137,1756.0,12.86,0.0,24.64,0.0
101,2023,137,1757.0,12.86,0.0,24.64,0.0
101,2023,137,1758.0,12.86,0.0,24.63,0.0
101,2023,137,1759.0,12.86,0.0,24.61,0.0
101,2023,137,1800.0,12.85,0.0,24.61,0.0
101,2023,137,1801.0,12.86,0.0,24.61,0.0
101,2023,137,1802.0,12.85,0.0,24.59,0.0
101,2023,137,1803.0,12.85,0.0,24.58,0.0
101,2023,137,1804.0,12.85,0.0,24.58,0.0
101,2023,137,1805.0,12.85,0.0,24.57,0.0
101,2023,137,1806.0,12.85,0.0,24.56,0.0
101,2023,137,1807.0,12.85,0.0,24.56,0.0
101,2023,137,1808.0,12.85,0.0,24.55,0.0
101,2023,137,1809.0,12.85,0.0,24.53,0.0
101,2023,137,1810.0,12.85,0.0,24.52,0.0
101,2023,137,1811.0,12.85,0.0,24.51,0.0
101,2023,137,1812.0,12.85,0.0,24.51,0.0
101,2023,137,1813.0,12.85,0.0,24.51,0.0
101,2023,137,1814.0,12.85,0.0,24.5,0.0
101,2023,137,1815.0,12.85,0.0,24.48,0.0
101,2023,137,1816.0,12.85,0.0,24.47,0.0
101,2023,137,1817.0,12.85,0.0,24.46,0.0
101,2023,137,1818.0,12.85,0.0,24.45,0.0
101,2023,137,1819.0,12.84,0.0,24.43,0.0
101,2023,137,1820.0,12.84,0.0,24.43,0.0
101,2023,137,1821.0,12.84,0.0,24.43,0.0
101,2023,137,1822.0,12.84,0.0,24.41,0.0
101,2023,137,1823.0,12.84,0.0,24.38,0.0
101,2023,137,1824.0,12.84,0.0,24.36,0.0
101,2023,137,1825.0,12.84,0.0,24.34,0.0
101,2023,137,1826.0,12.84,0.0,24.33,0.0
101,2023,137,1827.0,12.84,0.0,24.31,0.0
101,2023,137,1828.0,12.84,0.0,24.3,0.0
101,2023,137,1829.0,12.84,0.0,24.28,0.0
101,2023,137,1830.0,12.84,0.0,24.28,0.0
101,2023,137,1831.0,12.84,0.0,24.28,0.0
101,2023,137,1832.0,12.84,0.0,24.28,0.0
101,2023,137,1833.0,12.84,0.0,24.27,0.0
101,2023,137,1834.0,12.84,0.0,24.26,0.0
101,2023,137,1835.0,12.84,0.0,24.24,0.0
101,2023,137,1836.0,12.83,0.0,24.22,0.0
101,2023,137,1837.0,12.84,0.0,24.21,0.0
101,2023,137,1838.0,12.83,0.0,24.2,0.0
101,2023,137,1839.0,12.83,0.0,24.19,0.0
101,2023,137,1840.0,12.83,0.0,24.19,0.0
101,2023,137,1841.0,12.83,0.0,24.18,0.0
101,2023,137,1842.0,12.83,0.0,24.18,0.0
101,2023,137,1843.0,12.83,0.0,24.18,0.0
101,2023,137,1844.0,12.83,0.0,24.16,0.0
101,2023,137,1845.0,12.83,0.0,24.16,0.0
101,2023,137,1846.0,12.83,0.0,24.15,0.0
101,2023,137,1847.0,12.83,0.0,24.15,0.0
101,2023,137,1848.0,12.83,0.0,24.15,0.0
101,2023,137,1849.0,12.83,0.0,24.14,0.0
101,2023,137,1850.0,12.83,0.0,24.15,0.0
101,2023,137,1851.0,12.83,0.0,24.15,0.0
101,2023,137,1852.0,12.83,0.0,24.15,0.0
101,2023,137,1853.0,12.83,0.0,24.16,0.0
101,2023,137,1854.0,12.83,0.0,24.16,0.0
101,2023,137,1855.0,12.83,0.0,24.16,0.0
101,2023,137,1856.0,12.83,0.0,24.15,0.0
101,2023,137,1857.0,12.83,0.0,24.15,0.0
101,2023,137,1858.0,12.83,0.0,24.15,0.0
101,2023,137,1859.0,12.82,0.0,24.15,0.0
101,2023,137,1900.0,12.83,0.0,24.14,0.0
101,2023,137,1901.0,12.83,0.0,24.13,0.0
101,2023,137,1902.0,12.83,0.0,24.12,0.0
101,2023,137,1903.0,12.83,0.0,24.11,0.0
101,2023,137,1904.0,12.82,0.0,24.09,0.0
101,2023,137,1905.0,12.82,0.0,24.08,0.0
101,2023,137,1906.0,12.83,0.0,24.08,0.0
101,2023,137,1907.0,12.82,0.0,24.08,0.0
101,2023,137,1908.0,12.83,0.0,24.08,0.0
101,2023,137,1909.0,12.82,0.0,24.07,0.0
101,2023,137,1910.0,12.82,0.0,24.07,0.0
101,2023,137,1911.0,12.82,0.0,24.08,0.0
101,2023,137,1912.0,12.82,0.0,24.08,0.0
101,2023,137,1913.0,12.82,0.0,24.08,0.0
101,2023,137,1914.0,12.82,0.0,24.07,0.0
101,2023,137,1915.0,12.82,0.0,24.06,0.0
101,2023,137,1916.0,12.82,0.0,24.04,0.0
101,2023,137,1917.0,12.82,0.0,24.03,0.0
101,2023,137,1918.0,12.82,0.0,24.03,0.0
101,2023,137,1919.0,12.82,0.0,24.03,0.0
101,2023,137,1920.0,12.82,0.0,24.03,0.0
101,2023,137,1921.0,12.82,0.0,24.02,0.0
101,2023,137,1922.0,12.82,0.0,24.01,0.0
101,2023,137,1923.0,12.82,0.0,23.99,0.0
101,2023,137,1924.0,12.82,0.0,23.99,0.0
101,2023,137,1925.0,12.82,0.0,23.98,0.0
101,2023,137,1926.0,12.82,0.0,23.99,0.0
101,2023,137,1927.0,12.81,0.0,24.06,0.0
101,2023,137,1928.0,12.82,0.0,24.09,0.0
101,2023,137,1929.0,12.82,0.0,24.09,0.0
101,2023,137,1930.0,12.82,0.0,24.09,0.0
101,2023,137,1931.0,12.82,0.0,24.1,0.0
101,2023,137,1932.0,12.81,0.0,24.1,0.0
101,2023,137,1933.0,12.81,0.0,24.1,0.0
101,2023,137,1934.0,12.81,0.0,24.11,0.0
101,2023,137,1935.0,12.81,0.0,24.11,0.0
101,2023,137,1936.0,12.81,0.0,24.12,0.0
101,2023,137,1937.0,12.81,0.0,24.12,0.0
101,2023,137,1938.0,12.81,0.0,24.11,0.0
101,2023,137,1939.0,12.81,0.0,24.09,0.0
101,2023,137,1940.0,12.81,0.0,24.08,0.0
101,2023,137,1941.0,12.81,0.0,24.08,0.0
101,2023,137,1942.0,12.81,0.0,24.08,0.0
101,2023,137,1943.0,12.81,0.0,24.07,0.0
101,2023,137,1944.0,12.81,0.0,24.07,0.0
101,2023,137,1945.0,12.81,0.0,24.07,0.0
101,2023,137,1946.0,12.81,0.0,24.06,0.0
101,2023,137,1947.0,12.81,0.0,24.06,0.0
101,2023,137,1948.0,12.81,0.0,24.07,0.0
101,2023,137,1949.0,12.81,0.0,24.08,0.0
101,2023,137,1950.0,12.81,0.0,24.11,0.0
101,2023,137,1951.0,12.81,0.0,24.11,0.0
101,2023,137,1952.0,12.81,0.0,24.13,0.0
101,2023,137,1953.0,12.81,0.0,24.12,0.0
101,2023,137,1954.0,12.81,0.0,24.12,0.0
101,2023,137,1955.0,12.81,0.0,24.11,0.0
101,2023,137,1956.0,12.81,0.0,24.11,0.0
101,2023,137,1957.0,12.81,0.0,24.11,0.0
101,2023,137,1958.0,12.81,0.0,24.12,0.0
101,2023,137,1959.0,12.81,0.0,24.13,0.0
101,2023,137,2000.0,12.81,0.0,24.13,0.0
101,2023,137,2001.0,12.81,0.0,24.13,0.0
101,2023,137,2002.0,12.81,0.0,24.13,0.0
101,2023,137,2003.0,12.81,0.0,24.12,0.0
101,2023,137,2004.0,12.81,0.0,24.11,0.0
101,2023,137,2005.0,12.81,0.0,24.11,0.0
101,2023,137,2006.0,12.81,0.0,24.11,0.0
101,2023,137,2007.0,12.81,0.0,24.13,0.0
101,2023,137,2008.0,12.81,0.0,24.14,0.0
101,2023,137,2009.0,12.81,0.0,24.15,0.0
101,2023,137,2010.0,12.81,0.0,24.16,0.0
101,2023,137,2011.0,12.81,0.0,24.17,0.0
101,2023,137,2012.0,12.81,0.0,24.16,0.0
101,2023,137,2013.0,12.81,0.0,24.21,0.0
101,2023,137,2014.0,12.81,0.0,24.23,0.0
101,2023,137,2015.0,12.81,0.0,24.23,0.0
101,2023,137,2016.0,12.81,0.0,24.23,0.0
101,2023,137,2017.0,12.81,0.0,24.23,0.0
101,2023,137,2018.0,12.8,0.0,24.22,0.0
101,2023,137,2019.0,12.8,0.0,24.22,0.0
101,2023,137,2020.0,12.81,0.0,24.21,0.0
101,2023,137,2021.0,12.81,0.0,24.21,0.0
101,2023,137,2022.0,12.8,0.0,24.23,0.0
101,2023,137,2023.0,12.81,0.0,24.27,0.0
101,2023,137,2024.0,12.81,0.0,24.32,0.0
101,2023,137,2025.0,12.81,0.0,24.37,0.0
101,2023,137,2026.0,12.8,0.0,24.37,0.0
101,2023,137,2027.0,12.8,0.0,24.37,0.0
101,2023,137,2028.0,12.8,0.0,24.38,0.0
101,2023,137,2029.0,12.8,0.0,24.4,0.0
101,2023,137,2030.0,12.8,0.0,24.39,0.0
101,2023,137,2031.0,12.8,0.0,24.38,0.0
101,2023,137,2032.0,12.8,0.0,24.4,0.0
101,2023,137,2033.0,12.8,0.0,24.4,0.0
101,2023,137,2034.0,12.8,0.0,24.39,0.0
101,2023,137,2035.0,12.8,0.0,24.38,0.0
101,2023,137,2036.0,12.8,0.0,24.36,0.0
101,2023,137,2037.0,12.8,0.0,24.38,0.0
101,2023,137,2038.0,12.8,0.0,24.4,0.0
101,2023,137,2039.0,12.8,0.0,24.4,0.0
101,2023,137,2040.0,12.8,0.0,24.41,0.0
101,2023,137,2041.0,12.8,0.0,24.41,0.0
101,2023,137,2042.0,12.8,0.0,24.41,0.0
101,2023,137,2043.0,12.8,0.0,24.4,0.0
101,2023,137,2044.0,12.8,0.0,24.4,0.0
101,2023,137,2045.0,12.8,0.0,24.4,0.0
101,2023,137,2046.0,12.8,0.0,24.42,0.0
101,2023,137,2047.0,12.8,0.0,24.45,0.0
101,2023,137,2048.0,12.8,0.0,24.46,0.0
101,2023,137,2049.0,12.8,0.0,24.49,0.0
101,2023,137,2050.0,12.8,0.0,24.5,0.0
101,2023,137,2051.0,12.8,0.0,24.5,0.0
101,2023,137,2052.0,12.8,0.0,24.52,0.0
101,2023,137,2053.0,12.8,0.0,24.55,0.0
101,2023,137,2054.0,12.8,0.0,24.56,0.0
101,2023,137,2055.0,12.8,0.0,24.57,0.0
101,2023,137,2056.0,12.8,0.0,24.58,0.0
101,2023,137,2057.0,12.8,0.0,24.58,0.0
101,2023,137,2058.0,12.8,0.0,24.58,0.0
101,2023,137,2059.0,12.8,0.0,24.59,0.0
101,2023,137,2100.0,12.8,0.0,24.59,0.0
101,2023,137,2101.0,12.8,0.0,24.59,0.0
101,2023,137,2102.0,12.8,0.0,24.59,0.0
101,2023,137,2103.0,12.8,0.0,24.59,0.0
101,2023,137,2104.0,12.8,0.0,24.58,0.0
101,2023,137,2105.0,12.8,0.0,24.57,0.0
101,2023,137,2106.0,12.8,0.0,24.57,0.0
101,2023,137,2107.0,12.79,0.0,24.57,0.0
101,2023,137,2108.0,12.79,0.0,24.58,0.0
101,2023,137,2109.0,12.79,0.0,24.56,0.0
101,2023,137,2110.0,12.8,0.0,24.52,0.0
101,2023,137,2111.0,12.79,0.0,24.49,0.0
101,2023,137,2112.0,12.8,0.0,24.43,0.0
101,2023,137,2113.0,12.79,0.0,24.39,0.0
101,2023,137,2114.0,12.79,0.0,24.33,0.0
101,2023,137,2115.0,12.79,0.0,24.31,0.0
101,2023,137,2116.0,12.79,0.0,24.27,0.0
101,2023,137,2117.0,12.79,0.0,24.25,0.0
101,2023,137,2118.0,12.79,0.0,24.23,0.0
101,2023,137,2119.0,12.79,0.0,24.22,0.0
101,2023,137,2120.0,12.79,0.0,24.21,0.0
101,2023,137,2121.0,12.79,0.0,24.2,0.0
101,2023,137,2122.0,12.79,0.0,24.18,0.0
101,2023,137,2123.0,12.79,0.0,24.16,0.0
101,2023,137,2124.0,12.79,0.0,24.13,0.0
101,2023,137,2125.0,12.79,0.0,24.1,0.0
101,2023,137,2126.0,12.79,0.0,24.08,0.0
101,2023,137,2127.0,12.79,0.0,24.06,0.0
101,2023,137,2128.0,12.79,0.0,24.05,0.0
101,2023,137,2129.0,12.79,0.0,24.04,0.0
101,2023,137,2130.0,12.79,0.0,24.04,0.0
101,2023,137,2131.0,12.79,0.0,24.03,0.0
101,2023,137,2132.0,12.79,0.0,24.02,0.0
101,2023,137,2133.0,12.79,0.0,24.01,0.0
101,2023,137,2134.0,12.79,0.0,24.0,0.0
101,2023,137,2135.0,12.79,0.0,23.99,0.0
101,2023,137,2136.0,12.79,0.0,23.97,0.0
101,2023,137,2137.0,12.79,0.0,23.97,0.0
101,2023,137,2138.0,12.79,0.0,23.95,0.0
101,2023,137,2139.0,12.79,0.0,23.94,0.0
101,2023,137,2140.0,12.79,0.0,23.93,0.0
101,2023,137,2141.0,12.79,0.0,23.92,0.0
101,2023,137,2142.0,12.79,0.0,23.91,0.0
101,2023,137,2143.0,12.79,0.0,23.91,0.0
101,2023,137,2144.0,12.79,0.0,23.91,0.0
101,2023,137,2145.0,12.79,0.0,23.9,0.0
101,2023,137,2146.0,12.79,0.0,23.9,0.0
101,2023,137,2147.0,12.79,0.0,23.89,0.0
101,2023,137,2148.0,12.79,0.0,23.89,0.0
101,2023,137,2149.0,12.79,0.0,23.9,0.0
101,2023,137,2150.0,12.79,0.0,23.94,0.0
101,2023,137,2151.0,12.79,0.0,23.93,0.0
101,2023,137,2152.0,12.79,0.0,23.92,0.0
101,2023,137,2153.0,12.79,0.0,23.91,0.0
101,2023,137,2154.0,12.79,0.0,23.89,0.0
101,2023,137,2155.0,12.79,0.0,23.84,0.0
101,2023,137,2156.0,12.79,0.0,23.8,0.0
101,2023,137,2157.0,12.79,0.0,23.79,0.0
101,2023,137,2158.0,12.79,0.0,23.78,0.0
101,2023,137,2159.0,12.78,0.0,23.78,0.0
101,2023,137,2200.0,12.79,0.0,23.81,0.0
101,2023,137,2201.0,12.79,0.0,23.81,0.0
101,2023,137,2202.0,12.79,0.0,23.81,0.0
101,2023,137,2203.0,12.79,0.0,23.81,0.0
101,2023,137,2204.0,12.79,0.0,23.81,0.0
101,2023,137,2205.0,12.79,0.0,23.81,0.0
101,2023,137,2206.0,12.79,0.0,23.81,0.0
101,2023,137,2207.0,12.79,0.0,23.81,0.0
101,2023,137,2208.0,12.79,0.0,23.81,0.0
101,2023,137,2209.0,12.79,0.0,23.81,0.0
101,2023,137,2210.0,12.79,0.0,23.82,0.0
101,2023,137,2211.0,12.79,0.0,23.83,0.0
101,2023,137,2212.0,12.79,0.0,23.84,0.0
101,2023,137,2213.0,12.79,0.0,23.84,0.0
101,2023,137,2214.0,12.79,0.0,23.84,0.0
101,2023,137,2215.0,12.79,0.0,23.84,0.0
101,2023,137,2216.0,12.79,0.0,23.83,0.0
101,2023,137,2217.0,12.79,0.0,23.8,0.0
101,2023,137,2218.0,12.79,0.0,23.75,0.0
101,2023,137,2219.0,12.79,0.0,23.72,0.0
101,2023,137,2220.0,12.79,0.0,23.68,0.0
101,2023,137,2221.0,12.78,0.0,23.62,0.0
101,2023,137,2222.0,12.79,0.0,23.56,0.0
101,2023,137,2223.0,12.78,0.0,23.53,0.0
101,2023,137,2224.0,12.78,0.0,23.5,0.0
101,2023,137,2225.0,12.78,0.0,23.48,0.0
101,2023,137,2226.0,12.79,0.0,23.45,0.0
101,2023,137,2227.0,12.78,0.0,23.43,0.0
101,2023,137,2228.0,12.78,0.0,23.43,0.0
101,2023,137,2229.0,12.78,0.0,23.42,0.0
101,2023,137,2230.0,12.78,0.0,23.41,0.0
101,2023,137,2231.0,12.78,0.0,23.4,0.0
101,2023,137,2232.0,12.78,0.0,23.4,0.0
101,2023,137,2233.0,12.79,0.0,23.39,0.0
101,2023,137,2234.0,12.79,0.0,23.39,0.0
101,2023,137,2235.0,12.78,0.0,23.39,0.0
101,2023,137,2236.0,12.78,0.0,23.39,0.0
101,2023,137,2237.0,12.78,0.0,23.39,0.0
101,2023,137,2238.0,12.78,0.0,23.4,0.0
101,2023,137,2239.0,12.78,0.0,23.39,0.0
101,2023,137,2240.0,12.78,0.0,23.35,0.0
101,2023,137,2241.0,12.78,0.0,23.34,0.0
101,2023,137,2242.0,12.78,0.0,23.33,0.0
101,2023,137,2243.0,12.78,0.0,23.31,0.0
101,2023,137,2244.0,12.78,0.0,23.33,0.0
101,2023,137,2245.0,12.78,0.0,23.37,0.0
101,2023,137,2246.0,12.78,0.0,23.37,0.0
101,2023,137,2247.0,12.78,0.0,23.35,0.0
101,2023,137,2248.0,12.78,0.0,23.34,0.0
101,2023,137,2249.0,12.78,0.0,23.34,0.0
101,2023,137,2250.0,12.78,0.0,23.34,0.0
101,2023,137,2251.0,12.78,0.0,23.35,0.0
101,2023,137,2252.0,12.78,0.0,23.38,0.0
101,2023,137,2253.0,12.78,0.0,23.38,0.0
101,2023,137,2254.0,12.78,0.0,23.36,0.0
101,2023,137,2255.0,12.78,0.0,23.35,0.0
101,2023,137,2256.0,12.78,0.0,23.33,0.0
101,2023,137,2257.0,12.78,0.0,23.32,0.0
101,2023,137,2258.0,12.78,0.0,23.29,0.0
101,2023,137,2259.0,12.78,0.0,23.26,0.0
101,2023,137,2300.0,12.78,0.0,23.25,0.0
101,2023,137,2301.0,12.78,0.0,23.23,0.0
101,2023,137,2302.0,12.78,0.0,23.21,0.0
101,2023,137,2303.0,12.78,0.0,23.19,0.0
101,2023,137,2304.0,12.78,0.0,23.17,0.0
101,2023,137,2305.0,12.78,0.0,23.17,0.0
101,2023,137,2306.0,12.78,0.0,23.15,0.0
101,2023,137,2307.0,12.78,0.0,23.13,0.0
101,2023,137,2308.0,12.78,0.0,23.1,0.0
101,2023,137,2309.0,12.78,0.0,23.09,0.0
101,2023,137,2310.0,12.78,0.0,23.1,0.0
101,2023,137,2311.0,12.78,0.0,23.12,0.0
101,2023,137,2312.0,12.77,0.0,23.13,0.0
101,2023,137,2313.0,12.78,0.0,23.12,0.0
101,2023,137,2314.0,12.78,0.0,23.09,0.0
101,2023,137,2315.0,12.78,0.0,23.07,0.0
101,2023,137,2316.0,12.77,0.0,23.07,0.0
101,2023,137,2317.0,12.78,0.0,23.04,0.0
101,2023,137,2318.0,12.78,0.0,23.04,0.0
101,2023,137,2319.0,12.77,0.0,23.02,0.0
101,2023,137,2320.0,12.78,0.0,23.01,0.0
101,2023,137,2321.0,12.78,0.0,22.99,0.0
101,2023,137,2322.0,12.77,0.0,22.99,0.0
101,2023,137,2323.0,12.77,0.0,22.98,0.0
101,2023,137,2324.0,12.77,0.0,22.97,0.0
101,2023,137,2325.0,12.77,0.0,22.97,0.0
101,2023,137,2326.0,12.77,0.0,22.97,0.0
101,2023,137,2327.0,12.77,0.0,22.97,0.0
101,2023,137,2328.0,12.77,0.0,22.96,0.0
101,2023,137,2329.0,12.77,0.0,22.97,0.0
101,2023,137,2330.0,12.77,0.0,22.97,0.0
101,2023,137,2331.0,12.77,0.0,22.96,0.0
101,2023,137,2332.0,12.77,0.0,22.93,0.0
101,2023,137,2333.0,12.77,0.0,22.9,0.0
101,2023,137,2334.0,12.77,0.0,22.89,0.0
101,2023,137,2335.0,12.77,0.0,22.87,0.0
101,2023,137,2336.0,12.77,0.0,22.86,0.0
101,2023,137,2337.0,12.77,0.0,22.85,0.0
101,2023,137,2338.0,12.77,0.0,22.84,0.0
101,2023,137,2339.0,12.77,0.0,22.83,0.0
101,2023,137,2340.0,12.77,0.0,22.85,0.0
101,2023,137,2341.0,12.77,0.0,22.85,0.0
101,2023,137,2342.0,12.77,0.0,22.85,0.0
101,2023,137,2343.0,12.77,0.0,22.85,0.0
101,2023,137,2344.0,12.77,0.0,22.85,0.0
101,2023,137,2345.0,12.77,0.0,22.85,0.0
101,2023,137,2346.0,12.77,0.0,22.85,0.0
101,2023,137,2347.0,12.77,0.0,22.85,0.0
101,2023,137,2348.0,12.77,0.0,22.85,0.0
101,2023,137,2349.0,12.77,0.0,22.86,0.0
101,2023,137,2350.0,12.77,0.0,22.87,0.0
101,2023,137,2351.0,12.77,0.0,22.88,0.0
101,2023,137,2352.0,12.77,0.0,22.93,0.0
101,2023,137,2353.0,12.77,0.0,22.98,0.0
101,2023,137,2354.0,12.77,0.0,22.93,0.0
101,2023,137,2355.0,12.77,0.0,22.95,0.0
101,2023,137,2356.0,12.77,0.0,22.95,0.0
101,2023,137,2357.0,12.77,0.0,22.94,0.0
101,2023,137,2358.0,12.77,0.0,22.94,0.0
101,2023,137,2359.0,12.77,0.0,22.91,0.0
