a,b,dia_juliano,d,e,f,g,h
101,2023,138,2400.0,12.77,0.0,22.87,0.0
101,2023,138,1.0,12.77,0.0,22.87,0.0
101,2023,138,2.0,12.77,0.0,22.86,0.0
101,2023,138,3.0,12.77,0.0,22.87,0.0
101,2023,138,4.0,12.77,0.0,22.86,0.0
101,2023,138,5.0,12.77,0.0,22.85,0.0
101,2023,138,6.0,12.77,0.0,22.87,0.0
101,2023,138,7.0,12.77,0.0,22.88,0.0
101,2023,138,8.0,12.77,0.0,22.9,0.0
101,2023,138,9.0,12.77,0.0,22.92,0.0
101,2023,138,10.0,12.77,0.0,22.91,0.0
101,2023,138,11.0,12.77,0.0,22.9,0.0
101,2023,138,12.0,12.77,0.0,22.9,0.0
101,2023,138,13.0,12.77,0.0,22.9,0.0
101,2023,138,14.0,12.77,0.0,22.93,0.0
101,2023,138,15.0,12.77,0.0,22.95,0.0
101,2023,138,16.0,12.77,0.0,22.97,0.0
101,2023,138,17.0,12.77,0.0,22.95,0.0
101,2023,138,18.0,12.77,0.0,22.95,0.0
101,2023,138,19.0,12.77,0.0,22.94,0.0
101,2023,138,20.0,12.77,0.0,22.93,0.0
101,2023,138,21.0,12.77,0.0,22.92,0.0
101,2023,138,22.0,12.77,0.0,22.91,0.0
101,2023,138,23.0,12.77,0.0,22.89,0.0
101,2023,138,24.0,12.77,0.0,22.86,0.0
101,2023,138,25.0,12.77,0.0,22.86,0.0
101,2023,138,26.0,12.77,0.0,22.85,0.0
101,2023,138,27.0,12.77,0.0,22.85,0.0
101,2023,138,28.0,12.77,0.0,22.85,0.0
101,2023,138,29.0,12.77,0.0,22.85,0.0
101,2023,138,30.0,12.77,0.0,22.84,0.0
101,2023,138,31.0,12.77,0.0,22.85,0.0
101,2023,138,32.0,12.77,0.0,22.84,0.0
101,2023,138,33.0,12.77,0.0,22.83,0.0
101,2023,138,34.0,12.77,0.0,22.83,0.0
101,2023,138,35.0,12.76,0.0,22.83,0.0
101,2023,138,36.0,12.77,0.0,22.83,0.0
101,2023,138,37.0,12.77,0.0,22.83,0.0
101,2023,138,38.0,12.77,0.0,22.82,0.0
101,2023,138,39.0,12.77,0.0,22.81,0.0
101,2023,138,40.0,12.77,0.0,22.82,0.0
101,2023,138,41.0,12.77,0.0,22.83,0.0
101,2023,138,42.0,12.77,0.0,22.84,0.0
101,2023,138,43.0,12.77,0.0,22.85,0.0
101,2023,138,44.0,12.77,0.0,22.86,0.0
101,2023,138,45.0,12.76,0.0,22.86,0.0
101,2023,138,46.0,12.77,0.0,22.86,0.0
101,2023,138,47.0,12.77,0.0,22.87,0.0
101,2023,138,48.0,12.76,0.0,22.89,0.0
101,2023,138,49.0,12.77,0.0,22.9,0.0
101,2023,138,50.0,12.77,0.0,22.89,0.0
101,2023,138,51.0,12.76,0.0,22.91,0.0
101,2023,138,52.0,12.77,0.0,22.91,0.0
101,2023,138,53.0,12.77,0.0,22.91,0.0
101,2023,138,54.0,12.77,0.0,22.91,0.0
101,2023,138,55.0,12.77,0.0,22.91,0.0
101,2023,138,56.0,12.77,0.0,22.92,0.0
101,2023,138,57.0,12.77,0.0,22.91,0.0
101,2023,138,58.0,12.77,0.0,22.91,0.0
101,2023,138,59.0,12.77,0.0,22.91,0.0
101,2023,138,100.0,12.77,0.0,22.91,0.0
101,2023,138,101.0,12.77,0.0,22.93,0.0
101,2023,138,102.0,12.77,0.0,22.93,0.0
101,2023,138,103.0,12.77,0.0,22.91,0.0
101,2023,138,104.0,12.77,0.0,22.91,0.0
101,2023,138,105.0,12.77,0.0,22.91,0.0
101,2023,138,106.0,12.77,0.0,22.91,0.0
101,2023,138,107.0,12.77,0.0,22.89,0.0
101,2023,138,108.0,12.76,0.0,22.88,0.0
101,2023,138,109.0,12.76,0.0,22.87,0.0
101,2023,138,110.0,12.76,0.0,22.87,0.0
101,2023,138,111.0,12.76,0.0,22.85,0.0
101,2023,138,112.0,12.77,0.0,22.84,0.0
101,2023,138,113.0,12.76,0.0,22.83,0.0
101,2023,138,114.0,12.77,0.0,22.81,0.0
101,2023,138,115.0,12.76,0.0,22.81,0.0
101,2023,138,116.0,12.77,0.0,22.8,0.0
101,2023,138,117.0,12.76,0.0,22.8,0.0
101,2023,138,118.0,12.76,0.0,22.79,0.0
101,2023,138,119.0,12.76,0.0,22.78,0.0
101,2023,138,120.0,12.77,0.0,22.78,0.0
101,2023,138,121.0,12.76,0.0,22.78,0.0
101,2023,138,122.0,12.76,0.0,22.77,0.0
101,2023,138,123.0,12.76,0.0,22.78,0.0
101,2023,138,124.0,12.76,0.0,22.78,0.0
101,2023,138,125.0,12.76,0.0,22.79,0.0
101,2023,138,126.0,12.76,0.0,22.79,0.0
101,2023,138,127.0,12.76,0.0,22.79,0.0
101,2023,138,128.0,12.76,0.0,22.8,0.0
101,2023,138,129.0,12.76,0.0,22.81,0.0
101,2023,138,130.0,12.76,0.0,22.81,0.0
101,2023,138,131.0,12.76,0.0,22.81,0.0
101,2023,138,132.0,12.76,0.0,22.82,0.0
101,2023,138,133.0,12.76,0.0,22.84,0.0
101,2023,138,134.0,12.76,0.0,22.83,0.0
101,2023,138,135.0,12.76,0.0,22.83,0.0
101,2023,138,136.0,12.76,0.0,22.83,0.0
101,2023,138,137.0,12.76,0.0,22.83,0.0
101,2023,138,138.0,12.76,0.0,22.84,0.0
101,2023,138,139.0,12.76,0.0,22.83,0.0
101,2023,138,140.0,12.76,0.0,22.82,0.0
101,2023,138,141.0,12.76,0.0,22.81,0.0
101,2023,138,142.0,12.76,0.0,22.81,0.0
101,2023,138,143.0,12.76,0.0,22.81,0.0
101,2023,138,144.0,12.76,0.0,22.81,0.0
101,2023,138,145.0,12.76,0.0,22.82,0.0
101,2023,138,146.0,12.76,0.0,22.83,0.0
101,2023,138,147.0,12.76,0.0,22.83,0.0
101,2023,138,148.0,12.76,0.0,22.83,0.0
101,2023,138,149.0,12.76,0.0,22.81,0.0
101,2023,138,150.0,12.76,0.0,22.8,0.0
101,2023,138,151.0,12.76,0.0,22.79,0.0
101,2023,138,152.0,12.76,0.0,22.77,0.0
101,2023,138,153.0,12.76,0.0,22.76,0.0
101,2023,138,154.0,12.76,0.0,22.74,0.0
101,2023,138,155.0,12.76,0.0,22.73,0.0
101,2023,138,156.0,12.76,0.0,22.71,0.0
101,2023,138,157.0,12.76,0.0,22.71,0.0
101,2023,138,158.0,12.76,0.0,22.7,0.0
101,2023,138,159.0,12.76,0.0,22.69,0.0
101,2023,138,200.0,12.76,0.0,22.68,0.0
101,2023,138,201.0,12.76,0.0,22.68,0.0
101,2023,138,202.0,12.76,0.0,22.67,0.0
101,2023,138,203.0,12.76,0.0,22.66,0.0
101,2023,138,204.0,12.76,0.0,22.65,0.0
101,2023,138,205.0,12.76,0.0,22.64,0.0
101,2023,138,206.0,12.76,0.0,22.63,0.0
101,2023,138,207.0,12.76,0.0,22.62,0.0
101,2023,138,208.0,12.76,0.0,22.61,0.0
101,2023,138,209.0,12.76,0.0,22.61,0.0
101,2023,138,210.0,12.76,0.0,22.59,0.0
101,2023,138,211.0,12.76,0.0,22.59,0.0
101,2023,138,212.0,12.76,0.0,22.59,0.0
101,2023,138,213.0,12.76,0.0,22.59,0.0
101,2023,138,214.0,12.76,0.0,22.58,0.0
101,2023,138,215.0,12.76,0.0,22.57,0.0
101,2023,138,216.0,12.76,0.0,22.56,0.0
101,2023,138,217.0,12.76,0.0,22.56,0.0
101,2023,138,218.0,12.76,0.0,22.54,0.0
101,2023,138,219.0,12.76,0.0,22.54,0.0
101,2023,138,220.0,12.76,0.0,22.54,0.0
101,2023,138,221.0,12.76,0.0,22.54,0.0
101,2023,138,222.0,12.76,0.0,22.54,0.0
101,2023,138,223.0,12.76,0.0,22.54,0.0
101,2023,138,224.0,12.76,0.0,22.54,0.0
101,2023,138,225.0,12.76,0.0,22.54,0.0
101,2023,138,226.0,12.76,0.0,22.53,0.0
101,2023,138,227.0,12.76,0.0,22.54,0.0
101,2023,138,228.0,12.76,0.0,22.53,0.0
101,2023,138,229.0,12.76,0.0,22.52,0.0
101,2023,138,230.0,12.76,0.0,22.52,0.0
101,2023,138,231.0,12.76,0.0,22.51,0.0
101,2023,138,232.0,12.76,0.0,22.51,0.0
101,2023,138,233.0,12.76,0.0,22.5,0.0
101,2023,138,234.0,12.76,0.0,22.49,0.0
101,2023,138,235.0,12.76,0.0,22.49,0.0
101,2023,138,236.0,12.76,0.0,22.49,0.0
101,2023,138,237.0,12.76,0.0,22.48,0.0
101,2023,138,238.0,12.76,0.0,22.49,0.0
101,2023,138,239.0,12.76,0.0,22.48,0.0
101,2023,138,240.0,12.76,0.0,22.49,0.0
101,2023,138,241.0,12.76,0.0,22.47,0.0
101,2023,138,242.0,12.76,0.0,22.47,0.0
101,2023,138,243.0,12.76,0.0,22.47,0.0
101,2023,138,244.0,12.76,0.0,22.47,0.0
101,2023,138,245.0,12.76,0.0,22.47,0.0
101,2023,138,246.0,12.76,0.0,22.45,0.0
101,2023,138,247.0,12.76,0.0,22.45,0.0
101,2023,138,248.0,12.76,0.0,22.44,0.0
101,2023,138,249.0,12.76,0.0,22.42,0.0
101,2023,138,250.0,12.76,0.0,22.42,0.0
101,2023,138,251.0,12.76,0.0,22.41,0.0
101,2023,138,252.0,12.76,0.0,22.4,0.0
101,2023,138,253.0,12.76,0.0,22.4,0.0
101,2023,138,254.0,12.76,0.0,22.39,0.0
101,2023,138,255.0,12.76,0.0,22.37,0.0
101,2023,138,256.0,12.76,0.0,22.37,0.0
101,2023,138,257.0,12.76,0.0,22.36,0.0
101,2023,138,258.0,12.76,0.0,22.37,0.0
101,2023,138,259.0,12.76,0.0,22.37,0.0
101,2023,138,300.0,12.76,0.0,22.37,0.0
101,2023,138,301.0,12.76,0.0,22.36,0.0
101,2023,138,302.0,12.76,0.0,22.37,0.0
101,2023,138,303.0,12.76,0.0,22.36,0.0
101,2023,138,304.0,12.76,0.0,22.37,0.0
101,2023,138,305.0,12.76,0.0,22.38,0.0
101,2023,138,306.0,12.76,0.0,22.37,0.0
101,2023,138,307.0,12.76,0.0,22.36,0.0
101,2023,138,308.0,12.76,0.0,22.37,0.0
101,2023,138,309.0,12.76,0.0,22.37,0.0
101,2023,138,310.0,12.76,0.0,22.37,0.0
101,2023,138,311.0,12.76,0.0,22.36,0.0
101,2023,138,312.0,12.76,0.0,22.37,0.0
101,2023,138,313.0,12.76,0.0,22.37,0.0
101,2023,138,314.0,12.76,0.0,22.35,0.0
101,2023,138,315.0,12.76,0.0,22.36,0.0
101,2023,138,316.0,12.76,0.0,22.37,0.0
101,2023,138,317.0,12.76,0.0,22.35,0.0
101,2023,138,318.0,12.76,0.0,22.35,0.0
101,2023,138,319.0,12.76,0.0,22.35,0.0
101,2023,138,320.0,12.76,0.0,22.33,0.0
101,2023,138,321.0,12.76,0.0,22.35,0.0
101,2023,138,322.0,12.76,0.0,22.35,0.0
101,2023,138,323.0,12.76,0.0,22.33,0.0
101,2023,138,324.0,12.76,0.0,22.33,0.0
101,2023,138,325.0,12.76,0.0,22.34,0.0
101,2023,138,326.0,12.76,0.0,22.32,0.0
101,2023,138,327.0,12.76,0.0,22.29,0.0
101,2023,138,328.0,12.76,0.0,22.28,0.0
101,2023,138,329.0,12.76,0.0,22.28,0.0
101,2023,138,330.0,12.76,0.0,22.27,0.0
101,2023,138,331.0,12.76,0.0,22.26,0.0
101,2023,138,332.0,12.76,0.0,22.24,0.0
101,2023,138,333.0,12.76,0.0,22.24,0.0
101,2023,138,334.0,12.76,0.0,22.23,0.0
101,2023,138,335.0,12.76,0.0,22.23,0.0
101,2023,138,336.0,12.76,0.0,22.23,0.0
101,2023,138,337.0,12.76,0.0,22.24,0.0
101,2023,138,338.0,12.76,0.0,22.21,0.0
101,2023,138,339.0,12.76,0.0,22.2,0.0
101,2023,138,340.0,12.76,0.0,22.21,0.0
101,2023,138,341.0,12.76,0.0,22.2,0.0
101,2023,138,342.0,12.76,0.0,22.2,0.0
101,2023,138,343.0,12.76,0.0,22.2,0.0
101,2023,138,344.0,12.76,0.0,22.21,0.0
101,2023,138,345.0,12.76,0.0,22.2,0.0
101,2023,138,346.0,12.76,0.0,22.2,0.0
101,2023,138,347.0,12.76,0.0,22.22,0.0
101,2023,138,348.0,12.76,0.0,22.22,0.0
101,2023,138,349.0,12.76,0.0,22.23,0.0
101,2023,138,350.0,12.76,0.0,22.23,0.0
101,2023,138,351.0,12.76,0.0,22.23,0.0
101,2023,138,352.0,12.76,0.0,22.23,0.0
101,2023,138,353.0,12.76,0.0,22.24,0.0
101,2023,138,354.0,12.76,0.0,22.25,0.0
101,2023,138,355.0,12.76,0.0,22.25,0.0
101,2023,138,356.0,12.76,0.0,22.25,0.0
101,2023,138,357.0,12.75,0.0,22.25,0.0
101,2023,138,358.0,12.76,0.0,22.25,0.0
101,2023,138,359.0,12.76,0.0,22.25,0.0
101,2023,138,400.0,12.76,0.0,22.24,0.0
101,2023,138,401.0,12.76,0.0,22.24,0.0
101,2023,138,402.0,12.76,0.0,22.24,0.0
101,2023,138,403.0,12.76,0.0,22.25,0.0
101,2023,138,404.0,12.76,0.0,22.24,0.0
101,2023,138,405.0,12.76,0.0,22.23,0.0
101,2023,138,406.0,12.76,0.0,22.23,0.0
101,2023,138,407.0,12.76,0.0,22.22,0.0
101,2023,138,408.0,12.76,0.0,22.22,0.0
101,2023,138,409.0,12.76,0.0,22.23,0.0
101,2023,138,410.0,12.76,0.0,22.23,0.0
101,2023,138,411.0,12.76,0.0,22.23,0.0
101,2023,138,412.0,12.76,0.0,22.23,0.0
101,2023,138,413.0,12.76,0.0,22.21,0.0
101,2023,138,414.0,12.76,0.0,22.21,0.0
101,2023,138,415.0,12.76,0.0,22.21,0.0
101,2023,138,416.0,12.76,0.0,22.2,0.0
101,2023,138,417.0,12.76,0.0,22.23,0.0
101,2023,138,418.0,12.76,0.0,22.22,0.0
101,2023,138,419.0,12.76,0.0,22.21,0.0
101,2023,138,420.0,12.76,0.0,22.2,0.0
101,2023,138,421.0,12.75,0.0,22.21,0.0
101,2023,138,422.0,12.76,0.0,22.2,0.0
101,2023,138,423.0,12.76,0.0,22.2,0.0
101,2023,138,424.0,12.76,0.0,22.2,0.0
101,2023,138,425.0,12.76,0.0,22.22,0.0
101,2023,138,426.0,12.76,0.0,22.22,0.0
101,2023,138,427.0,12.75,0.0,22.21,0.0
101,2023,138,428.0,12.75,0.0,22.2,0.0
101,2023,138,429.0,12.76,0.0,22.21,0.0
101,2023,138,430.0,12.76,0.0,22.2,0.0
101,2023,138,431.0,12.76,0.0,22.2,0.0
101,2023,138,432.0,12.76,0.0,22.19,0.0
101,2023,138,433.0,12.76,0.0,22.2,0.0
101,2023,138,434.0,12.76,0.0,22.2,0.0
101,2023,138,435.0,12.76,0.0,22.2,0.0
101,2023,138,436.0,12.76,0.0,22.2,0.0
101,2023,138,437.0,12.76,0.0,22.2,0.0
101,2023,138,438.0,12.76,0.0,22.2,0.0
101,2023,138,439.0,12.76,0.0,22.2,0.0
101,2023,138,440.0,12.76,0.0,22.2,0.0
101,2023,138,441.0,12.76,0.0,22.2,0.0
101,2023,138,442.0,12.75,0.0,22.19,0.0
101,2023,138,443.0,12.75,0.0,22.18,0.0
101,2023,138,444.0,12.75,0.0,22.17,0.0
101,2023,138,445.0,12.75,0.0,22.15,0.0
101,2023,138,446.0,12.76,0.0,22.16,0.0
101,2023,138,447.0,12.76,0.0,22.16,0.0
101,2023,138,448.0,12.76,0.0,22.17,0.0
101,2023,138,449.0,12.75,0.0,22.18,0.0
101,2023,138,450.0,12.75,0.0,22.16,0.0
101,2023,138,451.0,12.75,0.0,22.15,0.0
101,2023,138,452.0,12.76,0.0,22.15,0.0
101,2023,138,453.0,12.75,0.0,22.15,0.0
101,2023,138,454.0,12.76,0.0,22.16,0.0
101,2023,138,455.0,12.76,0.0,22.15,0.0
101,2023,138,456.0,12.75,0.0,22.15,0.0
101,2023,138,457.0,12.75,0.0,22.15,0.0
101,2023,138,458.0,12.76,0.0,22.16,0.0
101,2023,138,459.0,12.75,0.0,22.18,0.0
101,2023,138,500.0,12.76,0.0,22.19,0.0
101,2023,138,501.0,12.75,0.0,22.2,0.0
101,2023,138,502.0,12.75,0.0,22.2,0.0
101,2023,138,503.0,12.75,0.0,22.2,0.0
101,2023,138,504.0,12.76,0.0,22.2,0.0
101,2023,138,505.0,12.75,0.0,22.21,0.0
101,2023,138,506.0,12.75,0.0,22.22,0.0
101,2023,138,507.0,12.76,0.0,22.23,0.0
101,2023,138,508.0,12.75,0.0,22.24,0.0
101,2023,138,509.0,12.75,0.0,22.25,0.0
101,2023,138,510.0,12.75,0.0,22.27,0.0
101,2023,138,511.0,12.75,0.0,22.27,0.0
101,2023,138,512.0,12.75,0.0,22.27,0.0
101,2023,138,513.0,12.75,0.0,22.29,0.0
101,2023,138,514.0,12.76,0.0,22.3,0.0
101,2023,138,515.0,12.76,0.0,22.3,0.0
101,2023,138,516.0,12.75,0.0,22.3,0.0
101,2023,138,517.0,12.75,0.0,22.3,0.0
101,2023,138,518.0,12.75,0.0,22.31,0.0
101,2023,138,519.0,12.75,0.0,22.32,0.0
101,2023,138,520.0,12.75,0.0,22.32,0.0
101,2023,138,521.0,12.75,0.0,22.32,0.0
101,2023,138,522.0,12.75,0.0,22.37,0.0
101,2023,138,523.0,12.75,0.0,22.37,0.0
101,2023,138,524.0,12.76,0.0,22.38,0.0
101,2023,138,525.0,12.75,0.0,22.41,0.0
101,2023,138,526.0,12.75,0.931,22.41,0.0
101,2023,138,527.0,12.75,1.044,22.39,0.0
101,2023,138,528.0,12.75,1.41,22.39,0.0
101,2023,138,529.0,12.75,1.805,22.39,0.0
101,2023,138,530.0,12.76,2.369,22.4,0.0
101,2023,138,531.0,12.75,3.131,22.41,0.0
101,2023,138,532.0,12.75,3.921,22.42,0.0
101,2023,138,533.0,12.75,4.964,22.46,0.0
101,2023,138,534.0,12.75,6.488,22.52,0.0
101,2023,138,535.0,12.75,8.57,22.49,0.0
101,2023,138,536.0,12.76,11.34,22.48,0.0
101,2023,138,537.0,12.78,14.89,22.48,0.0
101,2023,138,538.0,12.8,19.18,22.5,0.0
101,2023,138,539.0,12.83,23.92,22.51,0.0
101,2023,138,540.0,12.86,28.38,22.53,0.0
101,2023,138,541.0,12.89,32.49,22.55,0.0
101,2023,138,542.0,12.92,35.82,22.57,0.0
101,2023,138,543.0,12.94,38.19,22.58,0.0
101,2023,138,544.0,12.96,39.49,22.6,0.0
101,2023,138,545.0,12.97,39.97,22.61,0.0
101,2023,138,546.0,12.99,40.51,22.63,0.0
101,2023,138,547.0,13.01,41.24,22.66,0.0
101,2023,138,548.0,13.02,43.44,22.69,0.0
101,2023,138,549.0,13.04,46.51,22.71,0.0
101,2023,138,550.0,13.07,49.9,22.73,0.0
101,2023,138,551.0,13.1,51.84,22.75,0.0
101,2023,138,552.0,13.12,52.97,22.77,0.0
101,2023,138,553.0,13.14,54.75,22.78,0.0
101,2023,138,554.0,13.16,56.84,22.77,0.0
101,2023,138,555.0,13.19,58.73,22.74,0.0
101,2023,138,556.0,13.21,59.01,22.74,0.0
101,2023,138,557.0,13.23,58.64,22.75,0.0
101,2023,138,558.0,13.25,57.94,22.75,0.0
101,2023,138,559.0,13.28,57.91,22.74,0.0
101,2023,138,600.0,13.28,58.33,22.74,0.0
101,2023,138,601.0,13.28,59.04,22.73,0.0
101,2023,138,602.0,13.28,59.97,22.75,0.0
101,2023,138,603.0,13.28,60.25,22.77,0.0
101,2023,138,604.0,13.28,59.38,22.8,0.0
101,2023,138,605.0,13.28,58.95,22.82,0.0
101,2023,138,606.0,13.28,58.45,22.86,0.0
101,2023,138,607.0,13.28,57.82,22.87,0.0
101,2023,138,608.0,13.28,59.6,22.84,0.0
101,2023,138,609.0,13.28,62.11,22.85,0.0
101,2023,138,610.0,13.28,63.89,22.87,0.0
101,2023,138,611.0,13.28,65.44,22.89,0.0
101,2023,138,612.0,13.28,66.48,22.92,0.0
101,2023,138,613.0,13.28,67.08,22.95,0.0
101,2023,138,614.0,13.28,67.42,22.99,0.0
101,2023,138,615.0,13.28,67.16,22.99,0.0
101,2023,138,616.0,13.28,65.89,22.99,0.0
101,2023,138,617.0,13.28,65.92,22.97,0.0
101,2023,138,618.0,13.28,67.16,22.91,0.0
101,2023,138,619.0,13.28,69.08,22.91,0.0
101,2023,138,620.0,13.28,71.4,22.91,0.0
101,2023,138,621.0,13.28,74.6,22.9,0.0
101,2023,138,622.0,13.28,78.2,22.94,0.0
101,2023,138,623.0,13.28,80.9,22.93,0.0
101,2023,138,624.0,13.28,82.4,22.94,0.0
101,2023,138,625.0,13.28,83.0,22.95,0.0
101,2023,138,626.0,13.28,83.2,22.97,0.0
101,2023,138,627.0,13.28,84.0,23.03,0.0
101,2023,138,628.0,13.28,84.9,23.05,0.0
101,2023,138,629.0,13.28,85.5,23.08,0.0
101,2023,138,630.0,13.28,86.9,23.04,0.0
101,2023,138,631.0,13.28,90.0,23.06,0.0
101,2023,138,632.0,13.28,94.7,23.09,0.0
101,2023,138,633.0,13.28,99.7,23.12,0.0
101,2023,138,634.0,13.28,103.2,23.18,0.0
101,2023,138,635.0,13.28,104.8,23.25,0.0
101,2023,138,636.0,13.28,104.5,23.34,0.0
101,2023,138,637.0,13.27,104.0,23.33,0.0
101,2023,138,638.0,13.28,102.6,23.3,0.0
101,2023,138,639.0,13.27,100.4,23.3,0.0
101,2023,138,640.0,13.27,98.6,23.32,0.0
101,2023,138,641.0,13.27,95.4,23.27,0.0
101,2023,138,642.0,13.27,95.5,23.36,0.0
101,2023,138,643.0,13.27,97.6,23.39,0.0
101,2023,138,644.0,13.27,96.1,23.35,0.0
101,2023,138,645.0,13.27,89.2,23.32,0.0
101,2023,138,646.0,13.27,83.0,23.39,0.0
101,2023,138,647.0,13.27,80.8,23.4,0.0
101,2023,138,648.0,13.27,87.8,23.38,0.0
101,2023,138,649.0,13.27,99.9,23.4,0.0
101,2023,138,650.0,13.27,106.3,23.36,0.0
101,2023,138,651.0,13.27,116.0,23.46,0.0
101,2023,138,652.0,13.27,113.8,23.51,0.0
101,2023,138,653.0,13.27,111.9,23.51,0.0
101,2023,138,654.0,13.27,117.0,23.58,0.0
101,2023,138,655.0,13.27,128.3,23.63,0.0
101,2023,138,656.0,13.27,138.3,23.65,0.0
101,2023,138,657.0,13.27,145.6,23.66,0.0
101,2023,138,658.0,13.27,156.7,23.7,0.0
101,2023,138,659.0,13.27,162.5,23.66,0.0
101,2023,138,700.0,13.27,169.9,23.61,0.0
101,2023,138,701.0,13.27,189.6,23.55,0.0
101,2023,138,702.0,13.27,196.9,23.65,0.0
101,2023,138,703.0,13.27,216.0,23.73,0.0
101,2023,138,704.0,13.27,221.7,23.79,0.0
101,2023,138,705.0,13.26,196.6,23.86,0.0
101,2023,138,706.0,13.26,208.5,23.89,0.0
101,2023,138,707.0,13.26,196.6,23.96,0.0
101,2023,138,708.0,13.26,195.8,24.01,0.0
101,2023,138,709.0,13.26,199.3,24.04,0.0
101,2023,138,710.0,13.26,214.7,24.15,0.0
101,2023,138,711.0,13.26,223.3,24.07,0.0
101,2023,138,712.0,13.27,245.0,24.11,0.0
101,2023,138,713.0,13.26,305.2,24.14,0.0
101,2023,138,714.0,13.26,344.2,24.14,0.0
101,2023,138,715.0,13.26,372.1,24.29,0.0
101,2023,138,716.0,13.26,342.6,24.22,0.0
101,2023,138,717.0,13.26,447.0,24.32,0.0
101,2023,138,718.0,13.26,443.7,24.54,0.0
101,2023,138,719.0,13.26,238.7,24.75,0.0
101,2023,138,720.0,13.26,348.8,24.6,0.0
101,2023,138,721.0,13.26,391.9,24.55,0.0
101,2023,138,722.0,13.26,348.6,24.68,0.0
101,2023,138,723.0,13.26,369.0,24.82,0.0
101,2023,138,724.0,13.26,405.9,24.69,0.0
101,2023,138,725.0,13.26,430.7,24.71,0.0
101,2023,138,726.0,13.26,434.9,24.85,0.0
101,2023,138,727.0,13.26,437.3,25.05,0.0
101,2023,138,728.0,13.26,517.3,25.2,0.0
101,2023,138,729.0,13.25,547.7,25.36,0.0
101,2023,138,730.0,13.25,568.3,25.63,0.0
101,2023,138,731.0,13.25,412.3,25.72,0.0
101,2023,138,732.0,13.25,296.7,25.77,0.0
101,2023,138,733.0,13.25,444.4,25.94,0.0
101,2023,138,734.0,13.25,272.0,26.12,0.0
101,2023,138,735.0,13.25,320.7,26.25,0.0
101,2023,138,736.0,13.24,276.2,26.38,0.0
101,2023,138,737.0,13.25,348.4,26.4,0.0
101,2023,138,738.0,13.24,386.0,26.38,0.0
101,2023,138,739.0,13.24,394.8,26.4,0.0
101,2023,138,740.0,13.24,404.8,26.51,0.0
101,2023,138,741.0,13.24,372.6,26.47,0.0
101,2023,138,742.0,13.24,343.9,26.41,0.0
101,2023,138,743.0,13.24,391.7,26.53,0.0
101,2023,138,744.0,13.24,425.8,26.66,0.0
101,2023,138,745.0,13.24,377.7,26.83,0.0
101,2023,138,746.0,13.24,269.7,26.83,0.0
101,2023,138,747.0,13.24,234.5,26.91,0.0
101,2023,138,748.0,13.24,201.3,26.92,0.0
101,2023,138,749.0,13.23,179.5,26.9,0.0
101,2023,138,750.0,13.23,178.6,26.95,0.0
101,2023,138,751.0,13.24,210.1,26.9,0.0
101,2023,138,752.0,13.23,330.8,26.87,0.0
101,2023,138,753.0,13.23,386.7,26.75,0.0
101,2023,138,754.0,13.23,504.5,26.63,0.0
101,2023,138,755.0,13.23,457.3,26.83,0.0
101,2023,138,756.0,13.23,482.3,26.97,0.0
101,2023,138,757.0,13.23,569.0,26.96,0.0
101,2023,138,758.0,13.23,713.0,27.07,0.0
101,2023,138,759.0,13.23,782.0,27.24,0.0
101,2023,138,800.0,13.23,670.7,27.33,0.0
101,2023,138,801.0,13.23,476.9,27.53,0.0
101,2023,138,802.0,13.23,459.6,27.62,0.0
101,2023,138,803.0,13.22,522.6,27.66,0.0
101,2023,138,804.0,13.23,486.7,27.54,0.0
101,2023,138,805.0,13.22,580.9,27.34,0.0
101,2023,138,806.0,13.22,548.9,27.11,0.0
101,2023,138,807.0,13.22,415.4,26.91,0.0
101,2023,138,808.0,13.22,329.8,26.76,0.0
101,2023,138,809.0,13.22,330.3,26.72,0.0
101,2023,138,810.0,13.22,408.4,26.67,0.0
101,2023,138,811.0,13.22,394.6,26.56,0.0
101,2023,138,812.0,13.22,414.0,26.45,0.0
101,2023,138,813.0,13.22,475.6,26.31,0.0
101,2023,138,814.0,13.22,522.0,26.36,0.0
101,2023,138,815.0,13.22,708.0,26.15,0.0
101,2023,138,816.0,13.22,884.0,25.94,0.0
101,2023,138,817.0,13.22,802.0,26.0,0.0
101,2023,138,818.0,13.22,565.4,26.16,0.0
101,2023,138,819.0,13.22,419.2,26.36,0.0
101,2023,138,820.0,13.22,405.4,26.48,0.0
101,2023,138,821.0,13.22,420.2,26.53,0.0
101,2023,138,822.0,13.22,430.2,26.47,0.0
101,2023,138,823.0,13.22,439.9,26.48,0.0
101,2023,138,824.0,13.22,462.4,26.47,0.0
101,2023,138,825.0,13.22,454.7,26.53,0.0
101,2023,138,826.0,13.22,459.9,26.59,0.0
101,2023,138,827.0,13.22,646.8,26.62,0.0
101,2023,138,828.0,13.22,592.2,26.76,0.0
101,2023,138,829.0,13.22,557.8,26.86,0.0
101,2023,138,830.0,13.22,509.1,26.92,0.0
101,2023,138,831.0,13.22,530.1,26.86,0.0
101,2023,138,832.0,13.22,582.0,26.94,0.0
101,2023,138,833.0,13.21,585.7,27.16,0.0
101,2023,138,834.0,13.21,605.1,27.06,0.0
101,2023,138,835.0,13.21,677.0,26.78,0.0
101,2023,138,836.0,13.21,653.0,26.68,0.0
101,2023,138,837.0,13.21,610.3,26.82,0.0
101,2023,138,838.0,13.21,539.4,26.88,0.0
101,2023,138,839.0,13.21,474.6,26.85,0.0
101,2023,138,840.0,13.21,478.2,26.63,0.0
101,2023,138,841.0,13.21,437.7,26.54,0.0
101,2023,138,842.0,13.2,404.0,26.72,0.0
101,2023,138,843.0,13.21,411.4,26.61,0.0
101,2023,138,844.0,13.21,443.2,26.52,0.0
101,2023,138,845.0,13.2,462.3,26.5,0.0
101,2023,138,846.0,13.2,529.1,26.59,0.0
101,2023,138,847.0,13.2,420.6,26.74,0.0
101,2023,138,848.0,13.2,526.3,26.73,0.0
101,2023,138,849.0,13.2,416.2,26.72,0.0
101,2023,138,850.0,13.2,344.1,26.68,0.0
101,2023,138,851.0,13.2,362.5,26.72,0.0
101,2023,138,852.0,13.2,594.5,26.73,0.0
101,2023,138,853.0,13.2,532.3,26.83,0.0
101,2023,138,854.0,13.2,536.1,26.94,0.0
101,2023,138,855.0,13.2,300.3,27.06,0.0
101,2023,138,856.0,13.2,358.0,27.13,0.0
101,2023,138,857.0,13.19,560.3,27.13,0.0
101,2023,138,858.0,13.2,380.5,27.19,0.0
101,2023,138,859.0,13.2,255.3,27.17,0.0
101,2023,138,900.0,13.2,203.3,27.22,0.0
101,2023,138,901.0,13.2,180.5,27.15,0.0
101,2023,138,902.0,13.2,181.9,27.07,0.0
101,2023,138,903.0,13.19,194.9,27.02,0.0
101,2023,138,904.0,13.2,204.5,26.99,0.0
101,2023,138,905.0,13.2,219.3,26.96,0.0
101,2023,138,906.0,13.2,228.8,26.93,0.0
101,2023,138,907.0,13.19,261.2,26.92,0.0
101,2023,138,908.0,13.2,312.7,26.84,0.0
101,2023,138,909.0,13.19,348.2,26.95,0.0
101,2023,138,910.0,13.2,420.3,26.93,0.0
101,2023,138,911.0,13.19,521.3,27.06,0.0
101,2023,138,912.0,13.2,805.0,26.98,0.0
101,2023,138,913.0,13.19,750.0,27.17,0.0
101,2023,138,914.0,13.2,623.2,27.41,0.0
101,2023,138,915.0,13.19,641.1,27.64,0.0
101,2023,138,916.0,13.19,581.2,27.81,0.0
101,2023,138,917.0,13.19,860.0,27.87,0.0
101,2023,138,918.0,13.19,876.0,27.87,0.0
101,2023,138,919.0,13.19,912.0,27.75,0.0
101,2023,138,920.0,13.19,663.9,27.98,0.0
101,2023,138,921.0,13.18,520.6,28.06,0.0
101,2023,138,922.0,13.18,554.2,27.84,0.0
101,2023,138,923.0,13.18,869.0,27.93,0.0
101,2023,138,924.0,13.18,560.9,27.71,0.0
101,2023,138,925.0,13.18,370.6,27.58,0.0
101,2023,138,926.0,13.18,289.1,27.53,0.0
101,2023,138,927.0,13.18,258.4,27.47,0.0
101,2023,138,928.0,13.18,225.0,27.49,0.0
101,2023,138,929.0,13.18,186.7,27.53,0.0
101,2023,138,930.0,13.18,139.8,27.45,0.0
101,2023,138,931.0,13.17,100.8,27.3,0.0
101,2023,138,932.0,13.18,74.7,27.12,0.0
101,2023,138,933.0,13.18,61.43,26.85,0.0
101,2023,138,934.0,13.18,60.7,26.6,0.0
101,2023,138,935.0,13.18,65.74,26.23,0.0
101,2023,138,936.0,13.18,72.4,26.04,0.0
101,2023,138,937.0,13.18,77.5,25.95,0.0
101,2023,138,938.0,13.18,81.8,25.73,0.0
101,2023,138,939.0,13.18,86.6,25.56,0.0
101,2023,138,940.0,13.19,91.1,25.45,0.0
101,2023,138,941.0,13.19,101.2,25.36,0.0
101,2023,138,942.0,13.19,113.1,25.25,0.0
101,2023,138,943.0,13.19,123.6,25.08,0.0
101,2023,138,944.0,13.19,132.5,25.07,0.0
101,2023,138,945.0,13.19,136.9,24.93,0.0
101,2023,138,946.0,13.19,138.4,24.87,0.0
101,2023,138,947.0,13.19,140.9,24.76,0.0
101,2023,138,948.0,13.2,145.3,24.68,0.0
101,2023,138,949.0,13.2,150.4,24.66,0.0
101,2023,138,950.0,13.2,155.1,24.72,0.0
101,2023,138,951.0,13.2,161.0,24.66,0.0
101,2023,138,952.0,13.2,168.3,24.69,0.0
101,2023,138,953.0,13.2,174.8,24.72,0.0
101,2023,138,954.0,13.2,177.8,24.77,0.0
101,2023,138,955.0,13.2,179.9,24.77,0.0
101,2023,138,956.0,13.2,181.1,24.83,0.0
101,2023,138,957.0,13.2,182.4,24.88,0.0
101,2023,138,958.0,13.2,186.6,24.87,0.0
101,2023,138,959.0,13.21,191.6,24.87,0.0
101,2023,138,1000.0,13.21,195.4,24.94,0.0
101,2023,138,1001.0,13.2,196.7,24.96,0.0
101,2023,138,1002.0,13.2,196.9,25.06,0.0
101,2023,138,1003.0,13.21,197.2,25.1,0.0
101,2023,138,1004.0,13.21,196.9,25.12,0.0
101,2023,138,1005.0,13.21,197.0,25.19,0.0
101,2023,138,1006.0,13.21,199.8,25.18,0.0
101,2023,138,1007.0,13.21,204.9,25.26,0.0
101,2023,138,1008.0,13.21,211.8,25.32,0.0
101,2023,138,1009.0,13.21,221.3,25.34,0.0
101,2023,138,1010.0,13.21,230.7,25.39,0.0
101,2023,138,1011.0,13.21,238.1,25.43,0.0
101,2023,138,1012.0,13.21,244.4,25.5,0.0
101,2023,138,1013.0,13.21,249.1,25.56,0.0
101,2023,138,1014.0,13.21,255.1,25.61,0.0
101,2023,138,1015.0,13.21,262.9,25.69,0.0
101,2023,138,1016.0,13.21,268.7,25.74,0.0
101,2023,138,1017.0,13.21,271.1,25.82,0.0
101,2023,138,1018.0,13.21,282.8,25.85,0.0
101,2023,138,1019.0,13.21,299.8,25.84,0.0
101,2023,138,1020.0,13.21,319.1,25.93,0.0
101,2023,138,1021.0,13.21,347.1,26.0,0.0
101,2023,138,1022.0,13.21,379.3,26.08,0.0
101,2023,138,1023.0,13.21,513.8,26.13,0.0
101,2023,138,1024.0,13.21,855.0,26.18,0.0
101,2023,138,1025.0,13.21,958.0,26.35,0.0
101,2023,138,1026.0,13.21,965.0,26.79,0.0
101,2023,138,1027.0,13.2,663.5,26.88,0.0
101,2023,138,1028.0,13.2,616.9,26.99,0.0
101,2023,138,1029.0,13.2,632.4,27.03,0.0
101,2023,138,1030.0,13.2,711.0,27.19,0.0
101,2023,138,1031.0,13.2,872.0,27.13,0.0
101,2023,138,1032.0,13.2,646.9,27.24,0.0
101,2023,138,1033.0,13.2,522.3,27.38,0.0
101,2023,138,1034.0,13.2,497.2,27.44,0.0
101,2023,138,1035.0,13.19,586.5,27.48,0.0
101,2023,138,1036.0,13.2,776.0,27.5,0.0
101,2023,138,1037.0,13.19,953.0,27.59,0.0
101,2023,138,1038.0,13.19,1038.0,27.63,0.0
101,2023,138,1039.0,13.19,1103.0,27.84,0.0
101,2023,138,1040.0,13.19,890.0,27.87,0.0
101,2023,138,1041.0,13.18,743.0,27.97,0.0
101,2023,138,1042.0,13.18,620.5,28.05,0.0
101,2023,138,1043.0,13.18,579.5,27.99,0.0
101,2023,138,1044.0,13.18,633.7,28.08,0.0
101,2023,138,1045.0,13.18,768.0,28.01,0.0
101,2023,138,1046.0,13.18,682.8,27.99,0.0
101,2023,138,1047.0,13.17,765.0,28.01,0.0
101,2023,138,1048.0,13.18,1020.0,28.03,0.0
101,2023,138,1049.0,13.17,1103.0,28.25,0.0
101,2023,138,1050.0,13.17,1083.0,28.38,0.0
101,2023,138,1051.0,13.17,797.0,28.36,0.0
101,2023,138,1052.0,13.17,860.0,28.4,0.0
101,2023,138,1053.0,13.17,967.0,28.3,0.0
101,2023,138,1054.0,13.17,753.0,28.26,0.0
101,2023,138,1055.0,13.17,742.0,28.19,0.0
101,2023,138,1056.0,13.17,1036.0,28.22,0.0
101,2023,138,1057.0,13.17,1144.0,28.34,0.0
101,2023,138,1058.0,13.16,1130.0,28.52,0.0
101,2023,138,1059.0,13.16,993.0,28.54,0.0
101,2023,138,1100.0,13.16,1051.0,28.62,0.0
101,2023,138,1101.0,13.16,696.1,28.73,0.0
101,2023,138,1102.0,13.16,1064.0,28.88,0.0
101,2023,138,1103.0,13.16,1058.0,29.03,0.0
101,2023,138,1104.0,13.16,972.0,29.09,0.0
101,2023,138,1105.0,13.15,779.0,29.11,0.0
101,2023,138,1106.0,13.15,872.0,29.08,0.0
101,2023,138,1107.0,13.15,949.0,29.07,0.0
101,2023,138,1108.0,13.15,779.0,29.11,0.0
101,2023,138,1109.0,13.15,625.1,29.06,0.0
101,2023,138,1110.0,13.15,539.3,29.03,0.0
101,2023,138,1111.0,13.15,633.6,28.84,0.0
101,2023,138,1112.0,13.15,492.5,28.71,0.0
101,2023,138,1113.0,13.15,454.3,28.53,0.0
101,2023,138,1114.0,13.15,499.7,28.55,0.0
101,2023,138,1115.0,13.15,569.1,28.57,0.0
101,2023,138,1116.0,13.15,907.0,28.59,0.0
101,2023,138,1117.0,13.15,923.0,28.66,0.0
101,2023,138,1118.0,13.15,493.5,28.72,0.0
101,2023,138,1119.0,13.15,402.0,28.7,0.0
101,2023,138,1120.0,13.15,405.0,28.64,0.0
101,2023,138,1121.0,13.15,377.8,28.61,0.0
101,2023,138,1122.0,13.15,706.0,28.58,0.0
101,2023,138,1123.0,13.15,857.0,28.66,0.0
101,2023,138,1124.0,13.15,778.0,28.74,0.0
101,2023,138,1125.0,13.15,927.0,28.95,0.0
101,2023,138,1126.0,13.15,800.0,29.1,0.0
101,2023,138,1127.0,13.15,836.0,29.02,0.0
101,2023,138,1128.0,13.15,733.0,29.04,0.0
101,2023,138,1129.0,13.15,980.0,28.97,0.0
101,2023,138,1130.0,13.15,1037.0,28.99,0.0
101,2023,138,1131.0,13.15,914.0,29.06,0.0
101,2023,138,1132.0,13.15,785.0,29.15,0.0
101,2023,138,1133.0,13.15,656.3,29.07,0.0
101,2023,138,1134.0,13.14,556.9,28.92,0.0
101,2023,138,1135.0,13.14,518.1,28.85,0.0
101,2023,138,1136.0,13.14,651.4,28.95,0.0
101,2023,138,1137.0,13.14,631.8,29.01,0.0
101,2023,138,1138.0,13.14,525.7,29.03,0.0
101,2023,138,1139.0,13.14,496.9,28.96,0.0
101,2023,138,1140.0,13.14,452.9,28.82,0.0
101,2023,138,1141.0,13.14,438.1,28.86,0.0
101,2023,138,1142.0,13.14,459.5,28.93,0.0
101,2023,138,1143.0,13.14,504.5,28.82,0.0
101,2023,138,1144.0,13.14,546.7,28.73,0.0
101,2023,138,1145.0,13.14,615.3,28.72,0.0
101,2023,138,1146.0,13.14,737.0,28.77,0.0
101,2023,138,1147.0,13.15,492.8,28.96,0.0
101,2023,138,1148.0,13.14,366.8,29.02,0.0
101,2023,138,1149.0,13.15,431.0,28.96,0.0
101,2023,138,1150.0,13.14,501.4,28.92,0.0
101,2023,138,1151.0,13.15,634.4,28.8,0.0
101,2023,138,1152.0,13.15,599.5,28.79,0.0
101,2023,138,1153.0,13.15,512.4,28.81,0.0
101,2023,138,1154.0,13.15,524.5,28.83,0.0
101,2023,138,1155.0,13.15,579.6,28.76,0.0
101,2023,138,1156.0,13.15,626.9,28.73,0.0
101,2023,138,1157.0,13.14,701.0,28.83,0.0
101,2023,138,1158.0,13.15,759.0,28.89,0.0
101,2023,138,1159.0,13.15,657.2,29.05,0.0
101,2023,138,1200.0,13.14,610.6,29.14,0.0
101,2023,138,1201.0,13.15,688.3,29.2,0.0
101,2023,138,1202.0,13.15,592.3,29.14,0.0
101,2023,138,1203.0,13.14,444.3,29.0,0.0
101,2023,138,1204.0,13.14,592.9,28.78,0.0
101,2023,138,1205.0,13.14,760.0,28.83,0.0
101,2023,138,1206.0,13.14,830.0,28.87,0.0
101,2023,138,1207.0,13.14,697.0,28.92,0.0
101,2023,138,1208.0,13.14,732.0,28.92,0.0
101,2023,138,1209.0,13.14,795.0,29.02,0.0
101,2023,138,1210.0,13.14,601.2,29.03,0.0
101,2023,138,1211.0,13.14,512.7,29.08,0.0
101,2023,138,1212.0,13.14,859.0,29.17,0.0
101,2023,138,1213.0,13.14,936.0,29.05,0.0
101,2023,138,1214.0,13.14,780.0,28.91,0.0
101,2023,138,1215.0,13.14,579.1,28.89,0.0
101,2023,138,1216.0,13.14,566.4,29.01,0.0
101,2023,138,1217.0,13.14,670.0,28.96,0.0
101,2023,138,1218.0,13.14,679.1,29.04,0.0
101,2023,138,1219.0,13.14,704.0,29.16,0.0
101,2023,138,1220.0,13.14,663.8,29.12,0.0
101,2023,138,1221.0,13.14,868.0,28.97,0.0
101,2023,138,1222.0,13.14,615.0,28.91,0.0
101,2023,138,1223.0,13.14,627.9,29.06,0.0
101,2023,138,1224.0,13.13,785.0,29.06,0.0
101,2023,138,1225.0,13.14,885.0,28.95,0.0
101,2023,138,1226.0,13.13,902.0,29.07,0.0
101,2023,138,1227.0,13.13,841.0,29.21,0.0
101,2023,138,1228.0,13.13,688.4,29.3,0.0
101,2023,138,1229.0,13.13,678.0,29.26,0.0
101,2023,138,1230.0,13.13,680.5,29.37,0.0
101,2023,138,1231.0,13.13,651.0,29.37,0.0
101,2023,138,1232.0,13.13,464.0,29.33,0.0
101,2023,138,1233.0,13.13,425.6,29.16,0.0
101,2023,138,1234.0,13.13,391.5,29.06,0.0
101,2023,138,1235.0,13.13,381.0,28.9,0.0
101,2023,138,1236.0,13.13,371.7,28.89,0.0
101,2023,138,1237.0,13.13,382.6,28.93,0.0
101,2023,138,1238.0,13.13,395.1,28.94,0.0
101,2023,138,1239.0,13.13,381.2,28.87,0.0
101,2023,138,1240.0,13.13,436.6,28.71,0.0
101,2023,138,1241.0,13.13,605.1,28.57,0.0
101,2023,138,1242.0,13.13,768.0,28.58,0.0
101,2023,138,1243.0,13.13,1077.0,28.75,0.0
101,2023,138,1244.0,13.13,1100.0,28.99,0.0
101,2023,138,1245.0,13.13,659.2,29.18,0.0
101,2023,138,1246.0,13.13,415.4,28.98,0.0
101,2023,138,1247.0,13.13,356.2,28.87,0.0
101,2023,138,1248.0,13.13,387.6,28.79,0.0
101,2023,138,1249.0,13.13,373.9,28.77,0.0
101,2023,138,1250.0,13.13,439.5,28.72,0.0
101,2023,138,1251.0,13.13,422.2,28.76,0.0
101,2023,138,1252.0,13.13,432.9,28.83,0.0
101,2023,138,1253.0,13.13,395.3,28.8,0.0
101,2023,138,1254.0,13.13,318.5,28.75,0.0
101,2023,138,1255.0,13.13,312.0,28.67,0.0
101,2023,138,1256.0,13.14,339.5,28.65,0.0
101,2023,138,1257.0,13.13,368.6,28.64,0.0
101,2023,138,1258.0,13.14,383.1,28.56,0.0
101,2023,138,1259.0,13.14,390.5,28.51,0.0
101,2023,138,1300.0,13.14,406.8,28.5,0.0
101,2023,138,1301.0,13.14,443.3,28.51,0.0
101,2023,138,1302.0,13.14,583.8,28.62,0.0
101,2023,138,1303.0,13.14,549.4,28.61,0.0
101,2023,138,1304.0,13.14,499.8,28.58,0.0
101,2023,138,1305.0,13.14,504.7,28.68,0.0
101,2023,138,1306.0,13.14,516.3,28.71,0.0
101,2023,138,1307.0,13.14,503.8,28.65,0.0
101,2023,138,1308.0,13.14,476.4,28.59,0.0
101,2023,138,1309.0,13.14,419.4,28.55,0.0
101,2023,138,1310.0,13.14,437.1,28.47,0.0
101,2023,138,1311.0,13.14,578.6,28.41,0.0
101,2023,138,1312.0,13.14,688.4,28.44,0.0
101,2023,138,1313.0,13.14,753.0,28.52,0.0
101,2023,138,1314.0,13.14,426.4,28.6,0.0
101,2023,138,1315.0,13.14,307.2,28.66,0.0
101,2023,138,1316.0,13.14,376.5,28.69,0.0
101,2023,138,1317.0,13.14,820.0,28.64,0.0
101,2023,138,1318.0,13.14,836.0,28.68,0.0
101,2023,138,1319.0,13.14,698.5,28.71,0.0
101,2023,138,1320.0,13.14,602.6,28.66,0.0
101,2023,138,1321.0,13.14,794.0,28.64,0.0
101,2023,138,1322.0,13.14,753.0,28.61,0.0
101,2023,138,1323.0,13.13,785.0,28.62,0.0
101,2023,138,1324.0,13.13,1039.0,28.65,0.0
101,2023,138,1325.0,13.13,1027.0,28.78,0.0
101,2023,138,1326.0,13.13,420.3,28.99,0.0
101,2023,138,1327.0,13.13,310.6,28.94,0.0
101,2023,138,1328.0,13.13,693.1,28.71,0.0
101,2023,138,1329.0,13.13,752.0,28.66,0.0
101,2023,138,1330.0,13.13,735.0,28.84,0.0
101,2023,138,1331.0,13.13,829.0,28.86,0.0
101,2023,138,1332.0,13.13,902.0,28.76,0.0
101,2023,138,1333.0,13.13,670.9,28.86,0.0
101,2023,138,1334.0,13.13,842.0,29.05,0.0
101,2023,138,1335.0,13.12,839.0,29.18,0.0
101,2023,138,1336.0,13.13,855.0,29.32,0.0
101,2023,138,1337.0,13.13,683.2,29.43,0.0
101,2023,138,1338.0,13.13,684.0,29.47,0.0
101,2023,138,1339.0,13.12,837.0,29.36,0.0
101,2023,138,1340.0,13.12,845.0,29.24,0.0
101,2023,138,1341.0,13.12,554.5,29.16,0.0
101,2023,138,1342.0,13.12,442.3,29.23,0.0
101,2023,138,1343.0,13.12,232.8,29.14,0.0
101,2023,138,1344.0,13.12,229.6,28.99,0.0
101,2023,138,1345.0,13.12,598.1,28.92,0.0
101,2023,138,1346.0,13.12,783.0,29.0,0.0
101,2023,138,1347.0,13.12,553.9,29.01,0.0
101,2023,138,1348.0,13.12,342.3,29.01,0.0
101,2023,138,1349.0,13.12,272.0,28.83,0.0
101,2023,138,1350.0,13.12,264.9,28.86,0.0
101,2023,138,1351.0,13.12,238.0,28.79,0.0
101,2023,138,1352.0,13.12,265.1,28.67,0.0
101,2023,138,1353.0,13.12,553.3,28.47,0.0
101,2023,138,1354.0,13.13,743.0,28.48,0.0
101,2023,138,1355.0,13.13,812.0,28.59,0.0
101,2023,138,1356.0,13.13,662.0,28.65,0.0
101,2023,138,1357.0,13.13,428.3,28.82,0.0
101,2023,138,1358.0,13.13,759.0,28.87,0.0
101,2023,138,1359.0,13.13,371.2,28.81,0.0
101,2023,138,1400.0,13.13,655.5,28.79,0.0
101,2023,138,1401.0,13.13,861.0,28.92,0.0
101,2023,138,1402.0,13.13,844.0,29.03,0.0
101,2023,138,1403.0,13.13,832.0,29.14,0.0
101,2023,138,1404.0,13.13,660.8,29.16,0.0
101,2023,138,1405.0,13.13,724.0,28.94,0.0
101,2023,138,1406.0,13.13,796.0,28.95,0.0
101,2023,138,1407.0,13.13,772.0,29.05,0.0
101,2023,138,1408.0,13.13,748.0,29.06,0.0
101,2023,138,1409.0,13.13,757.0,28.98,0.0
101,2023,138,1410.0,13.13,749.0,29.18,0.0
101,2023,138,1411.0,13.13,688.1,29.24,0.0
101,2023,138,1412.0,13.13,575.5,29.3,0.0
101,2023,138,1413.0,13.12,621.2,29.23,0.0
101,2023,138,1414.0,13.12,467.9,29.26,0.0
101,2023,138,0.0,13.12,242.4,29.28,0.0
101,2023,138,1416.0,13.12,452.5,28.96,0.0
101,2023,138,1417.0,13.12,353.2,28.89,0.0
101,2023,138,1418.0,13.13,443.9,28.81,0.0
101,2023,138,1419.0,13.12,202.8,28.82,0.0
101,2023,138,1420.0,13.12,297.4,28.67,0.0
101,2023,138,1421.0,13.13,275.8,28.47,0.0
101,2023,138,1422.0,13.13,364.3,28.38,0.0
101,2023,138,1423.0,13.12,554.3,28.34,0.0
101,2023,138,1424.0,13.13,674.9,28.41,0.0
101,2023,138,1425.0,13.13,724.0,28.55,0.0
101,2023,138,1426.0,13.13,730.0,28.68,0.0
101,2023,138,1427.0,13.13,742.0,28.9,0.0
101,2023,138,1428.0,13.13,736.0,28.85,0.0
101,2023,138,1429.0,13.13,733.0,28.78,0.0
101,2023,138,1430.0,13.13,742.0,28.67,0.0
101,2023,138,1431.0,13.13,737.0,28.62,0.0
101,2023,138,1432.0,13.13,673.6,28.74,0.0
101,2023,138,1433.0,13.13,650.6,28.9,0.0
101,2023,138,1434.0,13.13,567.2,29.01,0.0
101,2023,138,1435.0,13.13,411.1,29.13,0.0
101,2023,138,1436.0,13.13,233.8,28.98,0.0
101,2023,138,1437.0,13.13,292.3,28.82,0.0
101,2023,138,1438.0,13.13,482.2,28.86,0.0
101,2023,138,1439.0,13.13,580.1,28.83,0.0
101,2023,138,1440.0,13.13,487.8,28.87,0.0
101,2023,138,1441.0,13.13,474.0,28.69,0.0
101,2023,138,1442.0,13.13,239.7,28.56,0.0
101,2023,138,1443.0,13.13,495.2,28.54,0.0
101,2023,138,1444.0,13.13,590.4,28.58,0.0
101,2023,138,1445.0,13.13,553.7,28.61,0.0
101,2023,138,1446.0,13.13,598.8,28.6,0.0
101,2023,138,1447.0,13.13,665.3,28.62,0.0
101,2023,138,1448.0,13.14,574.8,28.64,0.0
101,2023,138,1449.0,13.13,657.9,28.73,0.0
101,2023,138,1450.0,13.13,682.2,28.79,0.0
101,2023,138,1451.0,13.13,631.0,28.79,0.0
101,2023,138,1452.0,13.13,543.6,28.86,0.0
101,2023,138,1453.0,13.13,249.0,28.92,0.0
101,2023,138,1454.0,13.13,225.1,28.79,0.0
101,2023,138,1455.0,13.13,199.2,28.57,0.0
101,2023,138,1456.0,13.13,324.0,28.43,0.0
101,2023,138,1457.0,13.13,397.7,28.42,0.0
101,2023,138,1458.0,13.14,168.9,28.34,0.0
101,2023,138,1459.0,13.13,152.2,28.29,0.0
101,2023,138,1500.0,13.14,149.9,28.17,0.0
101,2023,138,1501.0,13.14,145.9,28.12,0.0
101,2023,138,1502.0,13.14,139.7,28.09,0.0
101,2023,138,1503.0,13.14,134.7,27.93,0.0
101,2023,138,1504.0,13.14,138.4,27.93,0.0
101,2023,138,1505.0,13.14,141.0,27.94,0.0
101,2023,138,1506.0,13.14,146.4,27.91,0.0
101,2023,138,1507.0,13.14,150.7,27.93,0.0
101,2023,138,1508.0,13.14,147.7,27.87,0.0
101,2023,138,1509.0,13.14,136.1,27.82,0.0
101,2023,138,1510.0,13.14,124.0,27.76,0.0
101,2023,138,1511.0,13.14,116.2,27.67,0.0
101,2023,138,1512.0,13.14,115.1,27.63,0.0
101,2023,138,1513.0,13.14,113.8,27.61,0.0
101,2023,138,1514.0,13.14,112.5,27.58,0.0
101,2023,138,1515.0,13.14,113.4,27.56,0.0
101,2023,138,1516.0,13.15,114.3,27.52,0.0
101,2023,138,1517.0,13.14,114.9,27.55,0.0
101,2023,138,1518.0,13.15,110.9,27.53,0.0
101,2023,138,1519.0,13.14,114.2,27.47,0.0
101,2023,138,1520.0,13.15,123.5,27.45,0.0
101,2023,138,1521.0,13.15,130.9,27.43,0.0
101,2023,138,1522.0,13.15,133.2,27.44,0.0
101,2023,138,1523.0,13.15,124.3,27.44,0.0
101,2023,138,1524.0,13.15,118.0,27.42,0.0
101,2023,138,1525.0,13.15,117.2,27.4,0.0
101,2023,138,1526.0,13.15,118.0,27.41,0.0
101,2023,138,1527.0,13.15,117.3,27.44,0.0
101,2023,138,1528.0,13.15,113.9,27.45,0.0
101,2023,138,1529.0,13.15,108.3,27.46,0.0
101,2023,138,1530.0,13.15,111.4,27.45,0.0
101,2023,138,1531.0,13.15,116.9,27.45,0.0
101,2023,138,1532.0,13.15,127.5,27.44,0.0
101,2023,138,1533.0,13.15,272.6,27.45,0.0
101,2023,138,1534.0,13.15,220.6,27.48,0.0
101,2023,138,1535.0,13.15,143.3,27.51,0.0
101,2023,138,1536.0,13.15,272.2,27.52,0.0
101,2023,138,1537.0,13.15,280.2,27.55,0.0
101,2023,138,1538.0,13.16,245.7,27.58,0.0
101,2023,138,1539.0,13.16,187.5,27.59,0.0
101,2023,138,1540.0,13.16,162.3,27.59,0.0
101,2023,138,1541.0,13.16,153.2,27.6,0.0
101,2023,138,1542.0,13.16,148.1,27.61,0.0
101,2023,138,1543.0,13.16,149.1,27.57,0.0
101,2023,138,1544.0,13.16,139.4,27.55,0.0
101,2023,138,1545.0,13.16,146.9,27.57,0.0
101,2023,138,1546.0,13.16,136.7,27.57,0.0
101,2023,138,1547.0,13.16,126.9,27.62,0.0
101,2023,138,1548.0,13.16,137.7,27.56,0.0
101,2023,138,1549.0,13.16,150.1,27.5,0.0
101,2023,138,1550.0,13.16,116.2,27.43,0.0
101,2023,138,1551.0,13.16,108.1,27.4,0.0
101,2023,138,1552.0,13.16,106.6,27.4,0.0
101,2023,138,1553.0,13.16,103.3,27.38,0.0
101,2023,138,1554.0,13.16,102.3,27.36,0.0
101,2023,138,1555.0,13.16,116.1,27.35,0.0
101,2023,138,1556.0,13.16,124.6,27.35,0.0
101,2023,138,1557.0,13.17,118.7,27.35,0.0
101,2023,138,1558.0,13.16,113.6,27.32,0.0
101,2023,138,1559.0,13.17,124.2,27.31,0.0
101,2023,138,1600.0,13.17,113.5,27.3,0.0
101,2023,138,1601.0,13.17,109.3,27.28,0.0
101,2023,138,1602.0,13.17,105.6,27.26,0.0
101,2023,138,1603.0,13.17,102.7,27.24,0.0
101,2023,138,1604.0,13.17,100.3,27.2,0.0
101,2023,138,1605.0,13.17,98.7,27.2,0.0
101,2023,138,1606.0,13.17,96.4,27.2,0.0
101,2023,138,1607.0,13.17,94.7,27.19,0.0
101,2023,138,1608.0,13.17,93.7,27.2,0.0
101,2023,138,1609.0,13.17,94.0,27.18,0.0
101,2023,138,1610.0,13.17,93.0,27.15,0.0
101,2023,138,1611.0,13.17,91.4,27.14,0.0
101,2023,138,1612.0,13.17,90.1,27.13,0.0
101,2023,138,1613.0,13.17,89.0,27.1,0.0
101,2023,138,1614.0,13.17,87.5,27.09,0.0
101,2023,138,1615.0,13.17,85.4,27.1,0.0
101,2023,138,1616.0,13.17,86.5,27.07,0.0
101,2023,138,1617.0,13.17,90.1,27.04,0.0
101,2023,138,1618.0,13.17,93.1,27.02,0.0
101,2023,138,1619.0,13.17,87.3,27.03,0.0
101,2023,138,1620.0,13.17,83.3,27.03,0.0
101,2023,138,1621.0,13.17,80.0,26.97,0.0
101,2023,138,1622.0,13.17,76.8,26.91,0.0
101,2023,138,1623.0,13.17,74.6,26.87,0.0
101,2023,138,1624.0,13.17,72.8,26.85,0.0
101,2023,138,1625.0,13.17,71.0,26.83,0.0
101,2023,138,1626.0,13.17,69.87,26.83,0.0
101,2023,138,1627.0,13.17,69.06,26.8,0.0
101,2023,138,1628.0,13.18,68.49,26.79,0.0
101,2023,138,1629.0,13.17,68.69,26.77,0.0
101,2023,138,1630.0,13.18,69.59,26.77,0.0
101,2023,138,1631.0,13.17,71.8,26.74,0.0
101,2023,138,1632.0,13.18,73.0,26.72,0.0
101,2023,138,1633.0,13.17,75.5,26.69,0.0
101,2023,138,1634.0,13.18,79.2,26.67,0.0
101,2023,138,1635.0,13.18,84.4,26.67,0.0
101,2023,138,1636.0,13.18,101.8,26.64,0.0
101,2023,138,1637.0,13.18,115.0,26.62,0.0
101,2023,138,1638.0,13.18,117.1,26.61,0.0
101,2023,138,1639.0,13.18,112.9,26.61,0.0
101,2023,138,1640.0,13.18,113.8,26.59,0.0
101,2023,138,1641.0,13.18,104.1,26.56,0.0
101,2023,138,1642.0,13.18,73.3,26.56,0.0
101,2023,138,1643.0,13.18,57.84,26.56,0.0
101,2023,138,1644.0,13.17,52.17,26.53,0.0
101,2023,138,1645.0,13.17,45.95,26.5,0.0
101,2023,138,1646.0,13.16,40.45,26.47,0.0
101,2023,138,1647.0,13.15,38.19,26.45,0.0
101,2023,138,1648.0,13.15,43.16,26.46,0.0
101,2023,138,1649.0,13.14,45.21,26.45,0.0
101,2023,138,1650.0,13.12,36.7,26.41,0.0
101,2023,138,1651.0,13.11,40.7,26.4,0.0
101,2023,138,1652.0,13.1,49.16,26.4,0.0
101,2023,138,1653.0,13.08,41.1,26.37,0.0
101,2023,138,1654.0,13.07,31.83,26.35,0.0
101,2023,138,1655.0,13.06,26.84,26.33,0.0
101,2023,138,1656.0,13.05,21.79,26.31,0.0
101,2023,138,1657.0,13.04,19.62,26.28,0.0
101,2023,138,1658.0,13.03,17.67,26.25,0.0
101,2023,138,1659.0,13.03,16.21,26.24,0.0
101,2023,138,1700.0,13.02,14.74,26.22,0.0
101,2023,138,1701.0,13.01,13.45,26.21,0.0
101,2023,138,1702.0,13.0,12.21,26.18,0.0
101,2023,138,1703.0,13.0,11.13,26.14,0.0
101,2023,138,1704.0,12.99,10.01,26.12,0.0
101,2023,138,1705.0,12.99,9.11,26.08,0.0
101,2023,138,1706.0,12.98,8.18,26.05,0.0
101,2023,138,1707.0,12.98,7.22,26.02,0.0
101,2023,138,1708.0,12.97,6.343,25.97,0.0
101,2023,138,1709.0,12.97,5.441,25.96,0.0
101,2023,138,1710.0,12.96,4.905,25.93,0.0
101,2023,138,1711.0,12.96,4.736,25.9,0.0
101,2023,138,1712.0,12.96,4.736,25.88,0.0
101,2023,138,1713.0,12.95,4.088,25.87,0.0
101,2023,138,1714.0,12.95,3.721,25.84,0.0
101,2023,138,1715.0,12.94,3.073,25.81,0.0
101,2023,138,1716.0,12.94,2.65,25.78,0.0
101,2023,138,1717.0,12.93,2.368,25.77,0.0
101,2023,138,1718.0,12.93,2.002,25.75,0.0
101,2023,138,1719.0,12.93,1.691,25.73,0.0
101,2023,138,1720.0,12.93,1.691,25.7,0.0
101,2023,138,1721.0,12.92,1.071,25.69,0.0
101,2023,138,1722.0,12.92,1.015,25.67,0.0
101,2023,138,1723.0,12.92,1.015,25.65,0.0
101,2023,138,1724.0,12.92,0.0,25.63,0.0
101,2023,138,1725.0,12.91,0.0,25.61,0.0
101,2023,138,1726.0,12.91,0.0,25.59,0.0
101,2023,138,1727.0,12.91,0.0,25.57,0.0
101,2023,138,1728.0,12.91,0.0,25.54,0.0
101,2023,138,1729.0,12.9,0.0,25.54,0.0
101,2023,138,1730.0,12.9,0.0,25.52,0.0
101,2023,138,1731.0,12.9,0.0,25.5,0.0
101,2023,138,1732.0,12.9,0.0,25.47,0.0
101,2023,138,1733.0,12.9,0.0,25.46,0.0
101,2023,138,1734.0,12.89,0.0,25.45,0.0
101,2023,138,1735.0,12.89,0.0,25.44,0.0
101,2023,138,1736.0,12.89,0.0,25.44,0.0
101,2023,138,1737.0,12.89,0.0,25.42,0.0
101,2023,138,1738.0,12.89,0.0,25.41,0.0
101,2023,138,1739.0,12.88,0.0,25.4,0.0
101,2023,138,1740.0,12.88,0.0,25.39,0.0
101,2023,138,1741.0,12.88,0.0,25.38,0.0
101,2023,138,1742.0,12.88,0.0,25.37,0.0
101,2023,138,1743.0,12.88,0.0,25.36,0.0
101,2023,138,1744.0,12.88,0.0,25.36,0.0
101,2023,138,1745.0,12.88,0.0,25.34,0.0
101,2023,138,1746.0,12.87,0.0,25.32,0.0
101,2023,138,1747.0,12.87,0.0,25.31,0.0
101,2023,138,1748.0,12.87,0.0,25.29,0.0
101,2023,138,1749.0,12.87,0.0,25.29,0.0
101,2023,138,1750.0,12.87,0.0,25.28,0.0
101,2023,138,1751.0,12.87,0.0,25.28,0.0
101,2023,138,1752.0,12.87,0.0,25.28,0.0
101,2023,138,1753.0,12.87,0.0,25.26,0.0
101,2023,138,1754.0,12.86,0.0,25.24,0.0
101,2023,138,1755.0,12.86,0.0,25.23,0.0
101,2023,138,1756.0,12.86,0.0,25.22,0.0
101,2023,138,1757.0,12.86,0.0,25.19,0.0
101,2023,138,1758.0,12.86,0.0,25.19,0.0
101,2023,138,1759.0,12.86,0.0,25.19,0.0
101,2023,138,1800.0,12.86,0.0,25.18,0.0
101,2023,138,1801.0,12.86,0.0,25.18,0.0
101,2023,138,1802.0,12.86,0.0,25.16,0.0
101,2023,138,1803.0,12.86,0.0,25.15,0.0
101,2023,138,1804.0,12.85,0.0,25.13,0.0
101,2023,138,1805.0,12.86,0.0,25.11,0.0
101,2023,138,1806.0,12.85,0.0,25.1,0.0
101,2023,138,1807.0,12.85,0.0,25.08,0.0
101,2023,138,1808.0,12.85,0.0,25.06,0.0
101,2023,138,1809.0,12.85,0.0,25.05,0.0
101,2023,138,1810.0,12.85,0.0,25.04,0.0
101,2023,138,1811.0,12.85,0.0,25.03,0.0
101,2023,138,1812.0,12.85,0.0,25.02,0.0
101,2023,138,1813.0,12.85,0.0,25.0,0.0
101,2023,138,1814.0,12.85,0.0,24.98,0.0
101,2023,138,1815.0,12.85,0.0,24.96,0.0
101,2023,138,1816.0,12.85,0.0,24.93,0.0
101,2023,138,1817.0,12.84,0.0,24.91,0.0
101,2023,138,1818.0,12.84,0.0,24.9,0.0
101,2023,138,1819.0,12.84,0.0,24.89,0.0
101,2023,138,1820.0,12.84,0.0,24.86,0.0
101,2023,138,1821.0,12.84,0.0,24.83,0.0
101,2023,138,1822.0,12.84,0.0,24.82,0.0
101,2023,138,1823.0,12.84,0.0,24.79,0.0
101,2023,138,1824.0,12.84,0.0,24.77,0.0
101,2023,138,1825.0,12.84,0.0,24.74,0.0
101,2023,138,1826.0,12.84,0.0,24.72,0.0
101,2023,138,1827.0,12.84,0.0,24.69,0.0
101,2023,138,1828.0,12.84,0.0,24.67,0.0
101,2023,138,1829.0,12.84,0.0,24.63,0.0
101,2023,138,1830.0,12.84,0.0,24.6,0.0
101,2023,138,1831.0,12.84,0.0,24.58,0.0
101,2023,138,1832.0,12.84,0.0,24.57,0.0
101,2023,138,1833.0,12.84,0.0,24.55,0.0
101,2023,138,1834.0,12.84,0.0,24.52,0.0
101,2023,138,1835.0,12.83,0.0,24.5,0.0
101,2023,138,1836.0,12.83,0.0,24.47,0.0
101,2023,138,1837.0,12.83,0.0,24.46,0.0
101,2023,138,1838.0,12.83,0.0,24.42,0.0
101,2023,138,1839.0,12.83,0.0,24.4,0.0
101,2023,138,1840.0,12.83,0.0,24.37,0.0
101,2023,138,1841.0,12.83,0.0,24.35,0.0
101,2023,138,1842.0,12.83,0.0,24.32,0.0
101,2023,138,1843.0,12.83,0.0,24.31,0.0
101,2023,138,1844.0,12.83,0.0,24.29,0.0
101,2023,138,1845.0,12.83,0.0,24.27,0.0
101,2023,138,1846.0,12.83,0.0,24.25,0.0
101,2023,138,1847.0,12.83,0.0,24.23,0.0
101,2023,138,1848.0,12.83,0.0,24.23,0.0
101,2023,138,1849.0,12.83,0.0,24.22,0.0
101,2023,138,1850.0,12.83,0.0,24.21,0.0
101,2023,138,1851.0,12.83,0.0,24.19,0.0
101,2023,138,1852.0,12.83,0.0,24.14,0.0
101,2023,138,1853.0,12.83,0.0,24.1,0.0
101,2023,138,1854.0,12.82,0.0,24.1,0.0
101,2023,138,1855.0,12.83,0.0,24.11,0.0
101,2023,138,1856.0,12.83,0.0,24.1,0.0
101,2023,138,1857.0,12.82,0.0,24.1,0.0
101,2023,138,1858.0,12.82,0.0,24.1,0.0
101,2023,138,1859.0,12.82,0.0,24.09,0.0
101,2023,138,1900.0,12.82,0.0,24.07,0.0
101,2023,138,1901.0,12.82,0.0,24.06,0.0
101,2023,138,1902.0,12.82,0.0,24.04,0.0
101,2023,138,1903.0,12.82,0.0,24.01,0.0
101,2023,138,1904.0,12.82,0.0,23.99,0.0
101,2023,138,1905.0,12.82,0.0,23.98,0.0
101,2023,138,1906.0,12.82,0.0,23.95,0.0
101,2023,138,1907.0,12.82,0.0,23.93,0.0
101,2023,138,1908.0,12.82,0.0,23.91,0.0
101,2023,138,1909.0,12.82,0.0,23.9,0.0
101,2023,138,1910.0,12.82,0.0,23.87,0.0
101,2023,138,1911.0,12.82,0.0,23.82,0.0
101,2023,138,1912.0,12.82,0.0,23.77,0.0
101,2023,138,1913.0,12.82,0.0,23.76,0.0
101,2023,138,1914.0,12.81,0.0,23.76,0.0
101,2023,138,1915.0,12.81,0.0,23.74,0.0
101,2023,138,1916.0,12.81,0.0,23.72,0.0
101,2023,138,1917.0,12.81,0.0,23.71,0.0
101,2023,138,1918.0,12.81,0.0,23.67,0.0
101,2023,138,1919.0,12.81,0.0,23.65,0.0
101,2023,138,1920.0,12.81,0.0,23.62,0.0
101,2023,138,1921.0,12.81,0.0,23.59,0.0
101,2023,138,1922.0,12.81,0.0,23.55,0.0
101,2023,138,1923.0,12.81,0.0,23.52,0.0
101,2023,138,1924.0,12.81,0.0,23.5,0.0
101,2023,138,1925.0,12.81,0.0,23.49,0.0
101,2023,138,1926.0,12.81,0.0,23.48,0.0
101,2023,138,1927.0,12.81,0.0,23.46,0.0
101,2023,138,1928.0,12.81,0.0,23.45,0.0
101,2023,138,1929.0,12.81,0.0,23.45,0.0
101,2023,138,1930.0,12.81,0.0,23.46,0.0
101,2023,138,1931.0,12.81,0.0,23.46,0.0
101,2023,138,1932.0,12.81,0.0,23.46,0.0
101,2023,138,1933.0,12.81,0.0,23.47,0.0
101,2023,138,1934.0,12.81,0.0,23.48,0.0
101,2023,138,1935.0,12.81,0.0,23.48,0.0
101,2023,138,1936.0,12.81,0.0,23.49,0.0
101,2023,138,1937.0,12.81,0.0,23.49,0.0
101,2023,138,1938.0,12.81,0.0,23.51,0.0
101,2023,138,1939.0,12.81,0.0,23.54,0.0
101,2023,138,1940.0,12.81,0.0,23.56,0.0
101,2023,138,1941.0,12.81,0.0,23.56,0.0
101,2023,138,1942.0,12.81,0.0,23.58,0.0
101,2023,138,1943.0,12.81,0.0,23.6,0.0
101,2023,138,1944.0,12.81,0.0,23.61,0.0
101,2023,138,1945.0,12.81,0.0,23.6,0.0
101,2023,138,1946.0,12.8,0.0,23.59,0.0
101,2023,138,1947.0,12.81,0.0,23.59,0.0
101,2023,138,1948.0,12.8,0.0,23.58,0.0
101,2023,138,1949.0,12.8,0.0,23.58,0.0
101,2023,138,1950.0,12.81,0.0,23.58,0.0
101,2023,138,1951.0,12.8,0.0,23.58,0.0
101,2023,138,1952.0,12.8,0.0,23.57,0.0
101,2023,138,1953.0,12.8,0.0,23.57,0.0
101,2023,138,1954.0,12.8,0.0,23.56,0.0
101,2023,138,1955.0,12.8,0.0,23.56,0.0
101,2023,138,1956.0,12.8,0.0,23.57,0.0
101,2023,138,1957.0,12.8,0.0,23.58,0.0
101,2023,138,1958.0,12.8,0.0,23.59,0.0
101,2023,138,1959.0,12.8,0.0,23.59,0.0
101,2023,138,2000.0,12.8,0.0,23.59,0.0
101,2023,138,2001.0,12.8,0.0,23.59,0.0
101,2023,138,2002.0,12.8,0.0,23.58,0.0
101,2023,138,2003.0,12.8,0.0,23.58,0.0
101,2023,138,2004.0,12.8,0.0,23.56,0.0
101,2023,138,2005.0,12.8,0.0,23.54,0.0
101,2023,138,2006.0,12.8,0.0,23.49,0.0
101,2023,138,2007.0,12.8,0.0,23.46,0.0
101,2023,138,2008.0,12.8,0.0,23.43,0.0
101,2023,138,2009.0,12.8,0.0,23.43,0.0
101,2023,138,2010.0,12.8,0.0,23.36,0.0
101,2023,138,2011.0,12.79,0.0,23.23,0.0
101,2023,138,2012.0,12.8,0.0,23.21,0.0
101,2023,138,2013.0,12.79,0.0,23.2,0.0
101,2023,138,2014.0,12.79,0.0,23.2,0.0
101,2023,138,2015.0,12.79,0.0,23.24,0.0
101,2023,138,2016.0,12.79,0.0,23.27,0.0
101,2023,138,2017.0,12.79,0.0,23.28,0.0
101,2023,138,2018.0,12.79,0.0,23.29,0.0
101,2023,138,2019.0,12.79,0.0,23.3,0.0
101,2023,138,2020.0,12.79,0.0,23.31,0.0
101,2023,138,2021.0,12.79,0.0,23.31,0.0
101,2023,138,2022.0,12.79,0.0,23.32,0.0
101,2023,138,2023.0,12.79,0.0,23.32,0.0
101,2023,138,2024.0,12.79,0.0,23.31,0.0
101,2023,138,2025.0,12.79,0.0,23.32,0.0
101,2023,138,2026.0,12.79,0.0,23.35,0.0
101,2023,138,2027.0,12.79,0.0,23.36,0.0
101,2023,138,2028.0,12.79,0.0,23.37,0.0
101,2023,138,2029.0,12.79,0.0,23.39,0.0
101,2023,138,2030.0,12.79,0.0,23.39,0.0
101,2023,138,2031.0,12.79,0.0,23.36,0.0
101,2023,138,2032.0,12.79,0.0,23.34,0.0
101,2023,138,2033.0,12.79,0.0,23.3,0.0
101,2023,138,2034.0,12.79,0.0,23.27,0.0
101,2023,138,2035.0,12.79,0.0,23.24,0.0
101,2023,138,2036.0,12.79,0.0,23.22,0.0
101,2023,138,2037.0,12.79,0.0,23.22,0.0
101,2023,138,2038.0,12.79,0.0,23.23,0.0
101,2023,138,2039.0,12.79,0.0,23.2,0.0
101,2023,138,2040.0,12.79,0.0,23.18,0.0
101,2023,138,2041.0,12.79,0.0,23.13,0.0
101,2023,138,2042.0,12.79,0.0,23.05,0.0
101,2023,138,2043.0,12.79,0.0,22.97,0.0
101,2023,138,2044.0,12.79,0.0,22.92,0.0
101,2023,138,2045.0,12.79,0.0,22.92,0.0
101,2023,138,2046.0,12.79,0.0,22.91,0.0
101,2023,138,2047.0,12.79,0.0,22.9,0.0
101,2023,138,2048.0,12.79,0.0,22.87,0.0
101,2023,138,2049.0,12.79,0.0,22.81,0.0
101,2023,138,2050.0,12.79,0.0,22.69,0.0
101,2023,138,2051.0,12.79,0.0,22.6,0.0
101,2023,138,2052.0,12.79,0.0,22.56,0.0
101,2023,138,2053.0,12.79,0.0,22.58,0.0
101,2023,138,2054.0,12.79,0.0,22.61,0.0
101,2023,138,2055.0,12.79,0.0,22.61,0.0
101,2023,138,2056.0,12.79,0.0,22.61,0.0
101,2023,138,2057.0,12.79,0.0,22.61,0.0
101,2023,138,2058.0,12.79,0.0,22.61,0.0
101,2023,138,2059.0,12.79,0.0,22.61,0.0
101,2023,138,2100.0,12.78,0.0,22.63,0.0
101,2023,138,2101.0,12.79,0.0,22.67,0.0
101,2023,138,2102.0,12.79,0.0,22.68,0.0
101,2023,138,2103.0,12.79,0.0,22.69,0.0
101,2023,138,2104.0,12.78,0.0,22.69,0.0
101,2023,138,2105.0,12.79,0.0,22.71,0.0
101,2023,138,2106.0,12.78,0.0,22.71,0.0
101,2023,138,2107.0,12.78,0.0,22.69,0.0
101,2023,138,2108.0,12.78,0.0,22.69,0.0
101,2023,138,2109.0,12.78,0.0,22.68,0.0
101,2023,138,2110.0,12.78,0.0,22.69,0.0
101,2023,138,2111.0,12.78,0.0,22.71,0.0
101,2023,138,2112.0,12.78,0.0,22.73,0.0
101,2023,138,2113.0,12.78,0.0,22.74,0.0
101,2023,138,2114.0,12.78,0.0,22.72,0.0
101,2023,138,2115.0,12.78,0.0,22.71,0.0
101,2023,138,2116.0,12.78,0.0,22.7,0.0
101,2023,138,2117.0,12.78,0.0,22.69,0.0
101,2023,138,2118.0,12.78,0.0,22.7,0.0
101,2023,138,2119.0,12.78,0.0,22.73,0.0
101,2023,138,2120.0,12.78,0.0,22.75,0.0
101,2023,138,2121.0,12.78,0.0,22.75,0.0
101,2023,138,2122.0,12.78,0.0,22.74,0.0
101,2023,138,2123.0,12.78,0.0,22.76,0.0
101,2023,138,2124.0,12.78,0.0,22.76,0.0
101,2023,138,2125.0,12.78,0.0,22.76,0.0
101,2023,138,2126.0,12.78,0.0,22.76,0.0
101,2023,138,2127.0,12.78,0.0,22.76,0.0
101,2023,138,2128.0,12.78,0.0,22.76,0.0
101,2023,138,2129.0,12.78,0.0,22.73,0.0
101,2023,138,2130.0,12.78,0.0,22.71,0.0
101,2023,138,2131.0,12.78,0.0,22.69,0.0
101,2023,138,2132.0,12.78,0.0,22.69,0.0
101,2023,138,2133.0,12.78,0.0,22.67,0.0
101,2023,138,2134.0,12.78,0.0,22.65,0.0
101,2023,138,2135.0,12.78,0.0,22.63,0.0
101,2023,138,2136.0,12.78,0.0,22.62,0.0
101,2023,138,2137.0,12.78,0.0,22.64,0.0
101,2023,138,2138.0,12.78,0.0,22.64,0.0
101,2023,138,2139.0,12.78,0.0,22.62,0.0
101,2023,138,2140.0,12.78,0.0,22.61,0.0
101,2023,138,2141.0,12.77,0.0,22.59,0.0
101,2023,138,2142.0,12.78,0.0,22.59,0.0
101,2023,138,2143.0,12.78,0.0,22.59,0.0
101,2023,138,2144.0,12.78,0.0,22.57,0.0
101,2023,138,2145.0,12.77,0.0,22.56,0.0
101,2023,138,2146.0,12.78,0.0,22.55,0.0
101,2023,138,2147.0,12.77,0.0,22.54,0.0
101,2023,138,2148.0,12.77,0.0,22.54,0.0
101,2023,138,2149.0,12.78,0.0,22.54,0.0
101,2023,138,2150.0,12.77,0.0,22.53,0.0
101,2023,138,2151.0,12.77,0.0,22.55,0.0
101,2023,138,2152.0,12.77,0.0,22.55,0.0
101,2023,138,2153.0,12.77,0.0,22.52,0.0
101,2023,138,2154.0,12.77,0.0,22.52,0.0
101,2023,138,2155.0,12.77,0.0,22.52,0.0
101,2023,138,2156.0,12.77,0.0,22.51,0.0
101,2023,138,2157.0,12.77,0.0,22.5,0.0
101,2023,138,2158.0,12.77,0.0,22.49,0.0
101,2023,138,2159.0,12.77,0.0,22.49,0.0
101,2023,138,2200.0,12.77,0.0,22.49,0.0
101,2023,138,2201.0,12.77,0.0,22.49,0.0
101,2023,138,2202.0,12.77,0.0,22.48,0.0
101,2023,138,2203.0,12.77,0.0,22.49,0.0
101,2023,138,2204.0,12.77,0.0,22.5,0.0
101,2023,138,2205.0,12.77,0.0,22.53,0.0
101,2023,138,2206.0,12.77,0.0,22.55,0.0
101,2023,138,2207.0,12.77,0.0,22.58,0.0
101,2023,138,2208.0,12.77,0.0,22.59,0.0
101,2023,138,2209.0,12.77,0.0,22.58,0.0
101,2023,138,2210.0,12.77,0.0,22.57,0.0
101,2023,138,2211.0,12.77,0.0,22.57,0.0
101,2023,138,2212.0,12.77,0.0,22.57,0.0
101,2023,138,2213.0,12.77,0.0,22.57,0.0
101,2023,138,2214.0,12.77,0.0,22.59,0.0
101,2023,138,2215.0,12.77,0.0,22.61,0.0
101,2023,138,2216.0,12.77,0.0,22.61,0.0
101,2023,138,2217.0,12.77,0.0,22.6,0.0
101,2023,138,2218.0,12.77,0.0,22.6,0.0
101,2023,138,2219.0,12.77,0.0,22.61,0.0
101,2023,138,2220.0,12.77,0.0,22.61,0.0
101,2023,138,2221.0,12.77,0.0,22.62,0.0
101,2023,138,2222.0,12.77,0.0,22.65,0.0
101,2023,138,2223.0,12.77,0.0,22.69,0.0
101,2023,138,2224.0,12.77,0.0,22.73,0.0
101,2023,138,2225.0,12.77,0.0,22.72,0.0
101,2023,138,2226.0,12.77,0.0,22.71,0.0
101,2023,138,2227.0,12.77,0.0,22.69,0.0
101,2023,138,2228.0,12.77,0.0,22.71,0.0
101,2023,138,2229.0,12.77,0.0,22.71,0.0
101,2023,138,2230.0,12.77,0.0,22.69,0.0
101,2023,138,2231.0,12.77,0.0,22.69,0.0
101,2023,138,2232.0,12.77,0.0,22.72,0.0
101,2023,138,2233.0,12.77,0.0,22.75,0.0
101,2023,138,2234.0,12.77,0.0,22.76,0.0
101,2023,138,2235.0,12.77,0.0,22.76,0.0
101,2023,138,2236.0,12.77,0.0,22.79,0.0
101,2023,138,2237.0,12.77,0.0,22.81,0.0
101,2023,138,2238.0,12.77,0.0,22.84,0.0
101,2023,138,2239.0,12.77,0.0,22.88,0.0
101,2023,138,2240.0,12.77,0.0,22.93,0.0
101,2023,138,2241.0,12.77,0.0,22.9,0.0
101,2023,138,2242.0,12.77,0.0,22.86,0.0
101,2023,138,2243.0,12.77,0.0,22.86,0.0
101,2023,138,2244.0,12.77,0.0,22.87,0.0
101,2023,138,2245.0,12.77,0.0,22.88,0.0
101,2023,138,2246.0,12.77,0.0,22.89,0.0
101,2023,138,2247.0,12.77,0.0,22.9,0.0
101,2023,138,2248.0,12.77,0.0,22.88,0.0
101,2023,138,2249.0,12.77,0.0,22.87,0.0
101,2023,138,2250.0,12.77,0.0,22.87,0.0
101,2023,138,2251.0,12.77,0.0,22.88,0.0
101,2023,138,2252.0,12.77,0.0,22.88,0.0
101,2023,138,2253.0,12.77,0.0,22.88,0.0
101,2023,138,2254.0,12.77,0.0,22.87,0.0
101,2023,138,2255.0,12.77,0.0,22.88,0.0
101,2023,138,2256.0,12.77,0.0,22.88,0.0
101,2023,138,2257.0,12.77,0.0,22.9,0.0
101,2023,138,2258.0,12.77,0.0,22.91,0.0
101,2023,138,2259.0,12.77,0.0,22.91,0.0
101,2023,138,2300.0,12.77,0.0,22.91,0.0
101,2023,138,2301.0,12.77,0.0,22.91,0.0
101,2023,138,2302.0,12.77,0.0,22.91,0.0
101,2023,138,2303.0,12.77,0.0,22.91,0.0
101,2023,138,2304.0,12.77,0.0,22.9,0.0
101,2023,138,2305.0,12.77,0.0,22.91,0.0
101,2023,138,2306.0,12.77,0.0,22.91,0.0
101,2023,138,2307.0,12.77,0.0,22.91,0.0
101,2023,138,2308.0,12.77,0.0,22.92,0.0
101,2023,138,2309.0,12.77,0.0,22.93,0.0
101,2023,138,2310.0,12.77,0.0,22.93,0.0
101,2023,138,2311.0,12.77,0.0,22.93,0.0
101,2023,138,2312.0,12.77,0.0,22.94,0.0
101,2023,138,2313.0,12.77,0.0,22.95,0.0
101,2023,138,2314.0,12.76,0.0,22.96,0.0
101,2023,138,2315.0,12.77,0.0,22.96,0.0
101,2023,138,2316.0,12.77,0.0,22.96,0.0
101,2023,138,2317.0,12.77,0.0,22.97,0.0
101,2023,138,2318.0,12.77,0.0,22.98,0.0
101,2023,138,2319.0,12.77,0.0,22.98,0.0
101,2023,138,2320.0,12.77,0.0,22.98,0.0
101,2023,138,2321.0,12.77,0.0,22.99,0.0
101,2023,138,2322.0,12.77,0.0,23.01,0.0
101,2023,138,2323.0,12.76,0.0,23.01,0.0
101,2023,138,2324.0,12.77,0.0,23.03,0.0
101,2023,138,2325.0,12.77,0.0,23.05,0.0
101,2023,138,2326.0,12.77,0.0,23.07,0.0
101,2023,138,2327.0,12.77,0.0,23.08,0.0
101,2023,138,2328.0,12.76,0.0,23.1,0.0
101,2023,138,2329.0,12.77,0.0,23.12,0.0
101,2023,138,2330.0,12.77,0.0,23.13,0.0
101,2023,138,2331.0,12.77,0.0,23.13,0.0
101,2023,138,2332.0,12.76,0.0,23.13,0.0
101,2023,138,2333.0,12.76,0.0,23.13,0.0
101,2023,138,2334.0,12.76,0.0,23.13,0.0
101,2023,138,2335.0,12.77,0.0,23.13,0.0
101,2023,138,2336.0,12.76,0.0,23.13,0.0
101,2023,138,2337.0,12.76,0.0,23.14,0.0
101,2023,138,2338.0,12.76,0.0,23.15,0.0
101,2023,138,2339.0,12.77,0.0,23.16,0.0
101,2023,138,2340.0,12.76,0.0,23.15,0.0
101,2023,138,2341.0,12.76,0.0,23.15,0.0
101,2023,138,2342.0,12.77,0.0,23.15,0.0
101,2023,138,2343.0,12.77,0.0,23.15,0.0
101,2023,138,2344.0,12.76,0.0,23.15,0.0
101,2023,138,2345.0,12.76,0.0,23.15,0.0
101,2023,138,2346.0,12.77,0.0,23.15,0.0
101,2023,138,2347.0,12.76,0.0,23.14,0.0
101,2023,138,2348.0,12.76,0.0,23.13,0.0
101,2023,138,2349.0,12.76,0.0,23.13,0.0
101,2023,138,2350.0,12.77,0.0,23.14,0.0
101,2023,138,2351.0,12.76,0.0,23.13,0.0
101,2023,138,2352.0,12.77,0.0,23.13,0.0
101,2023,138,2353.0,12.76,0.0,23.13,0.0
101,2023,138,2354.0,12.76,0.0,23.14,0.0
101,2023,138,2355.0,12.76,0.0,23.15,0.0
101,2023,138,2356.0,12.77,0.0,23.15,0.0
101,2023,138,2357.0,12.76,0.0,23.16,0.0
101,2023,138,2358.0,12.76,0.0,23.16,0.0
101,2023,138,2359.0,12.76,0.0,23.16,0.0
