a,b,dia_juliano,d,e,f,g,h
101,2023,67,0.0,12.56,0.0,22.88,0.0
101,2023,67,1.0,12.56,0.0,22.96,0.0
101,2023,67,2.0,12.56,0.0,22.98,0.0
101,2023,67,3.0,12.56,0.0,22.99,0.0
101,2023,67,4.0,12.56,0.0,23.0,0.0
101,2023,67,5.0,12.56,0.0,23.02,0.0
101,2023,67,6.0,12.56,0.0,23.03,0.0
101,2023,67,7.0,12.56,0.0,23.05,0.0
101,2023,67,8.0,12.56,0.0,23.08,0.0
101,2023,67,9.0,12.56,0.0,23.08,0.0
101,2023,67,10.0,12.56,0.0,23.08,0.0
101,2023,67,11.0,12.56,0.0,23.09,0.0
101,2023,67,12.0,12.56,0.0,23.16,0.0
101,2023,67,13.0,12.56,0.0,23.19,0.0
101,2023,67,14.0,12.55,0.0,23.19,0.0
101,2023,67,15.0,12.55,0.0,23.17,0.0
101,2023,67,16.0,12.55,0.0,23.14,0.0
101,2023,67,17.0,12.56,0.0,23.12,0.0
101,2023,67,18.0,12.55,0.0,23.11,0.0
101,2023,67,19.0,12.55,0.0,23.12,0.0
101,2023,67,20.0,12.55,0.0,23.1,0.0
101,2023,67,21.0,12.55,0.0,23.09,0.0
101,2023,67,22.0,12.55,0.0,23.08,0.0
101,2023,67,23.0,12.55,0.0,23.09,0.0
101,2023,67,24.0,12.55,0.0,23.13,0.0
101,2023,67,25.0,12.55,0.0,23.18,0.0
101,2023,67,26.0,12.55,0.0,23.16,0.0
101,2023,67,27.0,12.55,0.0,23.12,0.0
101,2023,67,28.0,12.55,0.0,23.03,0.0
101,2023,67,29.0,12.55,0.0,23.02,0.0
101,2023,67,30.0,12.55,0.0,23.01,0.0
101,2023,67,31.0,12.55,0.0,22.91,0.0
101,2023,67,32.0,12.55,0.0,22.85,0.0
101,2023,67,33.0,12.55,0.0,22.79,0.0
101,2023,67,34.0,12.55,0.0,22.73,0.0
101,2023,67,35.0,12.55,0.0,22.72,0.0
101,2023,67,36.0,12.55,0.0,22.72,0.0
101,2023,67,37.0,12.55,0.0,22.66,0.0
101,2023,67,38.0,12.55,0.0,22.61,0.0
101,2023,67,39.0,12.54,0.0,22.59,0.0
101,2023,67,40.0,12.54,0.0,22.58,0.0
101,2023,67,41.0,12.54,0.0,22.6,0.0
101,2023,67,42.0,12.54,0.0,22.6,0.0
101,2023,67,43.0,12.54,0.0,22.68,0.0
101,2023,67,44.0,12.54,0.0,22.75,0.0
101,2023,67,45.0,12.54,0.0,22.76,0.0
101,2023,67,46.0,12.54,0.0,22.79,0.0
101,2023,67,47.0,12.54,0.0,22.81,0.0
101,2023,67,48.0,12.54,0.0,22.8,0.0
101,2023,67,49.0,12.54,0.0,22.73,0.0
101,2023,67,50.0,12.54,0.0,22.75,0.0
101,2023,67,51.0,12.54,0.0,22.76,0.0
101,2023,67,52.0,12.54,0.0,22.79,0.0
101,2023,67,53.0,12.54,0.0,22.81,0.0
101,2023,67,54.0,12.54,0.0,22.84,0.0
101,2023,67,55.0,12.54,0.0,22.86,0.0
101,2023,67,56.0,12.54,0.0,22.86,0.0
101,2023,67,57.0,12.54,0.0,22.87,0.0
101,2023,67,58.0,12.54,0.0,22.89,0.0
101,2023,67,59.0,12.54,0.0,22.89,0.0
101,2023,67,100.0,12.54,0.0,22.91,0.0
101,2023,67,101.0,12.53,0.0,22.95,0.0
101,2023,67,102.0,12.54,0.0,22.96,0.0
101,2023,67,103.0,12.54,0.0,22.96,0.0
101,2023,67,104.0,12.54,0.0,22.94,0.0
101,2023,67,105.0,12.53,0.0,22.93,0.0
101,2023,67,106.0,12.53,0.0,22.91,0.0
101,2023,67,107.0,12.53,0.0,22.91,0.0
101,2023,67,108.0,12.54,0.0,22.89,0.0
101,2023,67,109.0,12.53,0.0,22.87,0.0
101,2023,67,110.0,12.53,0.0,22.91,0.0
101,2023,67,111.0,12.53,0.0,22.89,0.0
101,2023,67,112.0,12.53,0.0,22.9,0.0
101,2023,67,113.0,12.53,0.0,22.91,0.0
101,2023,67,114.0,12.53,0.0,22.91,0.0
101,2023,67,115.0,12.53,0.0,22.89,0.0
101,2023,67,116.0,12.53,0.0,22.89,0.0
101,2023,67,117.0,12.53,0.0,22.87,0.0
101,2023,67,118.0,12.53,0.0,22.86,0.0
101,2023,67,119.0,12.53,0.0,22.84,0.0
101,2023,67,120.0,12.53,0.0,22.84,0.0
101,2023,67,121.0,12.53,0.0,22.84,0.0
101,2023,67,122.0,12.53,0.0,22.84,0.0
101,2023,67,123.0,12.53,0.0,22.83,0.0
101,2023,67,124.0,12.53,0.0,22.84,0.0
101,2023,67,125.0,12.53,0.0,22.85,0.0
101,2023,67,126.0,12.53,0.0,22.84,0.0
101,2023,67,127.0,12.53,0.0,22.79,0.0
101,2023,67,128.0,12.53,0.0,22.71,0.0
101,2023,67,129.0,12.53,0.0,22.64,0.0
101,2023,67,130.0,12.53,0.0,22.6,0.0
101,2023,67,131.0,12.53,0.0,22.56,0.0
101,2023,67,132.0,12.52,0.0,22.54,0.0
101,2023,67,133.0,12.53,0.0,22.52,0.0
101,2023,67,134.0,12.52,0.0,22.5,0.0
101,2023,67,135.0,12.52,0.0,22.49,0.0
101,2023,67,136.0,12.52,0.0,22.51,0.0
101,2023,67,137.0,12.52,0.0,22.55,0.0
101,2023,67,138.0,12.52,0.0,22.6,0.0
101,2023,67,139.0,12.52,0.0,22.59,0.0
101,2023,67,140.0,12.52,0.0,22.6,0.0
101,2023,67,141.0,12.52,0.0,22.6,0.0
101,2023,67,142.0,12.52,0.0,22.58,0.0
101,2023,67,143.0,12.52,0.0,22.57,0.0
101,2023,67,144.0,12.52,0.0,22.56,0.0
101,2023,67,145.0,12.52,0.0,22.55,0.0
101,2023,67,146.0,12.52,0.0,22.57,0.0
101,2023,67,147.0,12.52,0.0,22.61,0.0
101,2023,67,148.0,12.52,0.0,22.64,0.0
101,2023,67,149.0,12.52,0.0,22.64,0.0
101,2023,67,150.0,12.52,0.0,22.62,0.0
101,2023,67,151.0,12.52,0.0,22.64,0.0
101,2023,67,152.0,12.52,0.0,22.63,0.0
101,2023,67,153.0,12.52,0.0,22.61,0.0
101,2023,67,154.0,12.52,0.0,22.61,0.0
101,2023,67,155.0,12.52,0.0,22.6,0.0
101,2023,67,156.0,12.52,0.0,22.59,0.0
101,2023,67,157.0,12.52,0.0,22.61,0.0
101,2023,67,158.0,12.52,0.0,22.61,0.0
101,2023,67,159.0,12.52,0.0,22.6,0.0
101,2023,67,200.0,12.52,0.0,22.56,0.0
101,2023,67,201.0,12.52,0.0,22.53,0.0
101,2023,67,202.0,12.52,0.0,22.58,0.0
101,2023,67,203.0,12.52,0.0,22.62,0.0
101,2023,67,204.0,12.52,0.0,22.62,0.0
101,2023,67,205.0,12.51,0.0,22.57,0.0
101,2023,67,206.0,12.52,0.0,22.51,0.0
101,2023,67,207.0,12.52,0.0,22.49,0.0
101,2023,67,208.0,12.52,0.0,22.48,0.0
101,2023,67,209.0,12.52,0.0,22.49,0.0
101,2023,67,210.0,12.52,0.0,22.47,0.0
101,2023,67,211.0,12.51,0.0,22.47,0.0
101,2023,67,212.0,12.52,0.0,22.43,0.0
101,2023,67,213.0,12.51,0.0,22.38,0.0
101,2023,67,214.0,12.52,0.0,22.36,0.0
101,2023,67,215.0,12.52,0.0,22.39,0.0
101,2023,67,216.0,12.52,0.0,22.57,0.0
101,2023,67,217.0,12.51,0.0,22.68,0.0
101,2023,67,218.0,12.51,0.0,22.69,0.0
101,2023,67,219.0,12.51,0.0,22.66,0.0
101,2023,67,220.0,12.51,0.0,22.64,0.0
101,2023,67,221.0,12.51,0.0,22.63,0.0
101,2023,67,222.0,12.51,0.0,22.6,0.0
101,2023,67,223.0,12.51,0.0,22.58,0.0
101,2023,67,224.0,12.51,0.0,22.56,0.0
101,2023,67,225.0,12.51,0.0,22.56,0.0
101,2023,67,226.0,12.51,0.0,22.58,0.0
101,2023,67,227.0,12.51,0.0,22.58,0.0
101,2023,67,228.0,12.51,0.0,22.58,0.0
101,2023,67,229.0,12.51,0.0,22.57,0.0
101,2023,67,230.0,12.51,0.0,22.54,0.0
101,2023,67,231.0,12.51,0.0,22.54,0.0
101,2023,67,232.0,12.51,0.0,22.53,0.0
101,2023,67,233.0,12.51,0.0,22.5,0.0
101,2023,67,234.0,12.51,0.0,22.49,0.0
101,2023,67,235.0,12.51,0.0,22.49,0.0
101,2023,67,236.0,12.51,0.0,22.48,0.0
101,2023,67,237.0,12.51,0.0,22.5,0.0
101,2023,67,238.0,12.51,0.0,22.52,0.0
101,2023,67,239.0,12.51,0.0,22.53,0.0
101,2023,67,240.0,12.51,0.0,22.5,0.0
101,2023,67,241.0,12.51,0.0,22.46,0.0
101,2023,67,242.0,12.51,0.0,22.45,0.0
101,2023,67,243.0,12.51,0.0,22.43,0.0
101,2023,67,244.0,12.51,0.0,22.41,0.0
101,2023,67,245.0,12.51,0.0,22.41,0.0
101,2023,67,246.0,12.51,0.0,22.42,0.0
101,2023,67,247.0,12.51,0.0,22.44,0.0
101,2023,67,248.0,12.51,0.0,22.42,0.0
101,2023,67,249.0,12.51,0.0,22.43,0.0
101,2023,67,250.0,12.51,0.0,22.44,0.0
101,2023,67,251.0,12.51,0.0,22.45,0.0
101,2023,67,252.0,12.51,0.0,22.44,0.0
101,2023,67,253.0,12.51,0.0,22.46,0.0
101,2023,67,254.0,12.51,0.0,22.47,0.0
101,2023,67,255.0,12.51,0.0,22.46,0.0
101,2023,67,256.0,12.51,0.0,22.41,0.0
101,2023,67,257.0,12.51,0.0,22.37,0.0
101,2023,67,258.0,12.51,0.0,22.37,0.0
101,2023,67,259.0,12.51,0.0,22.37,0.0
101,2023,67,300.0,12.51,0.0,22.37,0.0
101,2023,67,301.0,12.51,0.0,22.37,0.0
101,2023,67,302.0,12.5,0.0,22.37,0.0
101,2023,67,303.0,12.5,0.0,22.34,0.0
101,2023,67,304.0,12.51,0.0,22.3,0.0
101,2023,67,305.0,12.51,0.0,22.23,0.0
101,2023,67,306.0,12.5,0.0,22.21,0.0
101,2023,67,307.0,12.5,0.0,22.22,0.0
101,2023,67,308.0,12.5,0.0,22.21,0.0
101,2023,67,309.0,12.5,0.0,22.18,0.0
101,2023,67,310.0,12.5,0.0,22.18,0.0
101,2023,67,311.0,12.51,0.0,22.24,0.0
101,2023,67,312.0,12.51,0.0,22.25,0.0
101,2023,67,313.0,12.51,0.0,22.24,0.0
101,2023,67,314.0,12.5,0.0,22.23,0.0
101,2023,67,315.0,12.5,0.0,22.22,0.0
101,2023,67,316.0,12.51,0.0,22.2,0.0
101,2023,67,317.0,12.5,0.0,22.21,0.0
101,2023,67,318.0,12.5,0.0,22.22,0.0
101,2023,67,319.0,12.5,0.0,22.24,0.0
101,2023,67,320.0,12.5,0.0,22.24,0.0
101,2023,67,321.0,12.5,0.0,22.24,0.0
101,2023,67,322.0,12.5,0.0,22.3,0.0
101,2023,67,323.0,12.5,0.0,22.32,0.0
101,2023,67,324.0,12.5,0.0,22.32,0.0
101,2023,67,325.0,12.5,0.0,22.32,0.0
101,2023,67,326.0,12.5,0.0,22.3,0.0
101,2023,67,327.0,12.5,0.0,22.28,0.0
101,2023,67,328.0,12.5,0.0,22.25,0.0
101,2023,67,329.0,12.5,0.0,22.22,0.0
101,2023,67,330.0,12.5,0.0,22.22,0.0
101,2023,67,331.0,12.5,0.0,22.22,0.0
101,2023,67,332.0,12.5,0.0,22.19,0.0
101,2023,67,333.0,12.5,0.0,22.16,0.0
101,2023,67,334.0,12.5,0.0,22.15,0.0
101,2023,67,335.0,12.5,0.0,22.18,0.0
101,2023,67,336.0,12.5,0.0,22.2,0.0
101,2023,67,337.0,12.5,0.0,22.19,0.0
101,2023,67,338.0,12.5,0.0,22.19,0.0
101,2023,67,339.0,12.5,0.0,22.2,0.0
101,2023,67,340.0,12.5,0.0,22.31,0.0
101,2023,67,341.0,12.5,0.0,22.39,0.0
101,2023,67,342.0,12.5,0.0,22.36,0.0
101,2023,67,343.0,12.5,0.0,22.29,0.0
101,2023,67,344.0,12.5,0.0,22.21,0.0
101,2023,67,345.0,12.5,0.0,22.18,0.0
101,2023,67,346.0,12.5,0.0,22.17,0.0
101,2023,67,347.0,12.5,0.0,22.15,0.0
101,2023,67,348.0,12.5,0.0,22.11,0.0
101,2023,67,349.0,12.5,0.0,22.05,0.0
101,2023,67,350.0,12.5,0.0,21.99,0.0
101,2023,67,351.0,12.5,0.0,21.91,0.0
101,2023,67,352.0,12.5,0.0,21.83,0.0
101,2023,67,353.0,12.5,0.0,21.82,0.0
101,2023,67,354.0,12.5,0.0,21.9,0.0
101,2023,67,355.0,12.5,0.0,21.97,0.0
101,2023,67,356.0,12.5,0.0,21.96,0.0
101,2023,67,357.0,12.5,0.0,21.9,0.0
101,2023,67,358.0,12.5,0.0,21.89,0.0
101,2023,67,359.0,12.5,0.0,21.89,0.0
101,2023,67,400.0,12.5,0.0,21.87,0.0
101,2023,67,401.0,12.5,0.0,21.86,0.0
101,2023,67,402.0,12.5,0.0,21.86,0.0
101,2023,67,403.0,12.5,0.0,21.87,0.0
101,2023,67,404.0,12.5,0.0,21.86,0.0
101,2023,67,405.0,12.5,0.0,21.87,0.0
101,2023,67,406.0,12.5,0.0,21.92,0.0
101,2023,67,407.0,12.5,0.0,21.93,0.0
101,2023,67,408.0,12.5,0.0,21.9,0.0
101,2023,67,409.0,12.5,0.0,21.89,0.0
101,2023,67,410.0,12.5,0.0,21.88,0.0
101,2023,67,411.0,12.5,0.0,21.89,0.0
101,2023,67,412.0,12.5,0.0,21.92,0.0
101,2023,67,413.0,12.5,0.0,21.93,0.0
101,2023,67,414.0,12.5,0.0,21.93,0.0
101,2023,67,415.0,12.5,0.0,21.98,0.0
101,2023,67,416.0,12.5,0.0,22.02,0.0
101,2023,67,417.0,12.5,0.0,22.05,0.0
101,2023,67,418.0,12.5,0.0,22.05,0.0
101,2023,67,419.0,12.5,0.0,22.02,0.0
101,2023,67,420.0,12.5,0.0,22.01,0.0
101,2023,67,421.0,12.5,0.0,22.03,0.0
101,2023,67,422.0,12.5,0.0,22.05,0.0
101,2023,67,423.0,12.5,0.0,22.08,0.0
101,2023,67,424.0,12.5,0.0,22.08,0.0
101,2023,67,425.0,12.5,0.0,22.08,0.0
101,2023,67,426.0,12.5,0.0,22.06,0.0
101,2023,67,427.0,12.5,0.0,22.05,0.0
101,2023,67,428.0,12.5,0.0,22.08,0.0
101,2023,67,429.0,12.5,0.0,22.15,0.0
101,2023,67,430.0,12.5,0.0,22.13,0.0
101,2023,67,431.0,12.5,0.0,22.1,0.0
101,2023,67,432.0,12.5,0.0,22.05,0.0
101,2023,67,433.0,12.5,0.0,22.03,0.0
101,2023,67,434.0,12.5,0.0,22.03,0.0
101,2023,67,435.0,12.5,0.0,22.0,0.0
101,2023,67,436.0,12.5,0.0,21.99,0.0
101,2023,67,437.0,12.5,0.0,22.03,0.0
101,2023,67,438.0,12.5,0.0,22.07,0.0
101,2023,67,439.0,12.5,0.0,22.09,0.0
101,2023,67,440.0,12.5,0.0,22.09,0.0
101,2023,67,441.0,12.5,0.0,22.07,0.0
101,2023,67,442.0,12.5,0.0,22.08,0.0
101,2023,67,443.0,12.5,0.0,22.07,0.0
101,2023,67,444.0,12.5,0.0,22.01,0.0
101,2023,67,445.0,12.5,0.0,21.96,0.0
101,2023,67,446.0,12.5,0.0,21.92,0.0
101,2023,67,447.0,12.49,0.0,21.9,0.0
101,2023,67,448.0,12.5,0.0,21.88,0.0
101,2023,67,449.0,12.5,0.0,21.86,0.0
101,2023,67,450.0,12.5,0.0,21.85,0.0
101,2023,67,451.0,12.5,0.0,21.85,0.0
101,2023,67,452.0,12.5,0.0,21.84,0.0
101,2023,67,453.0,12.5,0.0,21.82,0.0
101,2023,67,454.0,12.5,0.0,21.82,0.0
101,2023,67,455.0,12.5,0.0,21.86,0.0
101,2023,67,456.0,12.5,0.0,21.93,0.0
101,2023,67,457.0,12.49,0.0,21.97,0.0
101,2023,67,458.0,12.5,0.0,21.98,0.0
101,2023,67,459.0,12.5,0.0,22.01,0.0
101,2023,67,500.0,12.5,0.0,22.03,0.0
101,2023,67,501.0,12.5,0.0,22.03,0.0
101,2023,67,502.0,12.5,0.0,22.01,0.0
101,2023,67,503.0,12.5,0.0,21.99,0.0
101,2023,67,504.0,12.49,0.0,21.97,0.0
101,2023,67,505.0,12.5,0.0,21.94,0.0
101,2023,67,506.0,12.5,0.0,21.91,0.0
101,2023,67,507.0,12.49,0.0,21.89,0.0
101,2023,67,508.0,12.5,0.0,21.87,0.0
101,2023,67,509.0,12.5,0.0,21.86,0.0
101,2023,67,510.0,12.5,0.0,21.86,0.0
101,2023,67,511.0,12.5,0.0,21.86,0.0
101,2023,67,512.0,12.49,0.0,21.91,0.0
101,2023,67,513.0,12.5,0.0,21.89,0.0
101,2023,67,514.0,12.5,0.0,21.87,0.0
101,2023,67,515.0,12.5,0.0,21.86,0.0
101,2023,67,516.0,12.5,0.0,21.84,0.0
101,2023,67,517.0,12.5,0.0,21.84,0.0
101,2023,67,518.0,12.49,1.185,21.84,0.0
101,2023,67,519.0,12.5,1.354,21.84,0.0
101,2023,67,520.0,12.49,1.354,21.84,0.0
101,2023,67,521.0,12.49,1.523,21.84,0.0
101,2023,67,522.0,12.49,1.833,21.87,0.0
101,2023,67,523.0,12.5,2.031,21.88,0.0
101,2023,67,524.0,12.5,2.313,21.86,0.0
101,2023,67,525.0,12.5,2.708,21.83,0.0
101,2023,67,526.0,12.5,3.075,21.81,0.0
101,2023,67,527.0,12.5,3.554,21.79,0.0
101,2023,67,528.0,12.5,4.146,21.78,0.0
101,2023,67,529.0,12.49,4.682,21.75,0.0
101,2023,67,530.0,12.49,5.331,21.74,0.0
101,2023,67,531.0,12.49,5.811,21.72,0.0
101,2023,67,532.0,12.5,6.262,21.72,0.0
101,2023,67,533.0,12.49,6.798,21.72,0.0
101,2023,67,534.0,12.5,7.42,21.72,0.0
101,2023,67,535.0,12.5,8.04,21.71,0.0
101,2023,67,536.0,12.5,8.66,21.73,0.0
101,2023,67,537.0,12.5,9.36,21.77,0.0
101,2023,67,538.0,12.5,9.87,21.81,0.0
101,2023,67,539.0,12.51,10.44,21.84,0.0
101,2023,67,540.0,12.51,10.92,21.8,0.0
101,2023,67,541.0,12.51,11.68,21.75,0.0
101,2023,67,542.0,12.52,12.55,21.73,0.0
101,2023,67,543.0,12.52,13.51,21.71,0.0
101,2023,67,544.0,12.52,14.41,21.71,0.0
101,2023,67,545.0,12.52,15.18,21.72,0.0
101,2023,67,546.0,12.52,15.74,21.69,0.0
101,2023,67,547.0,12.53,16.3,21.67,0.0
101,2023,67,548.0,12.52,16.67,21.66,0.0
101,2023,67,549.0,12.52,17.26,21.65,0.0
101,2023,67,550.0,12.53,18.14,21.65,0.0
101,2023,67,551.0,12.53,19.04,21.66,0.0
101,2023,67,552.0,12.53,19.86,21.7,0.0
101,2023,67,553.0,12.53,20.51,21.71,0.0
101,2023,67,554.0,12.54,21.44,21.73,0.0
101,2023,67,555.0,12.54,22.59,21.75,0.0
101,2023,67,556.0,12.55,24.03,21.77,0.0
101,2023,67,557.0,12.57,25.98,21.78,0.0
101,2023,67,558.0,12.73,40.98,21.83,0.0
101,2023,67,559.0,12.95,55.57,21.91,0.0
101,2023,67,600.0,13.16,65.89,21.96,0.0
101,2023,67,601.0,13.26,77.7,22.0,0.0
101,2023,67,602.0,13.27,84.8,22.09,0.0
101,2023,67,603.0,13.27,90.8,22.13,0.0
101,2023,67,604.0,13.26,99.0,22.17,0.0
101,2023,67,605.0,13.26,109.8,22.28,0.0
101,2023,67,606.0,13.26,120.4,22.47,0.0
101,2023,67,607.0,13.26,121.7,22.67,0.0
101,2023,67,608.0,13.26,110.8,22.99,0.0
101,2023,67,609.0,13.26,113.2,23.17,0.0
101,2023,67,610.0,13.26,116.1,23.3,0.0
101,2023,67,611.0,13.25,116.4,23.32,0.0
101,2023,67,612.0,13.25,115.6,23.38,0.0
101,2023,67,613.0,13.25,117.1,23.58,0.0
101,2023,67,614.0,13.25,117.0,23.73,0.0
101,2023,67,615.0,13.24,116.8,23.83,0.0
101,2023,67,616.0,13.24,117.1,23.81,0.0
101,2023,67,617.0,13.24,117.4,23.61,0.0
101,2023,67,618.0,13.24,118.8,23.64,0.0
101,2023,67,619.0,13.24,120.4,23.64,0.0
101,2023,67,620.0,13.24,122.3,23.67,0.0
101,2023,67,621.0,13.24,123.9,23.71,0.0
101,2023,67,622.0,13.24,126.3,23.76,0.0
101,2023,67,623.0,13.23,128.5,23.83,0.0
101,2023,67,624.0,13.23,130.7,24.06,0.0
101,2023,67,625.0,13.23,133.4,24.25,0.0
101,2023,67,626.0,13.23,136.7,24.58,0.0
101,2023,67,627.0,13.23,139.9,24.64,0.0
101,2023,67,628.0,13.23,143.2,24.58,0.0
101,2023,67,629.0,13.22,147.1,24.82,0.0
101,2023,67,630.0,13.22,150.8,25.12,0.0
101,2023,67,631.0,13.22,154.0,25.41,0.0
101,2023,67,632.0,13.22,157.6,25.41,0.0
101,2023,67,633.0,13.22,160.6,25.56,0.0
101,2023,67,634.0,13.22,163.6,25.39,0.0
101,2023,67,635.0,13.21,161.0,25.31,0.0
101,2023,67,636.0,13.21,168.1,25.65,0.0
101,2023,67,637.0,13.21,173.1,25.95,0.0
101,2023,67,638.0,13.21,178.0,26.1,0.0
101,2023,67,639.0,13.21,184.1,26.04,0.0
101,2023,67,640.0,13.21,188.8,26.12,0.0
101,2023,67,641.0,13.2,191.0,26.1,0.0
101,2023,67,642.0,13.2,193.9,26.29,0.0
101,2023,67,643.0,13.2,198.1,26.37,0.0
101,2023,67,644.0,13.2,200.0,26.41,0.0
101,2023,67,645.0,13.2,203.6,26.44,0.0
101,2023,67,646.0,13.2,208.0,26.39,0.0
101,2023,67,647.0,13.19,213.1,26.35,0.0
101,2023,67,648.0,13.19,218.0,26.37,0.0
101,2023,67,649.0,13.19,222.5,26.48,0.0
101,2023,67,650.0,13.19,227.7,26.58,0.0
101,2023,67,651.0,13.19,233.6,26.72,0.0
101,2023,67,652.0,13.19,239.1,26.77,0.0
101,2023,67,653.0,13.18,243.9,26.8,0.0
101,2023,67,654.0,13.18,250.2,26.76,0.0
101,2023,67,655.0,13.18,256.6,26.85,0.0
101,2023,67,656.0,13.18,264.3,26.88,0.0
101,2023,67,657.0,13.18,269.7,26.91,0.0
101,2023,67,658.0,13.18,274.7,26.79,0.0
101,2023,67,659.0,13.18,283.5,26.79,0.0
101,2023,67,700.0,13.18,290.1,26.67,0.0
101,2023,67,701.0,13.18,294.4,26.59,0.0
101,2023,67,702.0,13.18,299.4,26.64,0.0
101,2023,67,703.0,13.18,303.7,26.65,0.0
101,2023,67,704.0,13.17,309.6,26.57,0.0
101,2023,67,705.0,13.17,315.8,26.77,0.0
101,2023,67,706.0,13.17,320.4,26.81,0.0
101,2023,67,707.0,13.17,325.0,26.69,0.0
101,2023,67,708.0,13.17,330.7,26.68,0.0
101,2023,67,709.0,13.16,333.6,26.65,0.0
101,2023,67,710.0,13.17,339.0,26.65,0.0
101,2023,67,711.0,13.16,344.6,26.96,0.0
101,2023,67,712.0,13.16,346.5,27.11,0.0
101,2023,67,713.0,13.16,350.1,27.32,0.0
101,2023,67,714.0,13.16,357.0,27.48,0.0
101,2023,67,715.0,13.16,363.8,27.64,0.0
101,2023,67,716.0,13.16,370.9,27.71,0.0
101,2023,67,717.0,13.15,376.3,27.61,0.0
101,2023,67,718.0,13.16,378.1,27.55,0.0
101,2023,67,719.0,13.15,378.5,27.45,0.0
101,2023,67,720.0,13.15,380.2,27.35,0.0
101,2023,67,721.0,13.15,382.7,27.16,0.0
101,2023,67,722.0,13.15,384.6,27.16,0.0
101,2023,67,723.0,13.15,386.9,27.25,0.0
101,2023,67,724.0,13.15,388.4,27.21,0.0
101,2023,67,725.0,13.14,390.7,27.3,0.0
101,2023,67,726.0,13.14,394.7,27.3,0.0
101,2023,67,727.0,13.14,396.6,27.33,0.0
101,2023,67,728.0,13.14,398.7,27.34,0.0
101,2023,67,729.0,13.14,403.2,27.43,0.0
101,2023,67,730.0,13.14,407.0,27.54,0.0
101,2023,67,731.0,13.13,411.0,27.49,0.0
101,2023,67,732.0,13.13,414.8,27.41,0.0
101,2023,67,733.0,13.13,418.5,27.42,0.0
101,2023,67,734.0,13.13,422.1,27.5,0.0
101,2023,67,735.0,13.13,427.2,27.62,0.0
101,2023,67,736.0,13.13,432.2,27.72,0.0
101,2023,67,737.0,13.13,436.0,27.8,0.0
101,2023,67,738.0,13.12,437.9,27.74,0.0
101,2023,67,739.0,13.12,441.8,27.69,0.0
101,2023,67,740.0,13.12,447.7,27.79,0.0
101,2023,67,741.0,13.12,452.6,27.88,0.0
101,2023,67,742.0,13.12,457.5,27.83,0.0
101,2023,67,743.0,13.11,462.8,27.79,0.0
101,2023,67,744.0,13.12,467.3,27.82,0.0
101,2023,67,745.0,13.12,473.2,28.0,0.0
101,2023,67,746.0,13.11,478.4,28.0,0.0
101,2023,67,747.0,13.11,483.1,27.98,0.0
101,2023,67,748.0,13.11,487.9,28.03,0.0
101,2023,67,749.0,13.11,493.2,28.14,0.0
101,2023,67,750.0,13.11,498.0,28.11,0.0
101,2023,67,751.0,13.11,505.3,28.11,0.0
101,2023,67,752.0,13.1,515.3,28.16,0.0
101,2023,67,753.0,13.1,526.6,28.19,0.0
101,2023,67,754.0,13.1,533.7,28.26,0.0
101,2023,67,755.0,13.1,534.3,28.35,0.0
101,2023,67,756.0,13.1,521.8,28.53,0.0
101,2023,67,757.0,13.1,461.4,28.56,0.0
101,2023,67,758.0,13.1,565.3,28.52,0.0
101,2023,67,759.0,13.1,502.1,28.38,0.0
101,2023,67,800.0,13.1,392.3,28.19,0.0
101,2023,67,801.0,13.1,594.8,28.28,0.0
101,2023,67,802.0,13.1,604.3,28.51,0.0
101,2023,67,803.0,13.1,468.8,28.49,0.0
101,2023,67,804.0,13.1,614.2,28.55,0.0
101,2023,67,805.0,13.1,523.2,28.47,0.0
101,2023,67,806.0,13.1,491.0,28.44,0.0
101,2023,67,807.0,13.09,170.2,28.42,0.0
101,2023,67,808.0,13.1,153.0,28.36,0.0
101,2023,67,809.0,13.09,173.8,28.17,0.0
101,2023,67,810.0,13.09,209.1,28.03,0.0
101,2023,67,811.0,13.1,221.8,28.07,0.0
101,2023,67,812.0,13.1,249.9,28.06,0.0
101,2023,67,813.0,13.1,623.4,28.05,0.0
101,2023,67,814.0,13.1,598.3,28.1,0.0
101,2023,67,815.0,13.1,503.8,28.22,0.0
101,2023,67,816.0,13.1,662.9,28.24,0.0
101,2023,67,817.0,13.1,669.6,28.41,0.0
101,2023,67,818.0,13.1,665.5,28.67,0.0
101,2023,67,819.0,13.1,668.9,28.8,0.0
101,2023,67,820.0,13.1,675.9,28.81,0.0
101,2023,67,821.0,13.09,677.7,28.74,0.0
101,2023,67,822.0,13.09,687.0,28.65,0.0
101,2023,67,823.0,13.09,251.8,28.69,0.0
101,2023,67,824.0,13.09,227.7,28.73,0.0
101,2023,67,825.0,13.09,329.7,28.59,0.0
101,2023,67,826.0,13.09,735.0,28.44,0.0
101,2023,67,827.0,13.09,735.0,28.57,0.0
101,2023,67,828.0,13.09,623.8,28.81,0.0
101,2023,67,829.0,13.09,756.0,29.05,0.0
101,2023,67,830.0,13.08,756.0,28.89,0.0
101,2023,67,831.0,13.08,782.0,28.99,0.0
101,2023,67,832.0,13.08,759.0,29.18,0.0
101,2023,67,833.0,13.08,749.0,29.09,0.0
101,2023,67,834.0,13.08,754.0,28.82,0.0
101,2023,67,835.0,13.08,764.0,28.86,0.0
101,2023,67,836.0,13.07,757.0,29.08,0.0
101,2023,67,837.0,13.07,750.0,29.2,0.0
101,2023,67,838.0,13.07,715.0,29.31,0.0
101,2023,67,839.0,13.07,356.8,29.45,0.0
101,2023,67,840.0,13.07,755.0,29.44,0.0
101,2023,67,841.0,13.07,709.0,29.4,0.0
101,2023,67,842.0,13.07,555.9,29.37,0.0
101,2023,67,843.0,13.06,385.7,29.28,0.0
101,2023,67,844.0,13.07,621.5,29.2,0.0
101,2023,67,845.0,13.06,841.0,29.3,0.0
101,2023,67,846.0,13.06,818.0,29.34,0.0
101,2023,67,847.0,13.07,775.0,29.42,0.0
101,2023,67,848.0,13.07,809.0,29.48,0.0
101,2023,67,849.0,13.07,529.5,29.37,0.0
101,2023,67,850.0,13.06,743.0,29.27,0.0
101,2023,67,851.0,13.06,859.0,29.33,0.0
101,2023,67,852.0,13.06,863.0,29.42,0.0
101,2023,67,853.0,13.06,861.0,29.53,0.0
101,2023,67,854.0,13.06,795.0,29.95,0.0
101,2023,67,855.0,13.06,548.9,30.33,0.0
101,2023,67,856.0,13.06,746.0,30.12,0.0
101,2023,67,857.0,13.06,833.0,29.91,0.0
101,2023,67,858.0,13.06,851.0,29.87,0.0
101,2023,67,859.0,13.05,870.0,29.95,0.0
101,2023,67,900.0,13.05,884.0,29.89,0.0
101,2023,67,901.0,13.05,891.0,29.91,0.0
101,2023,67,902.0,13.05,883.0,29.82,0.0
101,2023,67,903.0,13.05,868.0,29.84,0.0
101,2023,67,904.0,13.05,851.0,29.71,0.0
101,2023,67,905.0,13.05,844.0,30.09,0.0
101,2023,67,906.0,13.05,859.0,30.26,0.0
101,2023,67,907.0,13.05,875.0,30.27,0.0
101,2023,67,908.0,13.05,863.0,30.38,0.0
101,2023,67,909.0,13.04,828.0,30.11,0.0
101,2023,67,910.0,13.04,713.0,29.94,0.0
101,2023,67,911.0,13.04,805.0,29.94,0.0
101,2023,67,912.0,13.04,322.0,30.11,0.0
101,2023,67,913.0,13.04,363.5,29.84,0.0
101,2023,67,914.0,13.04,670.7,29.61,0.0
101,2023,67,915.0,13.05,344.6,29.56,0.0
101,2023,67,916.0,13.05,226.3,29.5,0.0
101,2023,67,917.0,13.05,229.8,29.44,0.0
101,2023,67,918.0,13.05,262.7,29.37,0.0
101,2023,67,919.0,13.05,330.9,29.25,0.0
101,2023,67,920.0,13.05,327.5,29.25,0.0
101,2023,67,921.0,13.05,241.6,29.25,0.0
101,2023,67,922.0,13.06,308.9,29.21,0.0
101,2023,67,923.0,13.06,913.0,29.25,0.0
101,2023,67,924.0,13.06,944.0,29.54,0.0
101,2023,67,925.0,13.06,928.0,29.96,0.0
101,2023,67,926.0,13.06,677.1,29.92,0.0
101,2023,67,927.0,13.06,868.0,29.94,0.0
101,2023,67,928.0,13.06,873.0,29.75,0.0
101,2023,67,929.0,13.06,442.8,29.87,0.0
101,2023,67,930.0,13.06,326.7,29.86,0.0
101,2023,67,931.0,13.06,793.0,29.62,0.0
101,2023,67,932.0,13.06,674.8,29.55,0.0
101,2023,67,933.0,13.06,920.0,29.53,0.0
101,2023,67,934.0,13.06,798.0,29.72,0.0
101,2023,67,935.0,13.06,379.3,30.06,0.0
101,2023,67,936.0,13.06,293.4,29.98,0.0
101,2023,67,937.0,13.06,288.2,29.79,0.0
101,2023,67,938.0,13.06,288.2,29.38,0.0
101,2023,67,939.0,13.07,559.5,29.34,0.0
101,2023,67,940.0,13.06,979.0,29.56,0.0
101,2023,67,941.0,13.07,964.0,29.74,0.0
101,2023,67,942.0,13.07,584.4,29.95,0.0
101,2023,67,943.0,13.06,436.8,29.91,0.0
101,2023,67,944.0,13.07,853.0,29.93,0.0
101,2023,67,945.0,13.06,748.0,30.25,0.0
101,2023,67,946.0,13.07,916.0,30.5,0.0
101,2023,67,947.0,13.07,908.0,30.49,0.0
101,2023,67,948.0,13.07,890.0,30.26,0.0
101,2023,67,949.0,13.07,908.0,30.27,0.0
101,2023,67,950.0,13.07,691.6,30.39,0.0
101,2023,67,951.0,13.07,995.0,30.53,0.0
101,2023,67,952.0,13.07,1008.0,30.43,0.0
101,2023,67,953.0,13.06,445.1,30.31,0.0
101,2023,67,954.0,13.07,452.5,30.06,0.0
101,2023,67,955.0,13.07,585.6,29.83,0.0
101,2023,67,956.0,13.07,302.9,29.64,0.0
101,2023,67,957.0,13.07,290.4,29.63,0.0
101,2023,67,958.0,13.07,381.8,29.67,0.0
101,2023,67,959.0,13.07,837.0,29.65,0.0
101,2023,67,1000.0,13.07,962.0,29.72,0.0
101,2023,67,1001.0,13.07,955.0,29.85,0.0
101,2023,67,1002.0,13.07,786.0,30.19,0.0
101,2023,67,1003.0,13.07,544.8,30.13,0.0
101,2023,67,1004.0,13.07,241.9,30.09,0.0
101,2023,67,1005.0,13.07,256.9,29.9,0.0
101,2023,67,1006.0,13.07,297.8,29.74,0.0
101,2023,67,1007.0,13.07,343.7,29.74,0.0
101,2023,67,1008.0,13.07,284.6,29.87,0.0
101,2023,67,1009.0,13.07,295.0,29.79,0.0
101,2023,67,1010.0,13.07,330.5,29.54,0.0
101,2023,67,1011.0,13.07,406.9,29.36,0.0
101,2023,67,1012.0,13.07,518.8,29.44,0.0
101,2023,67,1013.0,13.07,371.6,29.55,0.0
101,2023,67,1014.0,13.07,533.7,29.58,0.0
101,2023,67,1015.0,13.07,303.5,29.59,0.0
101,2023,67,1016.0,13.07,276.6,29.38,0.0
101,2023,67,1017.0,13.07,583.3,29.28,0.0
101,2023,67,1018.0,13.07,1016.0,29.56,0.0
101,2023,67,1019.0,13.07,1033.0,29.83,0.0
101,2023,67,1020.0,13.07,857.0,30.15,0.0
101,2023,67,1021.0,13.07,628.5,30.41,0.0
101,2023,67,1022.0,13.07,388.7,30.34,0.0
101,2023,67,1023.0,13.07,903.0,30.04,0.0
101,2023,67,1024.0,13.07,1103.0,30.12,0.0
101,2023,67,1025.0,13.07,1104.0,30.33,0.0
101,2023,67,1026.0,13.07,1076.0,30.62,0.0
101,2023,67,1027.0,13.07,1092.0,30.8,0.0
101,2023,67,1028.0,13.07,809.0,31.41,0.0
101,2023,67,1029.0,13.07,426.0,31.56,0.0
101,2023,67,1030.0,13.07,581.6,31.17,0.0
101,2023,67,1031.0,13.07,1075.0,30.71,0.0
101,2023,67,1032.0,13.07,908.0,30.6,0.0
101,2023,67,1033.0,13.07,365.7,30.89,0.0
101,2023,67,1034.0,13.07,275.1,30.85,0.0
101,2023,67,1035.0,13.07,449.9,30.68,0.0
101,2023,67,1036.0,13.07,286.7,30.33,0.0
101,2023,67,1037.0,13.07,810.0,30.24,0.0
101,2023,67,1038.0,13.07,934.0,30.23,0.0
101,2023,67,1039.0,13.07,323.3,30.16,0.0
101,2023,67,1040.0,13.07,759.0,30.17,0.0
101,2023,67,1041.0,13.07,500.7,30.21,0.0
101,2023,67,1042.0,13.07,332.7,30.32,0.0
101,2023,67,1043.0,13.07,979.0,30.31,0.0
101,2023,67,1044.0,13.07,1096.0,30.54,0.0
101,2023,67,1045.0,13.07,1115.0,30.54,0.0
101,2023,67,1046.0,13.07,1085.0,30.75,0.0
101,2023,67,1047.0,13.07,338.0,30.57,0.0
101,2023,67,1048.0,13.07,322.2,30.67,0.0
101,2023,67,1049.0,13.07,362.5,30.6,0.0
101,2023,67,1050.0,13.07,363.7,30.49,0.0
101,2023,67,1051.0,13.07,635.2,30.68,0.0
101,2023,67,1052.0,13.07,758.0,30.71,0.0
101,2023,67,1053.0,13.07,460.0,30.51,0.0
101,2023,67,1054.0,13.07,1072.0,30.41,0.0
101,2023,67,1055.0,13.07,1070.0,30.61,0.0
101,2023,67,1056.0,13.07,1069.0,30.72,0.0
101,2023,67,1057.0,13.07,1098.0,30.92,0.0
101,2023,67,1058.0,13.07,837.0,30.88,0.0
101,2023,67,1059.0,13.07,884.0,30.81,0.0
101,2023,67,1100.0,13.07,1120.0,30.84,0.0
101,2023,67,1101.0,13.07,1113.0,31.0,0.0
101,2023,67,1102.0,13.07,1128.0,31.07,0.0
101,2023,67,1103.0,13.07,1113.0,31.48,0.0
101,2023,67,1104.0,13.07,669.4,31.45,0.0
101,2023,67,1105.0,13.07,1038.0,31.4,0.0
101,2023,67,1106.0,13.07,1107.0,31.18,0.0
101,2023,67,1107.0,13.07,1057.0,31.28,0.0
101,2023,67,1108.0,13.07,311.3,31.61,0.0
101,2023,67,1109.0,13.07,865.0,31.65,0.0
101,2023,67,1110.0,13.07,492.0,31.44,0.0
101,2023,67,1111.0,13.06,264.9,31.28,0.0
101,2023,67,1112.0,13.07,249.4,30.71,0.0
101,2023,67,1113.0,13.07,260.5,30.5,0.0
101,2023,67,1114.0,13.07,287.4,30.54,0.0
101,2023,67,1115.0,13.07,447.7,30.56,0.0
101,2023,67,1116.0,13.07,632.4,30.64,0.0
101,2023,67,1117.0,13.07,1033.0,30.68,0.0
101,2023,67,1118.0,13.07,1070.0,30.65,0.0
101,2023,67,1119.0,13.07,914.0,30.69,0.0
101,2023,67,1120.0,13.07,246.6,30.71,0.0
101,2023,67,1121.0,13.07,222.9,30.31,0.0
101,2023,67,1122.0,13.07,238.3,30.1,0.0
101,2023,67,1123.0,13.07,891.0,30.03,0.0
101,2023,67,1124.0,13.07,1091.0,30.16,0.0
101,2023,67,1125.0,13.07,1099.0,30.45,0.0
101,2023,67,1126.0,13.07,1116.0,30.66,0.0
101,2023,67,1127.0,13.07,1109.0,30.75,0.0
101,2023,67,1128.0,13.07,1011.0,30.91,0.0
101,2023,67,1129.0,13.07,1070.0,31.18,0.0
101,2023,67,1130.0,13.07,1074.0,31.01,0.0
101,2023,67,1131.0,13.07,847.0,30.97,0.0
101,2023,67,1132.0,13.07,450.5,31.19,0.0
101,2023,67,1133.0,13.07,1077.0,31.19,0.0
101,2023,67,1134.0,13.07,909.0,31.29,0.0
101,2023,67,1135.0,13.07,1077.0,31.35,0.0
101,2023,67,1136.0,13.07,1098.0,31.22,0.0
101,2023,67,1137.0,13.07,1131.0,31.28,0.0
101,2023,67,1138.0,13.07,714.0,31.55,0.0
101,2023,67,1139.0,13.07,314.8,31.67,0.0
101,2023,67,1140.0,13.07,453.4,31.43,0.0
101,2023,67,1141.0,13.07,1103.0,31.43,0.0
101,2023,67,1142.0,13.07,1102.0,31.36,0.0
101,2023,67,1143.0,13.07,1096.0,31.42,0.0
101,2023,67,1144.0,13.07,1098.0,31.34,0.0
101,2023,67,1145.0,13.07,936.0,31.33,0.0
101,2023,67,1146.0,13.07,1010.0,31.32,0.0
101,2023,67,1147.0,13.07,1060.0,31.15,0.0
101,2023,67,1148.0,13.07,1075.0,31.05,0.0
101,2023,67,1149.0,13.07,947.0,30.9,0.0
101,2023,67,1150.0,13.07,1093.0,31.18,0.0
101,2023,67,1151.0,13.07,804.0,31.23,0.0
101,2023,67,1152.0,13.07,315.3,31.03,0.0
101,2023,67,1153.0,13.06,315.7,30.76,0.0
101,2023,67,1154.0,13.07,388.1,30.99,0.0
101,2023,67,1155.0,13.07,687.5,31.02,0.0
101,2023,67,1156.0,13.07,1022.0,31.0,0.0
101,2023,67,1157.0,13.06,412.7,31.03,0.0
101,2023,67,1158.0,13.06,710.0,30.97,0.0
101,2023,67,1159.0,13.06,1028.0,31.09,0.0
101,2023,67,1200.0,13.07,1028.0,31.48,0.0
101,2023,67,1201.0,13.07,1031.0,31.72,0.0
101,2023,67,1202.0,13.07,1035.0,31.79,0.0
101,2023,67,1203.0,13.07,1038.0,31.47,0.0
101,2023,67,1204.0,13.07,1049.0,31.54,0.0
101,2023,67,1205.0,13.06,1070.0,31.68,0.0
101,2023,67,1206.0,13.06,1096.0,31.7,0.0
101,2023,67,1207.0,13.06,793.0,31.71,0.0
101,2023,67,1208.0,13.07,876.0,31.0,0.0
101,2023,67,1209.0,13.07,1038.0,30.69,0.0
101,2023,67,1210.0,13.06,1022.0,30.75,0.0
101,2023,67,1211.0,13.07,1013.0,30.9,0.0
101,2023,67,1212.0,13.06,1001.0,31.23,0.0
101,2023,67,1213.0,13.07,1003.0,31.56,0.0
101,2023,67,1214.0,13.07,1010.0,31.49,0.0
101,2023,67,1215.0,13.07,1035.0,31.31,0.0
101,2023,67,1216.0,13.07,998.0,31.19,0.0
101,2023,67,1217.0,13.07,439.9,31.3,0.0
101,2023,67,1218.0,13.07,303.6,31.32,0.0
101,2023,67,1219.0,13.07,808.0,31.19,0.0
101,2023,67,1220.0,13.07,1020.0,30.97,0.0
101,2023,67,1221.0,13.07,1006.0,31.01,0.0
101,2023,67,1222.0,13.06,989.0,31.34,0.0
101,2023,67,1223.0,13.07,977.0,31.73,0.0
101,2023,67,1224.0,13.07,970.0,32.01,0.0
101,2023,67,1225.0,13.07,972.0,32.16,0.0
101,2023,67,1226.0,13.07,984.0,32.2,0.0
101,2023,67,1227.0,13.06,999.0,31.98,0.0
101,2023,67,1228.0,13.07,1014.0,31.5,0.0
101,2023,67,1229.0,13.07,1021.0,31.58,0.0
101,2023,67,1230.0,13.07,1016.0,31.9,0.0
101,2023,67,1231.0,13.07,1008.0,32.21,0.0
101,2023,67,1232.0,13.07,1008.0,32.24,0.0
101,2023,67,1233.0,13.06,1013.0,31.9,0.0
101,2023,67,1234.0,13.07,1018.0,31.67,0.0
101,2023,67,1235.0,13.07,1033.0,31.59,0.0
101,2023,67,1236.0,13.06,1055.0,31.87,0.0
101,2023,67,1237.0,13.07,1073.0,31.83,0.0
101,2023,67,1238.0,13.06,977.0,31.93,0.0
101,2023,67,1239.0,13.06,567.2,32.17,0.0
101,2023,67,1240.0,13.06,439.5,31.86,0.0
101,2023,67,1241.0,13.06,622.5,31.5,0.0
101,2023,67,1242.0,13.06,450.0,31.55,0.0
101,2023,67,1243.0,13.07,345.1,31.59,0.0
101,2023,67,1244.0,13.07,383.4,31.27,0.0
101,2023,67,1245.0,13.06,808.0,31.08,0.0
101,2023,67,1246.0,13.06,527.0,31.15,0.0
101,2023,67,1247.0,13.06,994.0,30.96,0.0
101,2023,67,1248.0,13.06,938.0,31.16,0.0
101,2023,67,1249.0,13.06,833.0,31.28,0.0
101,2023,67,1250.0,13.07,1057.0,31.5,0.0
101,2023,67,1251.0,13.07,1089.0,31.38,0.0
101,2023,67,1252.0,13.07,828.0,31.41,0.0
101,2023,67,1253.0,13.06,598.0,31.46,0.0
101,2023,67,1254.0,13.06,376.7,31.29,0.0
101,2023,67,1255.0,13.06,735.0,31.17,0.0
101,2023,67,1256.0,13.07,770.0,31.24,0.0
101,2023,67,1257.0,13.06,362.3,31.25,0.0
101,2023,67,1258.0,13.06,345.5,31.21,0.0
101,2023,67,1259.0,13.06,357.6,31.2,0.0
101,2023,67,1300.0,13.06,465.6,31.21,0.0
101,2023,67,1301.0,13.06,1101.0,30.96,0.0
101,2023,67,1302.0,13.06,981.0,30.96,0.0
101,2023,67,1303.0,13.07,415.6,31.08,0.0
101,2023,67,1304.0,13.06,392.0,30.9,0.0
101,2023,67,1305.0,13.07,836.0,30.8,0.0
101,2023,67,1306.0,13.06,569.1,31.12,0.0
101,2023,67,1307.0,13.06,443.2,31.05,0.0
101,2023,67,1308.0,13.06,459.6,31.1,0.0
101,2023,67,1309.0,13.06,833.0,31.02,0.0
101,2023,67,1310.0,13.06,855.0,31.22,0.0
101,2023,67,1311.0,13.06,941.0,31.62,0.0
101,2023,67,1312.0,13.07,922.0,31.81,0.0
101,2023,67,1313.0,13.06,861.0,31.1,0.0
101,2023,67,1314.0,13.06,888.0,30.53,0.0
101,2023,67,1315.0,13.06,928.0,30.39,0.0
101,2023,67,1316.0,13.06,913.0,30.56,0.0
101,2023,67,1317.0,13.06,879.0,30.62,0.0
101,2023,67,1318.0,13.06,844.0,30.6,0.0
101,2023,67,1319.0,13.07,840.0,30.4,0.0
101,2023,67,1320.0,13.07,836.0,30.25,0.0
101,2023,67,1321.0,13.06,836.0,30.39,0.0
101,2023,67,1322.0,13.06,833.0,30.23,0.0
101,2023,67,1323.0,13.06,834.0,29.71,0.0
101,2023,67,1324.0,13.07,833.0,29.72,0.0
101,2023,67,1325.0,13.07,827.0,29.83,0.0
101,2023,67,1326.0,13.07,820.0,29.8,0.0
101,2023,67,1327.0,13.07,815.0,29.98,0.0
101,2023,67,1328.0,13.07,815.0,30.05,0.0
101,2023,67,1329.0,13.07,815.0,29.84,0.0
101,2023,67,1330.0,13.07,811.0,29.87,0.0
101,2023,67,1331.0,13.07,813.0,29.83,0.0
101,2023,67,1332.0,13.07,812.0,29.59,0.0
101,2023,67,1333.0,13.07,806.0,29.7,0.0
101,2023,67,1334.0,13.07,800.0,29.8,0.0
101,2023,67,1335.0,13.07,801.0,29.65,0.0
101,2023,67,1336.0,13.07,775.0,29.52,0.0
101,2023,67,1337.0,13.08,798.0,29.49,0.0
101,2023,67,1338.0,13.07,796.0,29.59,0.0
101,2023,67,1339.0,13.07,795.0,29.62,0.0
101,2023,67,1340.0,13.08,789.0,29.89,0.0
101,2023,67,1341.0,13.07,788.0,29.96,0.0
101,2023,67,1342.0,13.08,785.0,30.26,0.0
101,2023,67,1343.0,13.08,781.0,30.38,0.0
101,2023,67,1344.0,13.07,783.0,30.54,0.0
101,2023,67,1345.0,13.07,779.0,30.68,0.0
101,2023,67,1346.0,13.08,778.0,30.51,0.0
101,2023,67,1347.0,13.07,779.0,30.27,0.0
101,2023,67,1348.0,13.07,779.0,29.9,0.0
101,2023,67,1349.0,13.07,775.0,29.77,0.0
101,2023,67,1350.0,13.07,771.0,30.04,0.0
101,2023,67,1351.0,13.08,770.0,30.01,0.0
101,2023,67,1352.0,13.07,768.0,29.84,0.0
101,2023,67,1353.0,13.08,766.0,29.62,0.0
101,2023,67,1354.0,13.08,763.0,29.64,0.0
101,2023,67,1355.0,13.08,752.0,29.73,0.0
101,2023,67,1356.0,13.08,737.0,29.68,0.0
101,2023,67,1357.0,13.08,723.0,29.63,0.0
101,2023,67,1358.0,13.08,678.6,29.74,0.0
101,2023,67,1359.0,13.08,645.2,29.86,0.0
101,2023,67,1400.0,13.08,635.0,29.86,0.0
101,2023,67,1401.0,13.08,634.9,29.81,0.0
101,2023,67,1402.0,13.08,656.4,29.75,0.0
101,2023,67,1403.0,13.08,655.2,29.86,0.0
101,2023,67,1404.0,13.08,661.6,29.92,0.0
101,2023,67,1405.0,13.08,660.0,30.02,0.0
101,2023,67,1406.0,13.08,632.4,29.93,0.0
101,2023,67,1407.0,13.08,630.6,29.99,0.0
101,2023,67,1408.0,13.08,652.9,29.99,0.0
101,2023,67,1409.0,13.08,659.5,29.96,0.0
101,2023,67,1410.0,13.08,661.4,29.83,0.0
101,2023,67,1411.0,13.08,676.1,29.88,0.0
101,2023,67,1412.0,13.08,684.0,29.94,0.0
101,2023,67,1413.0,13.08,676.5,30.05,0.0
101,2023,67,1414.0,13.08,688.8,30.2,0.0
101,2023,67,0.0,13.08,676.5,30.11,0.0
101,2023,67,1416.0,13.08,666.1,29.94,0.0
101,2023,67,1417.0,13.08,659.2,29.98,0.0
101,2023,67,1418.0,13.08,639.5,30.11,0.0
101,2023,67,1419.0,13.08,656.6,30.14,0.0
101,2023,67,1420.0,13.08,641.6,30.41,0.0
101,2023,67,1421.0,13.08,668.9,30.48,0.0
101,2023,67,1422.0,13.08,667.1,30.52,0.0
101,2023,67,1423.0,13.08,649.5,30.65,0.0
101,2023,67,1424.0,13.08,588.7,30.56,0.0
101,2023,67,1425.0,13.08,499.5,30.47,0.0
101,2023,67,1426.0,13.08,557.3,30.44,0.0
101,2023,67,1427.0,13.08,613.3,30.25,0.0
101,2023,67,1428.0,13.08,662.2,30.1,0.0
101,2023,67,1429.0,13.08,638.3,30.0,0.0
101,2023,67,1430.0,13.08,671.5,29.98,0.0
101,2023,67,1431.0,13.08,644.7,30.02,0.0
101,2023,67,1432.0,13.08,648.2,29.92,0.0
101,2023,67,1433.0,13.08,631.8,30.07,0.0
101,2023,67,1434.0,13.08,668.2,30.16,0.0
101,2023,67,1435.0,13.08,655.9,30.25,0.0
101,2023,67,1436.0,13.08,666.7,30.38,0.0
101,2023,67,1437.0,13.08,675.2,30.39,0.0
101,2023,67,1438.0,13.08,671.2,30.57,0.0
101,2023,67,1439.0,13.08,660.3,30.55,0.0
101,2023,67,1440.0,13.08,645.9,30.59,0.0
101,2023,67,1441.0,13.07,630.7,30.43,0.0
101,2023,67,1442.0,13.08,620.4,30.34,0.0
101,2023,67,1443.0,13.07,606.4,30.31,0.0
101,2023,67,1444.0,13.07,599.8,30.22,0.0
101,2023,67,1445.0,13.07,592.6,30.39,0.0
101,2023,67,1446.0,13.08,580.3,30.46,0.0
101,2023,67,1447.0,13.07,572.9,30.08,0.0
101,2023,67,1448.0,13.07,573.1,30.06,0.0
101,2023,67,1449.0,13.07,566.7,30.06,0.0
101,2023,67,1450.0,13.08,547.9,30.2,0.0
101,2023,67,1451.0,13.07,538.4,30.28,0.0
101,2023,67,1452.0,13.07,514.5,30.36,0.0
101,2023,67,1453.0,13.07,490.1,30.19,0.0
101,2023,67,1454.0,13.07,464.7,29.98,0.0
101,2023,67,1455.0,13.07,471.4,30.03,0.0
101,2023,67,1456.0,13.07,452.4,30.0,0.0
101,2023,67,1457.0,13.07,480.3,30.02,0.0
101,2023,67,1458.0,13.07,500.7,30.03,0.0
101,2023,67,1459.0,13.07,491.8,29.87,0.0
101,2023,67,1500.0,13.07,501.9,29.73,0.0
101,2023,67,1501.0,13.07,510.9,29.82,0.0
101,2023,67,1502.0,13.07,521.1,29.8,0.0
101,2023,67,1503.0,13.07,536.7,29.77,0.0
101,2023,67,1504.0,13.07,549.6,29.91,0.0
101,2023,67,1505.0,13.08,544.6,29.81,0.0
101,2023,67,1506.0,13.08,465.1,29.71,0.0
101,2023,67,1507.0,13.07,438.0,29.74,0.0
101,2023,67,1508.0,13.07,504.3,29.73,0.0
101,2023,67,1509.0,13.08,550.9,29.77,0.0
101,2023,67,1510.0,13.07,556.1,29.94,0.0
101,2023,67,1511.0,13.08,566.4,29.82,0.0
101,2023,67,1512.0,13.07,576.3,29.91,0.0
101,2023,67,1513.0,13.07,576.4,29.94,0.0
101,2023,67,1514.0,13.07,569.7,29.89,0.0
101,2023,67,1515.0,13.07,551.9,29.97,0.0
101,2023,67,1516.0,13.07,418.5,29.86,0.0
101,2023,67,1517.0,13.07,547.1,29.77,0.0
101,2023,67,1518.0,13.07,552.9,29.77,0.0
101,2023,67,1519.0,13.07,553.6,29.86,0.0
101,2023,67,1520.0,13.08,543.9,30.02,0.0
101,2023,67,1521.0,13.07,469.1,30.06,0.0
101,2023,67,1522.0,13.07,396.8,29.96,0.0
101,2023,67,1523.0,13.07,506.8,29.75,0.0
101,2023,67,1524.0,13.07,514.2,29.63,0.0
101,2023,67,1525.0,13.07,426.5,29.56,0.0
101,2023,67,1526.0,13.07,444.5,29.55,0.0
101,2023,67,1527.0,13.08,422.4,29.69,0.0
101,2023,67,1528.0,13.07,439.7,29.69,0.0
101,2023,67,1529.0,13.07,329.4,29.65,0.0
101,2023,67,1530.0,13.07,256.9,29.72,0.0
101,2023,67,1531.0,13.07,237.8,29.59,0.0
101,2023,67,1532.0,13.08,234.6,29.31,0.0
101,2023,67,1533.0,13.08,271.1,29.15,0.0
101,2023,67,1534.0,13.08,318.8,29.1,0.0
101,2023,67,1535.0,13.08,301.6,28.97,0.0
101,2023,67,1536.0,13.08,278.9,29.06,0.0
101,2023,67,1537.0,13.08,248.4,29.09,0.0
101,2023,67,1538.0,13.07,229.6,29.06,0.0
101,2023,67,1539.0,13.08,223.6,28.92,0.0
101,2023,67,1540.0,13.08,246.6,28.89,0.0
101,2023,67,1541.0,13.08,295.0,28.96,0.0
101,2023,67,1542.0,13.08,347.4,29.01,0.0
101,2023,67,1543.0,13.08,369.3,29.09,0.0
101,2023,67,1544.0,13.08,341.6,29.15,0.0
101,2023,67,1545.0,13.08,351.9,29.02,0.0
101,2023,67,1546.0,13.08,319.6,29.0,0.0
101,2023,67,1547.0,13.08,324.1,28.94,0.0
101,2023,67,1548.0,13.08,313.0,28.96,0.0
101,2023,67,1549.0,13.08,210.2,28.78,0.0
101,2023,67,1550.0,13.08,179.0,28.88,0.0
101,2023,67,1551.0,13.08,189.9,28.88,0.0
101,2023,67,1552.0,13.09,200.7,28.89,0.0
101,2023,67,1553.0,13.08,216.6,28.96,0.0
101,2023,67,1554.0,13.08,204.8,28.96,0.0
101,2023,67,1555.0,13.08,220.6,28.86,0.0
101,2023,67,1556.0,13.08,342.9,28.83,0.0
101,2023,67,1557.0,13.08,372.9,29.0,0.0
101,2023,67,1558.0,13.09,377.8,28.98,0.0
101,2023,67,1559.0,13.08,309.0,28.82,0.0
101,2023,67,1600.0,13.08,231.6,28.81,0.0
101,2023,67,1601.0,13.07,202.5,28.73,0.0
101,2023,67,1602.0,13.07,190.0,28.66,0.0
101,2023,67,1603.0,13.07,170.9,28.6,0.0
101,2023,67,1604.0,13.06,162.1,28.68,0.0
101,2023,67,1605.0,13.05,158.1,28.63,0.0
101,2023,67,1606.0,13.06,154.6,28.62,0.0
101,2023,67,1607.0,13.05,151.5,28.62,0.0
101,2023,67,1608.0,13.06,151.4,28.59,0.0
101,2023,67,1609.0,13.06,151.6,28.5,0.0
101,2023,67,1610.0,13.06,156.4,28.45,0.0
101,2023,67,1611.0,13.05,159.5,28.44,0.0
101,2023,67,1612.0,13.05,166.7,28.5,0.0
101,2023,67,1613.0,13.06,166.1,28.51,0.0
101,2023,67,1614.0,13.05,162.4,28.51,0.0
101,2023,67,1615.0,13.05,169.7,28.52,0.0
101,2023,67,1616.0,13.05,193.8,28.51,0.0
101,2023,67,1617.0,13.06,178.0,28.51,0.0
101,2023,67,1618.0,13.06,198.1,28.5,0.0
101,2023,67,1619.0,13.07,238.6,28.56,0.0
101,2023,67,1620.0,13.06,171.1,28.57,0.0
101,2023,67,1621.0,13.06,160.8,28.52,0.0
101,2023,67,1622.0,13.06,159.6,28.49,0.0
101,2023,67,1623.0,13.06,201.7,28.35,0.0
101,2023,67,1624.0,13.06,201.7,28.23,0.0
101,2023,67,1625.0,13.06,176.0,28.21,0.0
101,2023,67,1626.0,13.05,158.8,28.21,0.0
101,2023,67,1627.0,13.05,145.3,28.23,0.0
101,2023,67,1628.0,13.05,140.7,28.17,0.0
101,2023,67,1629.0,13.04,140.2,28.13,0.0
101,2023,67,1630.0,13.04,147.4,28.14,0.0
101,2023,67,1631.0,13.04,144.3,28.07,0.0
101,2023,67,1632.0,13.04,136.2,28.04,0.0
101,2023,67,1633.0,13.03,128.0,27.98,0.0
101,2023,67,1634.0,13.03,124.2,27.96,0.0
101,2023,67,1635.0,13.02,129.5,27.96,0.0
101,2023,67,1636.0,13.02,127.3,27.92,0.0
101,2023,67,1637.0,13.01,133.6,27.94,0.0
101,2023,67,1638.0,13.01,139.6,28.02,0.0
101,2023,67,1639.0,13.01,130.7,28.03,0.0
101,2023,67,1640.0,13.0,115.9,27.96,0.0
101,2023,67,1641.0,12.99,104.7,27.99,0.0
101,2023,67,1642.0,12.98,98.1,28.0,0.0
101,2023,67,1643.0,12.97,94.3,28.02,0.0
101,2023,67,1644.0,12.96,91.8,27.91,0.0
101,2023,67,1645.0,12.96,89.4,27.85,0.0
101,2023,67,1646.0,12.95,84.3,27.84,0.0
101,2023,67,1647.0,12.94,77.8,27.81,0.0
101,2023,67,1648.0,12.93,76.0,27.77,0.0
101,2023,67,1649.0,12.92,75.9,27.74,0.0
101,2023,67,1650.0,12.92,76.5,27.7,0.0
101,2023,67,1651.0,12.91,77.3,27.66,0.0
101,2023,67,1652.0,12.91,82.4,27.64,0.0
101,2023,67,1653.0,12.91,82.2,27.59,0.0
101,2023,67,1654.0,12.9,75.5,27.57,0.0
101,2023,67,1655.0,12.9,86.9,27.56,0.0
101,2023,67,1656.0,12.89,78.0,27.57,0.0
101,2023,67,1657.0,12.89,68.39,27.63,0.0
101,2023,67,1658.0,12.89,65.17,27.58,0.0
101,2023,67,1659.0,12.88,62.39,27.57,0.0
101,2023,67,1700.0,12.88,60.05,27.53,0.0
101,2023,67,1701.0,12.87,58.07,27.54,0.0
101,2023,67,1702.0,12.87,55.93,27.55,0.0
101,2023,67,1703.0,12.87,53.51,27.52,0.0
101,2023,67,1704.0,12.86,51.14,27.49,0.0
101,2023,67,1705.0,12.86,49.17,27.49,0.0
101,2023,67,1706.0,12.85,47.68,27.45,0.0
101,2023,67,1707.0,12.85,46.58,27.43,0.0
101,2023,67,1708.0,12.85,45.37,27.38,0.0
101,2023,67,1709.0,12.84,44.07,27.35,0.0
101,2023,67,1710.0,12.84,45.31,27.31,0.0
101,2023,67,1711.0,12.84,57.88,27.29,0.0
101,2023,67,1712.0,12.83,62.69,27.3,0.0
101,2023,67,1713.0,12.83,48.21,27.29,0.0
101,2023,67,1714.0,12.82,42.13,27.27,0.0
101,2023,67,1715.0,12.82,39.5,27.23,0.0
101,2023,67,1716.0,12.82,38.55,27.24,0.0
101,2023,67,1717.0,12.82,36.55,27.21,0.0
101,2023,67,1718.0,12.81,34.26,27.18,0.0
101,2023,67,1719.0,12.81,32.15,27.18,0.0
101,2023,67,1720.0,12.81,30.18,27.15,0.0
101,2023,67,1721.0,12.8,28.4,27.14,0.0
101,2023,67,1722.0,12.8,26.74,27.1,0.0
101,2023,67,1723.0,12.8,25.3,27.07,0.0
101,2023,67,1724.0,12.8,24.04,27.05,0.0
101,2023,67,1725.0,12.79,22.71,27.04,0.0
101,2023,67,1726.0,12.79,21.33,27.03,0.0
101,2023,67,1727.0,12.79,19.89,26.99,0.0
101,2023,67,1728.0,12.79,17.95,26.96,0.0
101,2023,67,1729.0,12.79,16.03,26.95,0.0
101,2023,67,1730.0,12.78,14.68,26.94,0.0
101,2023,67,1731.0,12.78,13.44,26.93,0.0
101,2023,67,1732.0,12.78,11.78,26.93,0.0
101,2023,67,1733.0,12.78,10.2,26.89,0.0
101,2023,67,1734.0,12.78,8.74,26.85,0.0
101,2023,67,1735.0,12.78,7.61,26.83,0.0
101,2023,67,1736.0,12.78,6.791,26.81,0.0
101,2023,67,1737.0,12.78,6.171,26.79,0.0
101,2023,67,1738.0,12.77,5.664,26.76,0.0
101,2023,67,1739.0,12.77,5.101,26.74,0.0
101,2023,67,1740.0,12.77,4.509,26.74,0.0
101,2023,67,1741.0,12.77,3.917,26.72,0.0
101,2023,67,1742.0,12.77,3.635,26.69,0.0
101,2023,67,1743.0,12.77,3.156,26.66,0.0
101,2023,67,1744.0,12.77,2.621,26.64,0.0
101,2023,67,1745.0,12.77,2.339,26.62,0.0
101,2023,67,1746.0,12.77,2.029,26.6,0.0
101,2023,67,1747.0,12.76,1.719,26.57,0.0
101,2023,67,1748.0,12.76,1.55,26.54,0.0
101,2023,67,1749.0,12.76,1.296,26.55,0.0
101,2023,67,1750.0,12.76,1.015,26.54,0.0
101,2023,67,1751.0,12.76,1.015,26.51,0.0
101,2023,67,1752.0,12.76,0.986,26.5,0.0
101,2023,67,1753.0,12.76,0.0,26.48,0.0
101,2023,67,1754.0,12.76,0.0,26.46,0.0
101,2023,67,1755.0,12.75,0.0,26.45,0.0
101,2023,67,1756.0,12.75,0.0,26.42,0.0
101,2023,67,1757.0,12.75,0.0,26.41,0.0
101,2023,67,1758.0,12.75,0.0,26.4,0.0
101,2023,67,1759.0,12.75,0.0,26.39,0.0
101,2023,67,1800.0,12.75,0.0,26.37,0.0
101,2023,67,1801.0,12.75,0.0,26.35,0.0
101,2023,67,1802.0,12.75,0.0,26.36,0.0
101,2023,67,1803.0,12.75,0.0,26.34,0.0
101,2023,67,1804.0,12.74,0.0,26.32,0.0
101,2023,67,1805.0,12.75,0.0,26.31,0.0
101,2023,67,1806.0,12.74,0.0,26.29,0.0
101,2023,67,1807.0,12.75,0.0,26.27,0.0
101,2023,67,1808.0,12.74,0.0,26.27,0.0
101,2023,67,1809.0,12.74,0.0,26.26,0.0
101,2023,67,1810.0,12.74,0.0,26.24,0.0
101,2023,67,1811.0,12.74,0.0,26.23,0.0
101,2023,67,1812.0,12.74,0.0,26.22,0.0
101,2023,67,1813.0,12.74,0.0,26.21,0.0
101,2023,67,1814.0,12.74,0.0,26.2,0.0
101,2023,67,1815.0,12.74,0.0,26.17,0.0
101,2023,67,1816.0,12.74,0.0,26.14,0.0
101,2023,67,1817.0,12.74,0.0,26.12,0.0
101,2023,67,1818.0,12.74,0.0,26.11,0.0
101,2023,67,1819.0,12.73,0.0,26.09,0.0
101,2023,67,1820.0,12.73,0.0,26.07,0.0
101,2023,67,1821.0,12.73,0.0,26.05,0.0
101,2023,67,1822.0,12.73,0.0,26.03,0.0
101,2023,67,1823.0,12.73,0.0,26.0,0.0
101,2023,67,1824.0,12.73,0.0,25.99,0.0
101,2023,67,1825.0,12.73,0.0,25.97,0.0
101,2023,67,1826.0,12.73,0.0,25.97,0.0
101,2023,67,1827.0,12.72,0.0,25.96,0.0
101,2023,67,1828.0,12.72,0.0,25.94,0.0
101,2023,67,1829.0,12.73,0.0,25.92,0.0
101,2023,67,1830.0,12.73,0.0,25.9,0.0
101,2023,67,1831.0,12.73,0.0,25.89,0.0
101,2023,67,1832.0,12.72,0.0,25.87,0.0
101,2023,67,1833.0,12.72,0.0,25.85,0.0
101,2023,67,1834.0,12.72,0.0,25.84,0.0
101,2023,67,1835.0,12.72,0.0,25.83,0.0
101,2023,67,1836.0,12.72,0.0,25.82,0.0
101,2023,67,1837.0,12.72,0.0,25.8,0.0
101,2023,67,1838.0,12.72,0.0,25.79,0.0
101,2023,67,1839.0,12.72,0.0,25.78,0.0
101,2023,67,1840.0,12.72,0.0,25.76,0.0
101,2023,67,1841.0,12.72,0.0,25.74,0.0
101,2023,67,1842.0,12.72,0.0,25.73,0.0
101,2023,67,1843.0,12.72,0.0,25.71,0.0
101,2023,67,1844.0,12.72,0.0,25.68,0.0
101,2023,67,1845.0,12.71,0.0,25.65,0.0
101,2023,67,1846.0,12.71,0.0,25.6,0.0
101,2023,67,1847.0,12.71,0.0,25.57,0.0
101,2023,67,1848.0,12.71,0.0,25.55,0.0
101,2023,67,1849.0,12.71,0.0,25.55,0.0
101,2023,67,1850.0,12.71,0.0,25.55,0.0
101,2023,67,1851.0,12.71,0.0,25.53,0.0
101,2023,67,1852.0,12.71,0.0,25.54,0.0
101,2023,67,1853.0,12.71,0.0,25.55,0.0
101,2023,67,1854.0,12.71,0.0,25.55,0.0
101,2023,67,1855.0,12.7,0.0,25.55,0.0
101,2023,67,1856.0,12.7,0.0,25.55,0.0
101,2023,67,1857.0,12.7,0.0,25.54,0.0
101,2023,67,1858.0,12.7,0.0,25.54,0.0
101,2023,67,1859.0,12.7,0.0,25.54,0.0
101,2023,67,1900.0,12.7,0.0,25.54,0.0
101,2023,67,1901.0,12.71,0.0,25.56,0.0
101,2023,67,1902.0,12.7,0.0,25.55,0.0
101,2023,67,1903.0,12.7,0.0,25.55,0.0
101,2023,67,1904.0,12.7,0.0,25.54,0.0
101,2023,67,1905.0,12.7,0.0,25.54,0.0
101,2023,67,1906.0,12.7,0.0,25.54,0.0
101,2023,67,1907.0,12.7,0.0,25.54,0.0
101,2023,67,1908.0,12.7,0.0,25.54,0.0
101,2023,67,1909.0,12.7,0.0,25.53,0.0
101,2023,67,1910.0,12.7,0.0,25.53,0.0
101,2023,67,1911.0,12.7,0.0,25.51,0.0
101,2023,67,1912.0,12.7,0.0,25.51,0.0
101,2023,67,1913.0,12.69,0.0,25.5,0.0
101,2023,67,1914.0,12.7,0.0,25.51,0.0
101,2023,67,1915.0,12.69,0.0,25.52,0.0
101,2023,67,1916.0,12.69,0.0,25.52,0.0
101,2023,67,1917.0,12.69,0.0,25.51,0.0
101,2023,67,1918.0,12.69,0.0,25.49,0.0
101,2023,67,1919.0,12.69,0.0,25.49,0.0
101,2023,67,1920.0,12.69,0.0,25.49,0.0
101,2023,67,1921.0,12.69,0.0,25.47,0.0
101,2023,67,1922.0,12.69,0.0,25.45,0.0
101,2023,67,1923.0,12.69,0.0,25.43,0.0
101,2023,67,1924.0,12.69,0.0,25.41,0.0
101,2023,67,1925.0,12.69,0.0,25.4,0.0
101,2023,67,1926.0,12.69,0.0,25.38,0.0
101,2023,67,1927.0,12.69,0.0,25.37,0.0
101,2023,67,1928.0,12.69,0.0,25.35,0.0
101,2023,67,1929.0,12.69,0.0,25.35,0.0
101,2023,67,1930.0,12.69,0.0,25.33,0.0
101,2023,67,1931.0,12.69,0.0,25.31,0.0
101,2023,67,1932.0,12.68,0.0,25.3,0.0
101,2023,67,1933.0,12.69,0.0,25.28,0.0
101,2023,67,1934.0,12.68,0.0,25.27,0.0
101,2023,67,1935.0,12.68,0.0,25.25,0.0
101,2023,67,1936.0,12.68,0.0,25.25,0.0
101,2023,67,1937.0,12.68,0.0,25.25,0.0
101,2023,67,1938.0,12.68,0.0,25.25,0.0
101,2023,67,1939.0,12.68,0.0,25.25,0.0
101,2023,67,1940.0,12.68,0.0,25.23,0.0
101,2023,67,1941.0,12.68,0.0,25.22,0.0
101,2023,67,1942.0,12.68,0.0,25.22,0.0
101,2023,67,1943.0,12.68,0.0,25.21,0.0
101,2023,67,1944.0,12.68,0.0,25.22,0.0
101,2023,67,1945.0,12.68,0.0,25.23,0.0
101,2023,67,1946.0,12.68,0.0,25.23,0.0
101,2023,67,1947.0,12.68,0.0,25.22,0.0
101,2023,67,1948.0,12.68,0.0,25.22,0.0
101,2023,67,1949.0,12.68,0.0,25.21,0.0
101,2023,67,1950.0,12.68,0.0,25.21,0.0
101,2023,67,1951.0,12.68,0.0,25.2,0.0
101,2023,67,1952.0,12.68,0.0,25.2,0.0
101,2023,67,1953.0,12.68,0.0,25.22,0.0
101,2023,67,1954.0,12.68,0.0,25.21,0.0
101,2023,67,1955.0,12.67,0.0,25.2,0.0
101,2023,67,1956.0,12.68,0.0,25.21,0.0
101,2023,67,1957.0,12.67,0.0,25.21,0.0
101,2023,67,1958.0,12.67,0.0,25.22,0.0
101,2023,67,1959.0,12.67,0.0,25.21,0.0
101,2023,67,2000.0,12.67,0.0,25.22,0.0
101,2023,67,2001.0,12.67,0.0,25.22,0.0
101,2023,67,2002.0,12.67,0.0,25.22,0.0
101,2023,67,2003.0,12.67,0.0,25.22,0.0
101,2023,67,2004.0,12.67,0.0,25.22,0.0
101,2023,67,2005.0,12.67,0.0,25.22,0.0
101,2023,67,2006.0,12.67,0.0,25.22,0.0
101,2023,67,2007.0,12.67,0.0,25.22,0.0
101,2023,67,2008.0,12.67,0.0,25.23,0.0
101,2023,67,2009.0,12.67,0.0,25.26,0.0
101,2023,67,2010.0,12.67,0.0,25.28,0.0
101,2023,67,2011.0,12.67,0.0,25.3,0.0
101,2023,67,2012.0,12.67,0.0,25.3,0.0
101,2023,67,2013.0,12.67,0.0,25.3,0.0
101,2023,67,2014.0,12.67,0.0,25.3,0.0
101,2023,67,2015.0,12.66,0.0,25.31,0.0
101,2023,67,2016.0,12.67,0.0,25.33,0.0
101,2023,67,2017.0,12.67,0.0,25.33,0.0
101,2023,67,2018.0,12.67,0.0,25.33,0.0
101,2023,67,2019.0,12.67,0.0,25.35,0.0
101,2023,67,2020.0,12.67,0.0,25.35,0.0
101,2023,67,2021.0,12.66,0.0,25.35,0.0
101,2023,67,2022.0,12.67,0.0,25.35,0.0
101,2023,67,2023.0,12.66,0.0,25.35,0.0
101,2023,67,2024.0,12.66,0.0,25.35,0.0
101,2023,67,2025.0,12.66,0.0,25.35,0.0
101,2023,67,2026.0,12.66,0.0,25.35,0.0
101,2023,67,2027.0,12.66,0.0,25.33,0.0
101,2023,67,2028.0,12.66,0.0,25.35,0.0
101,2023,67,2029.0,12.66,0.0,25.34,0.0
101,2023,67,2030.0,12.66,0.0,25.33,0.0
101,2023,67,2031.0,12.66,0.0,25.33,0.0
101,2023,67,2032.0,12.66,0.0,25.33,0.0
101,2023,67,2033.0,12.66,0.0,25.3,0.0
101,2023,67,2034.0,12.66,0.0,25.29,0.0
101,2023,67,2035.0,12.66,0.0,25.28,0.0
101,2023,67,2036.0,12.66,0.0,25.27,0.0
101,2023,67,2037.0,12.66,0.0,25.25,0.0
101,2023,67,2038.0,12.66,0.0,25.25,0.0
101,2023,67,2039.0,12.66,0.0,25.23,0.0
101,2023,67,2040.0,12.66,0.0,25.23,0.0
101,2023,67,2041.0,12.65,0.0,25.22,0.0
101,2023,67,2042.0,12.65,0.0,25.21,0.0
101,2023,67,2043.0,12.66,0.0,25.19,0.0
101,2023,67,2044.0,12.65,0.0,25.17,0.0
101,2023,67,2045.0,12.65,0.0,25.15,0.0
101,2023,67,2046.0,12.65,0.0,25.13,0.0
101,2023,67,2047.0,12.65,0.0,25.11,0.0
101,2023,67,2048.0,12.65,0.0,25.09,0.0
101,2023,67,2049.0,12.65,0.0,25.08,0.0
101,2023,67,2050.0,12.65,0.0,25.06,0.0
101,2023,67,2051.0,12.65,0.0,25.02,0.0
101,2023,67,2052.0,12.65,0.0,25.01,0.0
101,2023,67,2053.0,12.65,0.0,24.99,0.0
101,2023,67,2054.0,12.65,0.0,24.99,0.0
101,2023,67,2055.0,12.65,0.0,24.98,0.0
101,2023,67,2056.0,12.65,0.0,24.98,0.0
101,2023,67,2057.0,12.65,0.0,24.97,0.0
101,2023,67,2058.0,12.65,0.0,24.96,0.0
101,2023,67,2059.0,12.65,0.0,24.96,0.0
101,2023,67,2100.0,12.65,0.0,24.94,0.0
101,2023,67,2101.0,12.64,0.0,24.92,0.0
101,2023,67,2102.0,12.65,0.0,24.91,0.0
101,2023,67,2103.0,12.65,0.0,24.88,0.0
101,2023,67,2104.0,12.65,0.0,24.86,0.0
101,2023,67,2105.0,12.65,0.0,24.83,0.0
101,2023,67,2106.0,12.65,0.0,24.81,0.0
101,2023,67,2107.0,12.65,0.0,24.78,0.0
101,2023,67,2108.0,12.65,0.0,24.77,0.0
101,2023,67,2109.0,12.65,0.0,24.73,0.0
101,2023,67,2110.0,12.65,0.0,24.73,0.0
101,2023,67,2111.0,12.65,0.0,24.71,0.0
101,2023,67,2112.0,12.65,0.0,24.7,0.0
101,2023,67,2113.0,12.65,0.0,24.69,0.0
101,2023,67,2114.0,12.64,0.0,24.66,0.0
101,2023,67,2115.0,12.65,0.0,24.65,0.0
101,2023,67,2116.0,12.64,0.0,24.63,0.0
101,2023,67,2117.0,12.64,0.0,24.6,0.0
101,2023,67,2118.0,12.64,0.0,24.6,0.0
101,2023,67,2119.0,12.64,0.0,24.58,0.0
101,2023,67,2120.0,12.64,0.0,24.58,0.0
101,2023,67,2121.0,12.64,0.0,24.58,0.0
101,2023,67,2122.0,12.64,0.0,24.58,0.0
101,2023,67,2123.0,12.64,0.0,24.58,0.0
101,2023,67,2124.0,12.64,0.0,24.56,0.0
101,2023,67,2125.0,12.64,0.0,24.55,0.0
101,2023,67,2126.0,12.64,0.0,24.53,0.0
101,2023,67,2127.0,12.64,0.0,24.52,0.0
101,2023,67,2128.0,12.64,0.0,24.51,0.0
101,2023,67,2129.0,12.64,0.0,24.48,0.0
101,2023,67,2130.0,12.64,0.0,24.47,0.0
101,2023,67,2131.0,12.64,0.0,24.46,0.0
101,2023,67,2132.0,12.64,0.0,24.47,0.0
101,2023,67,2133.0,12.64,0.0,24.46,0.0
101,2023,67,2134.0,12.64,0.0,24.46,0.0
101,2023,67,2135.0,12.63,0.0,24.47,0.0
101,2023,67,2136.0,12.64,0.0,24.48,0.0
101,2023,67,2137.0,12.63,0.0,24.47,0.0
101,2023,67,2138.0,12.63,0.0,24.47,0.0
101,2023,67,2139.0,12.63,0.0,24.47,0.0
101,2023,67,2140.0,12.63,0.0,24.46,0.0
101,2023,67,2141.0,12.63,0.0,24.44,0.0
101,2023,67,2142.0,12.63,0.0,24.43,0.0
101,2023,67,2143.0,12.63,0.0,24.42,0.0
101,2023,67,2144.0,12.63,0.0,24.42,0.0
101,2023,67,2145.0,12.63,0.0,24.41,0.0
101,2023,67,2146.0,12.63,0.0,24.39,0.0
101,2023,67,2147.0,12.63,0.0,24.38,0.0
101,2023,67,2148.0,12.63,0.0,24.37,0.0
101,2023,67,2149.0,12.63,0.0,24.36,0.0
101,2023,67,2150.0,12.63,0.0,24.36,0.0
101,2023,67,2151.0,12.63,0.0,24.35,0.0
101,2023,67,2152.0,12.63,0.0,24.34,0.0
101,2023,67,2153.0,12.63,0.0,24.33,0.0
101,2023,67,2154.0,12.63,0.0,24.33,0.0
101,2023,67,2155.0,12.63,0.0,24.31,0.0
101,2023,67,2156.0,12.63,0.0,24.29,0.0
101,2023,67,2157.0,12.63,0.0,24.28,0.0
101,2023,67,2158.0,12.62,0.0,24.26,0.0
101,2023,67,2159.0,12.63,0.0,24.25,0.0
101,2023,67,2200.0,12.63,0.0,24.24,0.0
101,2023,67,2201.0,12.62,0.0,24.24,0.0
101,2023,67,2202.0,12.63,0.0,24.23,0.0
101,2023,67,2203.0,12.63,0.0,24.24,0.0
101,2023,67,2204.0,12.62,0.0,24.23,0.0
101,2023,67,2205.0,12.62,0.0,24.21,0.0
101,2023,67,2206.0,12.62,0.0,24.2,0.0
101,2023,67,2207.0,12.62,0.0,24.19,0.0
101,2023,67,2208.0,12.62,0.0,24.19,0.0
101,2023,67,2209.0,12.62,0.0,24.16,0.0
101,2023,67,2210.0,12.62,0.0,24.16,0.0
101,2023,67,2211.0,12.62,0.0,24.14,0.0
101,2023,67,2212.0,12.62,0.0,24.12,0.0
101,2023,67,2213.0,12.62,0.0,24.1,0.0
101,2023,67,2214.0,12.62,0.0,24.08,0.0
101,2023,67,2215.0,12.62,0.0,24.08,0.0
101,2023,67,2216.0,12.62,0.0,24.08,0.0
101,2023,67,2217.0,12.62,0.0,24.08,0.0
101,2023,67,2218.0,12.62,0.0,24.08,0.0
101,2023,67,2219.0,12.62,0.0,24.07,0.0
101,2023,67,2220.0,12.62,0.0,24.06,0.0
101,2023,67,2221.0,12.62,0.0,24.04,0.0
101,2023,67,2222.0,12.62,0.0,24.04,0.0
101,2023,67,2223.0,12.62,0.0,24.04,0.0
101,2023,67,2224.0,12.62,0.0,24.02,0.0
101,2023,67,2225.0,12.62,0.0,24.01,0.0
101,2023,67,2226.0,12.61,0.0,24.02,0.0
101,2023,67,2227.0,12.61,0.0,24.01,0.0
101,2023,67,2228.0,12.61,0.0,24.0,0.0
101,2023,67,2229.0,12.61,0.0,23.99,0.0
101,2023,67,2230.0,12.61,0.0,23.98,0.0
101,2023,67,2231.0,12.61,0.0,23.97,0.0
101,2023,67,2232.0,12.61,0.0,23.95,0.0
101,2023,67,2233.0,12.61,0.0,23.94,0.0
101,2023,67,2234.0,12.61,0.0,23.94,0.0
101,2023,67,2235.0,12.61,0.0,23.92,0.0
101,2023,67,2236.0,12.61,0.0,23.92,0.0
101,2023,67,2237.0,12.61,0.0,23.91,0.0
101,2023,67,2238.0,12.61,0.0,23.92,0.0
101,2023,67,2239.0,12.61,0.0,23.93,0.0
101,2023,67,2240.0,12.61,0.0,23.93,0.0
101,2023,67,2241.0,12.61,0.0,23.94,0.0
101,2023,67,2242.0,12.61,0.0,23.95,0.0
101,2023,67,2243.0,12.61,0.0,23.94,0.0
101,2023,67,2244.0,12.61,0.0,23.95,0.0
101,2023,67,2245.0,12.61,0.0,23.94,0.0
101,2023,67,2246.0,12.6,0.0,23.93,0.0
101,2023,67,2247.0,12.6,0.0,23.92,0.0
101,2023,67,2248.0,12.6,0.0,23.91,0.0
101,2023,67,2249.0,12.6,0.0,23.88,0.0
101,2023,67,2250.0,12.6,0.0,23.86,0.0
101,2023,67,2251.0,12.6,0.0,23.88,0.0
101,2023,67,2252.0,12.6,0.0,23.86,0.0
101,2023,67,2253.0,12.6,0.0,23.83,0.0
101,2023,67,2254.0,12.6,0.0,23.8,0.0
101,2023,67,2255.0,12.6,0.0,23.77,0.0
101,2023,67,2256.0,12.6,0.0,23.76,0.0
101,2023,67,2257.0,12.6,0.0,23.73,0.0
101,2023,67,2258.0,12.6,0.0,23.7,0.0
101,2023,67,2259.0,12.6,0.0,23.68,0.0
101,2023,67,2300.0,12.6,0.0,23.65,0.0
101,2023,67,2301.0,12.6,0.0,23.64,0.0
101,2023,67,2302.0,12.6,0.0,23.63,0.0
101,2023,67,2303.0,12.6,0.0,23.6,0.0
101,2023,67,2304.0,12.59,0.0,23.58,0.0
101,2023,67,2305.0,12.6,0.0,23.57,0.0
101,2023,67,2306.0,12.6,0.0,23.59,0.0
101,2023,67,2307.0,12.59,0.0,23.61,0.0
101,2023,67,2308.0,12.59,0.0,23.61,0.0
101,2023,67,2309.0,12.59,0.0,23.61,0.0
101,2023,67,2310.0,12.59,0.0,23.62,0.0
101,2023,67,2311.0,12.59,0.0,23.62,0.0
101,2023,67,2312.0,12.59,0.0,23.61,0.0
101,2023,67,2313.0,12.59,0.0,23.59,0.0
101,2023,67,2314.0,12.59,0.0,23.56,0.0
101,2023,67,2315.0,12.59,0.0,23.55,0.0
101,2023,67,2316.0,12.59,0.0,23.55,0.0
101,2023,67,2317.0,12.59,0.0,23.55,0.0
101,2023,67,2318.0,12.59,0.0,23.57,0.0
101,2023,67,2319.0,12.59,0.0,23.58,0.0
101,2023,67,2320.0,12.59,0.0,23.6,0.0
101,2023,67,2321.0,12.59,0.0,23.6,0.0
101,2023,67,2322.0,12.59,0.0,23.6,0.0
101,2023,67,2323.0,12.59,0.0,23.59,0.0
101,2023,67,2324.0,12.59,0.0,23.58,0.0
101,2023,67,2325.0,12.59,0.0,23.55,0.0
101,2023,67,2326.0,12.59,0.0,23.54,0.0
101,2023,67,2327.0,12.59,0.0,23.53,0.0
101,2023,67,2328.0,12.59,0.0,23.52,0.0
101,2023,67,2329.0,12.59,0.0,23.51,0.0
101,2023,67,2330.0,12.58,0.0,23.53,0.0
101,2023,67,2331.0,12.58,0.0,23.56,0.0
101,2023,67,2332.0,12.58,0.0,23.58,0.0
101,2023,67,2333.0,12.58,0.0,23.56,0.0
101,2023,67,2334.0,12.58,0.0,23.56,0.0
101,2023,67,2335.0,12.58,0.0,23.57,0.0
101,2023,67,2336.0,12.58,0.0,23.56,0.0
101,2023,67,2337.0,12.58,0.0,23.54,0.0
101,2023,67,2338.0,12.58,0.0,23.51,0.0
101,2023,67,2339.0,12.58,0.0,23.5,0.0
101,2023,67,2340.0,12.58,0.0,23.49,0.0
101,2023,67,2341.0,12.58,0.0,23.48,0.0
101,2023,67,2342.0,12.58,0.0,23.44,0.0
101,2023,67,2343.0,12.58,0.0,23.41,0.0
101,2023,67,2344.0,12.57,0.0,23.4,0.0
101,2023,67,2345.0,12.57,0.0,23.41,0.0
101,2023,67,2346.0,12.58,0.0,23.41,0.0
101,2023,67,2347.0,12.58,0.0,23.35,0.0
101,2023,67,2348.0,12.58,0.0,23.29,0.0
101,2023,67,2349.0,12.58,0.0,23.23,0.0
101,2023,67,2350.0,12.57,0.0,23.18,0.0
101,2023,67,2351.0,12.57,0.0,23.17,0.0
101,2023,67,2352.0,12.57,0.0,23.15,0.0
101,2023,67,2353.0,12.57,0.0,23.13,0.0
101,2023,67,2354.0,12.57,0.0,23.12,0.0
101,2023,67,2355.0,12.57,0.0,23.1,0.0
101,2023,67,2356.0,12.57,0.0,23.09,0.0
101,2023,67,2357.0,12.57,0.0,23.09,0.0
101,2023,67,2358.0,12.57,0.0,23.1,0.0
101,2023,67,2359.0,12.57,0.0,23.12,0.0
