a,b,dia_juliano,d,e,f,g,h
101,2022,311,530,12.73,6.849,22.37,0
101,2022,311,531,12.73,7.05,22.37,0
101,2022,311,532,12.73,6.989,22.37,0
101,2022,311,533,12.73,6.905,22.37,0
101,2022,311,534,12.73,7.1,22.37,0
101,2022,311,535,12.73,7.1,22.38,0
101,2022,311,536,12.73,7.3,22.37,0
101,2022,311,537,12.73,7.72,22.37,0
101,2022,311,538,12.73,8,22.35,0
101,2022,311,539,12.73,8.46,22.35,0
101,2022,311,540,12.73,8.46,22.35,0
101,2022,311,541,12.73,8.82,22.35,0
101,2022,311,542,12.73,9.13,22.35,0
101,2022,311,543,12.73,9.13,22.35,0
101,2022,311,544,12.73,9.13,22.35,0
101,2022,311,545,12.73,9.13,22.35,0
101,2022,311,546,12.73,9.55,22.37,0
101,2022,311,547,12.72,9.81,22.38,0
101,2022,311,548,12.72,9.84,22.38,0
101,2022,311,549,12.73,10.34,22.35,0
101,2022,311,550,12.72,10.48,22.34,0
101,2022,311,551,12.72,10.85,22.35,0
101,2022,311,552,12.72,11.16,22.35,0
101,2022,311,553,12.72,11.72,22.35,0
101,2022,311,554,12.72,12.29,22.36,0
101,2022,311,555,12.72,12.94,22.36,0
101,2022,311,556,12.72,13.61,22.36,0
101,2022,311,557,12.73,14.37,22.36,0
101,2022,311,558,12.73,14.99,22.37,0
101,2022,311,559,12.73,15.84,22.38,0
101,2022,311,600,12.73,16.6,22.37,0
101,2022,311,601,12.73,17.45,22.37,0
101,2022,311,602,12.74,18.23,22.37,0
101,2022,311,603,12.74,19.05,22.37,0
101,2022,311,604,12.75,19.9,22.38,0
101,2022,311,605,12.75,20.74,22.38,0
101,2022,311,606,12.76,21.67,22.38,0
101,2022,311,607,12.77,22.69,22.38,0
101,2022,311,608,12.77,23.73,22.4,0
101,2022,311,609,12.78,24.94,22.4,0
101,2022,311,610,12.79,26.15,22.41,0
101,2022,311,611,12.8,27.48,22.42,0
101,2022,311,612,12.81,28.94,22.41,0
101,2022,311,613,12.83,30.61,22.43,0
101,2022,311,614,12.84,32.16,22.43,0
101,2022,311,615,12.85,33.82,22.44,0
101,2022,311,616,12.87,35.17,22.44,0
101,2022,311,617,12.88,36.19,22.43,0
101,2022,311,618,12.9,36.78,22.43,0
101,2022,311,619,12.91,36.53,22.44,0
101,2022,311,620,12.92,35.51,22.44,0
101,2022,311,621,12.93,34.16,22.46,0
101,2022,311,622,12.94,32.64,22.47,0
101,2022,311,623,12.95,31.34,22.48,0
101,2022,311,624,12.95,30.41,22.48,0
101,2022,311,625,12.96,30.1,22.47,0
101,2022,311,626,12.96,30.49,22.48,0
101,2022,311,627,12.97,31.48,22.49,0
101,2022,311,628,12.98,33.31,22.5,0
101,2022,311,629,12.99,35.62,22.5,0
101,2022,311,630,13.01,38.36,22.5,0
101,2022,311,631,13.02,41.23,22.52,0
101,2022,311,632,13.05,44.53,22.5,0
101,2022,311,633,13.07,48.5,22.49,0
101,2022,311,634,13.1,52.93,22.51,0
101,2022,311,635,13.12,57.66,22.52,0
101,2022,311,636,13.16,62.31,22.51,0
101,2022,311,637,13.19,67.41,22.52,0
101,2022,311,638,13.23,71.7,22.52,0
101,2022,311,639,13.25,75.8,22.53,0
101,2022,311,640,13.25,79,22.55,0
101,2022,311,641,13.26,81.5,22.56,0
101,2022,311,642,13.26,84,22.57,0
101,2022,311,643,13.26,86.6,22.57,0
101,2022,311,644,13.26,90.3,22.61,0
101,2022,311,645,13.26,92.9,22.62,0
101,2022,311,646,13.26,96.3,22.64,0
101,2022,311,647,13.26,100.6,22.64,0
101,2022,311,648,13.26,104.1,22.6,0
101,2022,311,649,13.26,109.6,22.64,0
101,2022,311,650,13.26,113.4,22.66,0
101,2022,311,651,13.26,117.9,22.65,0
101,2022,311,652,13.26,122.4,22.61,0
101,2022,311,653,13.26,126.2,22.59,0
101,2022,311,654,13.26,131.1,22.6,0
101,2022,311,655,13.26,136.3,22.63,0
101,2022,311,656,13.26,140.3,22.66,0
101,2022,311,657,13.26,146.3,22.72,0
101,2022,311,658,13.26,151.5,22.71,0
101,2022,311,659,13.26,156.7,22.75,0
101,2022,311,700,13.26,159.7,22.7,0
101,2022,311,701,13.26,164.5,22.73,0
101,2022,311,702,13.26,171.6,22.8,0
101,2022,311,703,13.26,177,22.77,0
101,2022,311,704,13.26,178.6,22.78,0
101,2022,311,705,13.26,179.5,22.78,0
101,2022,311,706,13.26,183.2,22.8,0
101,2022,311,707,13.26,184.9,22.85,0
101,2022,311,708,13.26,185.8,22.86,0
101,2022,311,709,13.26,184.8,22.87,0
101,2022,311,710,13.26,186.7,22.9,0
101,2022,311,711,13.26,187.8,22.94,0
101,2022,311,712,13.26,187.2,22.94,0
101,2022,311,713,13.26,194.3,22.95,0
101,2022,311,714,13.25,196,22.94,0
101,2022,311,715,13.26,192.7,23.02,0
101,2022,311,716,13.26,194.1,23.08,0
101,2022,311,717,13.25,190.2,23.12,0
101,2022,311,718,13.25,190.1,23.14,0
101,2022,311,719,13.25,190.2,23.15,0
101,2022,311,720,13.25,195.4,23.16,0
101,2022,311,721,13.25,208.5,23.18,0
101,2022,311,722,13.25,216.5,23.12,0
101,2022,311,723,13.25,212,23.18,0
101,2022,311,724,13.25,196.3,23.25,0
101,2022,311,725,13.25,197.9,23.34,0
101,2022,311,726,13.25,201.6,23.38,0
101,2022,311,727,13.25,200.9,23.34,0
101,2022,311,728,13.25,224.9,23.27,0
101,2022,311,729,13.25,244.7,23.31,0
101,2022,311,730,13.25,255.6,23.38,0
101,2022,311,731,13.25,263.2,23.42,0
101,2022,311,732,13.25,265.9,23.43,0
101,2022,311,733,13.25,261.1,23.5,0
101,2022,311,734,13.24,250.1,23.45,0
101,2022,311,735,13.24,241.8,23.47,0
101,2022,311,736,13.24,241.6,23.45,0
101,2022,311,737,13.24,241.5,23.49,0
101,2022,311,738,13.24,244.5,23.5,0
101,2022,311,739,13.24,251.7,23.5,0
101,2022,311,740,13.24,265.4,23.52,0
101,2022,311,741,13.24,277.3,23.56,0
101,2022,311,742,13.24,284.1,23.61,0
101,2022,311,743,13.24,281.5,23.65,0
101,2022,311,744,13.23,276.4,23.72,0
101,2022,311,745,13.24,279.3,23.76,0
101,2022,311,746,13.24,274.5,23.75,0
101,2022,311,747,13.23,269.4,23.82,0
101,2022,311,748,13.24,258.1,23.86,0
101,2022,311,749,13.24,250.7,23.91,0
101,2022,311,750,13.24,257.4,23.94,0
101,2022,311,751,13.23,257.8,23.89,0
101,2022,311,752,13.23,248.2,23.89,0
101,2022,311,753,13.23,230.1,23.86,0
101,2022,311,754,13.23,213.7,23.87,0
101,2022,311,755,13.23,213,23.93,0
101,2022,311,756,13.23,226.2,23.95,0
101,2022,311,757,13.23,233.2,23.95,0
101,2022,311,758,13.23,228.5,24,0
101,2022,311,759,13.23,234.3,24.02,0
101,2022,311,800,13.23,238.4,23.91,0
101,2022,311,801,13.23,228.1,23.9,0
101,2022,311,802,13.23,231.4,23.89,0
101,2022,311,803,13.23,251,23.92,0
101,2022,311,804,13.23,270.8,24.01,0
101,2022,311,805,13.23,272.4,24.06,0
101,2022,311,806,13.23,299.5,24.11,0
101,2022,311,807,13.23,307.9,24.08,0
101,2022,311,808,13.23,290.9,24.07,0
101,2022,311,809,13.23,280.2,24.07,0
101,2022,311,810,13.23,284.3,24.12,0
101,2022,311,811,13.23,306,24.15,0
101,2022,311,812,13.23,326.7,24.19,0
101,2022,311,813,13.23,333.4,24.18,0
101,2022,311,814,13.23,340,24.22,0
101,2022,311,815,13.23,344.9,24.25,0
101,2022,311,816,13.23,364.8,24.26,0
101,2022,311,817,13.23,389,24.32,0
101,2022,311,818,13.23,388.6,24.4,0
101,2022,311,819,13.23,405.9,24.39,0
101,2022,311,820,13.22,415.4,24.32,0
101,2022,311,821,13.22,448.8,24.32,0
101,2022,311,822,13.22,428.6,24.38,0
101,2022,311,823,13.22,418.3,24.44,0
101,2022,311,824,13.22,436.5,24.47,0
101,2022,311,825,13.22,495.8,24.48,0
101,2022,311,826,13.22,555.7,24.56,0
101,2022,311,827,13.22,616.6,24.63,0
101,2022,311,828,13.22,609.8,24.77,0
101,2022,311,829,13.22,538.1,24.9,0
101,2022,311,830,13.22,587.2,24.84,0
101,2022,311,831,13.21,659.9,24.73,0
101,2022,311,832,13.21,550,24.78,0
101,2022,311,833,13.21,611.9,24.74,0
101,2022,311,834,13.21,559.4,24.8,0
101,2022,311,835,13.21,573.2,24.88,0
101,2022,311,836,13.21,711,24.92,0
101,2022,311,837,13.21,771,25.04,0
101,2022,311,838,13.21,743,25.12,0
101,2022,311,839,13.21,632.8,25.24,0
101,2022,311,840,13.21,756,25.36,0
101,2022,311,841,13.21,843,25.45,0
101,2022,311,842,13.21,768,25.53,0
101,2022,311,843,13.2,853,25.64,0
101,2022,311,844,13.2,882,25.87,0
101,2022,311,845,13.2,796,25.85,0
101,2022,311,846,13.2,707,25.59,0
101,2022,311,847,13.2,739,25.64,0
101,2022,311,848,13.19,701,25.72,0
101,2022,311,849,13.19,611.6,25.81,0
101,2022,311,850,13.19,595.1,25.83,0
101,2022,311,851,13.19,519.1,25.7,0
101,2022,311,852,13.19,452,25.6,0
101,2022,311,853,13.19,426.4,25.61,0
101,2022,311,854,13.19,425,25.67,0
101,2022,311,855,13.19,433.2,25.79,0
101,2022,311,856,13.19,432.4,25.94,0
101,2022,311,857,13.19,419.7,26.04,0
101,2022,311,858,13.19,401.6,26.04,0
101,2022,311,859,13.19,389.3,26.13,0
101,2022,311,900,13.19,401.8,26.08,0
101,2022,311,901,13.19,425.2,26.19,0
101,2022,311,902,13.19,439.2,26.18,0
101,2022,311,903,13.19,446.1,26.19,0
101,2022,311,904,13.19,447.2,26.27,0
101,2022,311,905,13.19,439.5,26.26,0
101,2022,311,906,13.19,443.2,26.3,0
101,2022,311,907,13.19,427.3,26.3,0
101,2022,311,908,13.19,403.4,26.2,0
101,2022,311,909,13.19,391.1,26.17,0
101,2022,311,910,13.19,384.6,26.14,0
101,2022,311,911,13.19,386.8,26.16,0
101,2022,311,912,13.19,408,26.13,0
101,2022,311,913,13.19,430.5,26.07,0
101,2022,311,914,13.19,449.8,26.04,0
101,2022,311,915,13.19,487.2,26.02,0
101,2022,311,916,13.19,546.6,26.02,0
101,2022,311,917,13.19,539.6,26.12,0
101,2022,311,918,13.19,512.2,26.08,0
101,2022,311,919,13.19,524.4,26.18,0
101,2022,311,920,13.19,516.3,26.26,0
101,2022,311,921,13.19,502.1,26.29,0
101,2022,311,922,13.18,506.6,26.28,0
101,2022,311,923,13.19,515.6,26.32,0
101,2022,311,924,13.19,488.4,26.32,0
101,2022,311,925,13.19,463.7,26.23,0
101,2022,311,926,13.19,456.7,26.26,0
101,2022,311,927,13.19,450,26.29,0
101,2022,311,928,13.19,447.1,26.27,0
101,2022,311,929,13.19,455.7,26.22,0
101,2022,311,930,13.19,473.6,26.13,0
101,2022,311,931,13.19,484,26.01,0
101,2022,311,932,13.19,503.6,26.03,0
101,2022,311,933,13.19,520.6,26.11,0
101,2022,311,934,13.19,529.7,26.15,0
101,2022,311,935,13.19,532.6,26.24,0
101,2022,311,936,13.19,536.9,26.33,0
101,2022,311,937,13.19,542.5,26.27,0
101,2022,311,938,13.18,547.9,26.1,0
101,2022,311,939,13.19,546.6,26.26,0
101,2022,311,940,13.19,541.7,26.36,0
101,2022,311,941,13.18,539.3,26.4,0
101,2022,311,942,13.18,536.5,26.58,0
101,2022,311,943,13.18,538.8,26.69,0
101,2022,311,944,13.18,548.1,26.74,0
101,2022,311,945,13.18,564.6,26.69,0
101,2022,311,946,13.18,585.2,26.72,0
101,2022,311,947,13.18,612.4,26.74,0
101,2022,311,948,13.18,628.4,26.72,0
101,2022,311,949,13.18,614,26.9,0
101,2022,311,950,13.18,561.1,27.01,0
101,2022,311,951,13.17,503.8,27.11,0
101,2022,311,952,13.17,444.7,27.05,0
101,2022,311,953,13.17,397.1,26.87,0
101,2022,311,954,13.17,357.2,26.75,0
101,2022,311,955,13.17,324.3,26.67,0
101,2022,311,956,13.17,301.4,26.69,0
101,2022,311,957,13.17,288.4,26.75,0
101,2022,311,958,13.17,278.8,26.65,0
101,2022,311,959,13.17,273.1,26.77,0
101,2022,311,1000,13.17,274.8,26.79,0
101,2022,311,1001,13.17,280.8,26.68,0
101,2022,311,1002,13.17,290,26.6,0
101,2022,311,1003,13.17,304.5,26.62,0
101,2022,311,1004,13.17,320.1,26.54,0
101,2022,311,1005,13.17,334.6,26.45,0
101,2022,311,1006,13.17,349.6,26.35,0
101,2022,311,1007,13.17,364.8,26.37,0
101,2022,311,1008,13.17,378.6,26.38,0
101,2022,311,1009,13.17,392.9,26.4,0
101,2022,311,1010,13.18,404.4,26.45,0
101,2022,311,1011,13.17,410.8,26.49,0
101,2022,311,1012,13.17,412.9,26.5,0
101,2022,311,1013,13.18,417.1,26.42,0
101,2022,311,1014,13.18,426.3,26.25,0
101,2022,311,1015,13.18,441.9,26.27,0
101,2022,311,1016,13.18,462.1,26.23,0
101,2022,311,1017,13.17,487.9,26.37,0
101,2022,311,1018,13.18,514.9,26.42,0
101,2022,311,1019,13.18,538.5,26.48,0
101,2022,311,1020,13.17,558.5,26.48,0
101,2022,311,1021,13.17,577.2,26.61,0
101,2022,311,1022,13.17,616.4,26.69,0
101,2022,311,1023,13.17,707,26.84,0
101,2022,311,1024,13.17,606.9,26.92,0
101,2022,311,1025,13.17,583.6,26.9,0
101,2022,311,1026,13.17,567.7,26.97,0
101,2022,311,1027,13.17,581.4,26.95,0
101,2022,311,1028,13.17,580.4,27.02,0
101,2022,311,1029,13.17,567.5,27.11,0
101,2022,311,1030,13.17,566.9,27.09,0
101,2022,311,1031,13.17,595.7,27.13,0
101,2022,311,1032,13.17,595.2,27.18,0
101,2022,311,1033,13.17,590.1,27.25,0
101,2022,311,1034,13.16,592.2,27.24,0
101,2022,311,1035,13.17,622.8,27.17,0
101,2022,311,1036,13.17,687.2,27.24,0
101,2022,311,1037,13.17,750,27.36,0
101,2022,311,1038,13.16,776,27.39,0
101,2022,311,1039,13.17,702,27.48,0
101,2022,311,1040,13.16,705,27.64,0
101,2022,311,1041,13.17,756,27.74,0
101,2022,311,1042,13.17,809,27.66,0
101,2022,311,1043,13.16,724,27.6,0
101,2022,311,1044,13.16,687.4,27.66,0
101,2022,311,1045,13.17,647,27.72,0
101,2022,311,1046,13.16,625.6,27.77,0
101,2022,311,1047,13.16,623.4,27.83,0
101,2022,311,1048,13.16,587.2,27.83,0
101,2022,311,1049,13.16,525.6,27.81,0
101,2022,311,1050,13.16,443.5,27.86,0
101,2022,311,1051,13.16,384.9,27.71,0
101,2022,311,1052,13.16,345.8,27.35,0
101,2022,311,1053,13.16,298.2,26.93,0
101,2022,311,1054,13.16,240.7,26.43,0
101,2022,311,1055,13.16,190.3,25.95,0
101,2022,311,1056,13.16,155.4,25.46,0
101,2022,311,1057,13.16,131.2,25.3,0
101,2022,311,1058,13.17,118.7,24.91,0
101,2022,311,1059,13.16,113.6,24.79,0
101,2022,311,1100,13.16,114.3,24.6,0
101,2022,311,1101,13.17,119.2,24.48,0
101,2022,311,1102,13.17,127.4,24.2,0
101,2022,311,1103,13.17,136.8,24.01,0
101,2022,311,1104,13.17,148.4,23.92,0
101,2022,311,1105,13.17,160.1,23.86,0
101,2022,311,1106,13.18,167.3,23.87,0
101,2022,311,1107,13.18,172.4,23.86,0
101,2022,311,1108,13.18,175,23.88,0
101,2022,311,1109,13.18,180,23.69,0
101,2022,311,1110,13.18,185.3,23.56,0
101,2022,311,1111,13.18,197.7,23.48,0
101,2022,311,1112,13.19,211.6,23.45,0
101,2022,311,1113,13.18,219.8,23.46,0
101,2022,311,1114,13.18,223.4,23.47,0
101,2022,311,1115,13.19,225.5,23.48,0
101,2022,311,1116,13.19,230.1,23.46,0
101,2022,311,1117,13.19,237.2,23.5,0
101,2022,311,1118,13.19,253.6,23.48,0
101,2022,311,1119,13.19,277.6,23.44,0
101,2022,311,1120,13.19,297.5,23.46,0
101,2022,311,1121,13.19,314.1,23.56,0
101,2022,311,1122,13.19,334.1,23.61,0
101,2022,311,1123,13.19,351.2,23.63,0
101,2022,311,1124,13.19,350.8,23.6,0
101,2022,311,1125,13.19,343.6,23.56,0
101,2022,311,1126,13.2,340.5,23.51,0
101,2022,311,1127,13.2,336.3,23.58,0
101,2022,311,1128,13.2,326.3,23.6,0
101,2022,311,1129,13.2,306.6,23.7,0
101,2022,311,1130,13.2,286.8,23.83,0
101,2022,311,1131,13.2,269,23.94,0
101,2022,311,1132,13.2,254.8,23.95,0
101,2022,311,1133,13.2,245.1,23.98,0
101,2022,311,1134,13.2,237.2,24.02,0
101,2022,311,1135,13.2,230.5,23.96,0
101,2022,311,1136,13.2,218.3,23.83,0
101,2022,311,1137,13.2,204.1,23.75,0
101,2022,311,1138,13.2,190.7,23.74,0
101,2022,311,1139,13.2,179.1,23.79,0
101,2022,311,1140,13.2,170.2,23.8,0
101,2022,311,1141,13.2,164.4,23.88,0
101,2022,311,1142,13.2,162,23.77,0
101,2022,311,1143,13.2,162.7,23.86,0
101,2022,311,1144,13.2,166.6,23.94,0
101,2022,311,1145,13.2,172,23.99,0
101,2022,311,1146,13.2,177.5,24.02,0
101,2022,311,1147,13.2,181.4,23.92,0
101,2022,311,1148,13.2,180.4,23.92,0
101,2022,311,1149,13.2,175.2,23.93,0
101,2022,311,1150,13.2,169.4,23.85,0
101,2022,311,1151,13.2,164.9,23.81,0
101,2022,311,1152,13.2,162.9,23.73,0
101,2022,311,1153,13.2,164.4,23.71,0
101,2022,311,1154,13.2,167.5,23.76,0
101,2022,311,1155,13.21,171.2,23.74,0
101,2022,311,1156,13.2,175,23.71,0
101,2022,311,1157,13.2,178.5,23.64,0
101,2022,311,1158,13.2,180.3,23.63,0
101,2022,311,1159,13.21,180.1,23.66,0
101,2022,311,1200,13.2,178,23.61,0
101,2022,311,1201,13.21,174.6,23.61,0
101,2022,311,1202,13.21,173.2,23.68,0
101,2022,311,1203,13.21,174.3,23.59,0
101,2022,311,1204,13.21,176.9,23.49,0
101,2022,311,1205,13.21,177.3,23.52,0
101,2022,311,1206,13.21,180.3,23.51,0
101,2022,311,1207,13.21,181.5,23.52,0
101,2022,311,1208,13.21,180.9,23.57,0
101,2022,311,1209,13.21,176.7,23.48,0
101,2022,311,1210,13.21,174.8,23.52,0
101,2022,311,1211,13.21,170.7,23.46,0
101,2022,311,1212,13.21,168.1,23.5,0
101,2022,311,1213,13.21,170.4,23.52,0
101,2022,311,1214,13.21,172.3,23.47,0
101,2022,311,1215,13.21,174.2,23.56,0
101,2022,311,1216,13.21,179,23.45,0
101,2022,311,1217,13.21,184.3,23.44,0
101,2022,311,1218,13.21,186.8,23.37,0
101,2022,311,1219,13.21,188,23.25,0
101,2022,311,1220,13.21,186.8,23.3,0
101,2022,311,1221,13.21,184.2,23.24,0
101,2022,311,1222,13.21,180.8,23.28,0
101,2022,311,1223,13.21,178.3,23.28,0
101,2022,311,1224,13.21,176.9,23.35,0
101,2022,311,1225,13.21,176.9,23.46,0
101,2022,311,1226,13.21,178.2,23.51,0
101,2022,311,1227,13.21,179.2,23.55,0
101,2022,311,1228,13.21,180.3,23.56,0
101,2022,311,1229,13.21,180.1,23.59,0
101,2022,311,1230,13.21,178.4,23.6,0
101,2022,311,1231,13.21,175.6,23.62,0
101,2022,311,1232,13.21,171.2,23.63,0
101,2022,311,1233,13.21,166,23.68,0
101,2022,311,1234,13.21,162.4,23.67,0
101,2022,311,1235,13.21,161.4,23.69,0
101,2022,311,1236,13.21,164,23.69,0
101,2022,311,1237,13.21,169.1,23.63,0
101,2022,311,1238,13.21,175,23.61,0
101,2022,311,1239,13.21,180.4,23.71,0
101,2022,311,1240,13.21,183.6,23.69,0
101,2022,311,1241,13.21,184,23.7,0
101,2022,311,1242,13.21,182.2,23.72,0
101,2022,311,1243,13.21,182.1,23.75,0
101,2022,311,1244,13.21,184.3,23.76,0
101,2022,311,1245,13.21,187.2,23.8,0
101,2022,311,1246,13.21,189.5,23.84,0
101,2022,311,1247,13.21,189.4,23.89,0
101,2022,311,1248,13.21,186.3,23.88,0
101,2022,311,1249,13.21,185.5,23.93,0
101,2022,311,1250,13.21,182.2,23.95,0
101,2022,311,1251,13.21,178.8,23.95,0
101,2022,311,1252,13.21,178.2,23.92,0
101,2022,311,1253,13.21,179.6,23.91,0
101,2022,311,1254,13.21,181.1,23.94,0
101,2022,311,1255,13.21,181.2,23.96,0
101,2022,311,1256,13.21,179.1,24,0
101,2022,311,1257,13.21,176.4,24.06,0
101,2022,311,1258,13.21,174.6,24.05,0
101,2022,311,1259,13.21,173,24.1,0
101,2022,311,1300,13.21,170.4,24.06,0
101,2022,311,1301,13.21,168.9,24.09,0
101,2022,311,1302,13.21,169.1,24.08,0
101,2022,311,1303,13.21,170.6,24.12,0
101,2022,311,1304,13.21,172.5,24.14,0
101,2022,311,1305,13.21,173.9,24.09,0
101,2022,311,1306,13.21,175.3,24.11,0
101,2022,311,1307,13.21,177.2,24.11,0
101,2022,311,1308,13.21,179.4,24.14,0
101,2022,311,1309,13.21,183.1,24.14,0
101,2022,311,1310,13.21,189,24.17,0
101,2022,311,1311,13.21,197.1,24.22,0
101,2022,311,1312,13.21,206.7,24.23,0
101,2022,311,1313,13.21,217.8,24.21,0
101,2022,311,1314,13.21,229.1,24.22,0
101,2022,311,1315,13.21,239.4,24.28,0
101,2022,311,1316,13.21,245.2,24.31,0
101,2022,311,1317,13.21,246.9,24.35,0
101,2022,311,1318,13.21,244.8,24.29,0
101,2022,311,1319,13.21,236.6,24.28,0
101,2022,311,1320,13.21,223.9,24.16,0
101,2022,311,1321,13.21,207.6,24.28,0
101,2022,311,1322,13.21,189.7,24.29,0
101,2022,311,1323,13.21,172.1,24.33,0
101,2022,311,1324,13.21,158.3,24.33,0
101,2022,311,1325,13.21,150.5,24.4,0
101,2022,311,1326,13.21,149.6,24.44,0
101,2022,311,1327,13.21,153.3,24.42,0
101,2022,311,1328,13.21,159.8,24.38,0
101,2022,311,1329,13.21,169.1,24.37,0
101,2022,311,1330,13.21,182.5,24.36,0
101,2022,311,1331,13.21,197.7,24.41,0
101,2022,311,1332,13.21,211,24.47,0
101,2022,311,1333,13.21,222.2,24.58,0
101,2022,311,1334,13.21,232.1,24.62,0
101,2022,311,1335,13.21,239.9,24.62,0
101,2022,311,1336,13.21,247,24.66,0
101,2022,311,1337,13.21,254.9,24.68,0
101,2022,311,1338,13.21,261.3,24.76,0
101,2022,311,1339,13.21,267.3,24.86,0
101,2022,311,1340,13.21,270.8,24.89,0
101,2022,311,1341,13.21,271.2,24.88,0
101,2022,311,1342,13.21,271.3,24.9,0
101,2022,311,1343,13.21,272.5,24.95,0
101,2022,311,1344,13.21,274.8,25.03,0
101,2022,311,1345,13.21,279.2,25.06,0
101,2022,311,1346,13.21,277.9,25.03,0
101,2022,311,1347,13.21,293,25.06,0
101,2022,311,1348,13.21,373,25.14,0
101,2022,311,1349,13.21,440.7,25.23,0
101,2022,311,1350,13.21,431.7,25.24,0
101,2022,311,1351,13.21,463.8,25.32,0
101,2022,311,1352,13.21,441.3,25.43,0
101,2022,311,1353,13.21,444.9,25.45,0
101,2022,311,1354,13.21,407.1,25.44,0
101,2022,311,1355,13.21,354.9,25.45,0
101,2022,311,1356,13.21,333.4,25.49,0
101,2022,311,1357,13.21,319.5,25.53,0
101,2022,311,1358,13.21,313.4,25.49,0
101,2022,311,1359,13.21,312.7,25.39,0
101,2022,311,1400,13.2,313.5,25.41,0
101,2022,311,1401,13.2,315.5,25.39,0
101,2022,311,1402,13.2,315.8,25.53,0
101,2022,311,1403,13.2,312.7,25.57,0
101,2022,311,1404,13.2,306.6,25.65,0
101,2022,311,1405,13.2,301.3,25.66,0
101,2022,311,1406,13.2,290.6,25.6,0
101,2022,311,1407,13.2,284.3,25.63,0
101,2022,311,1408,13.2,280.9,25.62,0
101,2022,311,1409,13.2,281,25.64,0
101,2022,311,1410,13.2,282.1,25.59,0
101,2022,311,1411,13.2,282.1,25.54,0
101,2022,311,1412,13.2,281.9,25.52,0
101,2022,311,1413,13.2,284,25.53,0
101,2022,311,1414,13.2,292.3,25.66,0
101,2022,311,1415,13.2,309.5,25.71,0
101,2022,311,1416,13.2,356.8,25.75,0
101,2022,311,1417,13.2,456.7,25.82,0
101,2022,311,1418,13.2,445.8,25.81,0
101,2022,311,1419,13.2,373.3,25.86,0
101,2022,311,1420,13.2,308.5,25.86,0
101,2022,311,1421,13.2,272.7,25.9,0
101,2022,311,1422,13.2,245.2,25.89,0
101,2022,311,1423,13.19,222.9,25.91,0
101,2022,311,1424,13.19,207,25.93,0
101,2022,311,1425,13.19,199.7,25.92,0
101,2022,311,1426,13.19,197.5,25.93,0
101,2022,311,1427,13.19,196.4,25.89,0
101,2022,311,1428,13.19,194.9,25.92,0
101,2022,311,1429,13.19,191.5,25.94,0
101,2022,311,1430,13.19,187.1,25.96,0
101,2022,311,1431,13.19,184.2,25.96,0
101,2022,311,1432,13.19,183.9,25.97,0
101,2022,311,1433,13.19,185.1,25.98,0
101,2022,311,1434,13.19,185.8,25.96,0
101,2022,311,1435,13.19,184.1,25.91,0
101,2022,311,1436,13.19,179.3,25.9,0
101,2022,311,1437,13.19,173.2,25.92,0
101,2022,311,1438,13.19,167.6,25.93,0
101,2022,311,1439,13.19,164.7,25.94,0
101,2022,311,1440,13.19,166.4,25.87,0
101,2022,311,1441,13.19,173.7,25.84,0
101,2022,311,1442,13.19,189.8,25.81,0
101,2022,311,1443,13.19,214.4,25.79,0
101,2022,311,1444,13.19,239.4,25.8,0
101,2022,311,1445,13.19,257.2,25.82,0
101,2022,311,1446,13.19,267.9,25.85,0
101,2022,311,1447,13.19,295.4,25.87,0
101,2022,311,1448,13.19,499.8,25.88,0
101,2022,311,1449,13.19,476.5,25.93,0
101,2022,311,1450,13.2,524.5,26.01,0
101,2022,311,1451,13.19,417.3,26.12,0
101,2022,311,1452,13.19,465.1,26.16,0
101,2022,311,1453,13.19,655.6,26.16,0
101,2022,311,1454,13.19,650.4,26.26,0
101,2022,311,1455,13.19,359.7,26.37,0
101,2022,311,1456,13.19,272.8,26.41,0
101,2022,311,1457,13.19,252.3,26.43,0
101,2022,311,1458,13.19,221.9,26.4,0
101,2022,311,1459,13.19,183.7,26.4,0
101,2022,311,1500,13.19,151.5,26.42,0
101,2022,311,1501,13.19,145,26.42,0
101,2022,311,1502,13.19,159.1,26.44,0
101,2022,311,1503,13.19,181.1,26.38,0
101,2022,311,1504,13.19,253.1,26.32,0
101,2022,311,1505,13.19,355.3,26.29,0
101,2022,311,1506,13.19,357.9,26.34,0
101,2022,311,1507,13.19,463.7,26.24,0
101,2022,311,1508,13.19,494.3,26.07,0
101,2022,311,1509,13.19,541.4,25.88,0
101,2022,311,1510,13.19,606,25.97,0
101,2022,311,1511,13.19,596.4,26.14,0
101,2022,311,1512,13.19,572.5,26.27,0
101,2022,311,1513,13.19,591.3,26.32,0
101,2022,311,1514,13.19,583,26.41,0
101,2022,311,1515,13.19,584.1,26.52,0
101,2022,311,1516,13.19,598,26.62,0
101,2022,311,1517,13.19,618.7,26.53,0
101,2022,311,1518,13.19,627.1,26.57,0
101,2022,311,1519,13.19,620.6,26.34,0
101,2022,311,1520,13.19,613.3,26.11,0
101,2022,311,1521,13.19,597.2,26.17,0
101,2022,311,1522,13.19,435.3,26.01,0
101,2022,311,1523,13.19,246.4,26.08,0
101,2022,311,1524,13.19,227.4,26.19,0
101,2022,311,1525,13.19,330.2,26.18,0
101,2022,311,1526,13.19,443,26,0
101,2022,311,1527,13.19,375.4,25.93,0
101,2022,311,1528,13.19,414,25.84,0
101,2022,311,1529,13.19,397.2,25.74,0
101,2022,311,1530,13.19,308.8,25.84,0
101,2022,311,1531,13.19,250.4,25.87,0
101,2022,311,1532,13.19,196.3,25.9,0
101,2022,311,1533,13.19,199.1,25.94,0
101,2022,311,1534,13.19,172.5,25.98,0
101,2022,311,1535,13.19,154.4,26,0
101,2022,311,1536,13.19,152.3,26,0
101,2022,311,1537,13.19,156.1,26,0
101,2022,311,1538,13.19,158.9,26.01,0
101,2022,311,1539,13.19,158.5,26.03,0
101,2022,311,1540,13.19,151,26.02,0
101,2022,311,1541,13.19,147.1,25.98,0
101,2022,311,1542,13.19,143.7,25.94,0
101,2022,311,1543,13.19,143.9,25.92,0
101,2022,311,1544,13.19,142.5,25.87,0
101,2022,311,1545,13.19,140.1,25.83,0
101,2022,311,1546,13.19,141.2,25.83,0
101,2022,311,1547,13.19,142.7,25.77,0
101,2022,311,1548,13.19,146.3,25.78,0
101,2022,311,1549,13.19,152.9,25.77,0
101,2022,311,1550,13.19,155.3,25.67,0
101,2022,311,1551,13.19,141,25.68,0
101,2022,311,1552,13.19,134.7,25.69,0
101,2022,311,1553,13.19,128.7,25.62,0
101,2022,311,1554,13.19,129.8,25.47,0
101,2022,311,1555,13.19,133.5,25.33,0
101,2022,311,1556,13.2,134.1,25.31,0
101,2022,311,1557,13.2,135.4,25.29,0
101,2022,311,1558,13.2,138,25.33,0
101,2022,311,1559,13.19,137.5,25.34,0
101,2022,311,1600,13.2,136.1,25.34,0
101,2022,311,1601,13.2,134.7,25.29,0
101,2022,311,1602,13.2,132.7,25.26,0
101,2022,311,1603,13.2,131.7,25.24,0
101,2022,311,1604,13.2,131.3,25.21,0
101,2022,311,1605,13.2,131.3,25.17,0
101,2022,311,1606,13.2,128.7,25.08,0
101,2022,311,1607,13.2,123.9,25.09,0
101,2022,311,1608,13.2,119.6,25.1,0
101,2022,311,1609,13.2,117.8,25.08,0
101,2022,311,1610,13.2,117.2,25.03,0
101,2022,311,1611,13.2,118,24.99,0
101,2022,311,1612,13.2,118.5,24.98,0
101,2022,311,1613,13.2,115.6,24.92,0
101,2022,311,1614,13.2,112.5,24.92,0
101,2022,311,1615,13.2,112.5,24.88,0
101,2022,311,1616,13.2,115.2,24.92,0
101,2022,311,1617,13.2,116.4,24.89,0
101,2022,311,1618,13.2,110.3,24.85,0
101,2022,311,1619,13.2,108.3,24.85,0
101,2022,311,1620,13.2,102.1,24.87,0
101,2022,311,1621,13.2,95.2,24.82,0
101,2022,311,1622,13.2,89.3,24.79,0
101,2022,311,1623,13.2,89.4,24.77,0
101,2022,311,1624,13.2,87.8,24.72,0
101,2022,311,1625,13.2,83.8,24.71,0
101,2022,311,1626,13.2,79,24.72,0
101,2022,311,1627,13.2,72.9,24.71,0
101,2022,311,1628,13.2,69.02,24.71,0
101,2022,311,1629,13.2,68,24.72,0
101,2022,311,1630,13.2,67.86,24.69,0
101,2022,311,1631,13.2,66.46,24.64,0
101,2022,311,1632,13.2,63.02,24.62,0
101,2022,311,1633,13.2,57.5,24.64,0
101,2022,311,1634,13.2,50.65,24.64,0
101,2022,311,1635,13.19,43.02,24.6,0
101,2022,311,1636,13.18,36.59,24.55,0
101,2022,311,1637,13.17,32.65,24.56,0
101,2022,311,1638,13.16,30,24.55,0
101,2022,311,1639,13.15,28.28,24.54,0
101,2022,311,1640,13.13,26.96,24.53,0
101,2022,311,1641,13.12,24.99,24.51,0
101,2022,311,1642,13.11,23.38,24.52,0
101,2022,311,1643,13.1,22.62,24.49,0
101,2022,311,1644,13.1,22.65,24.49,0
101,2022,311,1645,13.09,22.65,24.48,0
101,2022,311,1646,13.08,22.56,24.45,0
101,2022,311,1647,13.08,22.23,24.43,0
101,2022,311,1648,13.07,21.75,24.41,0
101,2022,311,1649,13.06,20.79,24.42,0
101,2022,311,1650,13.06,19.41,24.41,0
101,2022,311,1651,13.05,18.65,24.39,0
101,2022,311,1652,13.04,18.14,24.37,0
101,2022,311,1653,13.04,17.61,24.34,0
101,2022,311,1654,13.04,17.21,24.34,0
101,2022,311,1655,13.03,16.99,24.31,0
101,2022,311,1656,13.02,16.82,24.28,0
101,2022,311,1657,13.02,16.56,24.25,0
101,2022,311,1658,13.01,16.2,24.25,0
101,2022,311,1659,13.01,15.69,24.21,0
101,2022,311,1700,13,15.18,24.19,0
101,2022,311,1701,13,14.87,24.18,0
101,2022,311,1702,13,14.65,24.16,0
101,2022,311,1703,12.99,14.54,24.16,0
101,2022,311,1704,12.99,14.54,24.15,0
101,2022,311,1705,12.99,14.54,24.15,0
101,2022,311,1706,12.98,14.54,24.15,0
101,2022,311,1707,12.98,14.31,24.13,0
101,2022,311,1708,12.97,13.83,24.13,0
101,2022,311,1709,12.97,13.18,24.13,0
101,2022,311,1710,12.97,12.25,24.13,0
101,2022,311,1711,12.96,11.66,24.11,0
101,2022,311,1712,12.96,11.13,24.1,0
101,2022,311,1713,12.96,10.54,24.06,0
101,2022,311,1714,12.96,9.92,24.02,0
101,2022,311,1715,12.95,9.32,23.98,0
101,2022,311,1716,12.95,8.73,23.94,0
101,2022,311,1717,12.95,8,23.93,0
101,2022,311,1718,12.94,7.18,23.92,0
101,2022,311,1719,12.94,6.479,23.89,0
101,2022,311,1720,12.94,5.775,23.85,0
101,2022,311,1721,12.94,4.817,23.85,0
101,2022,311,1722,12.93,4.085,23.84,0
101,2022,311,1723,12.93,3.719,23.82,0
101,2022,311,1724,12.93,3.127,23.82,0
101,2022,311,1725,12.93,2.62,23.81,0
101,2022,311,1726,12.92,2.197,23.8,0
101,2022,311,1727,12.92,1.972,23.8,0
101,2022,311,1728,12.92,1.521,23.77,0
101,2022,311,1729,12.92,1.352,23.76,0
101,2022,311,1730,12.92,1.352,23.74,0
101,2022,311,1731,12.91,1.071,23.73,0
101,2022,311,1732,12.91,.845,23.71,0
101,2022,311,1733,12.91,.676,23.7,0
101,2022,311,1734,12.91,.507,23.7,0
101,2022,311,1735,12.91,.338,23.7,0
101,2022,311,1736,12.9,.31,23.69,0
101,2022,311,1737,12.9,.197,23.67,0
101,2022,311,1738,12.9,.197,23.65,0
101,2022,311,1739,12.9,.028,23.63,0
101,2022,311,1740,12.9,0,23.61,0
101,2022,311,1741,12.9,0,23.59,0
101,2022,311,1742,12.89,0,23.56,0
101,2022,311,1743,12.89,0,23.52,0
101,2022,311,1744,12.89,0,23.48,0
101,2022,311,1745,12.89,0,23.47,0
101,2022,311,1746,12.89,0,23.46,0
101,2022,311,1747,12.89,0,23.44,0
101,2022,311,1748,12.89,0,23.42,0
101,2022,311,1749,12.88,0,23.41,0
101,2022,311,1750,12.88,0,23.43,0
101,2022,311,1751,12.88,0,23.4,0
101,2022,311,1752,12.88,0,23.4,0
101,2022,311,1753,12.88,0,23.39,0
101,2022,311,1754,12.88,0,23.37,0
101,2022,311,1755,12.88,0,23.36,0
101,2022,311,1756,12.88,0,23.34,0
101,2022,311,1757,12.88,0,23.33,0
101,2022,311,1758,12.88,0,23.34,0
101,2022,311,1759,12.88,0,23.32,0
