a,b,dia_juliano,d,e,f,g,h
101,2023,9,530,12.84,23.43,21.03,0
101,2023,9,531,12.86,25.18,21.04,0
101,2023,9,532,12.89,26.34,21.1,0
101,2023,9,533,12.92,28.25,21.11,0
101,2023,9,534,12.96,32.68,21.14,0
101,2023,9,535,13.01,36.49,21.16,0
101,2023,9,536,13.06,39.11,21.19,0
101,2023,9,537,13.1,40.66,21.23,0
101,2023,9,538,13.13,39.17,21.3,0
101,2023,9,539,13.16,35.44,21.34,0
101,2023,9,540,13.18,33.39,21.4,0
101,2023,9,541,13.21,33.33,21.48,0
101,2023,9,542,13.26,45.17,21.51,0
101,2023,9,543,13.27,52.59,21.53,0
101,2023,9,544,13.27,56.28,21.55,0
101,2023,9,545,13.27,56.87,21.55,0
101,2023,9,546,13.27,61.92,21.59,0
101,2023,9,547,13.28,64.32,21.62,0
101,2023,9,548,13.28,68.86,21.68,0
101,2023,9,549,13.28,71.3,21.71,0
101,2023,9,550,13.28,72.8,21.76,0
101,2023,9,551,13.28,73.9,21.8,0
101,2023,9,552,13.28,74.8,21.85,0
101,2023,9,553,13.28,74.9,21.87,0
101,2023,9,554,13.27,75.7,21.93,0
101,2023,9,555,13.27,78.3,21.98,0
101,2023,9,556,13.27,81.3,22.03,0
101,2023,9,557,13.27,83.7,22.07,0
101,2023,9,558,13.27,86.3,22.13,0
101,2023,9,559,13.27,88.9,22.16,0
101,2023,9,600,13.27,91.3,22.22,0
101,2023,9,601,13.27,93.1,22.25,0
101,2023,9,602,13.27,94.8,22.27,0
101,2023,9,603,13.27,97.1,22.35,0
101,2023,9,604,13.27,99.8,22.41,0
101,2023,9,605,13.27,102,22.48,0
101,2023,9,606,13.27,104.3,22.58,0
101,2023,9,607,13.27,106.8,22.63,0
101,2023,9,608,13.26,109.1,22.73,0
101,2023,9,609,13.26,111.8,22.81,0
101,2023,9,610,13.26,115.8,22.9,0
101,2023,9,611,13.26,119.9,23.02,0
101,2023,9,612,13.26,122.9,23.1,0
101,2023,9,613,13.26,124.8,23.13,0
101,2023,9,614,13.26,127.4,23.2,0
101,2023,9,615,13.26,131.1,23.25,0
101,2023,9,616,13.26,134.2,23.31,0
101,2023,9,617,13.26,137.5,23.37,0
101,2023,9,618,13.26,140.9,23.42,0
101,2023,9,619,13.25,144.1,23.47,0
101,2023,9,620,13.25,147.2,23.57,0
101,2023,9,621,13.25,150.3,23.67,0
101,2023,9,622,13.25,153.3,23.7,0
101,2023,9,623,13.25,156.4,23.7,0
101,2023,9,624,13.25,158.7,23.7,0
101,2023,9,625,13.25,161.6,23.69,0
101,2023,9,626,13.24,164.3,23.87,0
101,2023,9,627,13.24,167.7,23.95,0
101,2023,9,628,13.24,171.3,24,0
101,2023,9,629,13.24,175.2,23.95,0
101,2023,9,630,13.24,178.5,24.02,0
101,2023,9,631,13.24,181.6,24.02,0
101,2023,9,632,13.24,184.3,24.18,0
101,2023,9,633,13.24,187,24.31,0
101,2023,9,634,13.24,189,24.37,0
101,2023,9,635,13.23,191,24.46,0
101,2023,9,636,13.23,192.6,24.49,0
101,2023,9,637,13.23,195.1,24.45,0
101,2023,9,638,13.23,199,24.51,0
101,2023,9,639,13.23,203.8,24.58,0
101,2023,9,640,13.23,207.9,24.68,0
101,2023,9,641,13.23,213.2,24.76,0
101,2023,9,642,13.22,220,24.95,0
101,2023,9,643,13.22,225.7,25.13,0
101,2023,9,644,13.22,230,25.17,0
101,2023,9,645,13.22,234.1,25.22,0
101,2023,9,646,13.22,236.9,25.28,0
101,2023,9,647,13.22,241.8,25.32,0
101,2023,9,648,13.22,250.4,25.25,0
101,2023,9,649,13.21,259,25,0
101,2023,9,650,13.21,269.1,24.9,0
101,2023,9,651,13.21,276.8,24.99,0
101,2023,9,652,13.21,282.5,25.13,0
101,2023,9,653,13.21,285.4,25.24,0
101,2023,9,654,13.21,288.2,25.27,0
101,2023,9,655,13.21,294,25.37,0
101,2023,9,656,13.21,299.8,25.25,0
101,2023,9,657,13.2,303.6,25.24,0
101,2023,9,658,13.2,306.6,25.23,0
101,2023,9,659,13.2,308.9,25.19,0
101,2023,9,700,13.2,308.9,25.23,0
101,2023,9,701,13.2,306.9,25.21,0
101,2023,9,702,13.2,306.2,25.28,0
101,2023,9,703,13.2,306.8,25.32,0
101,2023,9,704,13.2,306.8,25.29,0
101,2023,9,705,13.2,307.1,25.27,0
101,2023,9,706,13.19,305.2,25.37,0
101,2023,9,707,13.19,305.2,25.33,0
101,2023,9,708,13.19,309.9,25.37,0
101,2023,9,709,13.19,313.4,25.42,0
101,2023,9,710,13.19,316.1,25.37,0
101,2023,9,711,13.19,318.9,25.25,0
101,2023,9,712,13.18,320.7,25.25,0
101,2023,9,713,13.18,324.1,25.33,0
101,2023,9,714,13.18,328.6,25.43,0
101,2023,9,715,13.18,333.8,25.56,0
101,2023,9,716,13.18,338.9,25.65,0
101,2023,9,717,13.18,341.4,25.66,0
101,2023,9,718,13.18,346.2,25.68,0
101,2023,9,719,13.18,350.2,25.59,0
101,2023,9,720,13.18,354.7,25.55,0
101,2023,9,721,13.18,361.3,25.5,0
101,2023,9,722,13.17,367.3,25.61,0
101,2023,9,723,13.17,374.1,25.82,0
101,2023,9,724,13.17,379.6,25.84,0
101,2023,9,725,13.17,383.3,25.72,0
101,2023,9,726,13.17,389.7,25.92,0
101,2023,9,727,13.17,398.2,26,0
101,2023,9,728,13.17,405.1,25.94,0
101,2023,9,729,13.17,412.6,26.06,0
101,2023,9,730,13.16,417.1,26.11,0
101,2023,9,731,13.16,422,26.17,0
101,2023,9,732,13.16,422.2,26.05,0
101,2023,9,733,13.16,422,25.94,0
101,2023,9,734,13.16,425.7,26.11,0
101,2023,9,735,13.15,431.5,26.24,0
101,2023,9,736,13.16,434.5,26.16,0
101,2023,9,737,13.16,346.9,26.07,0
101,2023,9,738,13.16,390.1,26.1,0
101,2023,9,739,13.15,449.7,26.12,0
101,2023,9,740,13.15,451.7,26.14,0
101,2023,9,741,13.15,459.1,26.19,0
101,2023,9,742,13.15,481.7,26.2,0
101,2023,9,743,13.15,504.6,26.12,0
101,2023,9,744,13.15,491.9,26.14,0
101,2023,9,745,13.15,489.5,26.32,0
101,2023,9,746,13.15,505.9,26.47,0
101,2023,9,747,13.15,515.1,26.54,0
101,2023,9,748,13.15,505.6,26.52,0
101,2023,9,749,13.15,354.3,26.58,0
101,2023,9,750,13.14,478.1,26.46,0
101,2023,9,751,13.14,505.5,26.47,0
101,2023,9,752,13.14,503.4,26.63,0
101,2023,9,753,13.14,507.6,26.85,0
101,2023,9,754,13.14,506.4,26.95,0
101,2023,9,755,13.14,324.1,26.77,0
101,2023,9,756,13.14,315.3,26.59,0
101,2023,9,757,13.14,355.8,26.59,0
101,2023,9,758,13.14,382.2,26.64,0
101,2023,9,759,13.14,526.1,26.56,0
101,2023,9,800,13.14,238.2,26.6,0
101,2023,9,801,13.14,313.9,26.53,0
101,2023,9,802,13.14,494.8,26.58,0
101,2023,9,803,13.14,659.7,26.69,0
101,2023,9,804,13.14,541.5,26.79,0
101,2023,9,805,13.14,652.7,26.86,0
101,2023,9,806,13.14,619.7,27.1,0
101,2023,9,807,13.14,606.8,27.02,0
101,2023,9,808,13.13,605.2,27.07,0
101,2023,9,809,13.13,612.5,27.29,0
101,2023,9,810,13.13,341,27.38,0
101,2023,9,811,13.13,523.2,27.36,0
101,2023,9,812,13.13,534,27.32,0
101,2023,9,813,13.13,619.5,27.52,0
101,2023,9,814,13.13,632.4,27.74,0
101,2023,9,815,13.13,658.1,27.74,0
101,2023,9,816,13.13,531.3,27.76,0
101,2023,9,817,13.13,321.5,27.69,0
101,2023,9,818,13.12,417.4,27.59,0
101,2023,9,819,13.12,569.8,27.6,0
101,2023,9,820,13.12,298.2,27.51,0
101,2023,9,821,13.12,518.1,27.41,0
101,2023,9,822,13.12,373.6,27.43,0
101,2023,9,823,13.12,217.7,27.47,0
101,2023,9,824,13.12,376.3,27.37,0
101,2023,9,825,13.12,351.5,27.31,0
101,2023,9,826,13.12,670.1,27.3,0
101,2023,9,827,13.12,664.1,27.5,0
101,2023,9,828,13.12,749,27.82,0
101,2023,9,829,13.12,767,27.82,0
101,2023,9,830,13.12,637.2,27.81,0
101,2023,9,831,13.12,741,27.78,0
101,2023,9,832,13.12,808,28.14,0
101,2023,9,833,13.12,550,28.27,0
101,2023,9,834,13.12,473.3,28.33,0
101,2023,9,835,13.12,789,28.13,0
101,2023,9,836,13.12,686,28.06,0
101,2023,9,837,13.11,820,28.11,0
101,2023,9,838,13.12,881,28.11,0
101,2023,9,839,13.11,637.9,28.01,0
101,2023,9,840,13.11,780,28.13,0
101,2023,9,841,13.11,305.4,28.27,0
101,2023,9,842,13.11,723,28.19,0
101,2023,9,843,13.11,834,28.14,0
101,2023,9,844,13.11,829,28.23,0
101,2023,9,845,13.11,840,28.49,0
101,2023,9,846,13.11,817,28.5,0
101,2023,9,847,13.1,874,28.57,0
101,2023,9,848,13.11,915,28.84,0
101,2023,9,849,13.11,691.5,28.93,0
101,2023,9,850,13.1,420.2,28.72,0
101,2023,9,851,13.1,286.8,28.51,0
101,2023,9,852,13.1,252.8,28.57,0
101,2023,9,853,13.1,244.1,28.43,0
101,2023,9,854,13.1,248.6,28.29,0
101,2023,9,855,13.1,250.6,28.21,0
101,2023,9,856,13.1,240,28.04,0
101,2023,9,857,13.1,233.3,27.88,0
101,2023,9,858,13.1,236.5,27.82,0
101,2023,9,859,13.11,256,27.76,0
101,2023,9,900,13.11,316.8,27.81,0
101,2023,9,901,13.11,345.3,27.77,0
101,2023,9,902,13.11,480.3,27.83,0
101,2023,9,903,13.11,602.9,27.89,0
101,2023,9,904,13.11,354.9,27.89,0
101,2023,9,905,13.11,257,27.92,0
101,2023,9,906,13.11,270,27.88,0
101,2023,9,907,13.11,277.6,27.91,0
101,2023,9,908,13.11,707,27.99,0
101,2023,9,909,13.11,466.1,28.17,0
101,2023,9,910,13.11,255.6,28.2,0
101,2023,9,911,13.11,245.9,28.25,0
101,2023,9,912,13.11,249.1,28.22,0
101,2023,9,913,13.11,228.2,28.18,0
101,2023,9,914,13.11,210.5,28.14,0
101,2023,9,915,13.11,359.7,28.15,0
101,2023,9,916,13.12,710,28.18,0
101,2023,9,917,13.12,945,28.3,0
101,2023,9,918,13.12,696.8,28.43,0
101,2023,9,919,13.11,503.9,28.35,0
101,2023,9,920,13.11,740,28.33,0
101,2023,9,921,13.11,873,28.34,0
101,2023,9,922,13.11,643.6,28.53,0
101,2023,9,923,13.11,502.7,28.43,0
101,2023,9,924,13.11,302.4,28.58,0
101,2023,9,925,13.11,264.6,28.49,0
101,2023,9,926,13.11,252.1,28.58,0
101,2023,9,927,13.1,439.2,28.49,0
101,2023,9,928,13.1,899,28.39,0
101,2023,9,929,13.11,764,28.52,0
101,2023,9,930,13.11,947,28.8,0
101,2023,9,931,13.1,813,28.79,0
101,2023,9,932,13.11,327.2,28.87,0
101,2023,9,933,13.1,272.9,28.89,0
101,2023,9,934,13.11,254.1,28.82,0
101,2023,9,935,13.1,245.2,28.6,0
101,2023,9,936,13.1,240.6,28.39,0
101,2023,9,937,13.1,239.8,28.3,0
101,2023,9,938,13.1,249.9,28.3,0
101,2023,9,939,13.1,289.6,28.33,0
101,2023,9,940,13.11,502.9,28.42,0
101,2023,9,941,13.11,723,28.46,0
101,2023,9,942,13.11,1039,28.66,0
101,2023,9,943,13.1,1018,28.76,0
101,2023,9,944,13.1,541.9,28.79,0
101,2023,9,945,13.1,569.5,28.71,0
101,2023,9,946,13.1,1015,28.72,0
101,2023,9,947,13.1,1066,29.22,0
101,2023,9,948,13.1,811,29.52,0
101,2023,9,949,13.1,984,29.7,0
101,2023,9,950,13.1,910,29.81,0
101,2023,9,951,13.1,454.8,29.94,0
101,2023,9,952,13.1,837,29.48,0
101,2023,9,953,13.1,1041,29.64,0
101,2023,9,954,13.1,1028,29.6,0
101,2023,9,955,13.1,1026,29.74,0
101,2023,9,956,13.09,1035,29.8,0
101,2023,9,957,13.1,1044,29.91,0
101,2023,9,958,13.09,1047,30.15,0
101,2023,9,959,13.09,1038,30.03,0
101,2023,9,1000,13.09,1027,29.99,0
101,2023,9,1001,13.09,1014,30.05,0
101,2023,9,1002,13.09,1009,30.05,0
101,2023,9,1003,13.09,1014,29.93,0
101,2023,9,1004,13.09,1015,30.11,0
101,2023,9,1005,13.09,1018,30.24,0
101,2023,9,1006,13.09,1029,30.5,0
101,2023,9,1007,13.09,1045,30.6,0
101,2023,9,1008,13.09,1058,30.62,0
101,2023,9,1009,13.09,1062,30.75,0
101,2023,9,1010,13.09,1066,31.01,0
101,2023,9,1011,13.09,1072,30.89,0
101,2023,9,1012,13.09,923,30.76,0
101,2023,9,1013,13.09,725,30.71,0
101,2023,9,1014,13.09,380.8,30.61,0
101,2023,9,1015,13.09,365.2,30.61,0
101,2023,9,1016,13.09,697.4,30.56,0
101,2023,9,1017,13.09,1048,30.72,0
101,2023,9,1018,13.09,747,30.93,0
101,2023,9,1019,13.09,321.1,30.63,0
101,2023,9,1020,13.09,290.8,30.23,0
101,2023,9,1021,13.09,281.1,30.15,0
101,2023,9,1022,13.09,279.3,29.97,0
101,2023,9,1023,13.09,290.6,29.85,0
101,2023,9,1024,13.09,331.8,29.69,0
101,2023,9,1025,13.09,458.4,29.67,0
101,2023,9,1026,13.09,846,29.83,0
101,2023,9,1027,13.09,1098,29.84,0
101,2023,9,1028,13.09,1092,29.94,0
101,2023,9,1029,13.09,1042,30.32,0
101,2023,9,1030,13.09,410.8,30.43,0
101,2023,9,1031,13.09,319.7,30.17,0
101,2023,9,1032,13.09,996,30.13,0
101,2023,9,1033,13.09,1128,30.12,0
101,2023,9,1034,13.09,1135,30.28,0
101,2023,9,1035,13.09,1116,30.44,0
101,2023,9,1036,13.09,1093,30.49,0
101,2023,9,1037,13.09,1107,30.55,0
101,2023,9,1038,13.09,1116,30.56,0
101,2023,9,1039,13.09,1131,30.68,0
101,2023,9,1040,13.09,490.9,30.62,0
101,2023,9,1041,13.09,368.2,30.34,0
101,2023,9,1042,13.09,375.9,30.27,0
101,2023,9,1043,13.09,321.5,30.25,0
101,2023,9,1044,13.09,300.5,30.24,0
101,2023,9,1045,13.09,301.6,30.14,0
101,2023,9,1046,13.09,311.1,30.2,0
101,2023,9,1047,13.09,309.2,30.16,0
101,2023,9,1048,13.09,275.5,29.99,0
101,2023,9,1049,13.08,250.5,30.04,0
101,2023,9,1050,13.09,237.6,30.11,0
101,2023,9,1051,13.09,230.4,30.1,0
101,2023,9,1052,13.09,225.9,30.06,0
101,2023,9,1053,13.09,229.2,29.98,0
101,2023,9,1054,13.09,257.2,29.95,0
101,2023,9,1055,13.09,308,29.84,0
101,2023,9,1056,13.09,319.4,29.83,0
101,2023,9,1057,13.09,329.2,29.71,0
101,2023,9,1058,13.09,742,29.56,0
101,2023,9,1059,13.09,969,29.76,0
101,2023,9,1100,13.09,909,29.87,0
101,2023,9,1101,13.09,590.6,29.94,0
101,2023,9,1102,13.09,900,29.92,0
101,2023,9,1103,13.09,1080,29.92,0
101,2023,9,1104,13.09,1065,29.9,0
101,2023,9,1105,13.09,1053,30,0
101,2023,9,1106,13.09,934,30.01,0
101,2023,9,1107,13.09,661,29.99,0
101,2023,9,1108,13.09,1016,30.2,0
101,2023,9,1109,13.09,477,30.5,0
101,2023,9,1110,13.09,746,30.62,0
101,2023,9,1111,13.09,1107,30.59,0
101,2023,9,1112,13.09,1130,30.53,0
101,2023,9,1113,13.09,1035,30.41,0
101,2023,9,1114,13.09,1065,30.48,0
101,2023,9,1115,13.09,986,30.72,0
101,2023,9,1116,13.09,824,30.72,0
101,2023,9,1117,13.09,1053,30.76,0
101,2023,9,1118,13.09,1044,30.83,0
101,2023,9,1119,13.09,1044,30.8,0
101,2023,9,1120,13.09,1058,30.84,0
101,2023,9,1121,13.09,1082,30.49,0
101,2023,9,1122,13.09,1118,30.45,0
101,2023,9,1123,13.09,1147,30.36,0
101,2023,9,1124,13.09,743,30.57,0
101,2023,9,1125,13.09,402.5,30.52,0
101,2023,9,1126,13.09,422,30.47,0
101,2023,9,1127,13.09,417.5,30.38,0
101,2023,9,1128,13.09,427.2,30.23,0
101,2023,9,1129,13.09,348,30.08,0
101,2023,9,1130,13.09,328.7,30.15,0
101,2023,9,1131,13.09,317.5,30.17,0
101,2023,9,1132,13.09,312.1,30.22,0
101,2023,9,1133,13.09,321,30.09,0
101,2023,9,1134,13.09,339.4,30.21,0
101,2023,9,1135,13.09,355.8,30.25,0
101,2023,9,1136,13.09,445.3,30.12,0
101,2023,9,1137,13.08,347.7,30.19,0
101,2023,9,1138,13.09,278.8,30.16,0
101,2023,9,1139,13.09,254,29.99,0
101,2023,9,1140,13.09,220.5,29.82,0
101,2023,9,1141,13.09,189,29.77,0
101,2023,9,1142,13.08,171.8,29.67,0
101,2023,9,1143,13.09,171.6,29.51,0
101,2023,9,1144,13.09,189.6,29.44,0
101,2023,9,1145,13.09,219.6,29.5,0
101,2023,9,1146,13.09,248.2,29.54,0
101,2023,9,1147,13.09,283.7,29.58,0
101,2023,9,1148,13.09,310.1,29.63,0
101,2023,9,1149,13.09,342.3,29.64,0
101,2023,9,1150,13.09,596.6,29.65,0
101,2023,9,1151,13.09,1152,29.69,0
101,2023,9,1152,13.09,1143,29.92,0
101,2023,9,1153,13.09,1131,30.16,0
101,2023,9,1154,13.09,1114,30.39,0
101,2023,9,1155,13.09,1093,30.29,0
101,2023,9,1156,13.09,1079,30.37,0
101,2023,9,1157,13.09,1066,30.57,0
101,2023,9,1158,13.09,1044,30.64,0
101,2023,9,1159,13.09,1022,30.67,0
101,2023,9,1200,13.09,1014,30.57,0
101,2023,9,1201,13.09,1011,30.67,0
101,2023,9,1202,13.09,1012,30.64,0
101,2023,9,1203,13.09,1017,30.71,0
101,2023,9,1204,13.09,1024,30.83,0
101,2023,9,1205,13.09,1030,30.84,0
101,2023,9,1206,13.09,1036,30.52,0
101,2023,9,1207,13.09,1044,30.72,0
101,2023,9,1208,13.09,1054,30.94,0
101,2023,9,1209,13.09,1064,30.96,0
101,2023,9,1210,13.09,774,30.81,0
101,2023,9,1211,13.09,346.3,30.74,0
101,2023,9,1212,13.09,1042,30.55,0
101,2023,9,1213,13.09,1127,30.68,0
101,2023,9,1214,13.09,1154,30.76,0
101,2023,9,1215,13.09,1159,31,0
101,2023,9,1216,13.09,1170,31.34,0
101,2023,9,1217,13.09,1137,31.45,0
101,2023,9,1218,13.09,1135,31.16,0
101,2023,9,1219,13.08,1144,30.99,0
101,2023,9,1220,13.09,1086,31,0
101,2023,9,1221,13.08,1098,31.36,0
101,2023,9,1222,13.09,1021,31.72,0
101,2023,9,1223,13.08,846,31.67,0
101,2023,9,1224,13.09,973,31.23,0
101,2023,9,1225,13.08,1056,31.33,0
101,2023,9,1226,13.08,1045,31.37,0
101,2023,9,1227,13.08,1031,31.18,0
101,2023,9,1228,13.09,1019,31.3,0
101,2023,9,1229,13.08,1016,31.59,0
101,2023,9,1230,13.08,880,31.42,0
101,2023,9,1231,13.08,917,31.42,0
101,2023,9,1232,13.08,971,31.33,0
101,2023,9,1233,13.08,966,31.04,0
101,2023,9,1234,13.08,973,31.12,0
101,2023,9,1235,13.08,983,31.4,0
101,2023,9,1236,13.08,997,31.31,0
101,2023,9,1237,13.09,1018,31.09,0
101,2023,9,1238,13.08,1052,31.27,0
101,2023,9,1239,13.08,1075,31.43,0
101,2023,9,1240,13.08,1093,31.74,0
101,2023,9,1241,13.08,1103,31.47,0
101,2023,9,1242,13.08,1112,31.19,0
101,2023,9,1243,13.08,970,31.26,0
101,2023,9,1244,13.08,561.5,31.48,0
101,2023,9,1245,13.08,968,31.58,0
101,2023,9,1246,13.08,1049,31.44,0
101,2023,9,1247,13.08,1070,31.62,0
101,2023,9,1248,13.08,1084,31.74,0
101,2023,9,1249,13.08,1101,31.57,0
101,2023,9,1250,13.08,899,31.39,0
101,2023,9,1251,13.08,390.3,31.42,0
101,2023,9,1252,13.08,409.9,31.38,0
101,2023,9,1253,13.08,538.4,31.2,0
101,2023,9,1254,13.08,391.1,31.02,0
101,2023,9,1255,13.08,841,30.76,0
101,2023,9,1256,13.08,968,30.82,0
101,2023,9,1257,13.08,939,31.03,0
101,2023,9,1258,13.08,922,31.34,0
101,2023,9,1259,13.08,913,31.11,0
101,2023,9,1300,13.08,913,31.36,0
101,2023,9,1301,13.08,918,31.27,0
101,2023,9,1302,13.08,919,31.19,0
101,2023,9,1303,13.08,919,30.93,0
101,2023,9,1304,13.08,925,30.92,0
101,2023,9,1305,13.08,929,31.04,0
101,2023,9,1306,13.08,929,31.14,0
101,2023,9,1307,13.08,935,31.19,0
101,2023,9,1308,13.08,944,31.25,0
101,2023,9,1309,13.08,948,31.45,0
101,2023,9,1310,13.08,962,31.61,0
101,2023,9,1311,13.08,970,31.62,0
101,2023,9,1312,13.08,827,31.9,0
101,2023,9,1313,13.08,326.3,32.03,0
101,2023,9,1314,13.08,256.3,31.4,0
101,2023,9,1315,13.08,829,30.89,0
101,2023,9,1316,13.08,982,31.04,0
101,2023,9,1317,13.08,1011,31.48,0
101,2023,9,1318,13.09,475,31.53,0
101,2023,9,1319,13.08,298.2,31,0
101,2023,9,1320,13.08,273.9,31.01,0
101,2023,9,1321,13.08,257.3,30.93,0
101,2023,9,1322,13.08,259.4,30.86,0
101,2023,9,1323,13.08,275.4,30.76,0
101,2023,9,1324,13.08,289.8,30.68,0
101,2023,9,1325,13.08,328.3,30.33,0
101,2023,9,1326,13.08,333,30.25,0
101,2023,9,1327,13.08,280.4,30.27,0
101,2023,9,1328,13.08,358.6,30.36,0
101,2023,9,1329,13.08,920,30.31,0
101,2023,9,1330,13.08,943,30.46,0
101,2023,9,1331,13.08,940,30.7,0
101,2023,9,1332,13.08,952,30.88,0
101,2023,9,1333,13.08,772,30.87,0
101,2023,9,1334,13.08,963,30.87,0
101,2023,9,1335,13.08,950,30.85,0
101,2023,9,1336,13.09,857,30.78,0
101,2023,9,1337,13.08,649.6,30.62,0
101,2023,9,1338,13.08,967,30.66,0
101,2023,9,1339,13.08,971,30.67,0
101,2023,9,1340,13.08,970,30.99,0
101,2023,9,1341,13.08,968,30.94,0
101,2023,9,1342,13.08,967,30.78,0
101,2023,9,1343,13.08,946,30.59,0
101,2023,9,1344,13.08,963,30.53,0
101,2023,9,1345,13.08,948,30.77,0
101,2023,9,1346,13.08,843,30.98,0
101,2023,9,1347,13.08,903,31.01,0
101,2023,9,1348,13.08,875,31.21,0
101,2023,9,1349,13.08,866,31.32,0
101,2023,9,1350,13.08,849,30.85,0
101,2023,9,1351,13.08,864,30.4,0
101,2023,9,1352,13.08,844,30.39,0
101,2023,9,1353,13.08,780,30.51,0
101,2023,9,1354,13.08,687.4,30.53,0
101,2023,9,1355,13.08,827,30.67,0
101,2023,9,1356,13.08,834,30.78,0
101,2023,9,1357,13.08,835,30.88,0
101,2023,9,1358,13.08,833,30.99,0
101,2023,9,1359,13.08,835,30.97,0
101,2023,9,1400,13.09,833,30.94,0
101,2023,9,1401,13.08,826,30.92,0
101,2023,9,1402,13.08,814,30.8,0
101,2023,9,1403,13.08,810,30.55,0
101,2023,9,1404,13.08,807,30.67,0
101,2023,9,1405,13.08,762,30.96,0
101,2023,9,1406,13.08,390.1,31.16,0
101,2023,9,1407,13.08,346.4,30.86,0
101,2023,9,1408,13.09,678.4,30.55,0
101,2023,9,1409,13.08,791,30.64,0
101,2023,9,1410,13.08,791,30.88,0
101,2023,9,1411,13.09,781,30.93,0
101,2023,9,1412,13.08,778,30.95,0
101,2023,9,1413,13.08,775,30.8,0
101,2023,9,1414,13.08,769,30.7,0
101,2023,9,1415,13.08,764,30.7,0
101,2023,9,1416,13.08,760,30.65,0
101,2023,9,1417,13.08,754,30.48,0
101,2023,9,1418,13.09,746,30.48,0
101,2023,9,1419,13.08,741,30.5,0
101,2023,9,1420,13.09,735,30.67,0
101,2023,9,1421,13.09,738,30.88,0
101,2023,9,1422,13.09,736,30.53,0
101,2023,9,1423,13.09,734,30.43,0
101,2023,9,1424,13.09,734,30.39,0
101,2023,9,1425,13.09,734,30.48,0
101,2023,9,1426,13.09,729,30.54,0
101,2023,9,1427,13.09,721,30.45,0
101,2023,9,1428,13.09,712,30.49,0
101,2023,9,1429,13.09,708,30.53,0
101,2023,9,1430,13.09,706,30.68,0
101,2023,9,1431,13.09,704,30.8,0
101,2023,9,1432,13.09,703,30.67,0
101,2023,9,1433,13.09,705,30.61,0
101,2023,9,1434,13.09,702,30.66,0
101,2023,9,1435,13.09,696.2,30.73,0
101,2023,9,1436,13.09,704,30.7,0
101,2023,9,1437,13.09,710,30.43,0
101,2023,9,1438,13.09,720,30.2,0
101,2023,9,1439,13.09,688.5,30.21,0
101,2023,9,1440,13.09,715,30.08,0
101,2023,9,1441,13.09,703,30.09,0
101,2023,9,1442,13.09,681.7,30.34,0
101,2023,9,1443,13.09,670,30.37,0
101,2023,9,1444,13.09,664.8,30.14,0
101,2023,9,1445,13.09,667.3,30.06,0
101,2023,9,1446,13.09,672.5,30.01,0
101,2023,9,1447,13.09,681.9,30.12,0
101,2023,9,1448,13.09,677.4,30.18,0
101,2023,9,1449,13.09,663.9,30.14,0
101,2023,9,1450,13.09,654.8,30.19,0
101,2023,9,1451,13.09,652.5,30.06,0
101,2023,9,1452,13.09,437.2,29.88,0
101,2023,9,1453,13.09,531.4,29.89,0
101,2023,9,1454,13.09,655.5,29.78,0
101,2023,9,1455,13.09,645.4,29.92,0
101,2023,9,1456,13.09,411.8,29.85,0
101,2023,9,1457,13.09,637.4,29.74,0
101,2023,9,1458,13.09,631,29.67,0
101,2023,9,1459,13.09,620.9,29.91,0
101,2023,9,1500,13.09,609.1,29.9,0
101,2023,9,1501,13.09,601.8,29.96,0
101,2023,9,1502,13.09,591.6,30.1,0
101,2023,9,1503,13.09,579,30.03,0
101,2023,9,1504,13.09,572.6,30.12,0
101,2023,9,1505,13.09,561,30.06,0
101,2023,9,1506,13.1,557.7,30.05,0
101,2023,9,1507,13.09,558,29.98,0
101,2023,9,1508,13.09,552.7,29.94,0
101,2023,9,1509,13.1,549.2,29.83,0
101,2023,9,1510,13.1,543.6,29.72,0
101,2023,9,1511,13.09,531.3,29.81,0
101,2023,9,1512,13.1,518,29.91,0
101,2023,9,1513,13.1,534,29.8,0
101,2023,9,1514,13.1,531.4,29.7,0
101,2023,9,1515,13.1,523,29.76,0
101,2023,9,1516,13.1,516.4,29.76,0
101,2023,9,1517,13.09,512.7,29.69,0
101,2023,9,1518,13.1,516.4,29.59,0
101,2023,9,1519,13.09,515.3,29.53,0
101,2023,9,1520,13.1,499.7,29.56,0
101,2023,9,1521,13.1,493.8,29.47,0
101,2023,9,1522,13.1,501.7,29.46,0
101,2023,9,1523,13.1,508.1,29.61,0
101,2023,9,1524,13.1,507.4,29.7,0
101,2023,9,1525,13.1,502.3,29.87,0
101,2023,9,1526,13.1,494.6,29.82,0
101,2023,9,1527,13.1,316.6,29.79,0
101,2023,9,1528,13.1,433.9,29.71,0
101,2023,9,1529,13.1,455.2,29.62,0
101,2023,9,1530,13.1,454.4,29.61,0
101,2023,9,1531,13.09,465.8,29.5,0
101,2023,9,1532,13.1,466.1,29.42,0
101,2023,9,1533,13.09,465.4,29.45,0
101,2023,9,1534,13.1,459.7,29.59,0
101,2023,9,1535,13.1,456.1,29.66,0
101,2023,9,1536,13.1,454.4,29.59,0
101,2023,9,1537,13.1,454.4,29.61,0
101,2023,9,1538,13.1,455,29.58,0
101,2023,9,1539,13.1,451.8,29.6,0
101,2023,9,1540,13.1,449,29.54,0
101,2023,9,1541,13.1,442.3,29.52,0
101,2023,9,1542,13.1,421.3,29.56,0
101,2023,9,1543,13.1,436.4,29.61,0
101,2023,9,1544,13.1,449.8,29.5,0
101,2023,9,1545,13.1,435.1,29.46,0
101,2023,9,1546,13.1,408.3,29.51,0
101,2023,9,1547,13.1,166.9,29.24,0
101,2023,9,1548,13.1,395.1,29.16,0
101,2023,9,1549,13.1,425.4,29.06,0
101,2023,9,1550,13.1,429.2,29.09,0
101,2023,9,1551,13.11,429.8,29.11,0
101,2023,9,1552,13.1,428.2,28.99,0
101,2023,9,1553,13.1,418.2,28.93,0
101,2023,9,1554,13.1,406.5,28.98,0
101,2023,9,1555,13.1,394,29.12,0
101,2023,9,1556,13.11,380.9,29.14,0
101,2023,9,1557,13.11,373.7,29.15,0
101,2023,9,1558,13.11,365.6,29.01,0
101,2023,9,1559,13.1,357.8,28.83,0
101,2023,9,1600,13.1,352.5,28.67,0
101,2023,9,1601,13.1,346.2,28.57,0
101,2023,9,1602,13.11,342.8,28.51,0
101,2023,9,1603,13.1,339.1,28.49,0
101,2023,9,1604,13.11,339,28.47,0
101,2023,9,1605,13.1,338.1,28.49,0
101,2023,9,1606,13.11,337.5,28.46,0
101,2023,9,1607,13.11,334.7,28.44,0
101,2023,9,1608,13.11,335.5,28.44,0
101,2023,9,1609,13.11,340.6,28.44,0
101,2023,9,1610,13.11,342,28.36,0
101,2023,9,1611,13.11,329.2,28.31,0
101,2023,9,1612,13.11,276.9,28.28,0
101,2023,9,1613,13.11,320.9,28.3,0
101,2023,9,1614,13.11,305.2,28.28,0
101,2023,9,1615,13.11,158.3,28.22,0
101,2023,9,1616,13.11,204.5,28.15,0
101,2023,9,1617,13.11,186.3,28.12,0
101,2023,9,1618,13.11,283.4,28.1,0
101,2023,9,1619,13.11,278.5,28.2,0
101,2023,9,1620,13.11,277.8,28.23,0
101,2023,9,1621,13.11,273.9,28.23,0
101,2023,9,1622,13.11,270.6,28.15,0
101,2023,9,1623,13.11,267.8,28.15,0
101,2023,9,1624,13.11,266.7,28.25,0
101,2023,9,1625,13.11,261.1,28.27,0
101,2023,9,1626,13.11,256.7,28.19,0
101,2023,9,1627,13.11,249.1,28.16,0
101,2023,9,1628,13.11,244.3,28.16,0
101,2023,9,1629,13.11,239.1,28.19,0
101,2023,9,1630,13.11,231.3,28.09,0
101,2023,9,1631,13.12,222.4,28.04,0
101,2023,9,1632,13.12,220.4,27.97,0
101,2023,9,1633,13.11,222.8,27.98,0
101,2023,9,1634,13.12,224.2,27.98,0
101,2023,9,1635,13.12,224.6,27.94,0
101,2023,9,1636,13.12,222.1,27.96,0
101,2023,9,1637,13.12,215.8,27.95,0
101,2023,9,1638,13.12,209.7,27.94,0
101,2023,9,1639,13.12,206.9,27.91,0
101,2023,9,1640,13.12,209.5,27.92,0
101,2023,9,1641,13.12,210.1,27.95,0
101,2023,9,1642,13.12,207.7,27.97,0
101,2023,9,1643,13.12,204.5,28.03,0
101,2023,9,1644,13.12,200.6,28.04,0
101,2023,9,1645,13.12,197.7,28,0
101,2023,9,1646,13.12,194,28.01,0
101,2023,9,1647,13.12,190.4,27.94,0
101,2023,9,1648,13.12,187.8,27.88,0
101,2023,9,1649,13.12,184.8,27.87,0
101,2023,9,1650,13.12,182.3,27.86,0
101,2023,9,1651,13.12,179.9,27.78,0
101,2023,9,1652,13.12,177.3,27.7,0
101,2023,9,1653,13.12,174.9,27.63,0
101,2023,9,1654,13.12,172.4,27.53,0
101,2023,9,1655,13.12,168.7,27.51,0
101,2023,9,1656,13.12,164.9,27.5,0
101,2023,9,1657,13.12,160.6,27.48,0
101,2023,9,1658,13.12,156.5,27.44,0
101,2023,9,1659,13.12,152.9,27.44,0
101,2023,9,1700,13.13,151.2,27.46,0
101,2023,9,1701,13.12,146.8,27.39,0
101,2023,9,1702,13.13,142.3,27.4,0
101,2023,9,1703,13.12,138.3,27.41,0
101,2023,9,1704,13.13,134.9,27.4,0
101,2023,9,1705,13.13,130.8,27.36,0
101,2023,9,1706,13.13,127.2,27.32,0
101,2023,9,1707,13.13,124.2,27.32,0
101,2023,9,1708,13.13,120,27.29,0
101,2023,9,1709,13.13,115.1,27.3,0
101,2023,9,1710,13.13,107.8,27.28,0
101,2023,9,1711,13.12,102.2,27.26,0
101,2023,9,1712,13.13,98.8,27.23,0
101,2023,9,1713,13.12,98.6,27.22,0
101,2023,9,1714,13.13,96.1,27.2,0
101,2023,9,1715,13.12,78.1,27.16,0
101,2023,9,1716,13.13,61.98,27.11,0
101,2023,9,1717,13.13,54.71,27.06,0
101,2023,9,1718,13.12,52.74,27.02,0
101,2023,9,1719,13.13,52.52,27,0
101,2023,9,1720,13.12,53.76,26.97,0
101,2023,9,1721,13.12,57.14,26.96,0
101,2023,9,1722,13.12,51.25,26.92,0
101,2023,9,1723,13.12,49.5,26.89,0
101,2023,9,1724,13.12,50.74,26.85,0
101,2023,9,1725,13.11,54.8,26.81,0
101,2023,9,1726,13.11,51.73,26.8,0
101,2023,9,1727,13.11,48.77,26.76,0
101,2023,9,1728,13.1,47.22,26.74,0
101,2023,9,1729,13.09,45.64,26.71,0
101,2023,9,1730,13.09,43.08,26.68,0
101,2023,9,1731,13.08,40.35,26.66,0
101,2023,9,1732,13.07,37.81,26.64,0
101,2023,9,1733,13.06,35.59,26.61,0
101,2023,9,1734,13.06,33.39,26.58,0
101,2023,9,1735,13.05,30.82,26.55,0
101,2023,9,1736,13.04,28.63,26.54,0
101,2023,9,1737,13.03,26.65,26.53,0
101,2023,9,1738,13.03,24.48,26.49,0
101,2023,9,1739,13.02,22.48,26.47,0
101,2023,9,1740,13.02,20.68,26.43,0
101,2023,9,1741,13.01,18.93,26.41,0
101,2023,9,1742,13,17.27,26.37,0
101,2023,9,1743,13,15.67,26.35,0
101,2023,9,1744,12.99,14.06,26.32,0
101,2023,9,1745,12.99,12.48,26.29,0
101,2023,9,1746,12.98,11.05,26.25,0
101,2023,9,1747,12.98,9.75,26.24,0
101,2023,9,1748,12.97,8.4,26.21,0
101,2023,9,1749,12.97,7.3,26.17,0
101,2023,9,1750,12.97,6.396,26.14,0
101,2023,9,1751,12.96,5.776,26.12,0
101,2023,9,1752,12.96,5.325,26.08,0
101,2023,9,1753,12.95,4.734,26.08,0
101,2023,9,1754,12.95,4.086,26.08,0
101,2023,9,1755,12.95,3.804,26.08,0
101,2023,9,1756,12.94,3.015,26.05,0
101,2023,9,1757,12.94,2.395,26.03,0
101,2023,9,1758,12.93,2.029,26.01,0
101,2023,9,1759,12.93,1.719,25.98,0
