a,b,dia_juliano,d,e,f,g,h
101,2023,263,530.0,9.63,10.5,23.19,0.0
101,2023,263,531.0,9.64,11.51,23.2,0.0
101,2023,263,532.0,9.62,12.5,23.2,0.0
101,2023,263,533.0,9.64,13.29,23.19,0.0
101,2023,263,534.0,9.62,13.94,23.21,0.0
101,2023,263,535.0,9.65,14.67,23.21,0.0
101,2023,263,536.0,9.64,15.63,23.21,0.0
101,2023,263,537.0,9.67,16.71,23.21,0.0
101,2023,263,538.0,9.66,18.23,23.21,0.0
101,2023,263,539.0,9.7,19.89,23.22,0.0
101,2023,263,540.0,9.68,21.67,23.24,0.0
101,2023,263,541.0,9.71,23.25,23.25,0.0
101,2023,263,542.0,9.72,24.97,23.26,0.0
101,2023,263,543.0,9.76,26.92,23.28,0.0
101,2023,263,544.0,9.76,29.23,23.29,0.0
101,2023,263,545.0,9.81,31.63,23.29,0.0
101,2023,263,546.0,9.78,33.41,23.3,0.0
101,2023,263,547.0,9.82,34.17,23.31,0.0
101,2023,263,548.0,9.81,34.54,23.3,0.0
101,2023,263,549.0,9.85,35.24,23.31,0.0
101,2023,263,550.0,9.84,36.85,23.31,0.0
101,2023,263,551.0,9.9,38.8,23.31,0.0
101,2023,263,552.0,9.9,41.73,23.31,0.0
101,2023,263,553.0,9.96,45.94,23.31,0.0
101,2023,263,554.0,10.0,50.96,23.31,0.0
101,2023,263,555.0,10.09,56.01,23.32,0.0
101,2023,263,556.0,10.12,61.6,23.32,0.0
101,2023,263,557.0,10.23,62.45,23.31,0.0
101,2023,263,558.0,10.24,62.48,23.33,0.0
101,2023,263,559.0,10.34,60.73,23.32,0.0
101,2023,263,600.0,10.33,58.24,23.32,0.0
101,2023,263,601.0,10.33,62.42,23.34,0.0
101,2023,263,602.0,10.31,64.82,23.35,0.0
101,2023,263,603.0,10.34,69.13,23.36,0.0
101,2023,263,604.0,10.31,66.57,23.36,0.0
101,2023,263,605.0,10.33,58.72,23.37,0.0
101,2023,263,606.0,10.32,54.55,23.39,0.0
101,2023,263,607.0,10.35,52.54,23.39,0.0
101,2023,263,608.0,10.32,59.62,23.39,0.0
101,2023,263,609.0,10.34,76.5,23.41,0.0
101,2023,263,610.0,10.31,77.2,23.43,0.0
101,2023,263,611.0,10.34,73.7,23.44,0.0
101,2023,263,612.0,10.32,74.9,23.46,0.0
101,2023,263,613.0,10.33,79.8,23.47,0.0
101,2023,263,614.0,10.32,86.3,23.5,0.0
101,2023,263,615.0,10.32,94.6,23.52,0.0
101,2023,263,616.0,10.31,86.1,23.55,0.0
101,2023,263,617.0,10.34,84.2,23.57,0.0
101,2023,263,618.0,10.32,83.3,23.6,0.0
101,2023,263,619.0,10.33,85.5,23.63,0.0
101,2023,263,620.0,10.32,86.3,23.65,0.0
101,2023,263,621.0,10.34,89.9,23.68,0.0
101,2023,263,622.0,10.32,93.7,23.7,0.0
101,2023,263,623.0,10.35,91.9,23.74,0.0
101,2023,263,624.0,10.31,92.7,23.78,0.0
101,2023,263,625.0,10.34,96.1,23.81,0.0
101,2023,263,626.0,10.34,99.0,23.85,0.0
101,2023,263,627.0,10.34,102.8,23.88,0.0
101,2023,263,628.0,10.31,111.9,23.9,0.0
101,2023,263,629.0,10.34,148.5,23.93,0.0
101,2023,263,630.0,10.31,191.2,23.96,0.0
101,2023,263,631.0,10.34,217.7,24.02,0.0
101,2023,263,632.0,10.32,244.6,24.09,0.0
101,2023,263,633.0,10.35,254.6,24.15,0.0
101,2023,263,634.0,10.33,256.4,24.27,0.0
101,2023,263,635.0,10.36,252.9,24.38,0.0
101,2023,263,636.0,10.34,245.4,24.44,0.0
101,2023,263,637.0,10.35,239.3,24.52,0.0
101,2023,263,638.0,10.32,234.2,24.55,0.0
101,2023,263,639.0,10.35,230.8,24.61,0.0
101,2023,263,640.0,10.33,230.7,24.69,0.0
101,2023,263,641.0,10.36,232.1,24.78,0.0
101,2023,263,642.0,10.32,234.3,24.88,0.0
101,2023,263,643.0,10.35,235.9,24.85,0.0
101,2023,263,644.0,10.34,239.1,24.87,0.0
101,2023,263,645.0,10.35,242.1,24.9,0.0
101,2023,263,646.0,10.33,244.6,24.96,0.0
101,2023,263,647.0,10.35,246.6,24.97,0.0
101,2023,263,648.0,10.33,249.6,24.98,0.0
101,2023,263,649.0,10.36,252.3,25.06,0.0
101,2023,263,650.0,10.33,255.3,25.15,0.0
101,2023,263,651.0,10.35,257.3,25.18,0.0
101,2023,263,652.0,10.33,259.4,25.28,0.0
101,2023,263,653.0,10.35,264.8,25.24,0.0
101,2023,263,654.0,10.33,269.5,25.22,0.0
101,2023,263,655.0,10.36,274.3,25.22,0.0
101,2023,263,656.0,10.33,278.0,25.23,0.0
101,2023,263,657.0,10.36,281.8,25.18,0.0
101,2023,263,658.0,10.35,285.3,25.23,0.0
101,2023,263,659.0,10.36,290.0,25.22,0.0
101,2023,263,700.0,10.34,233.6,25.23,0.0
101,2023,263,701.0,10.37,122.1,25.26,0.0
101,2023,263,702.0,10.34,124.6,25.19,0.0
101,2023,263,703.0,10.36,132.4,25.08,0.0
101,2023,263,704.0,10.35,199.1,25.06,0.0
101,2023,263,705.0,10.36,312.4,25.04,0.0
101,2023,263,706.0,10.34,332.3,25.02,0.0
101,2023,263,707.0,10.37,344.5,25.05,0.0
101,2023,263,708.0,10.34,356.1,25.08,0.0
101,2023,263,709.0,10.36,363.8,25.15,0.0
101,2023,263,710.0,10.34,374.3,25.22,0.0
101,2023,263,711.0,10.36,377.4,25.27,0.0
101,2023,263,712.0,10.33,377.9,25.34,0.0
101,2023,263,713.0,10.37,375.0,25.39,0.0
101,2023,263,714.0,10.33,311.2,25.46,0.0
101,2023,263,715.0,10.35,161.8,25.41,0.0
101,2023,263,716.0,10.34,172.7,25.41,0.0
101,2023,263,717.0,10.36,170.9,25.47,0.0
101,2023,263,718.0,10.32,221.9,25.48,0.0
101,2023,263,719.0,10.35,254.5,25.48,0.0
101,2023,263,720.0,10.32,286.4,25.4,0.0
101,2023,263,721.0,10.35,232.8,25.35,0.0
101,2023,263,722.0,10.33,236.6,25.35,0.0
101,2023,263,723.0,10.35,316.5,25.4,0.0
101,2023,263,724.0,10.32,433.1,25.43,0.0
101,2023,263,725.0,10.35,406.7,25.52,0.0
101,2023,263,726.0,10.33,430.9,25.61,0.0
101,2023,263,727.0,10.35,467.8,25.65,0.0
101,2023,263,728.0,10.33,267.1,25.64,0.0
101,2023,263,729.0,10.34,262.6,25.63,0.0
101,2023,263,730.0,10.33,460.6,25.63,0.0
101,2023,263,731.0,10.35,436.4,25.62,0.0
101,2023,263,732.0,10.32,471.2,25.66,0.0
101,2023,263,733.0,10.35,337.1,25.72,0.0
101,2023,263,734.0,10.32,362.4,25.86,0.0
101,2023,263,735.0,10.35,317.3,25.95,0.0
101,2023,263,736.0,10.34,354.2,25.98,0.0
101,2023,263,737.0,10.34,374.7,26.0,0.0
101,2023,263,738.0,10.31,494.6,26.0,0.0
101,2023,263,739.0,10.35,490.6,25.94,0.0
101,2023,263,740.0,10.32,397.3,25.93,0.0
101,2023,263,741.0,10.34,295.4,25.98,0.0
101,2023,263,742.0,10.33,276.0,26.01,0.0
101,2023,263,743.0,10.33,274.2,25.93,0.0
101,2023,263,744.0,10.31,268.0,25.85,0.0
101,2023,263,745.0,10.34,268.4,25.76,0.0
101,2023,263,746.0,10.32,270.8,25.72,0.0
101,2023,263,747.0,10.34,276.2,25.67,0.0
101,2023,263,748.0,10.32,288.6,25.73,0.0
101,2023,263,749.0,10.33,307.8,25.73,0.0
101,2023,263,750.0,10.3,329.6,25.72,0.0
101,2023,263,751.0,10.33,358.6,25.7,0.0
101,2023,263,752.0,10.3,385.4,25.7,0.0
101,2023,263,753.0,10.31,394.0,25.7,0.0
101,2023,263,754.0,10.32,382.4,25.76,0.0
101,2023,263,755.0,10.33,383.6,25.77,0.0
101,2023,263,756.0,10.3,388.6,25.85,0.0
101,2023,263,757.0,10.33,439.7,25.9,0.0
101,2023,263,758.0,10.3,420.1,25.95,0.0
101,2023,263,759.0,10.33,426.2,26.06,0.0
101,2023,263,800.0,10.31,363.6,26.06,0.0
101,2023,263,801.0,10.32,349.1,26.1,0.0
101,2023,263,802.0,10.29,473.7,26.13,0.0
101,2023,263,803.0,10.31,320.6,26.09,0.0
101,2023,263,804.0,10.29,267.8,26.12,0.0
101,2023,263,805.0,10.31,326.1,26.08,0.0
101,2023,263,806.0,10.29,394.0,26.05,0.0
101,2023,263,807.0,10.33,575.2,26.03,0.0
101,2023,263,808.0,10.31,693.6,26.07,0.0
101,2023,263,809.0,10.34,666.9,26.16,0.0
101,2023,263,810.0,10.31,529.1,26.19,0.0
101,2023,263,811.0,10.33,702.0,26.33,0.0
101,2023,263,812.0,10.3,714.0,26.5,0.0
101,2023,263,813.0,10.3,737.0,26.59,0.0
101,2023,263,814.0,10.3,704.0,26.72,0.0
101,2023,263,815.0,10.33,743.0,26.74,0.0
101,2023,263,816.0,10.3,758.0,26.73,0.0
101,2023,263,817.0,10.32,746.0,26.84,0.0
101,2023,263,818.0,10.29,743.0,26.84,0.0
101,2023,263,819.0,10.32,728.0,26.85,0.0
101,2023,263,820.0,10.3,699.6,27.07,0.0
101,2023,263,821.0,10.32,730.0,27.18,0.0
101,2023,263,822.0,10.3,735.0,27.2,0.0
101,2023,263,823.0,10.33,727.0,27.05,0.0
101,2023,263,824.0,10.3,611.4,26.97,0.0
101,2023,263,825.0,10.33,613.5,26.96,0.0
101,2023,263,826.0,10.31,725.0,26.78,0.0
101,2023,263,827.0,10.32,641.6,26.92,0.0
101,2023,263,828.0,10.29,683.5,27.1,0.0
101,2023,263,829.0,10.32,745.0,27.09,0.0
101,2023,263,830.0,10.3,585.2,26.96,0.0
101,2023,263,831.0,10.32,281.8,26.84,0.0
101,2023,263,832.0,10.31,276.2,26.73,0.0
101,2023,263,833.0,10.32,290.0,26.62,0.0
101,2023,263,834.0,10.3,303.4,26.53,0.0
101,2023,263,835.0,10.34,331.6,26.51,0.0
101,2023,263,836.0,10.3,380.6,26.53,0.0
101,2023,263,837.0,10.32,389.3,26.62,0.0
101,2023,263,838.0,10.3,408.2,26.66,0.0
101,2023,263,839.0,10.32,422.0,26.55,0.0
101,2023,263,840.0,10.3,496.4,26.57,0.0
101,2023,263,841.0,10.33,576.1,26.61,0.0
101,2023,263,842.0,10.29,612.1,26.67,0.0
101,2023,263,843.0,10.31,602.4,26.82,0.0
101,2023,263,844.0,10.3,571.3,26.98,0.0
101,2023,263,845.0,10.31,675.6,27.09,0.0
101,2023,263,846.0,10.28,623.8,27.12,0.0
101,2023,263,847.0,10.31,678.6,27.06,0.0
101,2023,263,848.0,10.29,726.0,27.21,0.0
101,2023,263,849.0,10.32,729.0,27.27,0.0
101,2023,263,850.0,10.28,450.9,27.33,0.0
101,2023,263,851.0,10.29,276.3,27.17,0.0
101,2023,263,852.0,10.27,262.0,27.02,0.0
101,2023,263,853.0,10.3,380.7,26.98,0.0
101,2023,263,854.0,10.28,333.5,26.93,0.0
101,2023,263,855.0,10.31,601.3,26.95,0.0
101,2023,263,856.0,10.29,651.9,27.0,0.0
101,2023,263,857.0,10.32,494.4,27.04,0.0
101,2023,263,858.0,10.3,651.0,27.03,0.0
101,2023,263,859.0,10.32,668.5,27.16,0.0
101,2023,263,900.0,10.27,675.4,27.27,0.0
101,2023,263,901.0,10.3,573.5,27.35,0.0
101,2023,263,902.0,10.28,504.9,27.49,0.0
101,2023,263,903.0,10.3,478.3,27.56,0.0
101,2023,263,904.0,10.28,359.8,27.25,0.0
101,2023,263,905.0,10.29,360.7,27.06,0.0
101,2023,263,906.0,10.27,452.8,26.93,0.0
101,2023,263,907.0,10.3,539.1,27.0,0.0
101,2023,263,908.0,10.28,596.7,27.04,0.0
101,2023,263,909.0,10.29,649.6,27.08,0.0
101,2023,263,910.0,10.29,497.7,27.0,0.0
101,2023,263,911.0,10.29,422.2,27.01,0.0
101,2023,263,912.0,10.27,438.9,27.03,0.0
101,2023,263,913.0,10.31,474.3,27.09,0.0
101,2023,263,914.0,10.29,445.9,27.0,0.0
101,2023,263,915.0,10.32,452.3,27.0,0.0
101,2023,263,916.0,10.3,558.2,26.98,0.0
101,2023,263,917.0,10.31,545.4,27.01,0.0
101,2023,263,918.0,10.29,657.6,27.04,0.0
101,2023,263,919.0,10.32,686.7,27.07,0.0
101,2023,263,920.0,10.29,692.4,27.18,0.0
101,2023,263,921.0,10.31,646.5,27.22,0.0
101,2023,263,922.0,10.3,645.6,27.17,0.0
101,2023,263,923.0,10.31,683.1,27.2,0.0
101,2023,263,924.0,10.29,592.7,27.18,0.0
101,2023,263,925.0,10.32,600.9,27.15,0.0
101,2023,263,926.0,10.29,640.9,27.22,0.0
101,2023,263,927.0,10.31,732.0,27.32,0.0
101,2023,263,928.0,10.29,665.7,27.27,0.0
101,2023,263,929.0,10.31,676.0,27.34,0.0
101,2023,263,930.0,10.29,567.4,27.38,0.0
101,2023,263,931.0,10.31,607.1,27.35,0.0
101,2023,263,932.0,10.29,480.9,27.31,0.0
101,2023,263,933.0,10.31,391.9,27.38,0.0
101,2023,263,934.0,10.29,485.6,27.23,0.0
101,2023,263,935.0,10.31,577.9,27.18,0.0
101,2023,263,936.0,10.29,806.0,27.2,0.0
101,2023,263,937.0,10.32,848.0,27.49,0.0
101,2023,263,938.0,10.29,460.2,27.59,0.0
101,2023,263,939.0,10.31,401.4,27.48,0.0
101,2023,263,940.0,10.29,396.7,27.47,0.0
101,2023,263,941.0,10.3,432.4,27.28,0.0
101,2023,263,942.0,10.29,548.5,27.19,0.0
101,2023,263,943.0,10.31,464.1,27.06,0.0
101,2023,263,944.0,10.28,361.7,27.1,0.0
101,2023,263,945.0,10.31,331.6,27.14,0.0
101,2023,263,946.0,10.28,295.0,27.09,0.0
101,2023,263,947.0,10.31,264.2,27.02,0.0
101,2023,263,948.0,10.28,259.0,26.99,0.0
101,2023,263,949.0,10.3,292.3,26.91,0.0
101,2023,263,950.0,10.28,345.1,26.81,0.0
101,2023,263,951.0,10.31,706.0,26.86,0.0
101,2023,263,952.0,10.28,1071.0,26.99,0.0
101,2023,263,953.0,10.31,613.6,27.16,0.0
101,2023,263,954.0,10.3,594.9,27.2,0.0
101,2023,263,955.0,10.36,580.1,27.18,0.0
101,2023,263,956.0,10.35,607.4,27.12,0.0
101,2023,263,957.0,10.39,626.3,27.18,0.0
101,2023,263,958.0,10.35,826.0,27.33,0.0
101,2023,263,959.0,10.38,762.0,27.37,0.0
101,2023,263,1000.0,10.33,903.0,27.45,0.0
101,2023,263,1001.0,10.3,1082.0,27.53,0.0
101,2023,263,1002.0,10.28,902.0,27.69,0.0
101,2023,263,1003.0,10.31,542.3,27.76,0.0
101,2023,263,1004.0,10.29,933.0,27.89,0.0
101,2023,263,1005.0,10.32,1145.0,28.1,0.0
101,2023,263,1006.0,10.3,940.0,28.15,0.0
101,2023,263,1007.0,10.31,984.0,28.31,0.0
101,2023,263,1008.0,10.3,516.4,28.31,0.0
101,2023,263,1009.0,10.33,872.0,28.08,0.0
101,2023,263,1010.0,10.3,1020.0,28.03,0.0
101,2023,263,1011.0,10.34,964.0,28.2,0.0
101,2023,263,1012.0,10.32,412.7,28.16,0.0
101,2023,263,1013.0,10.32,340.5,27.87,0.0
101,2023,263,1014.0,10.29,819.0,27.73,0.0
101,2023,263,1015.0,10.34,1105.0,27.78,0.0
101,2023,263,1016.0,10.3,1097.0,27.81,0.0
101,2023,263,1017.0,10.32,784.0,28.08,0.0
101,2023,263,1018.0,10.3,639.3,28.29,0.0
101,2023,263,1019.0,10.31,346.1,28.4,0.0
101,2023,263,1020.0,10.29,355.9,28.41,0.0
101,2023,263,1021.0,10.32,415.5,28.34,0.0
101,2023,263,1022.0,10.3,992.0,28.03,0.0
101,2023,263,1023.0,10.34,1040.0,28.29,0.0
101,2023,263,1024.0,10.34,434.4,28.48,0.0
101,2023,263,1025.0,10.36,434.2,28.34,0.0
101,2023,263,1026.0,10.35,480.8,28.14,0.0
101,2023,263,1027.0,10.37,510.0,28.05,0.0
101,2023,263,1028.0,10.34,835.0,28.09,0.0
101,2023,263,1029.0,10.36,762.0,28.01,0.0
101,2023,263,1030.0,10.33,982.0,28.12,0.0
101,2023,263,1031.0,10.35,956.0,28.2,0.0
101,2023,263,1032.0,10.34,1068.0,28.18,0.0
101,2023,263,1033.0,10.36,1057.0,28.08,0.0
101,2023,263,1034.0,10.32,968.0,28.36,0.0
101,2023,263,1035.0,10.37,913.0,28.42,0.0
101,2023,263,1036.0,10.34,748.0,28.31,0.0
101,2023,263,1037.0,10.36,636.4,28.32,0.0
101,2023,263,1038.0,10.35,555.5,28.18,0.0
101,2023,263,1039.0,10.36,529.1,27.97,0.0
101,2023,263,1040.0,10.33,618.0,28.08,0.0
101,2023,263,1041.0,10.36,475.6,28.23,0.0
101,2023,263,1042.0,10.34,431.8,28.08,0.0
101,2023,263,1043.0,10.38,404.0,28.04,0.0
101,2023,263,1044.0,10.36,387.4,27.96,0.0
101,2023,263,1045.0,10.36,377.6,27.78,0.0
101,2023,263,1046.0,10.35,368.6,27.61,0.0
101,2023,263,1047.0,10.38,362.0,27.58,0.0
101,2023,263,1048.0,10.34,355.5,27.69,0.0
101,2023,263,1049.0,10.38,346.5,27.66,0.0
101,2023,263,1050.0,10.36,334.6,27.59,0.0
101,2023,263,1051.0,10.38,324.2,27.54,0.0
101,2023,263,1052.0,10.36,318.8,27.55,0.0
101,2023,263,1053.0,10.4,317.2,27.5,0.0
101,2023,263,1054.0,10.37,316.1,27.57,0.0
101,2023,263,1055.0,10.4,320.1,27.76,0.0
101,2023,263,1056.0,10.47,327.4,27.71,0.0
101,2023,263,1057.0,10.46,335.6,27.39,0.0
101,2023,263,1058.0,10.53,342.6,27.36,0.0
101,2023,263,1059.0,10.56,347.4,27.36,0.0
101,2023,263,1100.0,10.48,351.1,27.35,0.0
101,2023,263,1101.0,10.53,359.4,27.52,0.0
101,2023,263,1102.0,10.53,377.3,27.51,0.0
101,2023,263,1103.0,10.65,403.1,27.41,0.0
101,2023,263,1104.0,10.69,441.0,27.42,0.0
101,2023,263,1105.0,10.72,486.2,27.42,0.0
101,2023,263,1106.0,10.75,605.7,27.4,0.0
101,2023,263,1107.0,10.81,458.4,27.32,0.0
101,2023,263,1108.0,10.74,448.3,27.42,0.0
101,2023,263,1109.0,10.81,460.2,27.53,0.0
101,2023,263,1110.0,10.81,510.8,27.51,0.0
101,2023,263,1111.0,10.89,588.5,27.38,0.0
101,2023,263,1112.0,10.84,748.0,27.34,0.0
101,2023,263,1113.0,10.91,1047.0,27.43,0.0
101,2023,263,1114.0,10.85,1263.0,27.57,0.0
101,2023,263,1115.0,10.89,1303.0,27.72,0.0
101,2023,263,1116.0,10.9,1180.0,28.24,0.0
101,2023,263,1117.0,10.91,524.4,28.02,0.0
101,2023,263,1118.0,10.89,554.8,27.68,0.0
101,2023,263,1119.0,10.97,535.1,27.73,0.0
101,2023,263,1120.0,10.86,556.3,27.7,0.0
101,2023,263,1121.0,10.94,659.8,27.79,0.0
101,2023,263,1122.0,10.9,660.6,27.8,0.0
101,2023,263,1123.0,10.94,595.7,27.73,0.0
101,2023,263,1124.0,10.9,508.6,27.64,0.0
101,2023,263,1125.0,10.97,457.2,27.63,0.0
101,2023,263,1126.0,10.9,427.0,27.5,0.0
101,2023,263,1127.0,10.96,427.6,27.52,0.0
101,2023,263,1128.0,11.11,457.9,27.53,0.0
101,2023,263,1129.0,11.11,507.9,27.55,0.0
101,2023,263,1130.0,11.0,545.7,27.66,0.0
101,2023,263,1131.0,11.0,527.3,27.78,0.0
101,2023,263,1132.0,10.94,506.0,27.83,0.0
101,2023,263,1133.0,10.96,488.0,27.69,0.0
101,2023,263,1134.0,10.95,505.3,27.56,0.0
101,2023,263,1135.0,10.94,555.6,27.5,0.0
101,2023,263,1136.0,10.84,555.5,27.51,0.0
101,2023,263,1137.0,10.93,602.4,27.55,0.0
101,2023,263,1138.0,10.91,484.2,27.72,0.0
101,2023,263,1139.0,10.9,452.4,27.86,0.0
101,2023,263,1140.0,10.9,445.6,27.97,0.0
101,2023,263,1141.0,10.9,441.9,27.97,0.0
101,2023,263,1142.0,10.81,405.4,27.84,0.0
101,2023,263,1143.0,10.86,371.6,27.59,0.0
101,2023,263,1144.0,10.83,382.2,27.4,0.0
101,2023,263,1145.0,10.88,453.6,27.28,0.0
101,2023,263,1146.0,10.82,745.0,27.27,0.0
101,2023,263,1147.0,10.85,679.3,27.4,0.0
101,2023,263,1148.0,10.84,548.2,27.55,0.0
101,2023,263,1149.0,10.85,754.0,27.72,0.0
101,2023,263,1150.0,10.8,539.3,27.77,0.0
101,2023,263,1151.0,10.89,442.3,27.62,0.0
101,2023,263,1152.0,10.81,387.1,27.66,0.0
101,2023,263,1153.0,10.84,355.8,27.65,0.0
101,2023,263,1154.0,10.83,359.2,27.43,0.0
101,2023,263,1155.0,10.85,373.1,27.38,0.0
101,2023,263,1156.0,10.8,387.3,27.34,0.0
101,2023,263,1157.0,10.87,380.7,27.09,0.0
101,2023,263,1158.0,10.81,339.2,27.03,0.0
101,2023,263,1159.0,10.83,315.2,27.01,0.0
101,2023,263,1200.0,10.81,349.0,27.04,0.0
101,2023,263,1201.0,10.83,447.4,27.01,0.0
101,2023,263,1202.0,10.78,1091.0,27.15,0.0
101,2023,263,1203.0,10.84,856.0,27.42,0.0
101,2023,263,1204.0,10.75,1092.0,27.56,0.0
101,2023,263,1205.0,10.8,1037.0,27.75,0.0
101,2023,263,1206.0,10.82,629.8,27.78,0.0
101,2023,263,1207.0,10.82,326.6,27.56,0.0
101,2023,263,1208.0,10.75,284.1,27.43,0.0
101,2023,263,1209.0,10.82,293.5,27.24,0.0
101,2023,263,1210.0,10.74,301.0,27.23,0.0
101,2023,263,1211.0,10.79,306.2,27.15,0.0
101,2023,263,1212.0,10.76,319.5,26.97,0.0
101,2023,263,1213.0,10.77,347.0,26.89,0.0
101,2023,263,1214.0,10.77,402.3,26.76,0.0
101,2023,263,1215.0,10.84,559.2,26.88,0.0
101,2023,263,1216.0,10.74,520.2,26.86,0.0
101,2023,263,1217.0,10.78,476.4,26.75,0.0
101,2023,263,1218.0,10.75,506.6,26.64,0.0
101,2023,263,1219.0,10.77,636.3,26.72,0.0
101,2023,263,1220.0,10.73,611.8,26.89,0.0
101,2023,263,1221.0,10.78,946.0,27.04,0.0
101,2023,263,1222.0,10.72,789.0,27.26,0.0
101,2023,263,1223.0,10.76,691.2,27.32,0.0
101,2023,263,1224.0,10.72,443.9,27.28,0.0
101,2023,263,1225.0,10.75,357.5,27.31,0.0
101,2023,263,1226.0,10.71,326.4,27.32,0.0
101,2023,263,1227.0,10.74,319.1,27.16,0.0
101,2023,263,1228.0,10.68,317.2,26.97,0.0
101,2023,263,1229.0,10.74,323.2,26.84,0.0
101,2023,263,1230.0,10.68,345.3,26.88,0.0
101,2023,263,1231.0,10.72,386.3,26.91,0.0
101,2023,263,1232.0,10.66,440.5,26.85,0.0
101,2023,263,1233.0,10.7,507.6,26.81,0.0
101,2023,263,1234.0,10.67,557.4,26.91,0.0
101,2023,263,1235.0,10.7,525.6,26.77,0.0
101,2023,263,1236.0,10.65,521.6,26.82,0.0
101,2023,263,1237.0,10.67,592.7,26.91,0.0
101,2023,263,1238.0,10.65,792.0,27.1,0.0
101,2023,263,1239.0,10.65,754.0,27.31,0.0
101,2023,263,1240.0,10.62,642.4,27.36,0.0
101,2023,263,1241.0,10.66,613.7,27.42,0.0
101,2023,263,1242.0,10.6,561.6,27.26,0.0
101,2023,263,1243.0,10.63,558.1,27.29,0.0
101,2023,263,1244.0,10.63,596.0,27.25,0.0
101,2023,263,1245.0,10.65,608.0,27.25,0.0
101,2023,263,1246.0,10.61,635.1,27.35,0.0
101,2023,263,1247.0,10.66,455.5,27.22,0.0
101,2023,263,1248.0,10.61,425.0,27.32,0.0
101,2023,263,1249.0,10.65,487.3,27.14,0.0
101,2023,263,1250.0,10.62,568.6,27.02,0.0
101,2023,263,1251.0,10.63,464.4,27.04,0.0
101,2023,263,1252.0,10.6,464.2,27.13,0.0
101,2023,263,1253.0,10.66,495.5,27.25,0.0
101,2023,263,1254.0,10.62,478.7,27.14,0.0
101,2023,263,1255.0,10.66,454.9,27.14,0.0
101,2023,263,1256.0,10.64,493.1,27.18,0.0
101,2023,263,1257.0,10.65,760.0,27.05,0.0
101,2023,263,1258.0,10.62,440.9,27.17,0.0
101,2023,263,1259.0,10.67,371.1,27.21,0.0
101,2023,263,1300.0,10.61,340.9,27.12,0.0
101,2023,263,1301.0,10.65,338.1,27.07,0.0
101,2023,263,1302.0,10.66,341.1,27.0,0.0
101,2023,263,1303.0,10.64,322.2,26.96,0.0
101,2023,263,1304.0,10.62,281.4,26.96,0.0
101,2023,263,1305.0,10.66,263.7,26.96,0.0
101,2023,263,1306.0,10.63,261.1,26.85,0.0
101,2023,263,1307.0,10.66,262.7,26.56,0.0
101,2023,263,1308.0,10.64,278.1,26.43,0.0
101,2023,263,1309.0,10.66,305.1,26.35,0.0
101,2023,263,1310.0,10.63,347.6,26.09,0.0
101,2023,263,1311.0,10.67,393.8,26.01,0.0
101,2023,263,1312.0,10.63,447.0,26.04,0.0
101,2023,263,1313.0,10.68,506.0,25.97,0.0
101,2023,263,1314.0,10.63,580.0,26.02,0.0
101,2023,263,1315.0,10.66,614.4,26.15,0.0
101,2023,263,1316.0,10.62,624.4,26.03,0.0
101,2023,263,1317.0,10.66,637.2,26.14,0.0
101,2023,263,1318.0,10.62,676.4,26.15,0.0
101,2023,263,1319.0,10.68,594.1,26.09,0.0
101,2023,263,1320.0,10.64,551.2,26.08,0.0
101,2023,263,1321.0,10.66,539.3,26.02,0.0
101,2023,263,1322.0,10.64,533.2,26.14,0.0
101,2023,263,1323.0,10.68,538.2,26.2,0.0
101,2023,263,1324.0,10.63,564.4,26.12,0.0
101,2023,263,1325.0,10.67,603.1,26.16,0.0
101,2023,263,1326.0,10.61,618.3,26.16,0.0
101,2023,263,1327.0,10.66,623.4,26.33,0.0
101,2023,263,1328.0,10.64,620.3,26.47,0.0
101,2023,263,1329.0,10.66,604.5,26.34,0.0
101,2023,263,1330.0,10.63,620.9,26.3,0.0
101,2023,263,1331.0,10.68,635.5,26.26,0.0
101,2023,263,1332.0,10.62,566.4,26.39,0.0
101,2023,263,1333.0,10.67,459.9,26.38,0.0
101,2023,263,1334.0,10.64,386.3,26.5,0.0
101,2023,263,1335.0,10.66,359.6,26.51,0.0
101,2023,263,1336.0,10.61,324.6,26.5,0.0
101,2023,263,1337.0,10.68,308.4,26.44,0.0
101,2023,263,1338.0,10.64,323.6,26.26,0.0
101,2023,263,1339.0,10.7,301.3,26.12,0.0
101,2023,263,1340.0,10.71,239.7,26.03,0.0
101,2023,263,1341.0,10.67,207.5,25.56,0.0
101,2023,263,1342.0,10.67,203.7,24.99,0.0
101,2023,263,1343.0,10.73,201.6,24.78,0.0
101,2023,263,1344.0,10.69,206.2,24.67,0.0
101,2023,263,1345.0,10.69,222.0,24.52,0.0
101,2023,263,1346.0,10.66,231.3,24.38,0.0
101,2023,263,1347.0,10.67,201.2,24.15,0.0
101,2023,263,1348.0,10.64,185.8,24.0,0.0
101,2023,263,1349.0,10.68,194.3,23.65,0.0
101,2023,263,1350.0,10.62,195.8,23.46,0.0
101,2023,263,1351.0,10.63,184.9,23.35,0.0
101,2023,263,1352.0,10.62,202.8,23.2,0.0
101,2023,263,1353.0,10.65,212.3,22.92,0.0
101,2023,263,1354.0,10.6,221.5,22.79,0.0
101,2023,263,1355.0,10.64,226.1,22.76,0.0
101,2023,263,1356.0,10.59,241.5,22.65,0.0
101,2023,263,1357.0,10.64,265.5,22.61,0.0
101,2023,263,1358.0,10.61,272.4,22.69,0.0
101,2023,263,1359.0,10.66,268.3,22.68,0.0
101,2023,263,1400.0,10.67,287.6,22.63,0.0
101,2023,263,1401.0,10.65,300.0,22.67,0.0
101,2023,263,1402.0,10.6,304.0,22.63,0.0
101,2023,263,1403.0,10.66,302.2,22.62,0.0
101,2023,263,1404.0,10.6,299.0,22.61,0.0
101,2023,263,1405.0,10.62,303.8,22.65,0.0
101,2023,263,1406.0,10.62,312.0,22.73,0.0
101,2023,263,1407.0,10.65,314.9,22.76,0.0
101,2023,263,1408.0,10.61,311.3,22.78,0.0
101,2023,263,1409.0,10.66,300.6,22.58,0.0
101,2023,263,1410.0,10.6,286.5,22.68,0.0
101,2023,263,1411.0,10.65,270.8,22.79,0.0
101,2023,263,1412.0,10.63,261.9,22.62,0.0
101,2023,263,1413.0,10.65,264.1,22.67,0.0
101,2023,263,1414.0,10.61,267.3,22.62,0.0
101,2023,263,1415.0,10.66,268.0,22.57,0.0
101,2023,263,1416.0,10.57,266.5,22.63,0.0
101,2023,263,1417.0,10.64,264.9,22.65,0.0
101,2023,263,1418.0,10.62,266.1,22.64,0.0
101,2023,263,1419.0,10.65,270.5,22.77,0.0
101,2023,263,1420.0,10.61,277.5,22.75,0.0
101,2023,263,1421.0,10.68,283.9,22.87,0.0
101,2023,263,1422.0,10.62,285.1,22.86,0.0
101,2023,263,1423.0,10.67,281.1,22.77,0.0
101,2023,263,1424.0,10.63,275.4,22.76,0.0
101,2023,263,1425.0,10.63,273.6,22.64,0.0
101,2023,263,1426.0,10.6,275.6,22.66,0.0
101,2023,263,1427.0,10.65,279.3,22.67,0.0
101,2023,263,1428.0,10.61,280.8,22.82,0.0
101,2023,263,1429.0,10.63,279.6,22.78,0.0
101,2023,263,1430.0,10.61,279.5,22.76,0.0
101,2023,263,1431.0,10.63,287.8,22.82,0.0
101,2023,263,1432.0,10.61,292.9,22.94,0.0
101,2023,263,1433.0,10.64,296.7,23.07,0.0
101,2023,263,1434.0,10.58,312.1,23.12,0.0
101,2023,263,1435.0,10.63,329.7,23.13,0.0
101,2023,263,1436.0,10.62,346.6,23.14,0.0
101,2023,263,1437.0,10.63,360.0,23.1,0.0
101,2023,263,1438.0,10.61,362.5,23.11,0.0
101,2023,263,1439.0,10.64,360.7,23.18,0.0
101,2023,263,1440.0,10.6,367.1,23.19,0.0
101,2023,263,1441.0,10.65,381.0,23.24,0.0
101,2023,263,1442.0,10.68,386.9,23.23,0.0
101,2023,263,1443.0,10.67,373.0,23.32,0.0
101,2023,263,1444.0,10.62,374.9,23.41,0.0
101,2023,263,1445.0,10.65,374.9,23.46,0.0
101,2023,263,1446.0,10.6,364.8,23.66,0.0
101,2023,263,1447.0,10.66,351.1,23.6,0.0
101,2023,263,1448.0,10.62,333.6,23.69,0.0
101,2023,263,1449.0,10.64,308.5,23.73,0.0
101,2023,263,1450.0,10.63,279.3,23.77,0.0
101,2023,263,1451.0,10.67,276.9,23.71,0.0
101,2023,263,1452.0,10.64,297.4,23.72,0.0
101,2023,263,1453.0,10.68,309.3,23.69,0.0
101,2023,263,1454.0,10.63,318.4,23.74,0.0
101,2023,263,1455.0,10.66,322.4,23.67,0.0
101,2023,263,1456.0,10.64,343.1,23.7,0.0
101,2023,263,1457.0,10.67,396.6,23.69,0.0
101,2023,263,1458.0,10.63,445.9,23.66,0.0
101,2023,263,1459.0,10.69,437.4,23.73,0.0
101,2023,263,1500.0,10.62,432.9,23.79,0.0
101,2023,263,1501.0,10.68,377.9,23.94,0.0
101,2023,263,1502.0,10.72,320.4,23.84,0.0
101,2023,263,1503.0,10.74,274.9,23.66,0.0
101,2023,263,1504.0,10.68,255.6,23.7,0.0
101,2023,263,1505.0,10.79,247.2,23.74,0.0
101,2023,263,1506.0,10.66,243.3,23.78,0.0
101,2023,263,1507.0,10.71,245.3,23.73,0.0
101,2023,263,1508.0,10.68,253.8,23.7,0.0
101,2023,263,1509.0,10.69,250.1,23.7,0.0
101,2023,263,1510.0,10.66,227.5,23.77,0.0
101,2023,263,1511.0,10.73,201.4,23.78,0.0
101,2023,263,1512.0,10.65,184.3,23.77,0.0
101,2023,263,1513.0,10.69,181.8,23.71,0.0
101,2023,263,1514.0,10.66,187.8,23.69,0.0
101,2023,263,1515.0,10.7,209.6,23.6,0.0
101,2023,263,1516.0,10.66,263.4,23.5,0.0
101,2023,263,1517.0,10.71,316.4,23.49,0.0
101,2023,263,1518.0,10.66,430.2,23.54,0.0
101,2023,263,1519.0,10.71,480.9,23.62,0.0
101,2023,263,1520.0,10.67,426.4,23.65,0.0
101,2023,263,1521.0,10.69,399.9,23.61,0.0
101,2023,263,1522.0,10.66,433.7,23.68,0.0
101,2023,263,1523.0,10.69,456.4,23.75,0.0
101,2023,263,1524.0,10.63,451.8,23.81,0.0
101,2023,263,1525.0,10.69,452.7,23.82,0.0
101,2023,263,1526.0,10.65,449.3,23.77,0.0
101,2023,263,1527.0,10.68,447.6,23.63,0.0
101,2023,263,1528.0,10.62,444.3,23.72,0.0
101,2023,263,1529.0,10.67,440.0,23.77,0.0
101,2023,263,1530.0,10.63,436.2,23.83,0.0
101,2023,263,1531.0,10.71,435.0,23.88,0.0
101,2023,263,1532.0,10.65,424.7,23.97,0.0
101,2023,263,1533.0,10.69,419.0,24.06,0.0
101,2023,263,1534.0,10.67,414.9,23.95,0.0
101,2023,263,1535.0,10.69,411.2,23.98,0.0
101,2023,263,1536.0,10.63,407.1,24.12,0.0
101,2023,263,1537.0,10.68,416.0,24.08,0.0
101,2023,263,1538.0,10.6,363.8,24.2,0.0
101,2023,263,1539.0,10.65,353.8,24.21,0.0
101,2023,263,1540.0,10.62,471.9,24.29,0.0
101,2023,263,1541.0,10.65,391.5,24.32,0.0
101,2023,263,1542.0,10.6,287.2,24.27,0.0
101,2023,263,1543.0,10.67,318.6,24.26,0.0
101,2023,263,1544.0,10.6,321.5,24.38,0.0
101,2023,263,1545.0,10.65,300.1,24.49,0.0
101,2023,263,1546.0,10.64,292.6,24.54,0.0
101,2023,263,1547.0,10.66,266.9,24.52,0.0
101,2023,263,1548.0,10.61,199.4,24.54,0.0
101,2023,263,1549.0,10.68,157.9,24.52,0.0
101,2023,263,1550.0,10.61,148.3,24.4,0.0
101,2023,263,1551.0,10.66,140.8,24.42,0.0
101,2023,263,1552.0,10.64,124.9,24.36,0.0
101,2023,263,1553.0,10.65,113.6,24.27,0.0
101,2023,263,1554.0,10.6,109.4,24.23,0.0
101,2023,263,1555.0,10.68,106.8,24.13,0.0
101,2023,263,1556.0,10.61,103.5,24.06,0.0
101,2023,263,1557.0,10.65,104.1,24.03,0.0
101,2023,263,1558.0,10.62,108.3,23.99,0.0
101,2023,263,1559.0,10.66,112.5,23.98,0.0
101,2023,263,1600.0,10.61,124.9,23.96,0.0
101,2023,263,1601.0,10.66,144.2,23.98,0.0
101,2023,263,1602.0,10.6,181.1,23.99,0.0
101,2023,263,1603.0,10.65,183.2,24.04,0.0
101,2023,263,1604.0,10.63,302.6,24.07,0.0
101,2023,263,1605.0,10.7,246.5,24.04,0.0
101,2023,263,1606.0,10.64,162.1,24.03,0.0
101,2023,263,1607.0,10.66,203.5,24.06,0.0
101,2023,263,1608.0,10.6,280.7,24.1,0.0
101,2023,263,1609.0,10.66,300.7,24.13,0.0
101,2023,263,1610.0,10.61,248.0,24.16,0.0
101,2023,263,1611.0,10.64,235.2,24.07,0.0
101,2023,263,1612.0,10.61,338.9,24.1,0.0
101,2023,263,1613.0,10.65,323.6,24.25,0.0
101,2023,263,1614.0,10.61,292.9,24.26,0.0
101,2023,263,1615.0,10.65,238.5,24.32,0.0
101,2023,263,1616.0,10.61,184.1,24.37,0.0
101,2023,263,1617.0,10.68,142.9,24.25,0.0
101,2023,263,1618.0,10.64,124.7,24.09,0.0
101,2023,263,1619.0,10.65,87.6,24.06,0.0
101,2023,263,1620.0,10.55,54.62,24.08,0.0
101,2023,263,1621.0,10.6,38.85,23.91,0.0
101,2023,263,1622.0,10.51,34.03,23.67,0.0
101,2023,263,1623.0,10.55,31.12,23.37,0.0
101,2023,263,1624.0,10.5,28.44,23.2,0.0
101,2023,263,1625.0,10.52,26.46,23.15,0.0
101,2023,263,1626.0,10.48,28.55,23.11,0.0
101,2023,263,1627.0,10.55,34.14,23.0,0.0
101,2023,263,1628.0,10.48,37.18,22.94,0.0
101,2023,263,1629.0,10.52,37.07,22.88,0.0
101,2023,263,1630.0,10.49,37.86,22.9,0.0
101,2023,263,1631.0,10.53,38.96,22.78,0.0
101,2023,263,1632.0,10.47,40.29,22.7,0.0
101,2023,263,1633.0,10.55,42.15,22.69,0.0
101,2023,263,1634.0,10.49,43.62,22.68,0.0
101,2023,263,1635.0,10.51,44.63,22.7,0.0
101,2023,263,1636.0,10.49,45.23,22.75,0.0
101,2023,263,1637.0,10.5,45.42,22.8,0.0
101,2023,263,1638.0,10.47,45.42,22.77,0.0
101,2023,263,1639.0,10.54,45.79,22.73,0.0
101,2023,263,1640.0,10.47,45.99,22.71,0.0
101,2023,263,1641.0,10.52,45.59,22.72,0.0
101,2023,263,1642.0,10.49,45.11,22.69,0.0
101,2023,263,1643.0,10.51,45.0,22.72,0.0
101,2023,263,1644.0,10.47,44.35,22.72,0.0
101,2023,263,1645.0,10.52,42.72,22.73,0.0
101,2023,263,1646.0,10.62,40.37,22.79,0.0
101,2023,263,1647.0,10.68,38.23,22.83,0.0
101,2023,263,1648.0,10.59,35.69,22.76,0.0
101,2023,263,1649.0,10.45,33.24,22.65,0.0
101,2023,263,1650.0,10.41,30.75,22.66,0.0
101,2023,263,1651.0,10.44,28.92,22.7,0.0
101,2023,263,1652.0,10.36,27.62,22.73,0.0
101,2023,263,1653.0,10.4,26.3,22.75,0.0
101,2023,263,1654.0,10.34,25.56,22.71,0.0
101,2023,263,1655.0,10.37,25.17,22.73,0.0
101,2023,263,1656.0,10.34,24.86,22.69,0.0
101,2023,263,1657.0,10.35,24.46,22.71,0.0
101,2023,263,1658.0,10.3,23.87,22.75,0.0
101,2023,263,1659.0,10.36,23.14,22.72,0.0
101,2023,263,1700.0,10.3,22.35,22.66,0.0
101,2023,263,1701.0,10.32,21.3,22.68,0.0
101,2023,263,1702.0,10.29,20.37,22.7,0.0
101,2023,263,1703.0,10.33,19.33,22.67,0.0
101,2023,263,1704.0,10.28,18.17,22.69,0.0
101,2023,263,1705.0,10.32,16.98,22.69,0.0
101,2023,263,1706.0,10.25,15.72,22.68,0.0
101,2023,263,1707.0,10.29,14.61,22.68,0.0
101,2023,263,1708.0,10.26,13.51,22.65,0.0
101,2023,263,1709.0,10.29,12.44,22.67,0.0
101,2023,263,1710.0,10.26,11.26,22.66,0.0
101,2023,263,1711.0,10.42,10.04,22.66,0.0
101,2023,263,1712.0,10.34,8.89,22.7,0.0
101,2023,263,1713.0,10.33,7.7,22.67,0.0
101,2023,263,1714.0,10.28,6.433,22.68,0.0
101,2023,263,1715.0,10.29,5.22,22.71,0.0
101,2023,263,1716.0,10.23,4.119,22.7,0.0
101,2023,263,1717.0,10.3,3.583,22.71,0.0
101,2023,263,1718.0,10.24,3.329,22.7,0.0
101,2023,263,1719.0,10.27,3.16,22.67,0.0
101,2023,263,1720.0,10.33,2.765,22.68,0.0
101,2023,263,1721.0,10.31,2.37,22.72,0.0
101,2023,263,1722.0,10.27,2.37,22.74,0.0
101,2023,263,1723.0,10.32,1.919,22.72,0.0
101,2023,263,1724.0,10.24,1.693,22.72,0.0
101,2023,263,1725.0,10.25,1.693,22.74,0.0
101,2023,263,1726.0,10.24,1.693,22.71,0.0
101,2023,263,1727.0,10.34,1.439,22.7,0.0
101,2023,263,1728.0,10.26,1.1,22.69,0.0
101,2023,263,1729.0,10.32,1.016,22.71,0.0
101,2023,263,1730.0,10.27,1.016,22.67,0.0
101,2023,263,1731.0,10.32,1.016,22.62,0.0
101,2023,263,1732.0,10.26,1.016,22.63,0.0
101,2023,263,1733.0,10.28,0.0,22.66,0.0
101,2023,263,1734.0,10.2,0.0,22.66,0.0
101,2023,263,1735.0,10.31,0.0,22.64,0.0
101,2023,263,1736.0,10.17,0.0,22.64,0.0
101,2023,263,1737.0,10.31,0.0,22.64,0.0
101,2023,263,1738.0,10.23,0.0,22.63,0.0
101,2023,263,1739.0,10.29,0.0,22.61,0.0
101,2023,263,1740.0,10.27,0.0,22.59,0.0
101,2023,263,1741.0,10.28,0.0,22.59,0.0
101,2023,263,1742.0,10.26,0.0,22.56,0.0
101,2023,263,1743.0,10.26,0.0,22.51,0.0
101,2023,263,1744.0,10.24,0.0,22.49,0.0
101,2023,263,1745.0,10.27,0.0,22.51,0.0
101,2023,263,1746.0,10.21,0.0,22.5,0.0
101,2023,263,1747.0,10.24,0.0,22.49,0.0
101,2023,263,1748.0,10.19,0.0,22.52,0.0
101,2023,263,1749.0,10.25,0.0,22.51,0.0
101,2023,263,1750.0,10.19,0.0,22.48,0.0
101,2023,263,1751.0,10.22,0.0,22.48,0.0
101,2023,263,1752.0,10.22,0.0,22.47,0.0
101,2023,263,1753.0,10.22,0.0,22.5,0.0
101,2023,263,1754.0,10.18,0.0,22.49,0.0
101,2023,263,1755.0,10.25,0.0,22.47,0.0
101,2023,263,1756.0,10.18,0.0,22.46,0.0
101,2023,263,1757.0,10.23,0.0,22.42,0.0
101,2023,263,1758.0,10.2,0.0,22.41,0.0
101,2023,263,1759.0,10.22,0.0,22.4,0.0
