a,b,dia_juliano,d,e,f,g,h
101,2023,55,530,12.59,4.878,22.72,0
101,2023,55,531,12.59,5.132,22.73,0
101,2023,55,532,12.59,5.612,22.74,0
101,2023,55,533,12.59,6.006,22.74,0
101,2023,55,534,12.59,6.74,22.75,0
101,2023,55,535,12.59,7.73,22.75,0
101,2023,55,536,12.59,8.91,22.75,0
101,2023,55,537,12.59,10.26,22.76,0
101,2023,55,538,12.6,12.27,22.76,0
101,2023,55,539,12.61,16.02,22.77,0
101,2023,55,540,12.62,21.01,22.78,0
101,2023,55,541,12.64,24.67,22.8,0
101,2023,55,542,12.65,26.59,22.82,0
101,2023,55,543,12.67,29.3,22.84,0
101,2023,55,544,12.69,32.2,22.86,0
101,2023,55,545,12.7,28.71,22.88,0
101,2023,55,546,12.71,24.76,22.89,0
101,2023,55,547,12.72,24.73,22.89,0
101,2023,55,548,12.73,25.77,22.89,0
101,2023,55,549,12.74,26.62,22.9,0
101,2023,55,550,12.75,27.38,22.9,0
101,2023,55,551,12.76,28.17,22.91,0
101,2023,55,552,12.78,29.16,22.92,0
101,2023,55,553,12.79,30.43,22.92,0
101,2023,55,554,12.81,32.01,22.92,0
101,2023,55,555,12.82,33.95,22.93,0
101,2023,55,556,12.84,36.35,22.93,0
101,2023,55,557,12.86,38.72,22.93,0
101,2023,55,558,12.88,41,22.94,0
101,2023,55,559,12.9,38.18,22.93,0
101,2023,55,600,12.92,43.09,22.94,0
101,2023,55,601,12.94,49.35,22.94,0
101,2023,55,602,12.97,51.69,22.96,0
101,2023,55,603,12.99,53.94,22.96,0
101,2023,55,604,13.02,55.8,22.97,0
101,2023,55,605,13.04,57.33,22.95,0
101,2023,55,606,13.07,58.03,22.96,0
101,2023,55,607,13.09,58.31,22.98,0
101,2023,55,608,13.12,58.14,23,0
101,2023,55,609,13.15,57.89,23,0
101,2023,55,610,13.17,58.09,23.02,0
101,2023,55,611,13.2,58.85,23.02,0
101,2023,55,612,13.22,60.03,23.02,0
101,2023,55,613,13.22,61.67,23.03,0
101,2023,55,614,13.22,63.73,23.04,0
101,2023,55,615,13.22,66.29,23.05,0
101,2023,55,616,13.22,68.66,23.04,0
101,2023,55,617,13.22,70.5,23.06,0
101,2023,55,618,13.22,72,23.07,0
101,2023,55,619,13.22,73.5,23.07,0
101,2023,55,620,13.22,75.1,23.12,0
101,2023,55,621,13.22,76.7,23.13,0
101,2023,55,622,13.22,78.4,23.16,0
101,2023,55,623,13.22,80.5,23.17,0
101,2023,55,624,13.22,83.4,23.2,0
101,2023,55,625,13.22,87.2,23.22,0
101,2023,55,626,13.22,92.3,23.21,0
101,2023,55,627,13.22,98.8,23.25,0
101,2023,55,628,13.22,106.4,23.28,0
101,2023,55,629,13.22,113.6,23.29,0
101,2023,55,630,13.22,119.3,23.27,0
101,2023,55,631,13.22,123.1,23.28,0
101,2023,55,632,13.22,125.6,23.3,0
101,2023,55,633,13.22,127.4,23.31,0
101,2023,55,634,13.22,128.1,23.34,0
101,2023,55,635,13.22,127.8,23.39,0
101,2023,55,636,13.22,126.6,23.44,0
101,2023,55,637,13.22,125,23.46,0
101,2023,55,638,13.22,122.9,23.44,0
101,2023,55,639,13.22,120.7,23.42,0
101,2023,55,640,13.22,119.1,23.48,0
101,2023,55,641,13.22,118.4,23.53,0
101,2023,55,642,13.22,118.4,23.56,0
101,2023,55,643,13.22,118.1,23.55,0
101,2023,55,644,13.22,118.2,23.56,0
101,2023,55,645,13.22,118.5,23.57,0
101,2023,55,646,13.22,119.1,23.57,0
101,2023,55,647,13.22,120.4,23.57,0
101,2023,55,648,13.22,122.1,23.6,0
101,2023,55,649,13.22,123.9,23.63,0
101,2023,55,650,13.22,125.4,23.67,0
101,2023,55,651,13.22,126.9,23.73,0
101,2023,55,652,13.22,128.4,23.79,0
101,2023,55,653,13.22,130,23.82,0
101,2023,55,654,13.22,131.2,23.82,0
101,2023,55,655,13.22,132.1,23.85,0
101,2023,55,656,13.22,133.3,23.82,0
101,2023,55,657,13.22,134.8,23.83,0
101,2023,55,658,13.22,137.2,23.85,0
101,2023,55,659,13.22,139.7,23.87,0
101,2023,55,700,13.22,142.2,23.91,0
101,2023,55,701,13.22,144.4,23.96,0
101,2023,55,702,13.22,146.3,23.96,0
101,2023,55,703,13.22,148.1,24.01,0
101,2023,55,704,13.22,149.6,24.02,0
101,2023,55,705,13.22,151,24.1,0
101,2023,55,706,13.21,152.8,24.14,0
101,2023,55,707,13.21,154.1,24.09,0
101,2023,55,708,13.21,154.3,24.09,0
101,2023,55,709,13.21,153.7,24.16,0
101,2023,55,710,13.21,154.6,24.14,0
101,2023,55,711,13.21,159.3,24.19,0
101,2023,55,712,13.21,166.6,24.18,0
101,2023,55,713,13.21,171.8,24.23,0
101,2023,55,714,13.21,177.1,24.27,0
101,2023,55,715,13.21,179.3,24.31,0
101,2023,55,716,13.21,173.3,24.32,0
101,2023,55,717,13.21,173.4,24.36,0
101,2023,55,718,13.21,175.3,24.43,0
101,2023,55,719,13.21,177.7,24.44,0
101,2023,55,720,13.2,180.7,24.5,0
101,2023,55,721,13.2,184.3,24.54,0
101,2023,55,722,13.2,187.6,24.61,0
101,2023,55,723,13.2,191.7,24.63,0
101,2023,55,724,13.2,197.1,24.7,0
101,2023,55,725,13.2,202.8,24.76,0
101,2023,55,726,13.2,208.5,24.82,0
101,2023,55,727,13.2,214.3,24.84,0
101,2023,55,728,13.2,219.9,24.9,0
101,2023,55,729,13.2,225.1,24.96,0
101,2023,55,730,13.2,229.7,24.99,0
101,2023,55,731,13.2,233.8,25.07,0
101,2023,55,732,13.2,236.2,25.12,0
101,2023,55,733,13.2,238.4,25.13,0
101,2023,55,734,13.2,240.5,25.14,0
101,2023,55,735,13.19,243.7,25.22,0
101,2023,55,736,13.19,246.2,25.23,0
101,2023,55,737,13.19,247.3,25.29,0
101,2023,55,738,13.19,247.3,25.38,0
101,2023,55,739,13.19,245.2,25.4,0
101,2023,55,740,13.19,241.5,25.41,0
101,2023,55,741,13.19,236.7,25.4,0
101,2023,55,742,13.19,231.9,25.49,0
101,2023,55,743,13.19,227.6,25.56,0
101,2023,55,744,13.19,223.6,25.51,0
101,2023,55,745,13.18,219.5,25.52,0
101,2023,55,746,13.18,215.3,25.58,0
101,2023,55,747,13.18,211.1,25.6,0
101,2023,55,748,13.18,206.5,25.65,0
101,2023,55,749,13.18,202.2,25.73,0
101,2023,55,750,13.18,198.5,25.78,0
101,2023,55,751,13.18,195.8,25.81,0
101,2023,55,752,13.18,194.2,25.84,0
101,2023,55,753,13.18,193,25.88,0
101,2023,55,754,13.18,192.2,25.91,0
101,2023,55,755,13.18,191.8,25.96,0
101,2023,55,756,13.18,191.7,26,0
101,2023,55,757,13.18,191.4,26.03,0
101,2023,55,758,13.18,191.6,26.07,0
101,2023,55,759,13.18,192.1,26.06,0
101,2023,55,800,13.18,192.7,26.09,0
101,2023,55,801,13.18,193.4,26.11,0
101,2023,55,802,13.18,194.2,26.15,0
101,2023,55,803,13.18,195,26.13,0
101,2023,55,804,13.18,196.5,26.15,0
101,2023,55,805,13.18,198.7,26.13,0
101,2023,55,806,13.18,201.7,26.16,0
101,2023,55,807,13.18,205.1,26.26,0
101,2023,55,808,13.18,208.9,26.34,0
101,2023,55,809,13.18,212.9,26.39,0
101,2023,55,810,13.18,216.4,26.4,0
101,2023,55,811,13.18,219.9,26.39,0
101,2023,55,812,13.18,223.5,26.43,0
101,2023,55,813,13.18,226,26.46,0
101,2023,55,814,13.17,227.6,26.5,0
101,2023,55,815,13.17,228,26.45,0
101,2023,55,816,13.17,231.4,26.46,0
101,2023,55,817,13.17,239.7,26.49,0
101,2023,55,818,13.17,252.6,26.51,0
101,2023,55,819,13.17,267.7,26.39,0
101,2023,55,820,13.17,282.7,26.45,0
101,2023,55,821,13.17,296.6,26.4,0
101,2023,55,822,13.17,310.2,26.45,0
101,2023,55,823,13.17,320.6,26.45,0
101,2023,55,824,13.17,327.5,26.56,0
101,2023,55,825,13.17,329.1,26.46,0
101,2023,55,826,13.17,325,26.31,0
101,2023,55,827,13.17,318.5,26.32,0
101,2023,55,828,13.16,315.5,26.37,0
101,2023,55,829,13.17,312.3,26.36,0
101,2023,55,830,13.16,319.7,26.27,0
101,2023,55,831,13.16,334,26.29,0
101,2023,55,832,13.16,348,26.25,0
101,2023,55,833,13.16,358.8,26.19,0
101,2023,55,834,13.16,369.1,26.15,0
101,2023,55,835,13.16,375.1,26.22,0
101,2023,55,836,13.16,381.1,26.32,0
101,2023,55,837,13.16,398.9,26.31,0
101,2023,55,838,13.16,412.9,26.47,0
101,2023,55,839,13.16,415,26.54,0
101,2023,55,840,13.16,444.2,26.57,0
101,2023,55,841,13.16,520.1,26.55,0
101,2023,55,842,13.16,542,26.63,0
101,2023,55,843,13.16,465.9,26.72,0
101,2023,55,844,13.15,456.3,26.94,0
101,2023,55,845,13.15,473.9,27.02,0
101,2023,55,846,13.15,500.2,27.13,0
101,2023,55,847,13.15,564.2,27.21,0
101,2023,55,848,13.15,627.9,27.26,0
101,2023,55,849,13.15,616.7,27.37,0
101,2023,55,850,13.14,612.1,27.37,0
101,2023,55,851,13.14,598.6,27.17,0
101,2023,55,852,13.14,523.7,27.36,0
101,2023,55,853,13.14,491.4,27.52,0
101,2023,55,854,13.13,562.7,27.66,0
101,2023,55,855,13.13,619.7,27.85,0
101,2023,55,856,13.13,471.1,27.83,0
101,2023,55,857,13.13,448.4,27.93,0
101,2023,55,858,13.13,425.5,27.99,0
101,2023,55,859,13.13,417.1,28.04,0
101,2023,55,900,13.13,422.3,27.81,0
101,2023,55,901,13.13,399.7,27.68,0
101,2023,55,902,13.12,333.2,27.53,0
101,2023,55,903,13.12,312.6,27.67,0
101,2023,55,904,13.12,315.4,27.64,0
101,2023,55,905,13.12,382.9,27.73,0
101,2023,55,906,13.12,716,27.87,0
101,2023,55,907,13.12,885,27.94,0
101,2023,55,908,13.12,901,28.09,0
101,2023,55,909,13.12,928,28.19,0
101,2023,55,910,13.12,913,28.5,0
101,2023,55,911,13.11,930,28.71,0
101,2023,55,912,13.11,930,28.86,0
101,2023,55,913,13.11,932,28.75,0
101,2023,55,914,13.11,946,28.91,0
101,2023,55,915,13.11,553.3,28.98,0
101,2023,55,916,13.1,369.2,29.03,0
101,2023,55,917,13.1,348.2,28.36,0
101,2023,55,918,13.1,374.1,27.97,0
101,2023,55,919,13.1,716,28.14,0
101,2023,55,920,13.1,784,28.37,0
101,2023,55,921,13.1,779,28.68,0
101,2023,55,922,13.1,915,28.87,0
101,2023,55,923,13.1,1043,28.81,0
101,2023,55,924,13.09,1055,28.99,0
101,2023,55,925,13.09,973,29.12,0
101,2023,55,926,13.09,865,28.84,0
101,2023,55,927,13.09,813,29.02,0
101,2023,55,928,13.09,870,29.22,0
101,2023,55,929,13.09,473.4,29.23,0
101,2023,55,930,13.09,411.7,29.35,0
101,2023,55,931,13.09,387.8,28.9,0
101,2023,55,932,13.09,391.3,28.4,0
101,2023,55,933,13.09,382.8,28.57,0
101,2023,55,934,13.09,385.8,28.42,0
101,2023,55,935,13.09,391.7,28.5,0
101,2023,55,936,13.09,392.8,28.72,0
101,2023,55,937,13.09,386.9,28.56,0
101,2023,55,938,13.09,386.3,28.18,0
101,2023,55,939,13.09,413.1,28.12,0
101,2023,55,940,13.09,496.4,28.26,0
101,2023,55,941,13.09,628,28.43,0
101,2023,55,942,13.09,824,28.58,0
101,2023,55,943,13.09,599.7,28.76,0
101,2023,55,944,13.09,428.9,28.92,0
101,2023,55,945,13.09,378.4,28.99,0
101,2023,55,946,13.09,350.9,28.96,0
101,2023,55,947,13.09,335.3,28.85,0
101,2023,55,948,13.09,334.9,28.79,0
101,2023,55,949,13.09,335,28.76,0
101,2023,55,950,13.09,326.2,28.88,0
101,2023,55,951,13.09,324.7,28.88,0
101,2023,55,952,13.09,319,28.9,0
101,2023,55,953,13.09,312.4,28.72,0
101,2023,55,954,13.09,315.8,28.59,0
101,2023,55,955,13.1,326,28.67,0
101,2023,55,956,13.09,343.4,28.7,0
101,2023,55,957,13.1,359.4,28.62,0
101,2023,55,958,13.09,385.8,28.37,0
101,2023,55,959,13.09,428.9,28.36,0
101,2023,55,1000,13.1,468.4,28.41,0
101,2023,55,1001,13.09,483.5,28.52,0
101,2023,55,1002,13.09,476.8,28.78,0
101,2023,55,1003,13.09,465,28.89,0
101,2023,55,1004,13.09,495.1,28.99,0
101,2023,55,1005,13.09,501.1,29.04,0
101,2023,55,1006,13.09,448.7,28.85,0
101,2023,55,1007,13.09,418.5,28.82,0
101,2023,55,1008,13.09,378.4,28.91,0
101,2023,55,1009,13.09,354.5,29.03,0
101,2023,55,1010,13.09,331.1,28.96,0
101,2023,55,1011,13.09,319,28.91,0
101,2023,55,1012,13.09,312.6,28.79,0
101,2023,55,1013,13.09,304.4,28.56,0
101,2023,55,1014,13.09,291.1,28.51,0
101,2023,55,1015,13.09,276.8,28.45,0
101,2023,55,1016,13.09,262.8,28.57,0
101,2023,55,1017,13.09,248.6,28.41,0
101,2023,55,1018,13.09,232.6,28.36,0
101,2023,55,1019,13.09,212.8,28.33,0
101,2023,55,1020,13.09,190.7,28.31,0
101,2023,55,1021,13.09,162.1,28.12,0
101,2023,55,1022,13.09,132.3,27.62,0
101,2023,55,1023,13.09,104.1,27.02,0
101,2023,55,1024,13.09,79.3,26.52,0
101,2023,55,1025,13.09,63.99,26.11,0
101,2023,55,1026,13.08,58.39,25.82,0
101,2023,55,1027,13.08,59.15,25.65,0
101,2023,55,1028,13.08,57.79,25.44,0
101,2023,55,1029,13.07,53.23,25.24,0
101,2023,55,1030,13.07,47.79,25.04,0
101,2023,55,1031,13.07,44.52,24.83,0
101,2023,55,1032,13.07,39.79,24.64,0
101,2023,55,1033,13.06,34.66,24.44,0
101,2023,55,1034,13.06,30.66,24.27,0
101,2023,55,1035,13.05,28.35,24.08,0
101,2023,55,1036,13.05,27.98,23.93,0
101,2023,55,1037,13.06,29.59,23.83,0
101,2023,55,1038,13.06,32.71,23.77,0
101,2023,55,1039,13.07,36.55,23.7,0
101,2023,55,1040,13.07,40.6,23.65,0
101,2023,55,1041,13.08,42.77,23.57,0
101,2023,55,1042,13.08,41.87,23.54,0
101,2023,55,1043,13.09,40.38,23.48,0
101,2023,55,1044,13.1,39.73,23.35,0
101,2023,55,1045,13.11,40.29,23.26,0
101,2023,55,1046,13.12,42.72,23.18,0
101,2023,55,1047,13.13,46.83,23.15,0
101,2023,55,1048,13.13,50.75,23.09,0
101,2023,55,1049,13.14,54.89,23.06,0
101,2023,55,1050,13.14,58.44,23.03,0
101,2023,55,1051,13.14,62.02,22.96,0
101,2023,55,1052,13.14,65.8,22.92,0
101,2023,55,1053,13.14,70.4,22.87,0
101,2023,55,1054,13.15,75,22.87,0
101,2023,55,1055,13.15,80.1,22.87,0
101,2023,55,1056,13.15,85.6,22.82,0
101,2023,55,1057,13.15,92,22.78,0
101,2023,55,1058,13.15,98.6,22.79,0
101,2023,55,1059,13.15,105.7,22.8,0
101,2023,55,1100,13.15,113.1,22.81,0
101,2023,55,1101,13.15,120.6,22.78,0
101,2023,55,1102,13.15,127.2,22.77,0
101,2023,55,1103,13.15,133.8,22.84,0
101,2023,55,1104,13.15,140.5,22.85,0
101,2023,55,1105,13.15,144.2,22.84,0
101,2023,55,1106,13.15,144.7,22.9,0
101,2023,55,1107,13.15,144,22.94,0
101,2023,55,1108,13.15,143.4,23.04,0
101,2023,55,1109,13.15,143.3,22.99,0
101,2023,55,1110,13.16,144,22.99,0
101,2023,55,1111,13.16,145.8,23.02,0
101,2023,55,1112,13.16,147.7,23.05,0
101,2023,55,1113,13.16,150.2,23.1,0
101,2023,55,1114,13.16,155,23.21,0
101,2023,55,1115,13.16,162.6,23.25,0
101,2023,55,1116,13.16,172.3,23.27,0
101,2023,55,1117,13.16,183.6,23.33,0
101,2023,55,1118,13.16,197,23.28,0
101,2023,55,1119,13.16,211.4,23.27,0
101,2023,55,1120,13.16,225.8,23.43,0
101,2023,55,1121,13.16,240,23.49,0
101,2023,55,1122,13.16,253,23.44,0
101,2023,55,1123,13.16,265.4,23.51,0
101,2023,55,1124,13.16,277.8,23.39,0
101,2023,55,1125,13.16,291,23.31,0
101,2023,55,1126,13.16,302.5,23.43,0
101,2023,55,1127,13.16,312.4,23.53,0
101,2023,55,1128,13.16,320,23.69,0
101,2023,55,1129,13.16,326.3,23.69,0
101,2023,55,1130,13.16,332.3,23.66,0
101,2023,55,1131,13.16,336.5,23.62,0
101,2023,55,1132,13.16,337.8,23.8,0
101,2023,55,1133,13.16,337.2,23.93,0
101,2023,55,1134,13.16,336.4,24.06,0
101,2023,55,1135,13.16,336.7,24.13,0
101,2023,55,1136,13.16,337.9,24.16,0
101,2023,55,1137,13.16,340.7,24.13,0
101,2023,55,1138,13.16,344.8,24.04,0
101,2023,55,1139,13.16,350,24.03,0
101,2023,55,1140,13.16,357.3,24.03,0
101,2023,55,1141,13.16,366.9,24.09,0
101,2023,55,1142,13.16,376.3,24.13,0
101,2023,55,1143,13.16,383.9,24.06,0
101,2023,55,1144,13.16,389.6,24.12,0
101,2023,55,1145,13.16,394.2,24.21,0
101,2023,55,1146,13.16,398,24.42,0
101,2023,55,1147,13.16,399,24.34,0
101,2023,55,1148,13.16,398.2,24.3,0
101,2023,55,1149,13.16,396.4,24.46,0
101,2023,55,1150,13.16,395.8,24.51,0
101,2023,55,1151,13.16,397,24.56,0
101,2023,55,1152,13.16,400.7,24.64,0
101,2023,55,1153,13.16,406,24.6,0
101,2023,55,1154,13.16,411,24.62,0
101,2023,55,1155,13.16,414.3,24.63,0
101,2023,55,1156,13.16,415.7,24.59,0
101,2023,55,1157,13.16,414.1,24.71,0
101,2023,55,1158,13.16,411.8,24.76,0
101,2023,55,1159,13.16,410.5,24.84,0
101,2023,55,1200,13.16,410.8,24.8,0
101,2023,55,1201,13.15,409.7,24.99,0
101,2023,55,1202,13.15,408.6,25.05,0
101,2023,55,1203,13.15,407.7,24.9,0
101,2023,55,1204,13.15,407.4,25.01,0
101,2023,55,1205,13.15,409.1,25.07,0
101,2023,55,1206,13.15,411.2,25.18,0
101,2023,55,1207,13.15,410.4,25.16,0
101,2023,55,1208,13.15,411.9,25.24,0
101,2023,55,1209,13.15,414.1,25.26,0
101,2023,55,1210,13.15,411.7,25.21,0
101,2023,55,1211,13.14,405.4,25.36,0
101,2023,55,1212,13.14,397.1,25.37,0
101,2023,55,1213,13.14,387.7,25.45,0
101,2023,55,1214,13.14,389,25.35,0
101,2023,55,1215,13.14,398.3,25.27,0
101,2023,55,1216,13.14,410,25.43,0
101,2023,55,1217,13.14,419,25.48,0
101,2023,55,1218,13.14,422,25.44,0
101,2023,55,1219,13.14,415.2,25.51,0
101,2023,55,1220,13.14,406.1,25.48,0
101,2023,55,1221,13.14,403.8,25.54,0
101,2023,55,1222,13.14,401.4,25.54,0
101,2023,55,1223,13.14,399,25.71,0
101,2023,55,1224,13.14,401,25.66,0
101,2023,55,1225,13.14,404.9,25.69,0
101,2023,55,1226,13.14,408.8,25.63,0
101,2023,55,1227,13.14,411.7,25.8,0
101,2023,55,1228,13.14,413.8,25.84,0
101,2023,55,1229,13.14,415,25.79,0
101,2023,55,1230,13.14,415.9,25.89,0
101,2023,55,1231,13.13,417.9,25.91,0
101,2023,55,1232,13.13,420.1,25.87,0
101,2023,55,1233,13.13,422.6,25.97,0
101,2023,55,1234,13.13,427.3,25.93,0
101,2023,55,1235,13.13,432.9,25.97,0
101,2023,55,1236,13.13,439.4,25.99,0
101,2023,55,1237,13.14,445.5,25.94,0
101,2023,55,1238,13.13,450.6,26.07,0
101,2023,55,1239,13.13,454.7,26.11,0
101,2023,55,1240,13.13,457.4,26.16,0
101,2023,55,1241,13.13,458.5,26.17,0
101,2023,55,1242,13.13,459.6,26.21,0
101,2023,55,1243,13.13,459.9,26.09,0
101,2023,55,1244,13.13,461.3,26.04,0
101,2023,55,1245,13.13,461.9,26.01,0
101,2023,55,1246,13.13,463,25.99,0
101,2023,55,1247,13.13,465.9,25.99,0
101,2023,55,1248,13.13,472.3,25.98,0
101,2023,55,1249,13.13,478.9,26.05,0
101,2023,55,1250,13.13,485.4,26.08,0
101,2023,55,1251,13.13,493.5,26.11,0
101,2023,55,1252,13.13,503.5,26.23,0
101,2023,55,1253,13.13,515.2,26.31,0
101,2023,55,1254,13.13,527.8,26.35,0
101,2023,55,1255,13.13,542.1,26.48,0
101,2023,55,1256,13.13,557.9,26.58,0
101,2023,55,1257,13.13,568.8,26.48,0
101,2023,55,1258,13.13,579.2,26.27,0
101,2023,55,1259,13.13,591.9,26.15,0
101,2023,55,1300,13.12,603.6,26.25,0
101,2023,55,1301,13.12,614.5,26.37,0
101,2023,55,1302,13.12,633.9,26.48,0
101,2023,55,1303,13.12,628.6,26.64,0
101,2023,55,1304,13.12,617,26.56,0
101,2023,55,1305,13.12,586.3,26.55,0
101,2023,55,1306,13.12,556.9,26.65,0
101,2023,55,1307,13.12,545.9,26.77,0
101,2023,55,1308,13.12,548,26.75,0
101,2023,55,1309,13.12,554.5,26.62,0
101,2023,55,1310,13.12,567,26.55,0
101,2023,55,1311,13.12,575.1,26.57,0
101,2023,55,1312,13.12,566.8,26.6,0
101,2023,55,1313,13.12,523.3,26.73,0
101,2023,55,1314,13.12,507.7,26.76,0
101,2023,55,1315,13.12,482.8,26.83,0
101,2023,55,1316,13.12,462.6,26.9,0
101,2023,55,1317,13.12,446.2,26.9,0
101,2023,55,1318,13.12,433.2,26.96,0
101,2023,55,1319,13.11,420.4,26.94,0
101,2023,55,1320,13.11,409.2,26.81,0
101,2023,55,1321,13.12,401,26.81,0
101,2023,55,1322,13.11,395.2,26.84,0
101,2023,55,1323,13.12,391.2,26.83,0
101,2023,55,1324,13.11,386.1,26.74,0
101,2023,55,1325,13.11,381.7,26.72,0
101,2023,55,1326,13.11,377.7,26.64,0
101,2023,55,1327,13.11,374.8,26.68,0
101,2023,55,1328,13.11,372.6,26.76,0
101,2023,55,1329,13.12,371.6,26.7,0
101,2023,55,1330,13.11,372.3,26.75,0
101,2023,55,1331,13.11,373.7,26.79,0
101,2023,55,1332,13.12,375.9,26.87,0
101,2023,55,1333,13.11,380.2,26.84,0
101,2023,55,1334,13.12,382.1,26.72,0
101,2023,55,1335,13.12,382,26.78,0
101,2023,55,1336,13.12,380.7,26.8,0
101,2023,55,1337,13.11,377.8,26.88,0
101,2023,55,1338,13.12,373.7,26.86,0
101,2023,55,1339,13.12,370.6,26.94,0
101,2023,55,1340,13.12,367.5,26.95,0
101,2023,55,1341,13.12,363.5,26.94,0
101,2023,55,1342,13.12,358.5,26.83,0
101,2023,55,1343,13.12,354.1,26.71,0
101,2023,55,1344,13.12,350.8,26.62,0
101,2023,55,1345,13.12,349.4,26.62,0
101,2023,55,1346,13.12,350,26.57,0
101,2023,55,1347,13.12,351.7,26.6,0
101,2023,55,1348,13.12,355.1,26.76,0
101,2023,55,1349,13.12,358.2,26.79,0
101,2023,55,1350,13.12,360.6,26.75,0
101,2023,55,1351,13.12,362.5,26.82,0
101,2023,55,1352,13.12,363.5,26.89,0
101,2023,55,1353,13.12,365.1,26.91,0
101,2023,55,1354,13.12,365.8,26.88,0
101,2023,55,1355,13.12,363.7,26.94,0
101,2023,55,1356,13.12,363,27.03,0
101,2023,55,1357,13.12,362.8,26.99,0
101,2023,55,1358,13.12,362.2,26.98,0
101,2023,55,1359,13.12,360.5,27.04,0
101,2023,55,1400,13.12,358.7,27.07,0
101,2023,55,1401,13.12,358.1,27.07,0
101,2023,55,1402,13.12,357.4,27.1,0
101,2023,55,1403,13.12,355.3,27.17,0
101,2023,55,1404,13.12,353.7,27.21,0
101,2023,55,1405,13.11,354,27.11,0
101,2023,55,1406,13.11,355.3,27.07,0
101,2023,55,1407,13.11,357.5,27.24,0
101,2023,55,1408,13.11,361.4,27.31,0
101,2023,55,1409,13.11,366.5,27.36,0
101,2023,55,1410,13.11,373.2,27.28,0
101,2023,55,1411,13.11,378,27.32,0
101,2023,55,1412,13.11,381.9,27.3,0
101,2023,55,1413,13.11,384.1,27.42,0
101,2023,55,1414,13.11,385.8,27.49,0
101,2023,55,1415,13.11,388.3,27.48,0
101,2023,55,1416,13.11,390.9,27.47,0
101,2023,55,1417,13.11,393.3,27.48,0
101,2023,55,1418,13.11,392.9,27.5,0
101,2023,55,1419,13.11,392.3,27.55,0
101,2023,55,1420,13.11,392.3,27.5,0
101,2023,55,1421,13.11,393.4,27.42,0
101,2023,55,1422,13.11,397.3,27.37,0
101,2023,55,1423,13.11,394.9,27.43,0
101,2023,55,1424,13.11,386.4,27.48,0
101,2023,55,1425,13.11,380.5,27.53,0
101,2023,55,1426,13.11,376.3,27.47,0
101,2023,55,1427,13.11,374.7,27.43,0
101,2023,55,1428,13.11,374.5,27.38,0
101,2023,55,1429,13.11,376.9,27.39,0
101,2023,55,1430,13.11,380.1,27.47,0
101,2023,55,1431,13.11,384.3,27.49,0
101,2023,55,1432,13.11,387.3,27.52,0
101,2023,55,1433,13.11,388.7,27.52,0
101,2023,55,1434,13.11,389.2,27.4,0
101,2023,55,1435,13.11,389.1,27.4,0
101,2023,55,1436,13.11,388.9,27.38,0
101,2023,55,1437,13.11,388.9,27.37,0
101,2023,55,1438,13.11,388,27.37,0
101,2023,55,1439,13.11,385.3,27.36,0
101,2023,55,1440,13.11,382.2,27.34,0
101,2023,55,1441,13.11,379,27.34,0
101,2023,55,1442,13.11,376.2,27.37,0
101,2023,55,1443,13.11,375.4,27.36,0
101,2023,55,1444,13.11,375.5,27.52,0
101,2023,55,1445,13.11,376.7,27.49,0
101,2023,55,1446,13.11,376.1,27.49,0
101,2023,55,1447,13.11,374.2,27.55,0
101,2023,55,1448,13.11,372.1,27.59,0
101,2023,55,1449,13.11,370.5,27.45,0
101,2023,55,1450,13.1,369,27.44,0
101,2023,55,1451,13.11,367.4,27.46,0
101,2023,55,1452,13.11,366.5,27.46,0
101,2023,55,1453,13.11,366.6,27.57,0
101,2023,55,1454,13.11,367.4,27.66,0
101,2023,55,1455,13.1,369.1,27.65,0
101,2023,55,1456,13.1,375.5,27.67,0
101,2023,55,1457,13.11,387.6,27.67,0
101,2023,55,1458,13.11,395.7,27.61,0
101,2023,55,1459,13.11,398.7,27.48,0
101,2023,55,1500,13.1,388.8,27.44,0
101,2023,55,1501,13.11,376.9,27.48,0
101,2023,55,1502,13.11,368.3,27.45,0
101,2023,55,1503,13.11,366.2,27.34,0
101,2023,55,1504,13.11,368.3,27.42,0
101,2023,55,1505,13.11,371.7,27.53,0
101,2023,55,1506,13.11,375.4,27.65,0
101,2023,55,1507,13.11,388.5,27.74,0
101,2023,55,1508,13.1,395.1,27.74,0
101,2023,55,1509,13.11,396.5,27.67,0
101,2023,55,1510,13.1,392.2,27.7,0
101,2023,55,1511,13.11,388.5,27.82,0
101,2023,55,1512,13.1,388,27.82,0
101,2023,55,1513,13.11,387.6,27.83,0
101,2023,55,1514,13.11,377.8,27.86,0
101,2023,55,1515,13.11,365.5,27.82,0
101,2023,55,1516,13.1,358.1,27.79,0
101,2023,55,1517,13.11,347,27.77,0
101,2023,55,1518,13.11,335.9,27.79,0
101,2023,55,1519,13.11,324.8,27.77,0
101,2023,55,1520,13.1,326,27.73,0
101,2023,55,1521,13.11,317.3,27.79,0
101,2023,55,1522,13.1,312.7,27.87,0
101,2023,55,1523,13.11,306.6,27.77,0
101,2023,55,1524,13.11,302.1,27.68,0
101,2023,55,1525,13.11,297.5,27.7,0
101,2023,55,1526,13.11,295.2,27.66,0
101,2023,55,1527,13.1,290.1,27.59,0
101,2023,55,1528,13.11,287.8,27.61,0
101,2023,55,1529,13.11,288.7,27.68,0
101,2023,55,1530,13.11,290,27.66,0
101,2023,55,1531,13.11,294.6,27.61,0
101,2023,55,1532,13.11,296.8,27.61,0
101,2023,55,1533,13.11,298.7,27.65,0
101,2023,55,1534,13.11,300,27.64,0
101,2023,55,1535,13.11,302.2,27.56,0
101,2023,55,1536,13.11,301.4,27.6,0
101,2023,55,1537,13.11,294.9,27.64,0
101,2023,55,1538,13.1,288.9,27.68,0
101,2023,55,1539,13.11,289.8,27.63,0
101,2023,55,1540,13.11,290.5,27.63,0
101,2023,55,1541,13.11,287,27.7,0
101,2023,55,1542,13.11,282.9,27.7,0
101,2023,55,1543,13.11,277.4,27.77,0
101,2023,55,1544,13.11,258.8,27.77,0
101,2023,55,1545,13.11,239,27.72,0
101,2023,55,1546,13.11,222.6,27.71,0
101,2023,55,1547,13.11,215,27.72,0
101,2023,55,1548,13.11,209.4,27.69,0
101,2023,55,1549,13.11,204.5,27.76,0
101,2023,55,1550,13.11,203.8,27.78,0
101,2023,55,1551,13.11,208.5,27.84,0
101,2023,55,1552,13.11,216.1,27.87,0
101,2023,55,1553,13.11,226.6,27.78,0
101,2023,55,1554,13.11,241,27.65,0
101,2023,55,1555,13.11,256.1,27.61,0
101,2023,55,1556,13.11,260.6,27.63,0
101,2023,55,1557,13.11,261.6,27.64,0
101,2023,55,1558,13.11,259.9,27.7,0
101,2023,55,1559,13.11,258.6,27.7,0
101,2023,55,1600,13.11,254.3,27.65,0
101,2023,55,1601,13.11,244.7,27.68,0
101,2023,55,1602,13.11,236.2,27.72,0
101,2023,55,1603,13.11,222.7,27.74,0
101,2023,55,1604,13.11,212,27.72,0
101,2023,55,1605,13.11,203.9,27.75,0
101,2023,55,1606,13.11,198,27.62,0
101,2023,55,1607,13.11,191.9,27.54,0
101,2023,55,1608,13.11,188.6,27.5,0
101,2023,55,1609,13.11,188.4,27.49,0
101,2023,55,1610,13.11,191.4,27.53,0
101,2023,55,1611,13.11,196.4,27.55,0
101,2023,55,1612,13.11,199.9,27.57,0
101,2023,55,1613,13.11,200.7,27.47,0
101,2023,55,1614,13.11,198.9,27.45,0
101,2023,55,1615,13.11,196.7,27.43,0
101,2023,55,1616,13.11,193,27.47,0
101,2023,55,1617,13.11,184.3,27.52,0
101,2023,55,1618,13.11,178.1,27.53,0
101,2023,55,1619,13.11,176.1,27.49,0
101,2023,55,1620,13.11,175.3,27.44,0
101,2023,55,1621,13.11,173.8,27.45,0
101,2023,55,1622,13.11,173.3,27.38,0
101,2023,55,1623,13.11,170.8,27.39,0
101,2023,55,1624,13.11,167.9,27.4,0
101,2023,55,1625,13.11,158.6,27.37,0
101,2023,55,1626,13.11,151.3,27.32,0
101,2023,55,1627,13.11,147.9,27.29,0
101,2023,55,1628,13.11,145.2,27.22,0
101,2023,55,1629,13.11,142.7,27.21,0
101,2023,55,1630,13.11,139.8,27.18,0
101,2023,55,1631,13.12,138.2,27.15,0
101,2023,55,1632,13.11,138,27.09,0
101,2023,55,1633,13.12,138.1,27.06,0
101,2023,55,1634,13.12,138.1,27.03,0
101,2023,55,1635,13.12,137.7,27.03,0
101,2023,55,1636,13.12,136.7,27,0
101,2023,55,1637,13.12,135.1,27.01,0
101,2023,55,1638,13.12,133.5,27.03,0
101,2023,55,1639,13.12,131.9,27.06,0
101,2023,55,1640,13.12,130.1,27.04,0
101,2023,55,1641,13.12,128.3,27.08,0
101,2023,55,1642,13.12,126.5,27.11,0
101,2023,55,1643,13.12,125.5,27.08,0
101,2023,55,1644,13.12,124.6,27.06,0
101,2023,55,1645,13.12,123.9,27.05,0
101,2023,55,1646,13.12,123.6,27.02,0
101,2023,55,1647,13.12,123.2,27,0
101,2023,55,1648,13.12,123,27.01,0
101,2023,55,1649,13.12,122.5,27,0
101,2023,55,1650,13.12,121.8,26.97,0
101,2023,55,1651,13.12,120.4,26.98,0
101,2023,55,1652,13.12,118.3,27,0
101,2023,55,1653,13.12,115.4,26.96,0
101,2023,55,1654,13.12,112.7,26.97,0
101,2023,55,1655,13.12,110.4,27,0
101,2023,55,1656,13.12,108.9,27,0
101,2023,55,1657,13.12,107.9,27,0
101,2023,55,1658,13.12,106.8,26.99,0
101,2023,55,1659,13.12,106.4,26.95,0
101,2023,55,1700,13.12,106.8,26.94,0
101,2023,55,1701,13.12,105.6,26.91,0
101,2023,55,1702,13.12,103.1,26.91,0
101,2023,55,1703,13.13,98.7,26.91,0
101,2023,55,1704,13.13,98,26.88,0
101,2023,55,1705,13.12,99.9,26.85,0
101,2023,55,1706,13.13,98.6,26.87,0
101,2023,55,1707,13.12,90.6,26.86,0
101,2023,55,1708,13.13,75.1,26.86,0
101,2023,55,1709,13.13,65.47,26.84,0
101,2023,55,1710,13.13,59.61,26.81,0
101,2023,55,1711,13.12,55.63,26.81,0
101,2023,55,1712,13.13,52.68,26.79,0
101,2023,55,1713,13.13,50.28,26.78,0
101,2023,55,1714,13.13,47.94,26.75,0
101,2023,55,1715,13.12,45.6,26.72,0
101,2023,55,1716,13.12,43.21,26.69,0
101,2023,55,1717,13.12,40.75,26.66,0
101,2023,55,1718,13.11,38.67,26.62,0
101,2023,55,1719,13.11,36.92,26.59,0
101,2023,55,1720,13.1,35.46,26.57,0
101,2023,55,1721,13.1,34.19,26.55,0
101,2023,55,1722,13.09,32.92,26.52,0
101,2023,55,1723,13.08,31.65,26.49,0
101,2023,55,1724,13.08,30.35,26.47,0
101,2023,55,1725,13.07,29.06,26.43,0
101,2023,55,1726,13.06,27.76,26.4,0
101,2023,55,1727,13.05,26.47,26.37,0
101,2023,55,1728,13.04,25.11,26.33,0
101,2023,55,1729,13.03,23.99,26.32,0
101,2023,55,1730,13.03,22.72,26.32,0
101,2023,55,1731,13.02,21.53,26.28,0
101,2023,55,1732,13.01,20.21,26.24,0
101,2023,55,1733,13.01,18.91,26.2,0
101,2023,55,1734,13,17.5,26.16,0
101,2023,55,1735,13,16.23,26.13,0
101,2023,55,1736,12.99,15.02,26.12,0
101,2023,55,1737,12.99,13.84,26.11,0
101,2023,55,1738,12.98,12.66,26.09,0
101,2023,55,1739,12.97,11.56,26.06,0
101,2023,55,1740,12.97,10.32,26.04,0
101,2023,55,1741,12.96,9.13,26.01,0
101,2023,55,1742,12.96,7.86,25.96,0
101,2023,55,1743,12.96,6.765,25.94,0
101,2023,55,1744,12.95,5.919,25.92,0
101,2023,55,1745,12.95,5.158,25.89,0
101,2023,55,1746,12.94,4.397,25.85,0
101,2023,55,1747,12.94,3.946,25.83,0
101,2023,55,1748,12.94,3.467,25.8,0
101,2023,55,1749,12.93,3.044,25.78,0
101,2023,55,1750,12.93,2.762,25.75,0
101,2023,55,1751,12.92,2.368,25.72,0
101,2023,55,1752,12.92,2.762,25.69,0
101,2023,55,1753,12.92,3.044,25.65,0
101,2023,55,1754,12.91,3.044,25.61,0
101,2023,55,1755,12.91,2.509,25.57,0
101,2023,55,1756,12.9,2.001,25.56,0
101,2023,55,1757,12.9,1.381,25.54,0
101,2023,55,1758,12.9,1.015,25.49,0
101,2023,55,1759,12.9,.592,25.46,0
