a,b,dia_juliano,d,e,f,g,h
101,2023,288,0.0,11.9,0.0,21.22,0.0
101,2023,288,1.0,11.91,0.0,21.21,0.0
101,2023,288,2.0,11.91,0.0,21.2,0.0
101,2023,288,3.0,11.91,0.0,21.17,0.0
101,2023,288,4.0,11.9,0.0,21.17,0.0
101,2023,288,5.0,11.91,0.0,21.18,0.0
101,2023,288,6.0,11.9,0.0,21.17,0.0
101,2023,288,7.0,11.9,0.0,21.17,0.0
101,2023,288,8.0,11.9,0.0,21.19,0.0
101,2023,288,9.0,11.9,0.0,21.18,0.0
101,2023,288,10.0,11.9,0.0,21.17,0.0
101,2023,288,11.0,11.9,0.0,21.2,0.0
101,2023,288,12.0,11.9,0.0,21.25,0.0
101,2023,288,13.0,11.9,0.0,21.29,0.0
101,2023,288,14.0,11.9,0.0,21.31,0.0
101,2023,288,15.0,11.9,0.0,21.32,0.0
101,2023,288,16.0,11.9,0.0,21.35,0.0
101,2023,288,17.0,11.9,0.0,21.36,0.0
101,2023,288,18.0,11.9,0.0,21.38,0.0
101,2023,288,19.0,11.9,0.0,21.4,0.0
101,2023,288,20.0,11.9,0.0,21.38,0.0
101,2023,288,21.0,11.9,0.0,21.38,0.0
101,2023,288,22.0,11.9,0.0,21.39,0.0
101,2023,288,23.0,11.9,0.0,21.39,0.0
101,2023,288,24.0,11.9,0.0,21.4,0.0
101,2023,288,25.0,11.9,0.0,21.42,0.0
101,2023,288,26.0,11.9,0.0,21.45,0.0
101,2023,288,27.0,11.9,0.0,21.45,0.0
101,2023,288,28.0,11.9,0.0,21.45,0.0
101,2023,288,29.0,11.9,0.0,21.45,0.0
101,2023,288,30.0,11.9,0.0,21.45,0.0
101,2023,288,31.0,11.9,0.0,21.45,0.0
101,2023,288,32.0,11.89,0.0,21.45,0.0
101,2023,288,33.0,11.9,0.0,21.44,0.0
101,2023,288,34.0,11.89,0.0,21.42,0.0
101,2023,288,35.0,11.89,0.0,21.39,0.0
101,2023,288,36.0,11.89,0.0,21.38,0.0
101,2023,288,37.0,11.89,0.0,21.37,0.0
101,2023,288,38.0,11.89,0.0,21.36,0.0
101,2023,288,39.0,11.89,0.0,21.36,0.0
101,2023,288,40.0,11.89,0.0,21.36,0.0
101,2023,288,41.0,11.89,0.0,21.35,0.0
101,2023,288,42.0,11.89,0.0,21.33,0.0
101,2023,288,43.0,11.89,0.0,21.3,0.0
101,2023,288,44.0,11.89,0.0,21.3,0.0
101,2023,288,45.0,11.89,0.0,21.34,0.0
101,2023,288,46.0,11.89,0.0,21.41,0.0
101,2023,288,47.0,11.89,0.0,21.43,0.0
101,2023,288,48.0,11.89,0.0,21.42,0.0
101,2023,288,49.0,11.89,0.0,21.4,0.0
101,2023,288,50.0,11.88,0.0,21.45,0.0
101,2023,288,51.0,11.89,0.0,21.49,0.0
101,2023,288,52.0,11.88,0.0,21.51,0.0
101,2023,288,53.0,11.88,0.0,21.54,0.0
101,2023,288,54.0,11.86,0.0,21.56,0.0
101,2023,288,55.0,11.87,0.0,21.57,0.0
101,2023,288,56.0,11.87,0.0,21.59,0.0
101,2023,288,57.0,11.88,0.0,21.59,0.0
101,2023,288,58.0,11.87,0.0,21.61,0.0
101,2023,288,59.0,11.87,0.0,21.62,0.0
101,2023,288,100.0,11.87,0.0,21.62,0.0
101,2023,288,101.0,11.87,0.0,21.64,0.0
101,2023,288,102.0,11.87,0.0,21.64,0.0
101,2023,288,103.0,11.87,0.0,21.64,0.0
101,2023,288,104.0,11.87,0.0,21.63,0.0
101,2023,288,105.0,11.87,0.0,21.62,0.0
101,2023,288,106.0,11.86,0.0,21.61,0.0
101,2023,288,107.0,11.86,0.0,21.59,0.0
101,2023,288,108.0,11.87,0.0,21.53,0.0
101,2023,288,109.0,11.87,0.0,21.5,0.0
101,2023,288,110.0,11.87,0.0,21.52,0.0
101,2023,288,111.0,11.87,0.0,21.56,0.0
101,2023,288,112.0,11.87,0.0,21.57,0.0
101,2023,288,113.0,11.87,0.0,21.57,0.0
101,2023,288,114.0,11.87,0.0,21.56,0.0
101,2023,288,115.0,11.87,0.0,21.55,0.0
101,2023,288,116.0,11.87,0.0,21.56,0.0
101,2023,288,117.0,11.87,0.0,21.57,0.0
101,2023,288,118.0,11.87,0.0,21.58,0.0
101,2023,288,119.0,11.87,0.0,21.59,0.0
101,2023,288,120.0,11.87,0.0,21.59,0.0
101,2023,288,121.0,11.87,0.0,21.59,0.0
101,2023,288,122.0,11.87,0.0,21.59,0.0
101,2023,288,123.0,11.87,0.0,21.59,0.0
101,2023,288,124.0,11.87,0.0,21.58,0.0
101,2023,288,125.0,11.87,0.0,21.57,0.0
101,2023,288,126.0,11.87,0.0,21.57,0.0
101,2023,288,127.0,11.87,0.0,21.57,0.0
101,2023,288,128.0,11.87,0.0,21.55,0.0
101,2023,288,129.0,11.87,0.0,21.56,0.0
101,2023,288,130.0,11.87,0.0,21.56,0.0
101,2023,288,131.0,11.87,0.0,21.54,0.0
101,2023,288,132.0,11.87,0.0,21.52,0.0
101,2023,288,133.0,11.87,0.0,21.52,0.0
101,2023,288,134.0,11.87,0.0,21.52,0.0
101,2023,288,135.0,11.87,0.0,21.51,0.0
101,2023,288,136.0,11.87,0.0,21.48,0.0
101,2023,288,137.0,11.87,0.0,21.47,0.0
101,2023,288,138.0,11.87,0.0,21.49,0.0
101,2023,288,139.0,11.87,0.0,21.49,0.0
101,2023,288,140.0,11.86,0.0,21.48,0.0
101,2023,288,141.0,11.87,0.0,21.46,0.0
101,2023,288,142.0,11.87,0.0,21.44,0.0
101,2023,288,143.0,11.86,0.0,21.43,0.0
101,2023,288,144.0,11.86,0.0,21.43,0.0
101,2023,288,145.0,11.86,0.0,21.42,0.0
101,2023,288,146.0,11.86,0.0,21.4,0.0
101,2023,288,147.0,11.86,0.0,21.39,0.0
101,2023,288,148.0,11.86,0.0,21.37,0.0
101,2023,288,149.0,11.86,0.0,21.38,0.0
101,2023,288,150.0,11.86,0.0,21.37,0.0
101,2023,288,151.0,11.86,0.0,21.36,0.0
101,2023,288,152.0,11.86,0.0,21.34,0.0
101,2023,288,153.0,11.86,0.0,21.33,0.0
101,2023,288,154.0,11.86,0.0,21.31,0.0
101,2023,288,155.0,11.86,0.0,21.3,0.0
101,2023,288,156.0,11.86,0.0,21.28,0.0
101,2023,288,157.0,11.86,0.0,21.25,0.0
101,2023,288,158.0,11.86,0.0,21.21,0.0
101,2023,288,159.0,11.86,0.0,21.18,0.0
101,2023,288,200.0,11.86,0.0,21.15,0.0
101,2023,288,201.0,11.86,0.0,21.13,0.0
101,2023,288,202.0,11.86,0.0,21.11,0.0
101,2023,288,203.0,11.85,0.0,21.09,0.0
101,2023,288,204.0,11.85,0.0,21.1,0.0
101,2023,288,205.0,11.85,0.0,21.07,0.0
101,2023,288,206.0,11.85,0.0,21.06,0.0
101,2023,288,207.0,11.85,0.0,21.05,0.0
101,2023,288,208.0,11.86,0.0,21.03,0.0
101,2023,288,209.0,11.85,0.0,21.02,0.0
101,2023,288,210.0,11.85,0.0,20.99,0.0
101,2023,288,211.0,11.85,0.0,21.0,0.0
101,2023,288,212.0,11.85,0.0,21.01,0.0
101,2023,288,213.0,11.85,0.0,21.02,0.0
101,2023,288,214.0,11.85,0.0,20.99,0.0
101,2023,288,215.0,11.85,0.0,21.01,0.0
101,2023,288,216.0,11.84,0.0,21.01,0.0
101,2023,288,217.0,11.84,0.0,20.98,0.0
101,2023,288,218.0,11.83,0.0,20.98,0.0
101,2023,288,219.0,11.83,0.0,21.03,0.0
101,2023,288,220.0,11.83,0.0,21.08,0.0
101,2023,288,221.0,11.83,0.0,21.07,0.0
101,2023,288,222.0,11.83,0.0,21.03,0.0
101,2023,288,223.0,11.83,0.0,21.08,0.0
101,2023,288,224.0,11.82,0.0,21.07,0.0
101,2023,288,225.0,11.82,0.0,21.09,0.0
101,2023,288,226.0,11.82,0.0,21.06,0.0
101,2023,288,227.0,11.82,0.0,21.08,0.0
101,2023,288,228.0,11.82,0.0,21.12,0.0
101,2023,288,229.0,11.82,0.0,21.11,0.0
101,2023,288,230.0,11.83,0.0,21.06,0.0
101,2023,288,231.0,11.83,0.0,21.03,0.0
101,2023,288,232.0,11.83,0.0,21.05,0.0
101,2023,288,233.0,11.83,0.0,21.06,0.0
101,2023,288,234.0,11.83,0.0,21.06,0.0
101,2023,288,235.0,11.83,0.0,21.09,0.0
101,2023,288,236.0,11.83,0.0,21.11,0.0
101,2023,288,237.0,11.84,0.0,21.08,0.0
101,2023,288,238.0,11.84,0.0,21.06,0.0
101,2023,288,239.0,11.84,0.0,21.03,0.0
101,2023,288,240.0,11.83,0.0,21.07,0.0
101,2023,288,241.0,11.83,0.0,21.07,0.0
101,2023,288,242.0,11.83,0.0,21.06,0.0
101,2023,288,243.0,11.84,0.0,21.06,0.0
101,2023,288,244.0,11.83,0.0,21.05,0.0
101,2023,288,245.0,11.83,0.0,21.05,0.0
101,2023,288,246.0,11.83,0.0,21.04,0.0
101,2023,288,247.0,11.84,0.0,21.06,0.0
101,2023,288,248.0,11.83,0.0,21.14,0.0
101,2023,288,249.0,11.83,0.0,21.17,0.0
101,2023,288,250.0,11.83,0.0,21.19,0.0
101,2023,288,251.0,11.83,0.0,21.2,0.0
101,2023,288,252.0,11.83,0.0,21.19,0.0
101,2023,288,253.0,11.83,0.0,21.19,0.0
101,2023,288,254.0,11.83,0.0,21.19,0.0
101,2023,288,255.0,11.83,0.0,21.19,0.0
101,2023,288,256.0,11.82,0.0,21.18,0.0
101,2023,288,257.0,11.81,0.0,21.18,0.0
101,2023,288,258.0,11.82,0.0,21.2,0.0
101,2023,288,259.0,11.82,0.0,21.21,0.0
101,2023,288,300.0,11.81,0.0,21.21,0.0
101,2023,288,301.0,11.81,0.0,21.18,0.0
101,2023,288,302.0,11.78,0.0,21.15,0.0
101,2023,288,303.0,11.77,0.0,21.11,0.0
101,2023,288,304.0,11.79,0.0,21.08,0.0
101,2023,288,305.0,11.8,0.0,21.09,0.0
101,2023,288,306.0,11.81,0.0,21.06,0.0
101,2023,288,307.0,11.81,0.0,21.03,0.0
101,2023,288,308.0,11.81,0.0,21.05,0.0
101,2023,288,309.0,11.82,0.0,21.06,0.0
101,2023,288,310.0,11.82,0.0,21.05,0.0
101,2023,288,311.0,11.82,0.0,21.1,0.0
101,2023,288,312.0,11.82,0.0,21.15,0.0
101,2023,288,313.0,11.82,0.0,21.15,0.0
101,2023,288,314.0,11.82,0.0,21.15,0.0
101,2023,288,315.0,11.82,0.0,21.15,0.0
101,2023,288,316.0,11.82,0.0,21.12,0.0
101,2023,288,317.0,11.82,0.0,21.13,0.0
101,2023,288,318.0,11.82,0.0,21.13,0.0
101,2023,288,319.0,11.82,0.0,21.16,0.0
101,2023,288,320.0,11.82,0.0,21.14,0.0
101,2023,288,321.0,11.82,0.0,21.18,0.0
101,2023,288,322.0,11.82,0.0,21.19,0.0
101,2023,288,323.0,11.82,0.0,21.19,0.0
101,2023,288,324.0,11.82,0.0,21.22,0.0
101,2023,288,325.0,11.82,0.0,21.23,0.0
101,2023,288,326.0,11.82,0.0,21.25,0.0
101,2023,288,327.0,11.82,0.0,21.29,0.0
101,2023,288,328.0,11.82,0.0,21.33,0.0
101,2023,288,329.0,11.82,0.0,21.33,0.0
101,2023,288,330.0,11.82,0.0,21.38,0.0
101,2023,288,331.0,11.82,0.0,21.41,0.0
101,2023,288,332.0,11.82,0.0,21.43,0.0
101,2023,288,333.0,11.82,0.0,21.44,0.0
101,2023,288,334.0,11.82,0.0,21.44,0.0
101,2023,288,335.0,11.82,0.0,21.43,0.0
101,2023,288,336.0,11.82,0.0,21.45,0.0
101,2023,288,337.0,11.82,0.0,21.5,0.0
101,2023,288,338.0,11.82,0.0,21.51,0.0
101,2023,288,339.0,11.81,0.0,21.54,0.0
101,2023,288,340.0,11.81,0.0,21.57,0.0
101,2023,288,341.0,11.81,0.0,21.59,0.0
101,2023,288,342.0,11.81,0.0,21.61,0.0
101,2023,288,343.0,11.81,0.0,21.63,0.0
101,2023,288,344.0,11.81,0.0,21.67,0.0
101,2023,288,345.0,11.81,0.0,21.67,0.0
101,2023,288,346.0,11.81,0.0,21.7,0.0
101,2023,288,347.0,11.81,0.0,21.74,0.0
101,2023,288,348.0,11.81,0.0,21.76,0.0
101,2023,288,349.0,11.81,0.0,21.77,0.0
101,2023,288,350.0,11.81,0.0,21.75,0.0
101,2023,288,351.0,11.81,0.0,21.75,0.0
101,2023,288,352.0,11.81,0.0,21.75,0.0
101,2023,288,353.0,11.81,0.0,21.77,0.0
101,2023,288,354.0,11.81,0.0,21.78,0.0
101,2023,288,355.0,11.81,0.0,21.8,0.0
101,2023,288,356.0,11.81,0.0,21.84,0.0
101,2023,288,357.0,11.81,0.0,21.89,0.0
101,2023,288,358.0,11.81,0.0,21.94,0.0
101,2023,288,359.0,11.81,0.0,21.98,0.0
101,2023,288,400.0,11.81,0.0,22.01,0.0
101,2023,288,401.0,11.81,0.0,22.05,0.0
101,2023,288,402.0,11.81,0.0,22.08,0.0
101,2023,288,403.0,11.81,0.0,22.1,0.0
101,2023,288,404.0,11.81,0.0,22.11,0.0
101,2023,288,405.0,11.81,0.0,22.12,0.0
101,2023,288,406.0,11.81,0.0,22.13,0.0
101,2023,288,407.0,11.81,0.0,22.14,0.0
101,2023,288,408.0,11.81,0.0,22.15,0.0
101,2023,288,409.0,11.81,0.0,22.15,0.0
101,2023,288,410.0,11.81,0.0,22.17,0.0
101,2023,288,411.0,11.81,0.0,22.17,0.0
101,2023,288,412.0,11.81,0.0,22.18,0.0
101,2023,288,413.0,11.81,0.0,22.17,0.0
101,2023,288,414.0,11.81,0.0,22.17,0.0
101,2023,288,415.0,11.81,0.0,22.18,0.0
101,2023,288,416.0,11.81,0.0,22.19,0.0
101,2023,288,417.0,11.81,0.0,22.19,0.0
101,2023,288,418.0,11.8,0.0,22.19,0.0
101,2023,288,419.0,11.8,0.0,22.19,0.0
101,2023,288,420.0,11.79,0.0,22.18,0.0
101,2023,288,421.0,11.8,0.0,22.17,0.0
101,2023,288,422.0,11.79,0.0,22.16,0.0
101,2023,288,423.0,11.79,0.0,22.15,0.0
101,2023,288,424.0,11.78,0.0,22.15,0.0
101,2023,288,425.0,11.78,0.0,22.14,0.0
101,2023,288,426.0,11.77,0.0,22.12,0.0
101,2023,288,427.0,11.75,0.0,22.11,0.0
101,2023,288,428.0,11.74,0.0,22.08,0.0
101,2023,288,429.0,11.75,0.0,22.06,0.0
101,2023,288,430.0,11.75,0.0,22.04,0.0
101,2023,288,431.0,11.75,0.0,22.03,0.0
101,2023,288,432.0,11.74,0.0,22.0,0.0
101,2023,288,433.0,11.75,0.0,21.99,0.0
101,2023,288,434.0,11.75,0.0,21.97,0.0
101,2023,288,435.0,11.76,0.0,21.96,0.0
101,2023,288,436.0,11.76,0.0,21.95,0.0
101,2023,288,437.0,11.76,0.0,21.94,0.0
101,2023,288,438.0,11.76,0.0,21.93,0.0
101,2023,288,439.0,11.75,0.0,21.94,0.0
101,2023,288,440.0,11.75,0.0,21.93,0.0
101,2023,288,441.0,11.76,0.0,21.93,0.0
101,2023,288,442.0,11.75,0.0,21.93,0.0
101,2023,288,443.0,11.76,0.0,21.93,0.0
101,2023,288,444.0,11.76,0.0,21.93,0.0
101,2023,288,445.0,11.76,0.0,21.92,0.0
101,2023,288,446.0,11.75,0.0,21.92,0.0
101,2023,288,447.0,11.75,0.0,21.91,0.0
101,2023,288,448.0,11.75,0.0,21.9,0.0
101,2023,288,449.0,11.75,0.0,21.9,0.0
101,2023,288,450.0,11.75,0.0,21.9,0.0
101,2023,288,451.0,11.75,1.016,21.91,0.0
101,2023,288,452.0,11.74,1.016,21.9,0.0
101,2023,288,453.0,11.75,1.073,21.9,0.0
101,2023,288,454.0,11.75,1.609,21.9,0.0
101,2023,288,455.0,11.75,1.693,21.88,0.0
101,2023,288,456.0,11.74,2.032,21.87,0.0
101,2023,288,457.0,11.74,2.371,21.86,0.0
101,2023,288,458.0,11.75,2.738,21.86,0.0
101,2023,288,459.0,11.75,3.105,21.85,0.0
101,2023,288,500.0,11.74,3.697,21.83,0.0
101,2023,288,501.0,11.75,4.036,21.82,0.0
101,2023,288,502.0,11.75,4.318,21.82,0.0
101,2023,288,503.0,11.76,4.826,21.81,0.0
101,2023,288,504.0,11.76,5.447,21.81,0.0
101,2023,288,505.0,11.76,6.04,21.81,0.0
101,2023,288,506.0,11.77,6.689,21.81,0.0
101,2023,288,507.0,11.79,7.42,21.81,0.0
101,2023,288,508.0,11.79,8.27,21.81,0.0
101,2023,288,509.0,11.81,9.14,21.81,0.0
101,2023,288,510.0,11.82,10.1,21.81,0.0
101,2023,288,511.0,11.81,11.2,21.81,0.0
101,2023,288,512.0,11.81,12.59,21.8,0.0
101,2023,288,513.0,11.83,14.08,21.81,0.0
101,2023,288,514.0,11.87,15.66,21.81,0.0
101,2023,288,515.0,11.9,17.27,21.81,0.0
101,2023,288,516.0,11.92,18.12,21.82,0.0
101,2023,288,517.0,11.96,18.57,21.83,0.0
101,2023,288,518.0,11.98,19.95,21.83,0.0
101,2023,288,519.0,12.03,23.09,21.84,0.0
101,2023,288,520.0,12.06,26.3,21.86,0.0
101,2023,288,521.0,12.11,28.36,21.87,0.0
101,2023,288,522.0,12.17,31.05,21.89,0.0
101,2023,288,523.0,12.28,34.4,21.9,0.0
101,2023,288,524.0,12.4,37.82,21.91,0.0
101,2023,288,525.0,12.46,38.86,21.9,0.0
101,2023,288,526.0,12.55,43.72,21.92,0.0
101,2023,288,527.0,12.57,51.4,21.94,0.0
101,2023,288,528.0,12.57,55.07,21.98,0.0
101,2023,288,529.0,12.57,51.82,22.04,0.0
101,2023,288,530.0,12.57,48.94,22.09,0.0
101,2023,288,531.0,12.57,48.38,22.1,0.0
101,2023,288,532.0,12.57,49.36,22.13,0.0
101,2023,288,533.0,12.58,51.17,22.2,0.0
101,2023,288,534.0,12.57,54.27,22.23,0.0
101,2023,288,535.0,12.58,60.62,22.23,0.0
101,2023,288,536.0,12.57,69.54,22.23,0.0
101,2023,288,537.0,12.57,80.7,22.23,0.0
101,2023,288,538.0,12.57,85.8,22.22,0.0
101,2023,288,539.0,12.57,84.4,22.22,0.0
101,2023,288,540.0,12.57,82.3,22.27,0.0
101,2023,288,541.0,12.57,80.5,22.42,0.0
101,2023,288,542.0,12.57,80.8,22.5,0.0
101,2023,288,543.0,12.57,69.23,22.53,0.0
101,2023,288,544.0,12.57,74.6,22.51,0.0
101,2023,288,545.0,12.57,87.4,22.5,0.0
101,2023,288,546.0,12.57,95.7,22.52,0.0
101,2023,288,547.0,12.57,97.3,22.52,0.0
101,2023,288,548.0,12.57,97.8,22.56,0.0
101,2023,288,549.0,12.57,97.5,22.64,0.0
101,2023,288,550.0,12.56,66.18,22.69,0.0
101,2023,288,551.0,12.57,53.57,22.7,0.0
101,2023,288,552.0,12.56,53.45,22.72,0.0
101,2023,288,553.0,12.57,51.51,22.73,0.0
101,2023,288,554.0,12.57,53.93,22.73,0.0
101,2023,288,555.0,12.57,57.43,22.72,0.0
101,2023,288,556.0,12.56,59.55,22.72,0.0
101,2023,288,557.0,12.57,58.53,22.7,0.0
101,2023,288,558.0,12.56,57.86,22.7,0.0
101,2023,288,559.0,12.57,60.14,22.66,0.0
101,2023,288,600.0,12.56,62.88,22.64,0.0
101,2023,288,601.0,12.57,64.38,22.63,0.0
101,2023,288,602.0,12.57,67.71,22.62,0.0
101,2023,288,603.0,12.57,73.5,22.63,0.0
101,2023,288,604.0,12.57,83.4,22.61,0.0
101,2023,288,605.0,12.57,97.6,22.61,0.0
101,2023,288,606.0,12.57,105.9,22.61,0.0
101,2023,288,607.0,12.57,106.2,22.61,0.0
101,2023,288,608.0,12.56,99.8,22.62,0.0
101,2023,288,609.0,12.57,94.6,22.66,0.0
101,2023,288,610.0,12.56,101.0,22.71,0.0
101,2023,288,611.0,12.65,112.7,22.76,0.0
101,2023,288,612.0,12.65,122.0,22.7,0.0
101,2023,288,613.0,12.65,118.3,22.7,0.0
101,2023,288,614.0,12.64,140.4,22.72,0.0
101,2023,288,615.0,12.65,204.8,22.76,0.0
101,2023,288,616.0,12.64,204.8,22.79,0.0
101,2023,288,617.0,12.64,202.3,22.85,0.0
101,2023,288,618.0,12.64,202.9,22.95,0.0
101,2023,288,619.0,12.64,164.0,22.95,0.0
101,2023,288,620.0,12.64,77.9,22.99,0.0
101,2023,288,621.0,12.64,69.48,23.04,0.0
101,2023,288,622.0,12.65,65.93,23.01,0.0
101,2023,288,623.0,12.65,65.87,23.0,0.0
101,2023,288,624.0,12.65,66.92,23.01,0.0
101,2023,288,625.0,12.65,68.81,23.01,0.0
101,2023,288,626.0,12.65,70.8,22.97,0.0
101,2023,288,627.0,12.65,83.1,22.96,0.0
101,2023,288,628.0,12.65,103.4,22.96,0.0
101,2023,288,629.0,12.64,228.3,23.01,0.0
101,2023,288,630.0,12.64,171.2,23.09,0.0
101,2023,288,631.0,12.64,156.5,23.17,0.0
101,2023,288,632.0,12.65,128.8,23.24,0.0
101,2023,288,633.0,12.65,248.2,23.25,0.0
101,2023,288,634.0,12.65,276.8,23.28,0.0
101,2023,288,635.0,12.64,274.5,23.54,0.0
101,2023,288,636.0,12.64,353.0,23.57,0.0
101,2023,288,637.0,12.63,345.3,23.68,0.0
101,2023,288,638.0,12.63,329.1,23.96,0.0
101,2023,288,639.0,12.63,315.2,24.07,0.0
101,2023,288,640.0,12.63,245.3,24.05,0.0
101,2023,288,641.0,12.63,307.0,24.05,0.0
101,2023,288,642.0,12.63,317.8,24.08,0.0
101,2023,288,643.0,12.63,327.9,24.11,0.0
101,2023,288,644.0,12.63,307.8,24.21,0.0
101,2023,288,645.0,12.63,132.2,24.2,0.0
101,2023,288,646.0,12.63,97.0,24.21,0.0
101,2023,288,647.0,12.63,91.6,24.08,0.0
101,2023,288,648.0,12.63,91.2,23.99,0.0
101,2023,288,649.0,12.62,94.9,23.94,0.0
101,2023,288,650.0,12.62,102.9,24.0,0.0
101,2023,288,651.0,12.63,120.1,24.06,0.0
101,2023,288,652.0,12.63,141.5,24.08,0.0
101,2023,288,653.0,12.63,152.0,24.1,0.0
101,2023,288,654.0,12.63,151.6,24.08,0.0
101,2023,288,655.0,12.63,148.4,24.08,0.0
101,2023,288,656.0,12.63,148.5,24.09,0.0
101,2023,288,657.0,12.63,151.3,24.06,0.0
101,2023,288,658.0,12.63,166.6,24.12,0.0
101,2023,288,659.0,12.63,197.8,24.15,0.0
101,2023,288,700.0,12.63,229.0,24.12,0.0
101,2023,288,701.0,12.63,302.8,24.14,0.0
101,2023,288,702.0,12.63,492.1,24.24,0.0
101,2023,288,703.0,12.63,494.8,24.32,0.0
101,2023,288,704.0,12.63,490.2,24.46,0.0
101,2023,288,705.0,12.62,441.5,24.44,0.0
101,2023,288,706.0,12.62,471.5,24.52,0.0
101,2023,288,707.0,12.62,455.2,24.6,0.0
101,2023,288,708.0,12.62,390.1,24.72,0.0
101,2023,288,709.0,12.62,337.9,24.8,0.0
101,2023,288,710.0,12.61,245.6,24.81,0.0
101,2023,288,711.0,12.61,262.4,24.77,0.0
101,2023,288,712.0,12.61,259.7,24.74,0.0
101,2023,288,713.0,12.61,267.4,24.72,0.0
101,2023,288,714.0,12.61,275.3,24.76,0.0
101,2023,288,715.0,12.61,270.9,24.84,0.0
101,2023,288,716.0,12.61,264.5,24.84,0.0
101,2023,288,717.0,12.61,260.6,24.84,0.0
101,2023,288,718.0,12.6,320.3,24.86,0.0
101,2023,288,719.0,12.61,276.2,24.88,0.0
101,2023,288,720.0,12.61,369.9,24.91,0.0
101,2023,288,721.0,12.61,393.1,24.98,0.0
101,2023,288,722.0,12.61,458.6,25.1,0.0
101,2023,288,723.0,12.61,390.5,25.2,0.0
101,2023,288,724.0,12.6,322.0,25.24,0.0
101,2023,288,725.0,12.61,391.8,25.24,0.0
101,2023,288,726.0,12.6,496.5,25.26,0.0
101,2023,288,727.0,12.6,557.9,25.39,0.0
101,2023,288,728.0,12.6,536.9,25.58,0.0
101,2023,288,729.0,12.6,549.9,25.63,0.0
101,2023,288,730.0,12.6,509.3,25.57,0.0
101,2023,288,731.0,12.6,512.9,25.63,0.0
101,2023,288,732.0,12.59,504.2,25.7,0.0
101,2023,288,733.0,12.59,501.0,25.79,0.0
101,2023,288,734.0,12.59,501.5,25.93,0.0
101,2023,288,735.0,12.59,503.6,26.05,0.0
101,2023,288,736.0,12.59,506.9,26.12,0.0
101,2023,288,737.0,12.58,509.8,26.07,0.0
101,2023,288,738.0,12.58,513.8,26.1,0.0
101,2023,288,739.0,12.58,517.9,26.07,0.0
101,2023,288,740.0,12.57,522.3,26.06,0.0
101,2023,288,741.0,12.57,523.6,26.15,0.0
101,2023,288,742.0,12.57,525.8,26.24,0.0
101,2023,288,743.0,12.57,532.4,26.35,0.0
101,2023,288,744.0,12.57,537.2,26.55,0.0
101,2023,288,745.0,12.57,544.1,26.67,0.0
101,2023,288,746.0,12.57,549.3,26.69,0.0
101,2023,288,747.0,12.57,552.1,26.7,0.0
101,2023,288,748.0,12.56,556.3,26.88,0.0
101,2023,288,749.0,12.56,563.7,26.82,0.0
101,2023,288,750.0,12.56,570.5,26.75,0.0
101,2023,288,751.0,12.56,574.9,26.82,0.0
101,2023,288,752.0,12.56,579.5,26.85,0.0
101,2023,288,753.0,12.55,586.7,26.84,0.0
101,2023,288,754.0,12.55,594.1,27.0,0.0
101,2023,288,755.0,12.56,602.2,27.01,0.0
101,2023,288,756.0,12.55,478.1,27.1,0.0
101,2023,288,757.0,12.55,504.3,27.01,0.0
101,2023,288,758.0,12.55,431.8,26.9,0.0
101,2023,288,759.0,12.55,585.5,26.84,0.0
101,2023,288,800.0,12.55,632.2,26.92,0.0
101,2023,288,801.0,12.55,426.0,26.88,0.0
101,2023,288,802.0,12.54,536.7,26.84,0.0
101,2023,288,803.0,12.55,189.8,26.95,0.0
101,2023,288,804.0,12.55,168.5,26.93,0.0
101,2023,288,805.0,12.55,183.6,26.82,0.0
101,2023,288,806.0,12.54,209.6,26.77,0.0
101,2023,288,807.0,12.55,350.7,26.73,0.0
101,2023,288,808.0,12.55,561.8,26.74,0.0
101,2023,288,809.0,12.55,732.0,26.8,0.0
101,2023,288,810.0,12.55,736.0,26.96,0.0
101,2023,288,811.0,12.55,594.6,27.08,0.0
101,2023,288,812.0,12.55,675.6,27.11,0.0
101,2023,288,813.0,12.55,336.8,27.13,0.0
101,2023,288,814.0,12.55,198.4,27.14,0.0
101,2023,288,815.0,12.55,187.7,27.02,0.0
101,2023,288,816.0,12.55,271.3,26.95,0.0
101,2023,288,817.0,12.54,692.9,26.9,0.0
101,2023,288,818.0,12.54,303.9,26.91,0.0
101,2023,288,819.0,12.55,441.0,26.94,0.0
101,2023,288,820.0,12.55,644.9,26.9,0.0
101,2023,288,821.0,12.55,574.5,27.05,0.0
101,2023,288,822.0,12.55,693.8,27.08,0.0
101,2023,288,823.0,12.55,751.0,27.09,0.0
101,2023,288,824.0,12.54,728.0,27.18,0.0
101,2023,288,825.0,12.55,602.3,27.26,0.0
101,2023,288,826.0,12.54,714.0,27.25,0.0
101,2023,288,827.0,12.54,704.0,27.24,0.0
101,2023,288,828.0,12.54,705.0,27.43,0.0
101,2023,288,829.0,12.54,625.4,27.51,0.0
101,2023,288,830.0,12.54,590.5,27.45,0.0
101,2023,288,831.0,12.54,508.5,27.49,0.0
101,2023,288,832.0,12.54,394.6,27.39,0.0
101,2023,288,833.0,12.54,462.3,27.24,0.0
101,2023,288,834.0,12.54,752.0,27.33,0.0
101,2023,288,835.0,12.54,725.0,27.48,0.0
101,2023,288,836.0,12.54,571.1,27.56,0.0
101,2023,288,837.0,12.54,751.0,27.58,0.0
101,2023,288,838.0,12.53,758.0,27.65,0.0
101,2023,288,839.0,12.53,775.0,27.6,0.0
101,2023,288,840.0,12.54,776.0,27.51,0.0
101,2023,288,841.0,12.53,779.0,27.57,0.0
101,2023,288,842.0,12.53,783.0,27.77,0.0
101,2023,288,843.0,12.53,536.1,27.94,0.0
101,2023,288,844.0,12.53,792.0,27.97,0.0
101,2023,288,845.0,12.53,797.0,27.89,0.0
101,2023,288,846.0,12.53,793.0,27.95,0.0
101,2023,288,847.0,12.53,366.3,28.06,0.0
101,2023,288,848.0,12.53,251.2,27.94,0.0
101,2023,288,849.0,12.53,505.2,27.68,0.0
101,2023,288,850.0,12.53,877.0,27.7,0.0
101,2023,288,851.0,12.53,858.0,27.82,0.0
101,2023,288,852.0,12.52,855.0,27.95,0.0
101,2023,288,853.0,12.53,862.0,27.89,0.0
101,2023,288,854.0,12.52,864.0,27.71,0.0
101,2023,288,855.0,12.52,604.1,27.85,0.0
101,2023,288,856.0,12.52,832.0,28.02,0.0
101,2023,288,857.0,12.52,722.0,28.03,0.0
101,2023,288,858.0,12.52,878.0,28.12,0.0
101,2023,288,859.0,12.52,871.0,28.39,0.0
101,2023,288,900.0,12.52,861.0,28.28,0.0
101,2023,288,901.0,12.52,851.0,28.4,0.0
101,2023,288,902.0,12.52,844.0,28.57,0.0
101,2023,288,903.0,12.52,849.0,28.39,0.0
101,2023,288,904.0,12.52,856.0,28.16,0.0
101,2023,288,905.0,12.52,861.0,28.09,0.0
101,2023,288,906.0,12.52,863.0,28.23,0.0
101,2023,288,907.0,12.52,875.0,28.24,0.0
101,2023,288,908.0,12.52,899.0,28.11,0.0
101,2023,288,909.0,12.52,917.0,28.1,0.0
101,2023,288,910.0,12.52,933.0,28.22,0.0
101,2023,288,911.0,12.53,935.0,28.29,0.0
101,2023,288,912.0,12.53,936.0,28.39,0.0
101,2023,288,913.0,12.53,866.0,28.32,0.0
101,2023,288,914.0,12.53,955.0,28.4,0.0
101,2023,288,915.0,12.53,739.0,28.4,0.0
101,2023,288,916.0,12.53,725.0,28.27,0.0
101,2023,288,917.0,12.53,746.0,28.29,0.0
101,2023,288,918.0,12.53,432.1,28.3,0.0
101,2023,288,919.0,12.53,960.0,28.47,0.0
101,2023,288,920.0,12.53,709.0,28.66,0.0
101,2023,288,921.0,12.53,308.0,28.57,0.0
101,2023,288,922.0,12.53,902.0,28.6,0.0
101,2023,288,923.0,12.53,468.2,28.6,0.0
101,2023,288,924.0,12.53,579.8,28.73,0.0
101,2023,288,925.0,12.53,964.0,28.57,0.0
101,2023,288,926.0,12.53,953.0,28.63,0.0
101,2023,288,927.0,12.53,929.0,28.68,0.0
101,2023,288,928.0,12.53,921.0,28.66,0.0
101,2023,288,929.0,12.53,919.0,28.84,0.0
101,2023,288,930.0,12.53,933.0,28.77,0.0
101,2023,288,931.0,12.53,805.0,28.71,0.0
101,2023,288,932.0,12.53,959.0,28.64,0.0
101,2023,288,933.0,12.53,961.0,28.69,0.0
101,2023,288,934.0,12.53,959.0,28.62,0.0
101,2023,288,935.0,12.53,954.0,28.82,0.0
101,2023,288,936.0,12.53,959.0,28.95,0.0
101,2023,288,937.0,12.53,571.1,28.95,0.0
101,2023,288,938.0,12.53,608.0,28.76,0.0
101,2023,288,939.0,12.53,534.9,28.64,0.0
101,2023,288,940.0,12.53,503.5,28.74,0.0
101,2023,288,941.0,12.53,1090.0,28.85,0.0
101,2023,288,942.0,12.53,1116.0,28.99,0.0
101,2023,288,943.0,12.53,1105.0,29.03,0.0
101,2023,288,944.0,12.53,1097.0,28.76,0.0
101,2023,288,945.0,12.52,726.0,28.96,0.0
101,2023,288,946.0,12.52,494.2,29.0,0.0
101,2023,288,947.0,12.52,1056.0,28.96,0.0
101,2023,288,948.0,12.52,517.8,28.84,0.0
101,2023,288,949.0,12.52,307.6,28.68,0.0
101,2023,288,950.0,12.52,310.3,28.32,0.0
101,2023,288,951.0,12.52,773.0,28.17,0.0
101,2023,288,952.0,12.52,942.0,28.28,0.0
101,2023,288,953.0,12.52,378.2,28.58,0.0
101,2023,288,954.0,12.52,253.6,28.46,0.0
101,2023,288,955.0,12.52,257.0,28.41,0.0
101,2023,288,956.0,12.52,297.0,28.17,0.0
101,2023,288,957.0,12.52,280.4,27.93,0.0
101,2023,288,958.0,12.52,262.6,27.92,0.0
101,2023,288,959.0,12.52,292.0,28.06,0.0
101,2023,288,1000.0,12.52,933.0,28.02,0.0
101,2023,288,1001.0,12.52,841.0,28.14,0.0
101,2023,288,1002.0,12.52,873.0,28.09,0.0
101,2023,288,1003.0,12.52,996.0,27.99,0.0
101,2023,288,1004.0,12.52,826.0,28.1,0.0
101,2023,288,1005.0,12.52,988.0,28.33,0.0
101,2023,288,1006.0,12.52,1078.0,28.59,0.0
101,2023,288,1007.0,12.52,1094.0,28.82,0.0
101,2023,288,1008.0,12.52,1101.0,28.97,0.0
101,2023,288,1009.0,12.52,1114.0,29.12,0.0
101,2023,288,1010.0,12.52,1127.0,29.3,0.0
101,2023,288,1011.0,12.52,1139.0,29.65,0.0
101,2023,288,1012.0,12.52,1149.0,29.67,0.0
101,2023,288,1013.0,12.52,1075.0,29.48,0.0
101,2023,288,1014.0,12.51,765.0,29.39,0.0
101,2023,288,1015.0,12.52,403.9,29.25,0.0
101,2023,288,1016.0,12.51,570.6,29.2,0.0
101,2023,288,1017.0,12.52,1058.0,29.21,0.0
101,2023,288,1018.0,12.51,1069.0,29.51,0.0
101,2023,288,1019.0,12.51,1164.0,29.63,0.0
101,2023,288,1020.0,12.51,1173.0,29.83,0.0
101,2023,288,1021.0,12.51,1147.0,29.6,0.0
101,2023,288,1022.0,12.51,1154.0,29.06,0.0
101,2023,288,1023.0,12.51,1100.0,28.97,0.0
101,2023,288,1024.0,12.51,754.0,28.92,0.0
101,2023,288,1025.0,12.51,1181.0,28.86,0.0
101,2023,288,1026.0,12.51,1176.0,28.81,0.0
101,2023,288,1027.0,12.51,1158.0,29.14,0.0
101,2023,288,1028.0,12.51,410.8,29.13,0.0
101,2023,288,1029.0,12.51,304.7,28.65,0.0
101,2023,288,1030.0,12.51,314.9,28.44,0.0
101,2023,288,1031.0,12.51,338.8,28.31,0.0
101,2023,288,1032.0,12.51,382.4,28.17,0.0
101,2023,288,1033.0,12.51,908.0,28.24,0.0
101,2023,288,1034.0,12.51,1176.0,28.17,0.0
101,2023,288,1035.0,12.51,1195.0,28.34,0.0
101,2023,288,1036.0,12.51,1191.0,28.6,0.0
101,2023,288,1037.0,12.51,1187.0,28.74,0.0
101,2023,288,1038.0,12.51,1123.0,29.05,0.0
101,2023,288,1039.0,12.51,1153.0,29.39,0.0
101,2023,288,1040.0,12.5,1126.0,29.37,0.0
101,2023,288,1041.0,12.51,1113.0,29.3,0.0
101,2023,288,1042.0,12.5,1111.0,29.21,0.0
101,2023,288,1043.0,12.5,1108.0,29.3,0.0
101,2023,288,1044.0,12.5,1115.0,29.67,0.0
101,2023,288,1045.0,12.5,1136.0,29.68,0.0
101,2023,288,1046.0,12.5,1146.0,29.25,0.0
101,2023,288,1047.0,12.5,1166.0,28.83,0.0
101,2023,288,1048.0,12.5,1188.0,28.93,0.0
101,2023,288,1049.0,12.5,1210.0,28.96,0.0
101,2023,288,1050.0,12.5,1223.0,28.88,0.0
101,2023,288,1051.0,12.5,1215.0,29.2,0.0
101,2023,288,1052.0,12.5,1210.0,29.19,0.0
101,2023,288,1053.0,12.5,1202.0,28.97,0.0
101,2023,288,1054.0,12.49,1153.0,28.91,0.0
101,2023,288,1055.0,12.49,928.0,28.84,0.0
101,2023,288,1056.0,12.5,1100.0,28.87,0.0
101,2023,288,1057.0,12.49,1112.0,28.75,0.0
101,2023,288,1058.0,12.49,1109.0,28.77,0.0
101,2023,288,1059.0,12.49,1111.0,28.83,0.0
101,2023,288,1100.0,12.49,1126.0,28.86,0.0
101,2023,288,1101.0,12.49,1150.0,28.99,0.0
101,2023,288,1102.0,12.49,934.0,28.82,0.0
101,2023,288,1103.0,12.49,1112.0,28.87,0.0
101,2023,288,1104.0,12.49,1116.0,28.87,0.0
101,2023,288,1105.0,12.49,1121.0,28.95,0.0
101,2023,288,1106.0,12.49,1130.0,29.08,0.0
101,2023,288,1107.0,12.49,1142.0,28.78,0.0
101,2023,288,1108.0,12.49,1144.0,28.9,0.0
101,2023,288,1109.0,12.49,996.0,28.87,0.0
101,2023,288,1110.0,12.49,1121.0,28.93,0.0
101,2023,288,1111.0,12.49,1130.0,28.95,0.0
101,2023,288,1112.0,12.49,1121.0,29.04,0.0
101,2023,288,1113.0,12.48,1117.0,29.21,0.0
101,2023,288,1114.0,12.48,1075.0,29.17,0.0
101,2023,288,1115.0,12.48,961.0,28.92,0.0
101,2023,288,1116.0,12.48,1089.0,29.27,0.0
101,2023,288,1117.0,12.49,1093.0,29.13,0.0
101,2023,288,1118.0,12.49,1102.0,29.02,0.0
101,2023,288,1119.0,12.49,1123.0,29.06,0.0
101,2023,288,1120.0,12.49,1165.0,29.15,0.0
101,2023,288,1121.0,12.49,901.0,29.25,0.0
101,2023,288,1122.0,12.49,725.0,28.8,0.0
101,2023,288,1123.0,12.49,789.0,28.51,0.0
101,2023,288,1124.0,12.49,1112.0,28.7,0.0
101,2023,288,1125.0,12.49,1104.0,28.89,0.0
101,2023,288,1126.0,12.49,1098.0,28.99,0.0
101,2023,288,1127.0,12.51,1095.0,28.92,0.0
101,2023,288,1128.0,12.52,1096.0,29.0,0.0
101,2023,288,1129.0,12.52,1097.0,29.01,0.0
101,2023,288,1130.0,12.51,1100.0,28.81,0.0
101,2023,288,1131.0,12.53,1099.0,28.93,0.0
101,2023,288,1132.0,12.51,1122.0,29.36,0.0
101,2023,288,1133.0,12.52,1155.0,29.61,0.0
101,2023,288,1134.0,12.5,1194.0,29.75,0.0
101,2023,288,1135.0,12.49,1134.0,29.69,0.0
101,2023,288,1136.0,12.51,679.3,29.62,0.0
101,2023,288,1137.0,12.51,1019.0,29.3,0.0
101,2023,288,1138.0,12.51,825.0,28.83,0.0
101,2023,288,1139.0,12.52,381.4,28.66,0.0
101,2023,288,1140.0,12.52,594.5,28.18,0.0
101,2023,288,1141.0,12.52,843.0,28.06,0.0
101,2023,288,1142.0,12.52,703.0,28.21,0.0
101,2023,288,1143.0,12.52,913.0,28.33,0.0
101,2023,288,1144.0,12.51,1194.0,28.24,0.0
101,2023,288,1145.0,12.5,1224.0,28.48,0.0
101,2023,288,1146.0,12.5,1250.0,28.34,0.0
101,2023,288,1147.0,12.51,1235.0,28.19,0.0
101,2023,288,1148.0,12.51,1207.0,28.37,0.0
101,2023,288,1149.0,12.51,1186.0,28.43,0.0
101,2023,288,1150.0,12.51,1174.0,28.37,0.0
101,2023,288,1151.0,12.52,1159.0,28.58,0.0
101,2023,288,1152.0,12.52,1150.0,28.97,0.0
101,2023,288,1153.0,12.52,1093.0,28.76,0.0
101,2023,288,1154.0,12.52,1131.0,28.84,0.0
101,2023,288,1155.0,12.52,1121.0,29.09,0.0
101,2023,288,1156.0,12.52,1120.0,29.07,0.0
101,2023,288,1157.0,12.52,1141.0,28.91,0.0
101,2023,288,1158.0,12.52,1014.0,28.85,0.0
101,2023,288,1159.0,12.52,1126.0,28.66,0.0
101,2023,288,1200.0,12.52,1120.0,28.52,0.0
101,2023,288,1201.0,12.52,998.0,28.43,0.0
101,2023,288,1202.0,12.52,272.0,28.29,0.0
101,2023,288,1203.0,12.52,239.9,28.3,0.0
101,2023,288,1204.0,12.5,239.2,28.22,0.0
101,2023,288,1205.0,12.48,237.5,28.01,0.0
101,2023,288,1206.0,12.48,238.2,27.89,0.0
101,2023,288,1207.0,12.48,244.9,27.73,0.0
101,2023,288,1208.0,12.49,257.7,27.74,0.0
101,2023,288,1209.0,12.49,276.3,27.73,0.0
101,2023,288,1210.0,12.49,288.0,27.72,0.0
101,2023,288,1211.0,12.49,296.2,27.65,0.0
101,2023,288,1212.0,12.49,312.0,27.62,0.0
101,2023,288,1213.0,12.5,310.0,27.61,0.0
101,2023,288,1214.0,12.5,300.4,27.64,0.0
101,2023,288,1215.0,12.5,299.8,27.65,0.0
101,2023,288,1216.0,12.5,290.0,27.72,0.0
101,2023,288,1217.0,12.49,303.6,27.69,0.0
101,2023,288,1218.0,12.5,313.1,27.51,0.0
101,2023,288,1219.0,12.5,304.2,27.39,0.0
101,2023,288,1220.0,12.5,339.8,27.43,0.0
101,2023,288,1221.0,12.5,1061.0,27.52,0.0
101,2023,288,1222.0,12.5,1107.0,27.82,0.0
101,2023,288,1223.0,12.5,1066.0,28.33,0.0
101,2023,288,1224.0,12.49,905.0,28.59,0.0
101,2023,288,1225.0,12.49,455.8,28.42,0.0
101,2023,288,1226.0,12.52,352.6,27.93,0.0
101,2023,288,1227.0,12.52,396.7,27.86,0.0
101,2023,288,1228.0,12.5,602.8,27.96,0.0
101,2023,288,1229.0,12.52,1054.0,28.05,0.0
101,2023,288,1230.0,12.49,933.0,28.22,0.0
101,2023,288,1231.0,12.49,833.0,28.29,0.0
101,2023,288,1232.0,12.49,557.4,28.32,0.0
101,2023,288,1233.0,12.49,1008.0,28.17,0.0
101,2023,288,1234.0,12.49,1045.0,28.22,0.0
101,2023,288,1235.0,12.49,1056.0,28.18,0.0
101,2023,288,1236.0,12.51,1059.0,28.27,0.0
101,2023,288,1237.0,12.52,1073.0,28.64,0.0
101,2023,288,1238.0,12.52,794.0,28.89,0.0
101,2023,288,1239.0,12.52,325.5,28.85,0.0
101,2023,288,1240.0,12.52,495.8,28.88,0.0
101,2023,288,1241.0,12.52,1052.0,28.67,0.0
101,2023,288,1242.0,12.51,461.1,28.85,0.0
101,2023,288,1243.0,12.51,1023.0,28.58,0.0
101,2023,288,1244.0,12.51,1079.0,28.57,0.0
101,2023,288,1245.0,12.5,1062.0,28.54,0.0
101,2023,288,1246.0,12.48,1052.0,28.57,0.0
101,2023,288,1247.0,12.49,982.0,28.53,0.0
101,2023,288,1248.0,12.52,1054.0,28.73,0.0
101,2023,288,1249.0,12.52,921.0,28.67,0.0
101,2023,288,1250.0,12.52,930.0,28.57,0.0
101,2023,288,1251.0,12.52,1019.0,28.74,0.0
101,2023,288,1252.0,12.52,998.0,28.99,0.0
101,2023,288,1253.0,12.52,981.0,29.32,0.0
101,2023,288,1254.0,12.52,980.0,29.31,0.0
101,2023,288,1255.0,12.51,973.0,29.23,0.0
101,2023,288,1256.0,12.51,971.0,29.24,0.0
101,2023,288,1257.0,12.51,970.0,29.02,0.0
101,2023,288,1258.0,12.52,973.0,28.96,0.0
101,2023,288,1259.0,12.52,976.0,28.83,0.0
101,2023,288,1300.0,12.51,963.0,28.99,0.0
101,2023,288,1301.0,12.51,942.0,29.15,0.0
101,2023,288,1302.0,12.52,933.0,29.29,0.0
101,2023,288,1303.0,12.52,931.0,29.35,0.0
101,2023,288,1304.0,12.52,933.0,29.24,0.0
101,2023,288,1305.0,12.51,934.0,29.26,0.0
101,2023,288,1306.0,12.52,940.0,29.31,0.0
101,2023,288,1307.0,12.52,935.0,28.83,0.0
101,2023,288,1308.0,12.52,929.0,28.8,0.0
101,2023,288,1309.0,12.52,931.0,29.0,0.0
101,2023,288,1310.0,12.51,930.0,29.13,0.0
101,2023,288,1311.0,12.51,932.0,29.08,0.0
101,2023,288,1312.0,12.5,931.0,28.82,0.0
101,2023,288,1313.0,12.51,922.0,28.88,0.0
101,2023,288,1314.0,12.51,910.0,29.17,0.0
101,2023,288,1315.0,12.5,895.0,29.03,0.0
101,2023,288,1316.0,12.5,891.0,28.87,0.0
101,2023,288,1317.0,12.5,890.0,28.81,0.0
101,2023,288,1318.0,12.5,884.0,28.84,0.0
101,2023,288,1319.0,12.5,877.0,28.98,0.0
101,2023,288,1320.0,12.51,870.0,28.84,0.0
101,2023,288,1321.0,12.51,875.0,28.6,0.0
101,2023,288,1322.0,12.51,880.0,28.56,0.0
101,2023,288,1323.0,12.51,881.0,28.71,0.0
101,2023,288,1324.0,12.51,883.0,29.11,0.0
101,2023,288,1325.0,12.52,886.0,29.42,0.0
101,2023,288,1326.0,12.51,891.0,29.11,0.0
101,2023,288,1327.0,12.52,896.0,29.09,0.0
101,2023,288,1328.0,12.51,702.0,29.25,0.0
101,2023,288,1329.0,12.52,754.0,29.11,0.0
101,2023,288,1330.0,12.51,880.0,28.9,0.0
101,2023,288,1331.0,12.52,869.0,29.06,0.0
101,2023,288,1332.0,12.52,863.0,29.0,0.0
101,2023,288,1333.0,12.52,859.0,29.1,0.0
101,2023,288,1334.0,12.52,858.0,29.1,0.0
101,2023,288,1335.0,12.52,862.0,29.01,0.0
101,2023,288,1336.0,12.52,863.0,29.29,0.0
101,2023,288,1337.0,12.52,873.0,29.05,0.0
101,2023,288,1338.0,12.52,889.0,28.85,0.0
101,2023,288,1339.0,12.52,922.0,28.88,0.0
101,2023,288,1340.0,12.51,785.0,29.14,0.0
101,2023,288,1341.0,12.52,337.5,29.16,0.0
101,2023,288,1342.0,12.52,524.9,28.93,0.0
101,2023,288,1343.0,12.52,550.7,28.71,0.0
101,2023,288,1344.0,12.52,901.0,28.88,0.0
101,2023,288,1345.0,12.52,876.0,28.8,0.0
101,2023,288,1346.0,12.52,290.2,28.76,0.0
101,2023,288,1347.0,12.52,238.9,28.71,0.0
101,2023,288,1348.0,12.52,512.5,28.62,0.0
101,2023,288,1349.0,12.52,927.0,28.58,0.0
101,2023,288,1350.0,12.51,938.0,28.69,0.0
101,2023,288,1351.0,12.52,722.0,28.58,0.0
101,2023,288,1352.0,12.51,254.0,28.6,0.0
101,2023,288,1353.0,12.52,330.0,28.61,0.0
101,2023,288,1354.0,12.52,776.0,28.5,0.0
101,2023,288,1355.0,12.52,879.0,28.36,0.0
101,2023,288,1356.0,12.51,823.0,28.38,0.0
101,2023,288,1357.0,12.52,872.0,28.47,0.0
101,2023,288,1358.0,12.52,826.0,28.51,0.0
101,2023,288,1359.0,12.52,935.0,28.41,0.0
101,2023,288,1400.0,12.52,918.0,28.4,0.0
101,2023,288,1401.0,12.52,567.0,28.32,0.0
101,2023,288,1402.0,12.51,278.4,28.45,0.0
101,2023,288,1403.0,12.52,494.1,28.26,0.0
101,2023,288,1404.0,12.52,404.0,28.28,0.0
101,2023,288,1405.0,12.52,811.0,28.14,0.0
101,2023,288,1406.0,12.52,606.0,28.32,0.0
101,2023,288,1407.0,12.52,166.2,28.4,0.0
101,2023,288,1408.0,12.51,157.9,28.09,0.0
101,2023,288,1409.0,12.51,470.9,28.0,0.0
101,2023,288,1410.0,12.51,785.0,28.02,0.0
101,2023,288,1411.0,12.52,703.0,28.15,0.0
101,2023,288,1412.0,12.52,783.0,28.32,0.0
101,2023,288,1413.0,12.51,683.8,28.49,0.0
101,2023,288,1414.0,12.51,604.5,28.63,0.0
101,2023,288,1415.0,12.52,766.0,28.45,0.0
101,2023,288,1416.0,12.5,758.0,28.37,0.0
101,2023,288,1417.0,12.51,764.0,28.48,0.0
101,2023,288,1418.0,12.51,781.0,28.71,0.0
101,2023,288,1419.0,12.51,733.0,28.52,0.0
101,2023,288,1420.0,12.51,835.0,28.65,0.0
101,2023,288,1421.0,12.52,689.4,28.66,0.0
101,2023,288,1422.0,12.52,274.7,28.69,0.0
101,2023,288,1423.0,12.52,226.5,28.56,0.0
101,2023,288,1424.0,12.51,209.7,28.42,0.0
101,2023,288,1425.0,12.5,263.1,28.14,0.0
101,2023,288,1426.0,12.5,712.0,28.13,0.0
101,2023,288,1427.0,12.5,777.0,28.36,0.0
101,2023,288,1428.0,12.5,705.0,28.6,0.0
101,2023,288,1429.0,12.5,422.9,28.59,0.0
101,2023,288,1430.0,12.5,246.5,28.38,0.0
101,2023,288,1431.0,12.49,350.9,28.02,0.0
101,2023,288,1432.0,12.49,263.2,27.94,0.0
101,2023,288,1433.0,12.49,555.4,27.97,0.0
101,2023,288,1434.0,12.49,778.0,27.95,0.0
101,2023,288,1435.0,12.5,690.0,28.19,0.0
101,2023,288,1436.0,12.5,656.9,28.07,0.0
101,2023,288,1437.0,12.5,467.0,28.03,0.0
101,2023,288,1438.0,12.51,315.9,27.92,0.0
101,2023,288,1439.0,12.51,279.1,27.93,0.0
101,2023,288,1440.0,12.51,276.0,27.82,0.0
101,2023,288,1441.0,12.51,609.0,27.69,0.0
101,2023,288,1442.0,12.51,704.0,27.74,0.0
101,2023,288,1443.0,12.51,719.0,27.68,0.0
101,2023,288,1444.0,12.51,289.9,27.63,0.0
101,2023,288,1445.0,12.52,210.6,27.65,0.0
101,2023,288,1446.0,12.52,214.5,27.5,0.0
101,2023,288,1447.0,12.52,189.0,27.37,0.0
101,2023,288,1448.0,12.51,163.6,27.34,0.0
101,2023,288,1449.0,12.51,155.8,27.26,0.0
101,2023,288,1450.0,12.51,159.8,27.21,0.0
101,2023,288,1451.0,12.51,174.7,27.25,0.0
101,2023,288,1452.0,12.51,178.1,27.24,0.0
101,2023,288,1453.0,12.52,216.7,27.14,0.0
101,2023,288,1454.0,12.53,245.5,27.09,0.0
101,2023,288,1455.0,12.53,157.8,27.18,0.0
101,2023,288,1456.0,12.53,151.9,27.25,0.0
101,2023,288,1457.0,12.53,158.8,27.2,0.0
101,2023,288,1458.0,12.53,189.7,27.1,0.0
101,2023,288,1459.0,12.53,397.1,27.11,0.0
101,2023,288,1500.0,12.53,613.0,27.21,0.0
101,2023,288,1501.0,12.53,573.8,27.34,0.0
101,2023,288,1502.0,12.53,436.7,27.37,0.0
101,2023,288,1503.0,12.53,184.2,27.29,0.0
101,2023,288,1504.0,12.52,182.6,27.28,0.0
101,2023,288,1505.0,12.53,375.5,27.27,0.0
101,2023,288,1506.0,12.52,203.9,27.21,0.0
101,2023,288,1507.0,12.53,217.5,27.13,0.0
101,2023,288,1508.0,12.53,445.7,27.17,0.0
101,2023,288,1509.0,12.53,204.9,27.31,0.0
101,2023,288,1510.0,12.54,167.2,27.33,0.0
101,2023,288,1511.0,12.54,191.9,27.21,0.0
101,2023,288,1512.0,12.54,261.6,27.21,0.0
101,2023,288,1513.0,12.54,207.4,27.19,0.0
101,2023,288,1514.0,12.54,245.3,27.15,0.0
101,2023,288,1515.0,12.54,197.4,27.17,0.0
101,2023,288,1516.0,12.53,178.3,27.18,0.0
101,2023,288,1517.0,12.53,188.6,27.18,0.0
101,2023,288,1518.0,12.53,207.5,27.2,0.0
101,2023,288,1519.0,12.54,316.5,27.11,0.0
101,2023,288,1520.0,12.53,269.6,27.08,0.0
101,2023,288,1521.0,12.53,253.1,27.13,0.0
101,2023,288,1522.0,12.53,173.8,27.16,0.0
101,2023,288,1523.0,12.53,158.4,27.13,0.0
101,2023,288,1524.0,12.53,217.2,27.13,0.0
101,2023,288,1525.0,12.53,439.7,27.18,0.0
101,2023,288,1526.0,12.52,425.2,27.26,0.0
101,2023,288,1527.0,12.52,189.9,27.21,0.0
101,2023,288,1528.0,12.52,255.5,27.01,0.0
101,2023,288,1529.0,12.52,216.0,26.99,0.0
101,2023,288,1530.0,12.51,417.4,27.0,0.0
101,2023,288,1531.0,12.51,306.6,26.96,0.0
101,2023,288,1532.0,12.52,159.9,26.94,0.0
101,2023,288,1533.0,12.51,141.8,27.02,0.0
101,2023,288,1534.0,12.52,130.1,27.02,0.0
101,2023,288,1535.0,12.52,134.5,26.89,0.0
101,2023,288,1536.0,12.52,167.1,26.76,0.0
101,2023,288,1537.0,12.52,124.8,26.62,0.0
101,2023,288,1538.0,12.52,123.8,26.56,0.0
101,2023,288,1539.0,12.52,127.2,26.49,0.0
101,2023,288,1540.0,12.53,205.0,26.47,0.0
101,2023,288,1541.0,12.53,129.4,26.52,0.0
101,2023,288,1542.0,12.53,107.8,26.56,0.0
101,2023,288,1543.0,12.53,98.9,26.6,0.0
101,2023,288,1544.0,12.53,88.1,26.64,0.0
101,2023,288,1545.0,12.53,81.1,26.66,0.0
101,2023,288,1546.0,12.53,77.2,26.59,0.0
101,2023,288,1547.0,12.54,72.6,26.45,0.0
101,2023,288,1548.0,12.54,70.1,26.28,0.0
101,2023,288,1549.0,12.54,69.81,26.21,0.0
101,2023,288,1550.0,12.54,73.4,26.17,0.0
101,2023,288,1551.0,12.54,77.3,26.15,0.0
101,2023,288,1552.0,12.53,69.42,26.15,0.0
101,2023,288,1553.0,12.54,62.82,26.16,0.0
101,2023,288,1554.0,12.55,60.73,26.12,0.0
101,2023,288,1555.0,12.56,59.06,26.09,0.0
101,2023,288,1556.0,12.56,57.2,26.09,0.0
101,2023,288,1557.0,12.56,56.64,26.08,0.0
101,2023,288,1558.0,12.56,56.36,26.06,0.0
101,2023,288,1559.0,12.56,56.16,26.05,0.0
101,2023,288,1600.0,12.56,56.02,25.99,0.0
101,2023,288,1601.0,12.56,55.26,25.93,0.0
101,2023,288,1602.0,12.56,54.92,25.9,0.0
101,2023,288,1603.0,12.56,55.17,25.89,0.0
101,2023,288,1604.0,12.57,54.8,25.87,0.0
101,2023,288,1605.0,12.57,54.58,25.87,0.0
101,2023,288,1606.0,12.56,54.16,25.87,0.0
101,2023,288,1607.0,12.57,54.47,25.88,0.0
101,2023,288,1608.0,12.58,56.33,25.86,0.0
101,2023,288,1609.0,12.57,59.49,25.85,0.0
101,2023,288,1610.0,12.56,64.03,25.86,0.0
101,2023,288,1611.0,12.58,70.1,25.83,0.0
101,2023,288,1612.0,12.58,76.1,25.81,0.0
101,2023,288,1613.0,12.58,80.2,25.8,0.0
101,2023,288,1614.0,12.58,84.9,25.81,0.0
101,2023,288,1615.0,12.58,84.6,25.79,0.0
101,2023,288,1616.0,12.57,84.3,25.83,0.0
101,2023,288,1617.0,12.58,89.0,25.87,0.0
101,2023,288,1618.0,12.57,89.9,25.88,0.0
101,2023,288,1619.0,12.57,83.7,25.91,0.0
101,2023,288,1620.0,12.57,76.4,25.86,0.0
101,2023,288,1621.0,12.56,71.8,25.8,0.0
101,2023,288,1622.0,12.58,70.4,25.88,0.0
101,2023,288,1623.0,12.58,68.43,25.93,0.0
101,2023,288,1624.0,12.57,65.92,25.91,0.0
101,2023,288,1625.0,12.58,64.11,25.91,0.0
101,2023,288,1626.0,12.58,60.59,25.85,0.0
101,2023,288,1627.0,12.58,58.92,25.85,0.0
101,2023,288,1628.0,12.58,61.32,25.87,0.0
101,2023,288,1629.0,12.57,66.73,25.79,0.0
101,2023,288,1630.0,12.58,103.9,25.77,0.0
101,2023,288,1631.0,12.58,131.3,25.76,0.0
101,2023,288,1632.0,12.58,138.8,25.8,0.0
101,2023,288,1633.0,12.58,148.1,25.84,0.0
101,2023,288,1634.0,12.57,149.7,25.89,0.0
101,2023,288,1635.0,12.56,148.8,25.89,0.0
101,2023,288,1636.0,12.57,138.5,25.89,0.0
101,2023,288,1637.0,12.58,120.5,25.88,0.0
101,2023,288,1638.0,12.58,119.2,25.88,0.0
101,2023,288,1639.0,12.58,115.3,25.87,0.0
101,2023,288,1640.0,12.58,115.1,25.93,0.0
101,2023,288,1641.0,12.58,117.6,25.91,0.0
101,2023,288,1642.0,12.58,118.9,25.88,0.0
101,2023,288,1643.0,12.58,120.9,25.89,0.0
101,2023,288,1644.0,12.58,120.0,25.85,0.0
101,2023,288,1645.0,12.58,116.5,25.88,0.0
101,2023,288,1646.0,12.57,110.4,25.89,0.0
101,2023,288,1647.0,12.57,102.6,25.9,0.0
101,2023,288,1648.0,12.57,96.7,25.84,0.0
101,2023,288,1649.0,12.56,93.4,25.84,0.0
101,2023,288,1650.0,12.57,90.3,25.84,0.0
101,2023,288,1651.0,12.56,79.9,25.85,0.0
101,2023,288,1652.0,12.54,76.5,25.83,0.0
101,2023,288,1653.0,12.52,71.8,25.86,0.0
101,2023,288,1654.0,12.51,68.93,25.87,0.0
101,2023,288,1655.0,12.51,64.65,25.87,0.0
101,2023,288,1656.0,12.49,61.52,25.8,0.0
101,2023,288,1657.0,12.48,58.84,25.77,0.0
101,2023,288,1658.0,12.47,50.01,25.75,0.0
101,2023,288,1659.0,12.45,39.66,25.71,0.0
101,2023,288,1700.0,12.43,41.35,25.7,0.0
101,2023,288,1701.0,12.41,37.57,25.68,0.0
101,2023,288,1702.0,12.41,33.17,25.65,0.0
101,2023,288,1703.0,12.4,31.96,25.63,0.0
101,2023,288,1704.0,12.39,31.45,25.65,0.0
101,2023,288,1705.0,12.38,27.59,25.67,0.0
101,2023,288,1706.0,12.37,24.4,25.63,0.0
101,2023,288,1707.0,12.36,21.49,25.61,0.0
101,2023,288,1708.0,12.35,19.46,25.6,0.0
101,2023,288,1709.0,12.35,17.83,25.59,0.0
101,2023,288,1710.0,12.34,15.74,25.59,0.0
101,2023,288,1711.0,12.33,13.54,25.61,0.0
101,2023,288,1712.0,12.33,12.35,25.6,0.0
101,2023,288,1713.0,12.32,11.06,25.57,0.0
101,2023,288,1714.0,12.31,9.53,25.52,0.0
101,2023,288,1715.0,12.31,8.24,25.51,0.0
101,2023,288,1716.0,12.31,7.42,25.5,0.0
101,2023,288,1717.0,12.29,6.798,25.46,0.0
101,2023,288,1718.0,12.28,6.319,25.42,0.0
101,2023,288,1719.0,12.27,5.867,25.39,0.0
101,2023,288,1720.0,12.26,5.303,25.38,0.0
101,2023,288,1721.0,12.26,4.598,25.37,0.0
101,2023,288,1722.0,12.25,4.062,25.35,0.0
101,2023,288,1723.0,12.25,3.865,25.33,0.0
101,2023,288,1724.0,12.26,3.695,25.33,0.0
101,2023,288,1725.0,12.25,3.047,25.31,0.0
101,2023,288,1726.0,12.24,2.68,25.29,0.0
101,2023,288,1727.0,12.25,2.37,25.3,0.0
101,2023,288,1728.0,12.24,1.834,25.28,0.0
101,2023,288,1729.0,12.24,1.693,25.26,0.0
101,2023,288,1730.0,12.24,1.636,25.26,0.0
101,2023,288,1731.0,12.23,1.1,25.25,0.0
101,2023,288,1732.0,12.23,1.016,25.21,0.0
101,2023,288,1733.0,12.23,0.903,25.18,0.0
101,2023,288,1734.0,12.22,0.0,25.15,0.0
101,2023,288,1735.0,12.22,0.0,25.13,0.0
101,2023,288,1736.0,12.21,0.0,25.12,0.0
101,2023,288,1737.0,12.21,0.0,25.12,0.0
101,2023,288,1738.0,12.2,0.0,25.1,0.0
101,2023,288,1739.0,12.2,0.0,25.09,0.0
101,2023,288,1740.0,12.2,0.0,25.06,0.0
101,2023,288,1741.0,12.18,0.0,25.07,0.0
101,2023,288,1742.0,12.17,0.0,25.05,0.0
101,2023,288,1743.0,12.19,0.0,25.04,0.0
101,2023,288,1744.0,12.18,0.0,25.02,0.0
101,2023,288,1745.0,12.19,0.0,25.04,0.0
101,2023,288,1746.0,12.18,0.0,25.04,0.0
101,2023,288,1747.0,12.19,0.0,25.03,0.0
101,2023,288,1748.0,12.18,0.0,25.01,0.0
101,2023,288,1749.0,12.18,0.0,25.0,0.0
101,2023,288,1750.0,12.18,0.0,24.99,0.0
101,2023,288,1751.0,12.17,0.0,24.99,0.0
101,2023,288,1752.0,12.17,0.0,25.0,0.0
101,2023,288,1753.0,12.17,0.0,24.99,0.0
101,2023,288,1754.0,12.16,0.0,25.0,0.0
101,2023,288,1755.0,12.16,0.0,24.98,0.0
101,2023,288,1756.0,12.16,0.0,24.97,0.0
101,2023,288,1757.0,12.15,0.0,25.01,0.0
101,2023,288,1758.0,12.15,0.0,25.0,0.0
101,2023,288,1759.0,12.15,0.0,25.0,0.0
101,2023,288,1800.0,12.15,0.0,24.98,0.0
101,2023,288,1801.0,12.15,0.0,24.99,0.0
101,2023,288,1802.0,12.15,0.0,24.96,0.0
101,2023,288,1803.0,12.15,0.0,24.92,0.0
101,2023,288,1804.0,12.14,0.0,24.9,0.0
101,2023,288,1805.0,12.14,0.0,24.87,0.0
101,2023,288,1806.0,12.15,0.0,24.85,0.0
101,2023,288,1807.0,12.15,0.0,24.84,0.0
101,2023,288,1808.0,12.14,0.0,24.83,0.0
101,2023,288,1809.0,12.14,0.0,24.83,0.0
101,2023,288,1810.0,12.14,0.0,24.82,0.0
101,2023,288,1811.0,12.14,0.0,24.8,0.0
101,2023,288,1812.0,12.14,0.0,24.8,0.0
101,2023,288,1813.0,12.14,0.0,24.78,0.0
101,2023,288,1814.0,12.13,0.0,24.75,0.0
101,2023,288,1815.0,12.13,0.0,24.7,0.0
101,2023,288,1816.0,12.13,0.0,24.65,0.0
101,2023,288,1817.0,12.13,0.0,24.61,0.0
101,2023,288,1818.0,12.13,0.0,24.58,0.0
101,2023,288,1819.0,12.13,0.0,24.57,0.0
101,2023,288,1820.0,12.13,0.0,24.55,0.0
101,2023,288,1821.0,12.13,0.0,24.53,0.0
101,2023,288,1822.0,12.13,0.0,24.52,0.0
101,2023,288,1823.0,12.12,0.0,24.51,0.0
101,2023,288,1824.0,12.12,0.0,24.5,0.0
101,2023,288,1825.0,12.12,0.0,24.49,0.0
101,2023,288,1826.0,12.12,0.0,24.51,0.0
101,2023,288,1827.0,12.12,0.0,24.51,0.0
101,2023,288,1828.0,12.11,0.0,24.52,0.0
101,2023,288,1829.0,12.11,0.0,24.53,0.0
101,2023,288,1830.0,12.11,0.0,24.52,0.0
101,2023,288,1831.0,12.11,0.0,24.53,0.0
101,2023,288,1832.0,12.11,0.0,24.55,0.0
101,2023,288,1833.0,12.11,0.0,24.54,0.0
101,2023,288,1834.0,12.11,0.0,24.54,0.0
101,2023,288,1835.0,12.11,0.0,24.54,0.0
101,2023,288,1836.0,12.11,0.0,24.52,0.0
101,2023,288,1837.0,12.11,0.0,24.5,0.0
101,2023,288,1838.0,12.11,0.0,24.49,0.0
101,2023,288,1839.0,12.11,0.0,24.47,0.0
101,2023,288,1840.0,12.1,0.0,24.45,0.0
101,2023,288,1841.0,12.1,0.0,24.42,0.0
101,2023,288,1842.0,12.11,0.0,24.4,0.0
101,2023,288,1843.0,12.1,0.0,24.38,0.0
101,2023,288,1844.0,12.1,0.0,24.35,0.0
101,2023,288,1845.0,12.1,0.0,24.31,0.0
101,2023,288,1846.0,12.1,0.0,24.28,0.0
101,2023,288,1847.0,12.1,0.0,24.25,0.0
101,2023,288,1848.0,12.1,0.0,24.23,0.0
101,2023,288,1849.0,12.1,0.0,24.2,0.0
101,2023,288,1850.0,12.1,0.0,24.19,0.0
101,2023,288,1851.0,12.1,0.0,24.18,0.0
101,2023,288,1852.0,12.1,0.0,24.2,0.0
101,2023,288,1853.0,12.1,0.0,24.18,0.0
101,2023,288,1854.0,12.1,0.0,24.16,0.0
101,2023,288,1855.0,12.1,0.0,24.16,0.0
101,2023,288,1856.0,12.1,0.0,24.16,0.0
101,2023,288,1857.0,12.09,0.0,24.14,0.0
101,2023,288,1858.0,12.09,0.0,24.11,0.0
101,2023,288,1859.0,12.1,0.0,24.09,0.0
101,2023,288,1900.0,12.09,0.0,24.06,0.0
101,2023,288,1901.0,12.09,0.0,24.04,0.0
101,2023,288,1902.0,12.09,0.0,24.03,0.0
101,2023,288,1903.0,12.09,0.0,24.01,0.0
101,2023,288,1904.0,12.09,0.0,23.99,0.0
101,2023,288,1905.0,12.09,0.0,23.96,0.0
101,2023,288,1906.0,12.09,0.0,23.95,0.0
101,2023,288,1907.0,12.09,0.0,23.95,0.0
101,2023,288,1908.0,12.09,0.0,23.94,0.0
101,2023,288,1909.0,12.09,0.0,23.93,0.0
101,2023,288,1910.0,12.09,0.0,23.91,0.0
101,2023,288,1911.0,12.09,0.0,23.9,0.0
101,2023,288,1912.0,12.08,0.0,23.88,0.0
101,2023,288,1913.0,12.08,0.0,23.88,0.0
101,2023,288,1914.0,12.08,0.0,23.87,0.0
101,2023,288,1915.0,12.08,0.0,23.85,0.0
101,2023,288,1916.0,12.08,0.0,23.83,0.0
101,2023,288,1917.0,12.08,0.0,23.82,0.0
101,2023,288,1918.0,12.08,0.0,23.8,0.0
101,2023,288,1919.0,12.08,0.0,23.78,0.0
101,2023,288,1920.0,12.08,0.0,23.77,0.0
101,2023,288,1921.0,12.08,0.0,23.74,0.0
101,2023,288,1922.0,12.07,0.0,23.72,0.0
101,2023,288,1923.0,12.07,0.0,23.7,0.0
101,2023,288,1924.0,12.07,0.0,23.68,0.0
101,2023,288,1925.0,12.07,0.0,23.66,0.0
101,2023,288,1926.0,12.07,0.0,23.64,0.0
101,2023,288,1927.0,12.07,0.0,23.62,0.0
101,2023,288,1928.0,12.07,0.0,23.61,0.0
101,2023,288,1929.0,12.07,0.0,23.59,0.0
101,2023,288,1930.0,12.07,0.0,23.58,0.0
101,2023,288,1931.0,12.07,0.0,23.55,0.0
101,2023,288,1932.0,12.07,0.0,23.52,0.0
101,2023,288,1933.0,12.07,0.0,23.5,0.0
101,2023,288,1934.0,12.07,0.0,23.48,0.0
101,2023,288,1935.0,12.07,0.0,23.47,0.0
101,2023,288,1936.0,12.07,0.0,23.45,0.0
101,2023,288,1937.0,12.07,0.0,23.43,0.0
101,2023,288,1938.0,12.07,0.0,23.41,0.0
101,2023,288,1939.0,12.07,0.0,23.4,0.0
101,2023,288,1940.0,12.07,0.0,23.39,0.0
101,2023,288,1941.0,12.07,0.0,23.37,0.0
101,2023,288,1942.0,12.07,0.0,23.34,0.0
101,2023,288,1943.0,12.06,0.0,23.31,0.0
101,2023,288,1944.0,12.07,0.0,23.28,0.0
101,2023,288,1945.0,12.06,0.0,23.26,0.0
101,2023,288,1946.0,12.06,0.0,23.25,0.0
101,2023,288,1947.0,12.06,0.0,23.23,0.0
101,2023,288,1948.0,12.06,0.0,23.23,0.0
101,2023,288,1949.0,12.06,0.0,23.21,0.0
101,2023,288,1950.0,12.06,0.0,23.2,0.0
101,2023,288,1951.0,12.06,0.0,23.19,0.0
101,2023,288,1952.0,12.06,0.0,23.18,0.0
101,2023,288,1953.0,12.06,0.0,23.17,0.0
101,2023,288,1954.0,12.06,0.0,23.18,0.0
101,2023,288,1955.0,12.06,0.0,23.17,0.0
101,2023,288,1956.0,12.05,0.0,23.16,0.0
101,2023,288,1957.0,12.05,0.0,23.16,0.0
101,2023,288,1958.0,12.06,0.0,23.14,0.0
101,2023,288,1959.0,12.06,0.0,23.13,0.0
101,2023,288,2000.0,12.05,0.0,23.13,0.0
101,2023,288,2001.0,12.05,0.0,23.14,0.0
101,2023,288,2002.0,12.05,0.0,23.16,0.0
101,2023,288,2003.0,12.05,0.0,23.18,0.0
101,2023,288,2004.0,12.05,0.0,23.18,0.0
101,2023,288,2005.0,12.04,0.0,23.17,0.0
101,2023,288,2006.0,12.04,0.0,23.16,0.0
101,2023,288,2007.0,12.04,0.0,23.17,0.0
101,2023,288,2008.0,12.03,0.0,23.21,0.0
101,2023,288,2009.0,12.04,0.0,23.23,0.0
101,2023,288,2010.0,12.05,0.0,23.23,0.0
101,2023,288,2011.0,12.06,0.0,23.23,0.0
101,2023,288,2012.0,12.05,0.0,23.24,0.0
101,2023,288,2013.0,12.05,0.0,23.23,0.0
101,2023,288,2014.0,12.04,0.0,23.21,0.0
101,2023,288,2015.0,12.04,0.0,23.21,0.0
101,2023,288,2016.0,12.04,0.0,23.19,0.0
101,2023,288,2017.0,12.05,0.0,23.16,0.0
101,2023,288,2018.0,12.04,0.0,23.12,0.0
101,2023,288,2019.0,12.04,0.0,23.09,0.0
101,2023,288,2020.0,12.04,0.0,23.06,0.0
101,2023,288,2021.0,12.04,0.0,23.03,0.0
101,2023,288,2022.0,12.04,0.0,22.98,0.0
101,2023,288,2023.0,12.04,0.0,22.88,0.0
101,2023,288,2024.0,12.03,0.0,22.8,0.0
101,2023,288,2025.0,12.03,0.0,22.76,0.0
101,2023,288,2026.0,12.02,0.0,22.73,0.0
101,2023,288,2027.0,12.02,0.0,22.7,0.0
101,2023,288,2028.0,12.03,0.0,22.68,0.0
101,2023,288,2029.0,12.02,0.0,22.64,0.0
101,2023,288,2030.0,12.0,0.0,22.6,0.0
101,2023,288,2031.0,12.01,0.0,22.55,0.0
101,2023,288,2032.0,12.01,0.0,22.48,0.0
101,2023,288,2033.0,12.01,0.0,22.39,0.0
101,2023,288,2034.0,12.0,0.0,22.35,0.0
101,2023,288,2035.0,12.01,0.0,22.33,0.0
101,2023,288,2036.0,12.0,0.0,22.32,0.0
101,2023,288,2037.0,12.0,0.0,22.3,0.0
101,2023,288,2038.0,12.01,0.0,22.28,0.0
101,2023,288,2039.0,12.01,0.0,22.26,0.0
101,2023,288,2040.0,12.01,0.0,22.25,0.0
101,2023,288,2041.0,12.01,0.0,22.25,0.0
101,2023,288,2042.0,12.02,0.0,22.23,0.0
101,2023,288,2043.0,12.02,0.0,22.22,0.0
101,2023,288,2044.0,12.01,0.0,22.21,0.0
101,2023,288,2045.0,12.02,0.0,22.2,0.0
101,2023,288,2046.0,12.02,0.0,22.19,0.0
101,2023,288,2047.0,12.02,0.0,22.19,0.0
101,2023,288,2048.0,12.02,0.0,22.2,0.0
101,2023,288,2049.0,12.01,0.0,22.19,0.0
101,2023,288,2050.0,12.02,0.0,22.18,0.0
101,2023,288,2051.0,12.02,0.0,22.19,0.0
101,2023,288,2052.0,12.02,0.0,22.2,0.0
101,2023,288,2053.0,12.02,0.0,22.21,0.0
101,2023,288,2054.0,12.03,0.0,22.2,0.0
101,2023,288,2055.0,12.02,0.0,22.18,0.0
101,2023,288,2056.0,12.02,0.0,22.17,0.0
101,2023,288,2057.0,12.03,0.0,22.14,0.0
101,2023,288,2058.0,12.03,0.0,22.1,0.0
101,2023,288,2059.0,12.03,0.0,22.09,0.0
101,2023,288,2100.0,12.03,0.0,22.08,0.0
101,2023,288,2101.0,12.03,0.0,22.08,0.0
101,2023,288,2102.0,12.02,0.0,22.07,0.0
101,2023,288,2103.0,12.02,0.0,22.05,0.0
101,2023,288,2104.0,12.02,0.0,22.02,0.0
101,2023,288,2105.0,12.03,0.0,22.01,0.0
101,2023,288,2106.0,12.02,0.0,21.99,0.0
101,2023,288,2107.0,12.02,0.0,21.98,0.0
101,2023,288,2108.0,12.02,0.0,21.95,0.0
101,2023,288,2109.0,12.02,0.0,21.94,0.0
101,2023,288,2110.0,12.02,0.0,21.93,0.0
101,2023,288,2111.0,12.02,0.0,21.93,0.0
101,2023,288,2112.0,12.02,0.0,21.94,0.0
101,2023,288,2113.0,12.02,0.0,21.95,0.0
101,2023,288,2114.0,12.03,0.0,21.97,0.0
101,2023,288,2115.0,12.03,0.0,21.99,0.0
101,2023,288,2116.0,12.03,0.0,22.06,0.0
101,2023,288,2117.0,12.03,0.0,22.18,0.0
101,2023,288,2118.0,12.03,0.0,22.3,0.0
101,2023,288,2119.0,12.02,0.0,22.64,0.0
101,2023,288,2120.0,12.03,0.0,22.85,0.0
101,2023,288,2121.0,12.03,0.0,22.93,0.0
101,2023,288,2122.0,12.03,0.0,22.98,0.0
101,2023,288,2123.0,12.03,0.0,23.14,0.0
101,2023,288,2124.0,12.03,0.0,23.22,0.0
101,2023,288,2125.0,12.03,0.0,23.29,0.0
101,2023,288,2126.0,12.03,0.0,23.33,0.0
101,2023,288,2127.0,12.04,0.0,23.35,0.0
101,2023,288,2128.0,12.03,0.0,23.34,0.0
101,2023,288,2129.0,12.03,0.0,23.34,0.0
101,2023,288,2130.0,12.03,0.0,23.43,0.0
101,2023,288,2131.0,12.03,0.0,23.46,0.0
101,2023,288,2132.0,12.02,0.0,23.48,0.0
101,2023,288,2133.0,12.01,0.0,23.49,0.0
101,2023,288,2134.0,11.99,0.0,23.5,0.0
101,2023,288,2135.0,11.94,0.0,23.55,0.0
101,2023,288,2136.0,11.93,0.0,23.59,0.0
101,2023,288,2137.0,11.93,0.0,23.62,0.0
101,2023,288,2138.0,11.92,0.0,23.63,0.0
101,2023,288,2139.0,11.89,0.0,23.64,0.0
101,2023,288,2140.0,11.89,0.0,23.65,0.0
101,2023,288,2141.0,11.9,0.0,23.66,0.0
101,2023,288,2142.0,11.89,0.0,23.7,0.0
101,2023,288,2143.0,11.9,0.0,23.72,0.0
101,2023,288,2144.0,11.89,0.0,23.73,0.0
101,2023,288,2145.0,11.91,0.0,23.73,0.0
101,2023,288,2146.0,11.93,0.0,23.75,0.0
101,2023,288,2147.0,11.92,0.0,23.75,0.0
101,2023,288,2148.0,11.91,0.0,23.72,0.0
101,2023,288,2149.0,11.92,0.0,23.66,0.0
101,2023,288,2150.0,11.92,0.0,23.58,0.0
101,2023,288,2151.0,11.93,0.0,23.5,0.0
101,2023,288,2152.0,11.94,0.0,23.44,0.0
101,2023,288,2153.0,11.94,0.0,23.37,0.0
101,2023,288,2154.0,11.94,0.0,23.31,0.0
101,2023,288,2155.0,11.93,0.0,23.29,0.0
101,2023,288,2156.0,11.93,0.0,23.26,0.0
101,2023,288,2157.0,11.93,0.0,23.23,0.0
101,2023,288,2158.0,11.93,0.0,23.19,0.0
101,2023,288,2159.0,11.93,0.0,23.15,0.0
101,2023,288,2200.0,11.93,0.0,23.14,0.0
101,2023,288,2201.0,11.94,0.0,23.11,0.0
101,2023,288,2202.0,11.93,0.0,23.1,0.0
101,2023,288,2203.0,11.94,0.0,23.08,0.0
101,2023,288,2204.0,11.93,0.0,23.08,0.0
101,2023,288,2205.0,11.94,0.0,23.06,0.0
101,2023,288,2206.0,11.94,0.0,23.05,0.0
101,2023,288,2207.0,11.94,0.0,23.04,0.0
101,2023,288,2208.0,11.94,0.0,23.02,0.0
101,2023,288,2209.0,11.94,0.0,23.01,0.0
101,2023,288,2210.0,11.94,0.0,22.99,0.0
101,2023,288,2211.0,11.94,0.0,22.96,0.0
101,2023,288,2212.0,11.94,0.0,22.96,0.0
101,2023,288,2213.0,11.94,0.0,22.97,0.0
101,2023,288,2214.0,11.94,0.0,22.95,0.0
101,2023,288,2215.0,11.94,0.0,22.93,0.0
101,2023,288,2216.0,11.94,0.0,22.93,0.0
101,2023,288,2217.0,11.94,0.0,22.92,0.0
101,2023,288,2218.0,11.94,0.0,22.92,0.0
101,2023,288,2219.0,11.94,0.0,22.92,0.0
101,2023,288,2220.0,11.94,0.0,22.91,0.0
101,2023,288,2221.0,11.92,0.0,22.91,0.0
101,2023,288,2222.0,11.92,0.0,22.91,0.0
101,2023,288,2223.0,11.93,0.0,22.91,0.0
101,2023,288,2224.0,11.93,0.0,22.92,0.0
101,2023,288,2225.0,11.93,0.0,22.94,0.0
101,2023,288,2226.0,11.93,0.0,22.93,0.0
101,2023,288,2227.0,11.93,0.0,22.95,0.0
101,2023,288,2228.0,11.92,0.0,22.92,0.0
101,2023,288,2229.0,11.92,0.0,22.91,0.0
101,2023,288,2230.0,11.91,0.0,22.9,0.0
101,2023,288,2231.0,11.88,0.0,22.89,0.0
101,2023,288,2232.0,11.91,0.0,22.9,0.0
101,2023,288,2233.0,11.91,0.0,22.92,0.0
101,2023,288,2234.0,11.9,0.0,22.91,0.0
101,2023,288,2235.0,11.92,0.0,22.91,0.0
101,2023,288,2236.0,11.92,0.0,22.89,0.0
101,2023,288,2237.0,11.92,0.0,22.91,0.0
101,2023,288,2238.0,11.92,0.0,22.91,0.0
101,2023,288,2239.0,11.93,0.0,22.93,0.0
101,2023,288,2240.0,11.93,0.0,22.93,0.0
101,2023,288,2241.0,11.93,0.0,22.92,0.0
101,2023,288,2242.0,11.93,0.0,22.91,0.0
101,2023,288,2243.0,11.93,0.0,22.89,0.0
101,2023,288,2244.0,11.93,0.0,22.89,0.0
101,2023,288,2245.0,11.93,0.0,22.9,0.0
101,2023,288,2246.0,11.93,0.0,22.89,0.0
101,2023,288,2247.0,11.92,0.0,22.89,0.0
101,2023,288,2248.0,11.92,0.0,22.88,0.0
101,2023,288,2249.0,11.92,0.0,22.87,0.0
101,2023,288,2250.0,11.91,0.0,22.87,0.0
101,2023,288,2251.0,11.91,0.0,22.94,0.0
101,2023,288,2252.0,11.91,0.0,22.97,0.0
101,2023,288,2253.0,11.91,0.0,23.0,0.0
101,2023,288,2254.0,11.91,0.0,23.03,0.0
101,2023,288,2255.0,11.92,0.0,23.07,0.0
101,2023,288,2256.0,11.91,0.0,23.08,0.0
101,2023,288,2257.0,11.91,0.0,23.08,0.0
101,2023,288,2258.0,11.91,0.0,23.09,0.0
101,2023,288,2259.0,11.92,0.0,23.12,0.0
101,2023,288,2300.0,11.92,0.0,23.15,0.0
101,2023,288,2301.0,11.92,0.0,23.15,0.0
101,2023,288,2302.0,11.92,0.0,23.16,0.0
101,2023,288,2303.0,11.93,0.0,23.18,0.0
101,2023,288,2304.0,11.92,0.0,23.19,0.0
101,2023,288,2305.0,11.93,0.0,23.2,0.0
101,2023,288,2306.0,11.92,0.0,23.2,0.0
101,2023,288,2307.0,11.92,0.0,23.13,0.0
101,2023,288,2308.0,11.92,0.0,22.96,0.0
101,2023,288,2309.0,11.92,0.0,22.88,0.0
101,2023,288,2310.0,11.92,0.0,22.81,0.0
101,2023,288,2311.0,11.92,0.0,22.77,0.0
101,2023,288,2312.0,11.92,0.0,22.67,0.0
101,2023,288,2313.0,11.92,0.0,22.63,0.0
101,2023,288,2314.0,11.92,0.0,22.62,0.0
101,2023,288,2315.0,11.92,0.0,22.57,0.0
101,2023,288,2316.0,11.92,0.0,22.51,0.0
101,2023,288,2317.0,11.92,0.0,22.49,0.0
101,2023,288,2318.0,11.92,0.0,22.46,0.0
101,2023,288,2319.0,11.92,0.0,22.43,0.0
101,2023,288,2320.0,11.92,0.0,22.39,0.0
101,2023,288,2321.0,11.92,0.0,22.36,0.0
101,2023,288,2322.0,11.92,0.0,22.32,0.0
101,2023,288,2323.0,11.93,0.0,22.3,0.0
101,2023,288,2324.0,11.92,0.0,22.28,0.0
101,2023,288,2325.0,11.93,0.0,22.26,0.0
101,2023,288,2326.0,11.92,0.0,22.22,0.0
101,2023,288,2327.0,11.93,0.0,22.18,0.0
101,2023,288,2328.0,11.92,0.0,22.15,0.0
101,2023,288,2329.0,11.92,0.0,22.13,0.0
101,2023,288,2330.0,11.92,0.0,22.12,0.0
101,2023,288,2331.0,11.92,0.0,22.11,0.0
101,2023,288,2332.0,11.92,0.0,22.1,0.0
101,2023,288,2333.0,11.92,0.0,22.1,0.0
101,2023,288,2334.0,11.92,0.0,22.1,0.0
101,2023,288,2335.0,11.92,0.0,22.09,0.0
101,2023,288,2336.0,11.91,0.0,22.08,0.0
101,2023,288,2337.0,11.9,0.0,22.09,0.0
101,2023,288,2338.0,11.92,0.0,22.12,0.0
101,2023,288,2339.0,11.92,0.0,22.18,0.0
101,2023,288,2340.0,11.92,0.0,22.15,0.0
101,2023,288,2341.0,11.92,0.0,22.15,0.0
101,2023,288,2342.0,11.92,0.0,22.17,0.0
101,2023,288,2343.0,11.92,0.0,22.18,0.0
101,2023,288,2344.0,11.92,0.0,22.18,0.0
101,2023,288,2345.0,11.92,0.0,22.19,0.0
101,2023,288,2346.0,11.92,0.0,22.21,0.0
101,2023,288,2347.0,11.92,0.0,22.21,0.0
101,2023,288,2348.0,11.92,0.0,22.21,0.0
101,2023,288,2349.0,11.92,0.0,22.22,0.0
101,2023,288,2350.0,11.92,0.0,22.26,0.0
101,2023,288,2351.0,11.92,0.0,22.26,0.0
101,2023,288,2352.0,11.92,0.0,22.23,0.0
101,2023,288,2353.0,11.92,0.0,22.2,0.0
101,2023,288,2354.0,11.92,0.0,22.18,0.0
101,2023,288,2355.0,11.92,0.0,22.17,0.0
101,2023,288,2356.0,11.91,0.0,22.16,0.0
101,2023,288,2357.0,11.92,0.0,22.14,0.0
101,2023,288,2358.0,11.91,0.0,22.13,0.0
101,2023,288,2359.0,11.92,0.0,22.12,0.0
