a,b,dia_juliano,d,e,f,g,h
101,2023,272,530.0,12.19,38.92,21.39,0.0
101,2023,272,531.0,12.24,40.39,21.39,0.0
101,2023,272,532.0,12.32,48.04,21.41,0.0
101,2023,272,533.0,12.38,51.0,21.43,0.0
101,2023,272,534.0,12.43,52.08,21.46,0.0
101,2023,272,535.0,12.49,53.66,21.49,0.0
101,2023,272,536.0,12.55,57.84,21.52,0.0
101,2023,272,537.0,12.6,69.49,21.54,0.0
101,2023,272,538.0,12.6,75.3,21.57,0.0
101,2023,272,539.0,12.6,78.6,21.58,0.0
101,2023,272,540.0,12.6,83.2,21.59,0.0
101,2023,272,541.0,12.61,88.8,21.59,0.0
101,2023,272,542.0,12.61,88.3,21.58,0.0
101,2023,272,543.0,12.61,89.9,21.61,0.0
101,2023,272,544.0,12.62,91.3,21.64,0.0
101,2023,272,545.0,12.62,96.4,21.68,0.0
101,2023,272,546.0,12.61,104.9,21.71,0.0
101,2023,272,547.0,12.61,117.0,21.76,0.0
101,2023,272,548.0,12.61,123.1,21.83,0.0
101,2023,272,549.0,12.62,125.5,21.88,0.0
101,2023,272,550.0,12.61,128.1,21.93,0.0
101,2023,272,551.0,12.62,133.5,22.0,0.0
101,2023,272,552.0,12.61,137.5,22.07,0.0
101,2023,272,553.0,12.61,140.2,22.13,0.0
101,2023,272,554.0,12.61,144.8,22.22,0.0
101,2023,272,555.0,12.61,147.2,22.3,0.0
101,2023,272,556.0,12.61,124.4,22.35,0.0
101,2023,272,557.0,12.61,145.3,22.38,0.0
101,2023,272,558.0,12.61,155.8,22.42,0.0
101,2023,272,559.0,12.61,155.3,22.47,0.0
101,2023,272,600.0,12.6,111.2,22.48,0.0
101,2023,272,601.0,12.6,150.9,22.48,0.0
101,2023,272,602.0,12.6,160.2,22.51,0.0
101,2023,272,603.0,12.6,165.8,22.55,0.0
101,2023,272,604.0,12.6,155.5,22.57,0.0
101,2023,272,605.0,12.6,126.5,22.57,0.0
101,2023,272,606.0,12.6,128.0,22.59,0.0
101,2023,272,607.0,12.6,103.7,22.6,0.0
101,2023,272,608.0,12.6,100.6,22.63,0.0
101,2023,272,609.0,12.6,86.5,22.65,0.0
101,2023,272,610.0,12.6,81.2,22.63,0.0
101,2023,272,611.0,12.6,78.4,22.58,0.0
101,2023,272,612.0,12.6,77.7,22.57,0.0
101,2023,272,613.0,12.6,79.3,22.58,0.0
101,2023,272,614.0,12.6,80.5,22.65,0.0
101,2023,272,615.0,12.6,78.8,22.67,0.0
101,2023,272,616.0,12.6,77.7,22.68,0.0
101,2023,272,617.0,12.6,79.4,22.67,0.0
101,2023,272,618.0,12.6,81.5,22.65,0.0
101,2023,272,619.0,12.6,84.4,22.66,0.0
101,2023,272,620.0,12.59,88.2,22.66,0.0
101,2023,272,621.0,12.6,90.0,22.65,0.0
101,2023,272,622.0,12.6,93.9,22.68,0.0
101,2023,272,623.0,12.6,94.5,22.66,0.0
101,2023,272,624.0,12.59,87.4,22.7,0.0
101,2023,272,625.0,12.59,81.7,22.7,0.0
101,2023,272,626.0,12.59,84.4,22.67,0.0
101,2023,272,627.0,12.6,90.4,22.67,0.0
101,2023,272,628.0,12.59,96.1,22.66,0.0
101,2023,272,629.0,12.6,105.9,22.65,0.0
101,2023,272,630.0,12.59,120.0,22.67,0.0
101,2023,272,631.0,12.6,124.2,22.68,0.0
101,2023,272,632.0,12.59,134.8,22.69,0.0
101,2023,272,633.0,12.6,176.7,22.71,0.0
101,2023,272,634.0,12.59,196.0,22.76,0.0
101,2023,272,635.0,12.59,204.6,22.81,0.0
101,2023,272,636.0,12.59,206.3,22.83,0.0
101,2023,272,637.0,12.59,202.3,22.89,0.0
101,2023,272,638.0,12.59,200.0,22.97,0.0
101,2023,272,639.0,12.59,202.4,23.02,0.0
101,2023,272,640.0,12.59,206.1,23.11,0.0
101,2023,272,641.0,12.59,213.7,23.14,0.0
101,2023,272,642.0,12.59,198.7,23.15,0.0
101,2023,272,643.0,12.58,163.5,23.17,0.0
101,2023,272,644.0,12.58,164.7,23.19,0.0
101,2023,272,645.0,12.58,182.6,23.25,0.0
101,2023,272,646.0,12.58,161.8,23.29,0.0
101,2023,272,647.0,12.58,205.0,23.27,0.0
101,2023,272,648.0,12.58,213.6,23.28,0.0
101,2023,272,649.0,12.58,206.3,23.39,0.0
101,2023,272,650.0,12.58,220.8,23.36,0.0
101,2023,272,651.0,12.58,227.2,23.36,0.0
101,2023,272,652.0,12.58,248.8,23.41,0.0
101,2023,272,653.0,12.57,228.8,23.46,0.0
101,2023,272,654.0,12.57,221.1,23.56,0.0
101,2023,272,655.0,12.57,233.3,23.58,0.0
101,2023,272,656.0,12.57,225.1,23.63,0.0
101,2023,272,657.0,12.57,223.2,23.68,0.0
101,2023,272,658.0,12.57,253.3,23.71,0.0
101,2023,272,659.0,12.57,290.6,23.64,0.0
101,2023,272,700.0,12.56,324.9,23.62,0.0
101,2023,272,701.0,12.57,346.3,23.68,0.0
101,2023,272,702.0,12.56,366.4,23.64,0.0
101,2023,272,703.0,12.56,347.1,23.7,0.0
101,2023,272,704.0,12.56,323.3,23.75,0.0
101,2023,272,705.0,12.56,324.2,23.87,0.0
101,2023,272,706.0,12.56,335.2,23.97,0.0
101,2023,272,707.0,12.56,361.9,24.07,0.0
101,2023,272,708.0,12.55,379.2,24.09,0.0
101,2023,272,709.0,12.55,388.2,24.11,0.0
101,2023,272,710.0,12.55,383.1,24.24,0.0
101,2023,272,711.0,12.55,370.3,24.34,0.0
101,2023,272,712.0,12.55,354.7,24.43,0.0
101,2023,272,713.0,12.55,385.6,24.51,0.0
101,2023,272,714.0,12.54,408.8,24.61,0.0
101,2023,272,715.0,12.54,402.1,24.75,0.0
101,2023,272,716.0,12.54,395.2,24.84,0.0
101,2023,272,717.0,12.54,394.2,24.72,0.0
101,2023,272,718.0,12.53,380.8,24.69,0.0
101,2023,272,719.0,12.53,377.4,24.75,0.0
101,2023,272,720.0,12.53,400.9,24.9,0.0
101,2023,272,721.0,12.53,411.2,24.89,0.0
101,2023,272,722.0,12.53,414.5,24.83,0.0
101,2023,272,723.0,12.53,390.5,24.93,0.0
101,2023,272,724.0,12.53,396.7,24.9,0.0
101,2023,272,725.0,12.53,389.7,24.85,0.0
101,2023,272,726.0,12.53,373.6,24.88,0.0
101,2023,272,727.0,12.53,380.0,24.96,0.0
101,2023,272,728.0,12.52,376.3,25.06,0.0
101,2023,272,729.0,12.53,357.6,25.08,0.0
101,2023,272,730.0,12.53,386.1,25.2,0.0
101,2023,272,731.0,12.53,416.2,25.26,0.0
101,2023,272,732.0,12.52,417.6,25.19,0.0
101,2023,272,733.0,12.52,404.7,25.21,0.0
101,2023,272,734.0,12.52,392.8,25.33,0.0
101,2023,272,735.0,12.53,408.8,25.38,0.0
101,2023,272,736.0,12.53,417.5,25.35,0.0
101,2023,272,737.0,12.52,426.6,25.41,0.0
101,2023,272,738.0,12.52,458.1,25.42,0.0
101,2023,272,739.0,12.52,489.5,25.52,0.0
101,2023,272,740.0,12.52,504.6,25.72,0.0
101,2023,272,741.0,12.52,451.7,25.75,0.0
101,2023,272,742.0,12.52,427.2,25.82,0.0
101,2023,272,743.0,12.52,482.9,25.87,0.0
101,2023,272,744.0,12.51,484.8,25.88,0.0
101,2023,272,745.0,12.51,524.9,25.91,0.0
101,2023,272,746.0,12.51,430.5,26.03,0.0
101,2023,272,747.0,12.51,457.7,26.06,0.0
101,2023,272,748.0,12.51,532.8,26.09,0.0
101,2023,272,749.0,12.51,529.8,26.21,0.0
101,2023,272,750.0,12.51,529.2,26.12,0.0
101,2023,272,751.0,12.5,523.1,26.06,0.0
101,2023,272,752.0,12.51,530.7,26.04,0.0
101,2023,272,753.0,12.51,518.7,26.25,0.0
101,2023,272,754.0,12.5,570.8,26.21,0.0
101,2023,272,755.0,12.5,601.0,26.09,0.0
101,2023,272,756.0,12.5,603.1,26.3,0.0
101,2023,272,757.0,12.5,396.8,26.37,0.0
101,2023,272,758.0,12.5,648.7,26.39,0.0
101,2023,272,759.0,12.5,677.9,26.43,0.0
101,2023,272,800.0,12.5,470.9,26.41,0.0
101,2023,272,801.0,12.5,524.5,26.52,0.0
101,2023,272,802.0,12.5,227.5,26.41,0.0
101,2023,272,803.0,12.5,264.8,26.46,0.0
101,2023,272,804.0,12.5,551.0,26.52,0.0
101,2023,272,805.0,12.5,528.2,26.57,0.0
101,2023,272,806.0,12.5,591.3,26.66,0.0
101,2023,272,807.0,12.5,706.0,26.86,0.0
101,2023,272,808.0,12.5,668.3,26.89,0.0
101,2023,272,809.0,12.5,706.0,26.94,0.0
101,2023,272,810.0,12.5,701.0,26.95,0.0
101,2023,272,811.0,12.49,698.4,27.02,0.0
101,2023,272,812.0,12.49,687.6,27.21,0.0
101,2023,272,813.0,12.49,681.5,27.25,0.0
101,2023,272,814.0,12.49,681.4,27.31,0.0
101,2023,272,815.0,12.49,666.6,27.18,0.0
101,2023,272,816.0,12.48,389.7,27.1,0.0
101,2023,272,817.0,12.48,647.2,27.14,0.0
101,2023,272,818.0,12.48,719.0,27.16,0.0
101,2023,272,819.0,12.48,745.0,27.23,0.0
101,2023,272,820.0,12.48,762.0,27.44,0.0
101,2023,272,821.0,12.48,495.7,27.52,0.0
101,2023,272,822.0,12.48,656.2,27.59,0.0
101,2023,272,823.0,12.48,645.6,27.37,0.0
101,2023,272,824.0,12.48,752.0,27.39,0.0
101,2023,272,825.0,12.47,744.0,27.56,0.0
101,2023,272,826.0,12.46,799.0,27.84,0.0
101,2023,272,827.0,12.47,820.0,28.1,0.0
101,2023,272,828.0,12.48,822.0,27.84,0.0
101,2023,272,829.0,12.47,792.0,27.73,0.0
101,2023,272,830.0,12.47,758.0,27.82,0.0
101,2023,272,831.0,12.47,743.0,27.91,0.0
101,2023,272,832.0,12.47,391.6,28.01,0.0
101,2023,272,833.0,12.47,301.3,27.83,0.0
101,2023,272,834.0,12.47,279.1,27.77,0.0
101,2023,272,835.0,12.47,360.4,27.68,0.0
101,2023,272,836.0,12.47,521.3,27.63,0.0
101,2023,272,837.0,12.47,452.5,27.62,0.0
101,2023,272,838.0,12.47,546.9,27.75,0.0
101,2023,272,839.0,12.48,726.0,27.71,0.0
101,2023,272,840.0,12.47,682.0,27.78,0.0
101,2023,272,841.0,12.47,841.0,27.94,0.0
101,2023,272,842.0,12.47,547.6,28.17,0.0
101,2023,272,843.0,12.47,541.4,28.08,0.0
101,2023,272,844.0,12.47,351.4,28.07,0.0
101,2023,272,845.0,12.47,334.1,28.29,0.0
101,2023,272,846.0,12.47,707.0,28.19,0.0
101,2023,272,847.0,12.47,836.0,28.06,0.0
101,2023,272,848.0,12.47,415.4,28.07,0.0
101,2023,272,849.0,12.47,526.5,28.05,0.0
101,2023,272,850.0,12.47,850.0,28.25,0.0
101,2023,272,851.0,12.47,814.0,28.41,0.0
101,2023,272,852.0,12.47,437.3,28.4,0.0
101,2023,272,853.0,12.47,308.7,28.28,0.0
101,2023,272,854.0,12.47,278.2,28.14,0.0
101,2023,272,855.0,12.47,489.2,27.96,0.0
101,2023,272,856.0,12.47,860.0,27.98,0.0
101,2023,272,857.0,12.47,850.0,27.96,0.0
101,2023,272,858.0,12.47,782.0,27.97,0.0
101,2023,272,859.0,12.47,871.0,28.15,0.0
101,2023,272,900.0,12.47,876.0,28.31,0.0
101,2023,272,901.0,12.46,886.0,28.26,0.0
101,2023,272,902.0,12.46,582.5,28.35,0.0
101,2023,272,903.0,12.46,307.0,28.33,0.0
101,2023,272,904.0,12.47,583.3,28.23,0.0
101,2023,272,905.0,12.47,827.0,28.17,0.0
101,2023,272,906.0,12.46,772.0,28.31,0.0
101,2023,272,907.0,12.46,859.0,28.38,0.0
101,2023,272,908.0,12.46,788.0,28.29,0.0
101,2023,272,909.0,12.46,842.0,28.5,0.0
101,2023,272,910.0,12.46,840.0,28.66,0.0
101,2023,272,911.0,12.46,857.0,28.8,0.0
101,2023,272,912.0,12.46,854.0,28.84,0.0
101,2023,272,913.0,12.46,868.0,28.9,0.0
101,2023,272,914.0,12.46,886.0,28.85,0.0
101,2023,272,915.0,12.46,900.0,28.91,0.0
101,2023,272,916.0,12.46,919.0,28.93,0.0
101,2023,272,917.0,12.46,854.0,28.9,0.0
101,2023,272,918.0,12.46,883.0,28.91,0.0
101,2023,272,919.0,12.46,876.0,29.04,0.0
101,2023,272,920.0,12.46,860.0,29.06,0.0
101,2023,272,921.0,12.46,760.0,28.97,0.0
101,2023,272,922.0,12.46,694.3,28.82,0.0
101,2023,272,923.0,12.46,695.0,28.7,0.0
101,2023,272,924.0,12.46,631.0,28.47,0.0
101,2023,272,925.0,12.46,376.4,28.44,0.0
101,2023,272,926.0,12.46,398.6,28.51,0.0
101,2023,272,927.0,12.46,494.2,28.67,0.0
101,2023,272,928.0,12.46,526.0,28.74,0.0
101,2023,272,929.0,12.46,994.0,28.82,0.0
101,2023,272,930.0,12.46,556.7,29.04,0.0
101,2023,272,931.0,12.46,394.3,29.02,0.0
101,2023,272,932.0,12.46,555.3,28.79,0.0
101,2023,272,933.0,12.47,643.5,28.79,0.0
101,2023,272,934.0,12.46,992.0,28.77,0.0
101,2023,272,935.0,12.46,1015.0,29.03,0.0
101,2023,272,936.0,12.46,1001.0,29.0,0.0
101,2023,272,937.0,12.46,996.0,28.97,0.0
101,2023,272,938.0,12.46,594.9,28.87,0.0
101,2023,272,939.0,12.46,294.5,29.07,0.0
101,2023,272,940.0,12.46,335.1,29.15,0.0
101,2023,272,941.0,12.46,458.5,28.95,0.0
101,2023,272,942.0,12.46,554.5,28.85,0.0
101,2023,272,943.0,12.46,564.2,28.9,0.0
101,2023,272,944.0,12.46,427.0,28.5,0.0
101,2023,272,945.0,12.46,394.5,28.3,0.0
101,2023,272,946.0,12.46,584.7,28.19,0.0
101,2023,272,947.0,12.46,819.0,28.43,0.0
101,2023,272,948.0,12.46,953.0,28.5,0.0
101,2023,272,949.0,12.46,867.0,28.61,0.0
101,2023,272,950.0,12.46,421.4,28.83,0.0
101,2023,272,951.0,12.46,386.0,28.93,0.0
101,2023,272,952.0,12.46,493.6,28.85,0.0
101,2023,272,953.0,12.46,769.0,28.84,0.0
101,2023,272,954.0,12.46,1205.0,28.84,0.0
101,2023,272,955.0,12.46,829.0,29.01,0.0
101,2023,272,956.0,12.46,960.0,29.05,0.0
101,2023,272,957.0,12.46,1117.0,29.1,0.0
101,2023,272,958.0,12.46,1106.0,29.07,0.0
101,2023,272,959.0,12.46,807.0,29.03,0.0
101,2023,272,1000.0,12.45,583.3,28.96,0.0
101,2023,272,1001.0,12.46,663.0,29.1,0.0
101,2023,272,1002.0,12.46,438.5,29.22,0.0
101,2023,272,1003.0,12.46,440.8,29.19,0.0
101,2023,272,1004.0,12.46,564.1,29.16,0.0
101,2023,272,1005.0,12.46,577.8,29.07,0.0
101,2023,272,1006.0,12.46,460.7,28.96,0.0
101,2023,272,1007.0,12.46,432.0,28.92,0.0
101,2023,272,1008.0,12.46,527.2,28.81,0.0
101,2023,272,1009.0,12.46,1142.0,28.9,0.0
101,2023,272,1010.0,12.46,803.0,28.9,0.0
101,2023,272,1011.0,12.46,1005.0,28.93,0.0
101,2023,272,1012.0,12.46,875.0,29.05,0.0
101,2023,272,1013.0,12.46,465.4,29.13,0.0
101,2023,272,1014.0,12.45,521.8,29.0,0.0
101,2023,272,1015.0,12.46,1012.0,29.11,0.0
101,2023,272,1016.0,12.46,1050.0,29.3,0.0
101,2023,272,1017.0,12.46,1110.0,29.26,0.0
101,2023,272,1018.0,12.46,488.6,29.43,0.0
101,2023,272,1019.0,12.46,641.5,29.54,0.0
101,2023,272,1020.0,12.45,915.0,29.77,0.0
101,2023,272,1021.0,12.46,602.1,29.76,0.0
101,2023,272,1022.0,12.46,843.0,29.64,0.0
101,2023,272,1023.0,12.46,1166.0,29.6,0.0
101,2023,272,1024.0,12.45,1106.0,29.53,0.0
101,2023,272,1025.0,12.45,735.0,29.58,0.0
101,2023,272,1026.0,12.45,445.9,29.33,0.0
101,2023,272,1027.0,12.45,473.1,29.17,0.0
101,2023,272,1028.0,12.45,498.6,29.02,0.0
101,2023,272,1029.0,12.45,557.3,28.99,0.0
101,2023,272,1030.0,12.45,509.7,29.13,0.0
101,2023,272,1031.0,12.46,502.6,29.13,0.0
101,2023,272,1032.0,12.45,505.1,29.01,0.0
101,2023,272,1033.0,12.45,537.0,28.91,0.0
101,2023,272,1034.0,12.45,720.0,28.89,0.0
101,2023,272,1035.0,12.47,671.7,28.86,0.0
101,2023,272,1036.0,12.47,615.4,28.93,0.0
101,2023,272,1037.0,12.47,536.7,28.96,0.0
101,2023,272,1038.0,12.46,495.1,29.07,0.0
101,2023,272,1039.0,12.46,479.0,29.13,0.0
101,2023,272,1040.0,12.46,485.3,28.93,0.0
101,2023,272,1041.0,12.47,462.5,28.93,0.0
101,2023,272,1042.0,12.47,445.9,28.82,0.0
101,2023,272,1043.0,12.47,446.7,28.77,0.0
101,2023,272,1044.0,12.46,493.7,28.86,0.0
101,2023,272,1045.0,12.47,476.4,28.99,0.0
101,2023,272,1046.0,12.45,462.3,29.11,0.0
101,2023,272,1047.0,12.46,456.6,29.08,0.0
101,2023,272,1048.0,12.45,462.3,29.03,0.0
101,2023,272,1049.0,12.45,473.2,28.95,0.0
101,2023,272,1050.0,12.45,467.1,29.05,0.0
101,2023,272,1051.0,12.45,482.4,29.2,0.0
101,2023,272,1052.0,12.46,498.1,29.26,0.0
101,2023,272,1053.0,12.45,687.4,29.39,0.0
101,2023,272,1054.0,12.45,1150.0,29.35,0.0
101,2023,272,1055.0,12.45,805.0,29.4,0.0
101,2023,272,1056.0,12.45,889.0,29.55,0.0
101,2023,272,1057.0,12.45,1085.0,29.97,0.0
101,2023,272,1058.0,12.45,600.8,30.33,0.0
101,2023,272,1059.0,12.45,459.7,30.0,0.0
101,2023,272,1100.0,12.45,466.0,29.8,0.0
101,2023,272,1101.0,12.45,467.3,29.67,0.0
101,2023,272,1102.0,12.45,474.1,29.54,0.0
101,2023,272,1103.0,12.45,494.3,29.38,0.0
101,2023,272,1104.0,12.45,539.5,29.35,0.0
101,2023,272,1105.0,12.44,483.7,29.41,0.0
101,2023,272,1106.0,12.44,474.4,29.56,0.0
101,2023,272,1107.0,12.44,467.9,29.57,0.0
101,2023,272,1108.0,12.45,463.3,29.75,0.0
101,2023,272,1109.0,12.44,458.7,29.86,0.0
101,2023,272,1110.0,12.45,455.3,29.79,0.0
101,2023,272,1111.0,12.45,458.8,29.79,0.0
101,2023,272,1112.0,12.45,468.1,29.62,0.0
101,2023,272,1113.0,12.44,475.6,29.69,0.0
101,2023,272,1114.0,12.44,655.5,29.8,0.0
101,2023,272,1115.0,12.44,1034.0,29.79,0.0
101,2023,272,1116.0,12.45,522.0,29.84,0.0
101,2023,272,1117.0,12.44,441.3,29.87,0.0
101,2023,272,1118.0,12.44,414.5,29.94,0.0
101,2023,272,1119.0,12.44,398.7,29.83,0.0
101,2023,272,1120.0,12.44,393.4,29.56,0.0
101,2023,272,1121.0,12.44,394.2,29.43,0.0
101,2023,272,1122.0,12.44,401.3,29.36,0.0
101,2023,272,1123.0,12.44,413.1,29.36,0.0
101,2023,272,1124.0,12.43,427.8,29.38,0.0
101,2023,272,1125.0,12.44,452.0,29.25,0.0
101,2023,272,1126.0,12.44,483.4,29.38,0.0
101,2023,272,1127.0,12.44,516.0,29.48,0.0
101,2023,272,1128.0,12.44,561.1,29.58,0.0
101,2023,272,1129.0,12.44,615.4,29.65,0.0
101,2023,272,1130.0,12.44,780.0,29.43,0.0
101,2023,272,1131.0,12.44,563.7,29.43,0.0
101,2023,272,1132.0,12.44,507.9,29.54,0.0
101,2023,272,1133.0,12.44,485.3,29.58,0.0
101,2023,272,1134.0,12.44,467.2,29.53,0.0
101,2023,272,1135.0,12.44,450.3,29.42,0.0
101,2023,272,1136.0,12.44,432.7,29.39,0.0
101,2023,272,1137.0,12.44,420.9,29.41,0.0
101,2023,272,1138.0,12.44,415.0,29.36,0.0
101,2023,272,1139.0,12.44,413.7,29.27,0.0
101,2023,272,1140.0,12.44,414.8,29.24,0.0
101,2023,272,1141.0,12.44,418.7,29.2,0.0
101,2023,272,1142.0,12.44,421.0,29.11,0.0
101,2023,272,1143.0,12.44,420.5,28.97,0.0
101,2023,272,1144.0,12.44,418.1,29.08,0.0
101,2023,272,1145.0,12.44,415.8,29.26,0.0
101,2023,272,1146.0,12.44,412.6,29.29,0.0
101,2023,272,1147.0,12.44,407.7,29.03,0.0
101,2023,272,1148.0,12.44,405.7,28.98,0.0
101,2023,272,1149.0,12.44,409.5,29.06,0.0
101,2023,272,1150.0,12.44,419.4,28.98,0.0
101,2023,272,1151.0,12.44,432.8,28.99,0.0
101,2023,272,1152.0,12.44,446.9,28.96,0.0
101,2023,272,1153.0,12.44,460.1,28.92,0.0
101,2023,272,1154.0,12.44,471.2,28.8,0.0
101,2023,272,1155.0,12.44,480.6,28.83,0.0
101,2023,272,1156.0,12.44,488.5,28.94,0.0
101,2023,272,1157.0,12.44,495.5,29.02,0.0
101,2023,272,1158.0,12.44,492.1,28.99,0.0
101,2023,272,1159.0,12.44,485.4,29.01,0.0
101,2023,272,1200.0,12.44,475.9,29.08,0.0
101,2023,272,1201.0,12.44,466.1,29.16,0.0
101,2023,272,1202.0,12.44,460.6,29.03,0.0
101,2023,272,1203.0,12.44,461.2,29.02,0.0
101,2023,272,1204.0,12.44,464.2,29.03,0.0
101,2023,272,1205.0,12.44,459.7,28.94,0.0
101,2023,272,1206.0,12.44,454.0,28.95,0.0
101,2023,272,1207.0,12.44,450.4,28.99,0.0
101,2023,272,1208.0,12.44,447.6,28.9,0.0
101,2023,272,1209.0,12.44,446.5,28.97,0.0
101,2023,272,1210.0,12.44,446.9,29.14,0.0
101,2023,272,1211.0,12.44,448.5,29.13,0.0
101,2023,272,1212.0,12.44,454.1,29.05,0.0
101,2023,272,1213.0,12.44,466.8,28.99,0.0
101,2023,272,1214.0,12.44,486.3,29.13,0.0
101,2023,272,1215.0,12.44,507.6,29.15,0.0
101,2023,272,1216.0,12.44,566.4,29.08,0.0
101,2023,272,1217.0,12.44,552.1,28.92,0.0
101,2023,272,1218.0,12.44,485.5,28.84,0.0
101,2023,272,1219.0,12.44,463.1,28.9,0.0
101,2023,272,1220.0,12.43,471.7,28.89,0.0
101,2023,272,1221.0,12.44,480.7,28.82,0.0
101,2023,272,1222.0,12.44,477.2,28.81,0.0
101,2023,272,1223.0,12.44,464.1,28.9,0.0
101,2023,272,1224.0,12.44,448.5,29.0,0.0
101,2023,272,1225.0,12.44,440.8,29.01,0.0
101,2023,272,1226.0,12.44,443.6,29.04,0.0
101,2023,272,1227.0,12.44,534.7,29.05,0.0
101,2023,272,1228.0,12.44,480.0,28.88,0.0
101,2023,272,1229.0,12.44,470.1,28.72,0.0
101,2023,272,1230.0,12.44,768.0,28.7,0.0
101,2023,272,1231.0,12.44,1056.0,28.75,0.0
101,2023,272,1232.0,12.44,1070.0,28.87,0.0
101,2023,272,1233.0,12.44,1136.0,29.18,0.0
101,2023,272,1234.0,12.44,1125.0,29.25,0.0
101,2023,272,1235.0,12.44,1126.0,29.22,0.0
101,2023,272,1236.0,12.44,1126.0,29.34,0.0
101,2023,272,1237.0,12.44,1015.0,29.37,0.0
101,2023,272,1238.0,12.44,1084.0,29.46,0.0
101,2023,272,1239.0,12.44,1130.0,29.6,0.0
101,2023,272,1240.0,12.44,1120.0,29.5,0.0
101,2023,272,1241.0,12.43,1128.0,29.36,0.0
101,2023,272,1242.0,12.43,1135.0,29.48,0.0
101,2023,272,1243.0,12.44,1130.0,29.63,0.0
101,2023,272,1244.0,12.44,1124.0,29.96,0.0
101,2023,272,1245.0,12.43,1128.0,30.11,0.0
101,2023,272,1246.0,12.43,1162.0,29.9,0.0
101,2023,272,1247.0,12.43,782.0,29.94,0.0
101,2023,272,1248.0,12.43,503.0,30.03,0.0
101,2023,272,1249.0,12.43,588.8,29.93,0.0
101,2023,272,1250.0,12.43,720.0,29.97,0.0
101,2023,272,1251.0,12.43,1143.0,29.79,0.0
101,2023,272,1252.0,12.43,1103.0,29.86,0.0
101,2023,272,1253.0,12.43,1075.0,30.02,0.0
101,2023,272,1254.0,12.43,1065.0,30.16,0.0
101,2023,272,1255.0,12.43,1067.0,30.0,0.0
101,2023,272,1256.0,12.43,1093.0,29.76,0.0
101,2023,272,1257.0,12.43,1126.0,29.79,0.0
101,2023,272,1258.0,12.43,1013.0,29.98,0.0
101,2023,272,1259.0,12.43,1148.0,30.19,0.0
101,2023,272,1300.0,12.43,1108.0,30.57,0.0
101,2023,272,1301.0,12.43,1065.0,30.55,0.0
101,2023,272,1302.0,12.43,1040.0,30.06,0.0
101,2023,272,1303.0,12.43,1021.0,29.75,0.0
101,2023,272,1304.0,12.43,1012.0,29.62,0.0
101,2023,272,1305.0,12.43,1009.0,29.89,0.0
101,2023,272,1306.0,12.43,1020.0,29.79,0.0
101,2023,272,1307.0,12.43,970.0,29.66,0.0
101,2023,272,1308.0,12.42,971.0,29.8,0.0
101,2023,272,1309.0,12.42,938.0,29.63,0.0
101,2023,272,1310.0,12.42,963.0,29.54,0.0
101,2023,272,1311.0,12.42,981.0,29.62,0.0
101,2023,272,1312.0,12.42,993.0,29.6,0.0
101,2023,272,1313.0,12.43,992.0,29.48,0.0
101,2023,272,1314.0,12.42,1000.0,29.53,0.0
101,2023,272,1315.0,12.42,1031.0,29.62,0.0
101,2023,272,1316.0,12.42,973.0,29.77,0.0
101,2023,272,1317.0,12.42,976.0,29.74,0.0
101,2023,272,1318.0,12.44,1004.0,29.68,0.0
101,2023,272,1319.0,12.44,981.0,29.64,0.0
101,2023,272,1320.0,12.44,964.0,29.74,0.0
101,2023,272,1321.0,12.44,951.0,29.78,0.0
101,2023,272,1322.0,12.43,943.0,30.27,0.0
101,2023,272,1323.0,12.44,949.0,30.33,0.0
101,2023,272,1324.0,12.42,968.0,30.21,0.0
101,2023,272,1325.0,12.42,631.8,29.97,0.0
101,2023,272,1326.0,12.42,655.4,29.98,0.0
101,2023,272,1327.0,12.42,431.7,29.86,0.0
101,2023,272,1328.0,12.42,927.0,29.75,0.0
101,2023,272,1329.0,12.42,853.0,29.64,0.0
101,2023,272,1330.0,12.42,942.0,29.53,0.0
101,2023,272,1331.0,12.42,916.0,29.62,0.0
101,2023,272,1332.0,12.4,900.0,29.57,0.0
101,2023,272,1333.0,12.41,885.0,29.6,0.0
101,2023,272,1334.0,12.42,875.0,29.67,0.0
101,2023,272,1335.0,12.42,869.0,29.59,0.0
101,2023,272,1336.0,12.42,865.0,29.42,0.0
101,2023,272,1337.0,12.42,861.0,29.4,0.0
101,2023,272,1338.0,12.42,856.0,29.09,0.0
101,2023,272,1339.0,12.44,848.0,28.96,0.0
101,2023,272,1340.0,12.43,843.0,28.93,0.0
101,2023,272,1341.0,12.42,840.0,28.92,0.0
101,2023,272,1342.0,12.43,837.0,28.82,0.0
101,2023,272,1343.0,12.43,833.0,29.05,0.0
101,2023,272,1344.0,12.43,827.0,29.24,0.0
101,2023,272,1345.0,12.43,823.0,29.35,0.0
101,2023,272,1346.0,12.43,819.0,29.28,0.0
101,2023,272,1347.0,12.43,815.0,29.33,0.0
101,2023,272,1348.0,12.43,812.0,29.56,0.0
101,2023,272,1349.0,12.43,812.0,29.56,0.0
101,2023,272,1350.0,12.48,810.0,29.63,0.0
101,2023,272,1351.0,12.56,806.0,29.64,0.0
101,2023,272,1352.0,12.54,804.0,29.6,0.0
101,2023,272,1353.0,12.54,801.0,29.56,0.0
101,2023,272,1354.0,12.53,799.0,29.43,0.0
101,2023,272,1355.0,12.53,797.0,29.36,0.0
101,2023,272,1356.0,12.53,794.0,29.42,0.0
101,2023,272,1357.0,12.53,797.0,29.54,0.0
101,2023,272,1358.0,12.53,801.0,29.62,0.0
101,2023,272,1359.0,12.53,804.0,29.85,0.0
101,2023,272,1400.0,12.53,815.0,29.76,0.0
101,2023,272,1401.0,12.53,831.0,29.61,0.0
101,2023,272,1402.0,12.52,847.0,29.36,0.0
101,2023,272,1403.0,12.52,652.1,29.27,0.0
101,2023,272,1404.0,12.52,277.1,29.28,0.0
101,2023,272,1405.0,12.52,220.9,29.26,0.0
101,2023,272,1406.0,12.52,358.6,29.17,0.0
101,2023,272,1407.0,12.52,682.5,29.04,0.0
101,2023,272,1408.0,12.52,785.0,29.06,0.0
101,2023,272,1409.0,12.52,772.0,29.13,0.0
101,2023,272,1410.0,12.52,767.0,29.07,0.0
101,2023,272,1411.0,12.52,761.0,29.27,0.0
101,2023,272,1412.0,12.52,752.0,29.44,0.0
101,2023,272,1413.0,12.52,747.0,29.42,0.0
101,2023,272,1414.0,12.52,742.0,29.25,0.0
101,2023,272,1415.0,12.52,739.0,29.36,0.0
101,2023,272,1416.0,12.51,738.0,29.2,0.0
101,2023,272,1417.0,12.52,736.0,29.24,0.0
101,2023,272,1418.0,12.52,737.0,29.09,0.0
101,2023,272,1419.0,12.52,736.0,29.22,0.0
101,2023,272,1420.0,12.51,740.0,29.31,0.0
101,2023,272,1421.0,12.51,740.0,29.4,0.0
101,2023,272,1422.0,12.51,744.0,29.36,0.0
101,2023,272,1423.0,12.51,750.0,29.17,0.0
101,2023,272,1424.0,12.51,754.0,29.11,0.0
101,2023,272,1425.0,12.51,752.0,29.17,0.0
101,2023,272,1426.0,12.51,747.0,29.21,0.0
101,2023,272,1427.0,12.51,736.0,29.41,0.0
101,2023,272,1428.0,12.51,724.0,29.44,0.0
101,2023,272,1429.0,12.5,718.0,29.53,0.0
101,2023,272,1430.0,12.5,721.0,29.53,0.0
101,2023,272,1431.0,12.5,695.7,29.57,0.0
101,2023,272,1432.0,12.49,714.0,29.46,0.0
101,2023,272,1433.0,12.43,599.7,29.23,0.0
101,2023,272,1434.0,12.39,687.5,29.04,0.0
101,2023,272,1435.0,12.39,694.8,29.2,0.0
101,2023,272,1436.0,12.39,688.0,29.13,0.0
101,2023,272,1437.0,12.4,678.4,29.08,0.0
101,2023,272,1438.0,12.39,670.5,28.84,0.0
101,2023,272,1439.0,12.39,666.0,28.61,0.0
101,2023,272,1440.0,12.39,661.8,28.55,0.0
101,2023,272,1441.0,12.39,659.9,28.59,0.0
101,2023,272,1442.0,12.39,659.2,28.61,0.0
101,2023,272,1443.0,12.39,654.5,28.6,0.0
101,2023,272,1444.0,12.38,646.4,28.8,0.0
101,2023,272,1445.0,12.39,641.1,28.64,0.0
101,2023,272,1446.0,12.38,636.7,28.59,0.0
101,2023,272,1447.0,12.38,633.4,28.62,0.0
101,2023,272,1448.0,12.38,630.0,28.61,0.0
101,2023,272,1449.0,12.39,627.0,28.61,0.0
101,2023,272,1450.0,12.38,624.2,28.6,0.0
101,2023,272,1451.0,12.39,619.6,28.58,0.0
101,2023,272,1452.0,12.39,615.9,28.71,0.0
101,2023,272,1453.0,12.39,614.1,28.79,0.0
101,2023,272,1454.0,12.38,613.8,28.75,0.0
101,2023,272,1455.0,12.38,613.3,28.64,0.0
101,2023,272,1456.0,12.4,611.2,28.44,0.0
101,2023,272,1457.0,12.4,607.1,28.41,0.0
101,2023,272,1458.0,12.39,603.2,28.62,0.0
101,2023,272,1459.0,12.4,599.0,28.69,0.0
101,2023,272,1500.0,12.4,594.5,28.71,0.0
101,2023,272,1501.0,12.4,588.1,28.7,0.0
101,2023,272,1502.0,12.4,581.9,28.58,0.0
101,2023,272,1503.0,12.4,575.7,28.53,0.0
101,2023,272,1504.0,12.4,570.1,28.49,0.0
101,2023,272,1505.0,12.4,563.8,28.46,0.0
101,2023,272,1506.0,12.41,557.0,28.42,0.0
101,2023,272,1507.0,12.41,550.3,28.52,0.0
101,2023,272,1508.0,12.4,543.7,28.51,0.0
101,2023,272,1509.0,12.41,538.6,28.38,0.0
101,2023,272,1510.0,12.41,533.5,28.36,0.0
101,2023,272,1511.0,12.41,527.4,28.46,0.0
101,2023,272,1512.0,12.41,522.3,28.54,0.0
101,2023,272,1513.0,12.41,518.3,28.57,0.0
101,2023,272,1514.0,12.41,513.9,28.59,0.0
101,2023,272,1515.0,12.41,509.5,28.71,0.0
101,2023,272,1516.0,12.41,506.0,28.76,0.0
101,2023,272,1517.0,12.41,502.0,28.68,0.0
101,2023,272,1518.0,12.41,498.5,28.42,0.0
101,2023,272,1519.0,12.41,494.1,28.27,0.0
101,2023,272,1520.0,12.41,489.1,28.23,0.0
101,2023,272,1521.0,12.41,483.9,28.33,0.0
101,2023,272,1522.0,12.41,480.0,28.39,0.0
101,2023,272,1523.0,12.42,475.8,28.36,0.0
101,2023,272,1524.0,12.41,470.4,28.45,0.0
101,2023,272,1525.0,12.42,465.6,28.59,0.0
101,2023,272,1526.0,12.42,462.3,28.63,0.0
101,2023,272,1527.0,12.42,458.8,28.59,0.0
101,2023,272,1528.0,12.41,454.2,28.46,0.0
101,2023,272,1529.0,12.42,448.9,28.46,0.0
101,2023,272,1530.0,12.42,445.4,28.32,0.0
101,2023,272,1531.0,12.42,442.3,28.3,0.0
101,2023,272,1532.0,12.43,438.6,28.22,0.0
101,2023,272,1533.0,12.42,433.8,28.1,0.0
101,2023,272,1534.0,12.41,428.5,27.89,0.0
101,2023,272,1535.0,12.42,422.9,27.93,0.0
101,2023,272,1536.0,12.43,419.1,27.96,0.0
101,2023,272,1537.0,12.43,415.2,27.92,0.0
101,2023,272,1538.0,12.43,412.6,27.95,0.0
101,2023,272,1539.0,12.43,410.8,28.11,0.0
101,2023,272,1540.0,12.43,408.7,28.07,0.0
101,2023,272,1541.0,12.43,405.7,28.09,0.0
101,2023,272,1542.0,12.43,401.1,28.08,0.0
101,2023,272,1543.0,12.43,395.6,28.01,0.0
101,2023,272,1544.0,12.43,374.6,27.92,0.0
101,2023,272,1545.0,12.43,336.5,27.88,0.0
101,2023,272,1546.0,12.43,357.9,27.96,0.0
101,2023,272,1547.0,12.43,387.6,27.98,0.0
101,2023,272,1548.0,12.43,381.9,28.04,0.0
101,2023,272,1549.0,12.44,375.4,27.96,0.0
101,2023,272,1550.0,12.44,368.8,27.91,0.0
101,2023,272,1551.0,12.43,362.3,27.73,0.0
101,2023,272,1552.0,12.43,356.2,27.77,0.0
101,2023,272,1553.0,12.44,351.2,27.85,0.0
101,2023,272,1554.0,12.43,347.7,27.92,0.0
101,2023,272,1555.0,12.44,345.3,27.98,0.0
101,2023,272,1556.0,12.43,194.3,28.02,0.0
101,2023,272,1557.0,12.44,227.5,27.99,0.0
101,2023,272,1558.0,12.44,326.1,27.9,0.0
101,2023,272,1559.0,12.44,324.8,27.8,0.0
101,2023,272,1600.0,12.44,320.5,27.77,0.0
101,2023,272,1601.0,12.44,184.8,27.8,0.0
101,2023,272,1602.0,12.43,295.7,27.69,0.0
101,2023,272,1603.0,12.44,311.6,27.66,0.0
101,2023,272,1604.0,12.44,311.6,27.63,0.0
101,2023,272,1605.0,12.44,309.1,27.61,0.0
101,2023,272,1606.0,12.43,283.0,27.64,0.0
101,2023,272,1607.0,12.44,115.3,27.68,0.0
101,2023,272,1608.0,12.44,208.8,27.6,0.0
101,2023,272,1609.0,12.44,279.4,27.54,0.0
101,2023,272,1610.0,12.44,220.6,27.55,0.0
101,2023,272,1611.0,12.44,119.3,27.54,0.0
101,2023,272,1612.0,12.44,86.1,27.5,0.0
101,2023,272,1613.0,12.44,85.4,27.42,0.0
101,2023,272,1614.0,12.44,96.8,27.38,0.0
101,2023,272,1615.0,12.45,181.7,27.29,0.0
101,2023,272,1616.0,12.45,135.9,27.29,0.0
101,2023,272,1617.0,12.45,178.9,27.24,0.0
101,2023,272,1618.0,12.45,233.7,27.2,0.0
101,2023,272,1619.0,12.45,230.1,27.21,0.0
101,2023,272,1620.0,12.45,222.9,27.26,0.0
101,2023,272,1621.0,12.45,218.6,27.31,0.0
101,2023,272,1622.0,12.45,213.3,27.31,0.0
101,2023,272,1623.0,12.45,207.5,27.29,0.0
101,2023,272,1624.0,12.45,199.9,27.29,0.0
101,2023,272,1625.0,12.45,120.0,27.25,0.0
101,2023,272,1626.0,12.44,81.6,27.1,0.0
101,2023,272,1627.0,12.45,117.3,27.03,0.0
101,2023,272,1628.0,12.44,74.1,26.96,0.0
101,2023,272,1629.0,12.43,63.31,26.92,0.0
101,2023,272,1630.0,12.44,68.93,26.89,0.0
101,2023,272,1631.0,12.45,153.8,26.83,0.0
101,2023,272,1632.0,12.45,156.9,26.75,0.0
101,2023,272,1633.0,12.46,156.8,26.78,0.0
101,2023,272,1634.0,12.46,151.3,26.79,0.0
101,2023,272,1635.0,12.44,97.3,26.73,0.0
101,2023,272,1636.0,12.41,55.7,26.67,0.0
101,2023,272,1637.0,12.41,50.34,26.57,0.0
101,2023,272,1638.0,12.41,48.06,26.54,0.0
101,2023,272,1639.0,12.41,46.65,26.53,0.0
101,2023,272,1640.0,12.4,45.64,26.52,0.0
101,2023,272,1641.0,12.4,45.1,26.47,0.0
101,2023,272,1642.0,12.39,45.07,26.44,0.0
101,2023,272,1643.0,12.39,45.33,26.42,0.0
101,2023,272,1644.0,12.38,46.26,26.38,0.0
101,2023,272,1645.0,12.39,47.7,26.37,0.0
101,2023,272,1646.0,12.38,48.94,26.36,0.0
101,2023,272,1647.0,12.38,49.53,26.33,0.0
101,2023,272,1648.0,12.37,49.7,26.31,0.0
101,2023,272,1649.0,12.37,58.55,26.27,0.0
101,2023,272,1650.0,12.37,66.57,26.26,0.0
101,2023,272,1651.0,12.38,74.1,26.28,0.0
101,2023,272,1652.0,12.37,77.1,26.29,0.0
101,2023,272,1653.0,12.38,73.5,26.27,0.0
101,2023,272,1654.0,12.38,69.78,26.26,0.0
101,2023,272,1655.0,12.37,65.66,26.26,0.0
101,2023,272,1656.0,12.37,62.31,26.27,0.0
101,2023,272,1657.0,12.37,59.57,26.26,0.0
101,2023,272,1658.0,12.35,56.69,26.26,0.0
101,2023,272,1659.0,12.35,53.73,26.24,0.0
101,2023,272,1700.0,12.35,51.0,26.24,0.0
101,2023,272,1701.0,12.34,48.49,26.22,0.0
101,2023,272,1702.0,12.32,45.67,26.22,0.0
101,2023,272,1703.0,12.32,42.73,26.2,0.0
101,2023,272,1704.0,12.29,39.66,26.2,0.0
101,2023,272,1705.0,12.28,36.36,26.19,0.0
101,2023,272,1706.0,12.27,33.25,26.17,0.0
101,2023,272,1707.0,12.26,30.58,26.17,0.0
101,2023,272,1708.0,12.25,28.26,26.15,0.0
101,2023,272,1709.0,12.25,25.72,26.14,0.0
101,2023,272,1710.0,12.24,22.28,26.09,0.0
101,2023,272,1711.0,12.23,18.36,26.07,0.0
101,2023,272,1712.0,12.22,14.92,26.08,0.0
101,2023,272,1713.0,12.22,12.81,26.06,0.0
101,2023,272,1714.0,12.22,11.06,26.04,0.0
101,2023,272,1715.0,12.21,9.73,26.01,0.0
101,2023,272,1716.0,12.2,8.46,25.99,0.0
101,2023,272,1717.0,12.2,7.28,25.99,0.0
101,2023,272,1718.0,12.19,6.375,25.99,0.0
101,2023,272,1719.0,12.19,5.613,25.97,0.0
101,2023,272,1720.0,12.18,4.992,25.93,0.0
101,2023,272,1721.0,12.18,4.428,25.89,0.0
101,2023,272,1722.0,12.17,3.921,25.89,0.0
101,2023,272,1723.0,12.17,3.723,25.85,0.0
101,2023,272,1724.0,12.16,3.441,25.83,0.0
101,2023,272,1725.0,12.16,3.018,25.8,0.0
101,2023,272,1726.0,12.15,2.482,25.79,0.0
101,2023,272,1727.0,12.15,2.285,25.76,0.0
101,2023,272,1728.0,12.15,1.777,25.75,0.0
101,2023,272,1729.0,12.15,1.692,25.75,0.0
101,2023,272,1730.0,12.14,1.608,25.73,0.0
101,2023,272,1731.0,12.13,1.269,25.71,0.0
101,2023,272,1732.0,12.13,1.072,25.69,0.0
101,2023,272,1733.0,12.11,1.015,25.67,0.0
101,2023,272,1734.0,12.11,1.015,25.67,0.0
101,2023,272,1735.0,12.13,1.015,25.66,0.0
101,2023,272,1736.0,12.13,1.015,25.64,0.0
101,2023,272,1737.0,12.12,0.959,25.64,0.0
101,2023,272,1738.0,12.12,0.0,25.6,0.0
101,2023,272,1739.0,12.12,0.0,25.57,0.0
101,2023,272,1740.0,12.11,0.0,25.52,0.0
101,2023,272,1741.0,12.11,0.0,25.47,0.0
101,2023,272,1742.0,12.11,0.0,25.44,0.0
101,2023,272,1743.0,12.11,0.0,25.41,0.0
101,2023,272,1744.0,12.1,0.0,25.38,0.0
101,2023,272,1745.0,12.1,0.0,25.36,0.0
101,2023,272,1746.0,12.09,0.0,25.33,0.0
101,2023,272,1747.0,12.09,0.0,25.29,0.0
101,2023,272,1748.0,12.08,0.0,25.26,0.0
101,2023,272,1749.0,12.08,0.0,25.24,0.0
101,2023,272,1750.0,12.08,0.0,25.23,0.0
101,2023,272,1751.0,12.08,0.0,25.22,0.0
101,2023,272,1752.0,12.08,0.0,25.21,0.0
101,2023,272,1753.0,12.07,0.0,25.19,0.0
101,2023,272,1754.0,12.07,0.0,25.16,0.0
101,2023,272,1755.0,12.07,0.0,25.13,0.0
101,2023,272,1756.0,12.07,0.0,25.09,0.0
101,2023,272,1757.0,12.07,0.0,25.08,0.0
101,2023,272,1758.0,12.07,0.0,25.06,0.0
101,2023,272,1759.0,12.06,0.0,25.05,0.0
