a,b,dia_juliano,d,e,f,g,h
101,2023,79,0.0,12.62,0.0,23.13,0.0
101,2023,79,1.0,12.62,0.0,23.12,0.0
101,2023,79,2.0,12.62,0.0,23.12,0.0
101,2023,79,3.0,12.61,0.0,23.12,0.0
101,2023,79,4.0,12.61,0.0,23.13,0.0
101,2023,79,5.0,12.62,0.0,23.12,0.0
101,2023,79,6.0,12.62,0.0,23.11,0.0
101,2023,79,7.0,12.62,0.0,23.1,0.0
101,2023,79,8.0,12.61,0.0,23.09,0.0
101,2023,79,9.0,12.61,0.0,23.09,0.0
101,2023,79,10.0,12.61,0.0,23.08,0.0
101,2023,79,11.0,12.61,0.0,23.09,0.0
101,2023,79,12.0,12.61,0.0,23.08,0.0
101,2023,79,13.0,12.61,0.0,23.08,0.0
101,2023,79,14.0,12.61,0.0,23.08,0.0
101,2023,79,15.0,12.61,0.0,23.08,0.0
101,2023,79,16.0,12.61,0.0,23.09,0.0
101,2023,79,17.0,12.61,0.0,23.1,0.0
101,2023,79,18.0,12.61,0.0,23.1,0.0
101,2023,79,19.0,12.61,0.0,23.1,0.0
101,2023,79,20.0,12.61,0.0,23.11,0.0
101,2023,79,21.0,12.61,0.0,23.11,0.0
101,2023,79,22.0,12.61,0.0,23.11,0.0
101,2023,79,23.0,12.61,0.0,23.09,0.0
101,2023,79,24.0,12.61,0.0,23.08,0.0
101,2023,79,25.0,12.61,0.0,23.07,0.0
101,2023,79,26.0,12.61,0.0,23.08,0.0
101,2023,79,27.0,12.61,0.0,23.1,0.0
101,2023,79,28.0,12.61,0.0,23.11,0.0
101,2023,79,29.0,12.61,0.0,23.12,0.0
101,2023,79,30.0,12.61,0.0,23.13,0.0
101,2023,79,31.0,12.61,0.0,23.13,0.0
101,2023,79,32.0,12.61,0.0,23.13,0.0
101,2023,79,33.0,12.61,0.0,23.11,0.0
101,2023,79,34.0,12.6,0.0,23.05,0.0
101,2023,79,35.0,12.6,0.0,23.06,0.0
101,2023,79,36.0,12.61,0.0,23.08,0.0
101,2023,79,37.0,12.61,0.0,23.08,0.0
101,2023,79,38.0,12.6,0.0,23.07,0.0
101,2023,79,39.0,12.6,0.0,23.05,0.0
101,2023,79,40.0,12.6,0.0,23.03,0.0
101,2023,79,41.0,12.61,0.0,23.01,0.0
101,2023,79,42.0,12.6,0.0,22.99,0.0
101,2023,79,43.0,12.6,0.0,22.98,0.0
101,2023,79,44.0,12.6,0.0,22.97,0.0
101,2023,79,45.0,12.6,0.0,22.96,0.0
101,2023,79,46.0,12.6,0.0,22.97,0.0
101,2023,79,47.0,12.6,0.0,22.97,0.0
101,2023,79,48.0,12.6,0.0,22.97,0.0
101,2023,79,49.0,12.6,0.0,23.0,0.0
101,2023,79,50.0,12.6,0.0,23.01,0.0
101,2023,79,51.0,12.6,0.0,23.03,0.0
101,2023,79,52.0,12.6,0.0,23.05,0.0
101,2023,79,53.0,12.6,0.0,23.05,0.0
101,2023,79,54.0,12.6,0.0,23.06,0.0
101,2023,79,55.0,12.6,0.0,23.04,0.0
101,2023,79,56.0,12.6,0.0,23.04,0.0
101,2023,79,57.0,12.6,0.0,23.03,0.0
101,2023,79,58.0,12.6,0.0,23.0,0.0
101,2023,79,59.0,12.6,0.0,23.0,0.0
101,2023,79,100.0,12.59,0.0,23.02,0.0
101,2023,79,101.0,12.6,0.0,23.0,0.0
101,2023,79,102.0,12.6,0.0,22.99,0.0
101,2023,79,103.0,12.6,0.0,22.98,0.0
101,2023,79,104.0,12.6,0.0,22.99,0.0
101,2023,79,105.0,12.6,0.0,23.01,0.0
101,2023,79,106.0,12.59,0.0,23.06,0.0
101,2023,79,107.0,12.6,0.0,23.04,0.0
101,2023,79,108.0,12.59,0.0,23.03,0.0
101,2023,79,109.0,12.59,0.0,22.92,0.0
101,2023,79,110.0,12.59,0.0,22.8,0.0
101,2023,79,111.0,12.59,0.0,22.77,0.0
101,2023,79,112.0,12.59,0.0,22.7,0.0
101,2023,79,113.0,12.59,0.0,22.64,0.0
101,2023,79,114.0,12.59,0.0,22.58,0.0
101,2023,79,115.0,12.59,0.0,22.57,0.0
101,2023,79,116.0,12.59,0.0,22.53,0.0
101,2023,79,117.0,12.59,0.0,22.51,0.0
101,2023,79,118.0,12.59,0.0,22.51,0.0
101,2023,79,119.0,12.59,0.0,22.53,0.0
101,2023,79,120.0,12.59,0.0,22.56,0.0
101,2023,79,121.0,12.59,0.0,22.61,0.0
101,2023,79,122.0,12.59,0.0,22.64,0.0
101,2023,79,123.0,12.59,0.0,22.65,0.0
101,2023,79,124.0,12.59,0.0,22.66,0.0
101,2023,79,125.0,12.59,0.0,22.65,0.0
101,2023,79,126.0,12.59,0.0,22.64,0.0
101,2023,79,127.0,12.59,0.0,22.64,0.0
101,2023,79,128.0,12.59,0.0,22.64,0.0
101,2023,79,129.0,12.59,0.0,22.64,0.0
101,2023,79,130.0,12.59,0.0,22.66,0.0
101,2023,79,131.0,12.58,0.0,22.67,0.0
101,2023,79,132.0,12.59,0.0,22.67,0.0
101,2023,79,133.0,12.58,0.0,22.65,0.0
101,2023,79,134.0,12.58,0.0,22.63,0.0
101,2023,79,135.0,12.58,0.0,22.64,0.0
101,2023,79,136.0,12.58,0.0,22.68,0.0
101,2023,79,137.0,12.58,0.0,22.7,0.0
101,2023,79,138.0,12.58,0.0,22.7,0.0
101,2023,79,139.0,12.58,0.0,22.69,0.0
101,2023,79,140.0,12.58,0.0,22.69,0.0
101,2023,79,141.0,12.58,0.0,22.68,0.0
101,2023,79,142.0,12.58,0.0,22.67,0.0
101,2023,79,143.0,12.58,0.0,22.69,0.0
101,2023,79,144.0,12.58,0.0,22.7,0.0
101,2023,79,145.0,12.58,0.0,22.72,0.0
101,2023,79,146.0,12.58,0.0,22.7,0.0
101,2023,79,147.0,12.58,0.0,22.68,0.0
101,2023,79,148.0,12.58,0.0,22.65,0.0
101,2023,79,149.0,12.58,0.0,22.66,0.0
101,2023,79,150.0,12.58,0.0,22.64,0.0
101,2023,79,151.0,12.58,0.0,22.59,0.0
101,2023,79,152.0,12.58,0.0,22.58,0.0
101,2023,79,153.0,12.58,0.0,22.54,0.0
101,2023,79,154.0,12.58,0.0,22.54,0.0
101,2023,79,155.0,12.58,0.0,22.6,0.0
101,2023,79,156.0,12.58,0.0,22.62,0.0
101,2023,79,157.0,12.58,0.0,22.64,0.0
101,2023,79,158.0,12.57,0.0,22.65,0.0
101,2023,79,159.0,12.58,0.0,22.66,0.0
101,2023,79,200.0,12.58,0.0,22.64,0.0
101,2023,79,201.0,12.58,0.0,22.6,0.0
101,2023,79,202.0,12.57,0.0,22.57,0.0
101,2023,79,203.0,12.57,0.0,22.54,0.0
101,2023,79,204.0,12.57,0.0,22.55,0.0
101,2023,79,205.0,12.57,0.0,22.56,0.0
101,2023,79,206.0,12.57,0.0,22.56,0.0
101,2023,79,207.0,12.57,0.0,22.55,0.0
101,2023,79,208.0,12.57,0.0,22.54,0.0
101,2023,79,209.0,12.57,0.0,22.54,0.0
101,2023,79,210.0,12.57,0.0,22.54,0.0
101,2023,79,211.0,12.57,0.0,22.55,0.0
101,2023,79,212.0,12.57,0.0,22.55,0.0
101,2023,79,213.0,12.57,0.0,22.55,0.0
101,2023,79,214.0,12.57,0.0,22.55,0.0
101,2023,79,215.0,12.57,0.0,22.59,0.0
101,2023,79,216.0,12.57,0.0,22.62,0.0
101,2023,79,217.0,12.57,0.0,22.64,0.0
101,2023,79,218.0,12.57,0.0,22.65,0.0
101,2023,79,219.0,12.57,0.0,22.64,0.0
101,2023,79,220.0,12.57,0.0,22.64,0.0
101,2023,79,221.0,12.57,0.0,22.63,0.0
101,2023,79,222.0,12.57,0.0,22.64,0.0
101,2023,79,223.0,12.57,0.0,22.67,0.0
101,2023,79,224.0,12.57,0.0,22.72,0.0
101,2023,79,225.0,12.57,0.0,22.78,0.0
101,2023,79,226.0,12.57,0.0,22.83,0.0
101,2023,79,227.0,12.57,0.0,22.85,0.0
101,2023,79,228.0,12.57,0.0,22.85,0.0
101,2023,79,229.0,12.57,0.0,22.84,0.0
101,2023,79,230.0,12.57,0.0,22.84,0.0
101,2023,79,231.0,12.57,0.0,22.84,0.0
101,2023,79,232.0,12.56,0.0,22.84,0.0
101,2023,79,233.0,12.56,0.0,22.85,0.0
101,2023,79,234.0,12.57,0.0,22.86,0.0
101,2023,79,235.0,12.56,0.0,22.87,0.0
101,2023,79,236.0,12.56,0.0,22.87,0.0
101,2023,79,237.0,12.56,0.0,22.86,0.0
101,2023,79,238.0,12.56,0.0,22.84,0.0
101,2023,79,239.0,12.56,0.0,22.82,0.0
101,2023,79,240.0,12.56,0.0,22.8,0.0
101,2023,79,241.0,12.56,0.0,22.77,0.0
101,2023,79,242.0,12.56,0.0,22.79,0.0
101,2023,79,243.0,12.56,0.0,22.82,0.0
101,2023,79,244.0,12.56,0.0,22.83,0.0
101,2023,79,245.0,12.56,0.0,22.83,0.0
101,2023,79,246.0,12.56,0.0,22.83,0.0
101,2023,79,247.0,12.56,0.0,22.83,0.0
101,2023,79,248.0,12.56,0.0,22.83,0.0
101,2023,79,249.0,12.56,0.0,22.84,0.0
101,2023,79,250.0,12.56,0.0,22.86,0.0
101,2023,79,251.0,12.56,0.0,22.86,0.0
101,2023,79,252.0,12.56,0.0,22.87,0.0
101,2023,79,253.0,12.56,0.0,22.86,0.0
101,2023,79,254.0,12.56,0.0,22.86,0.0
101,2023,79,255.0,12.56,0.0,22.84,0.0
101,2023,79,256.0,12.56,0.0,22.83,0.0
101,2023,79,257.0,12.56,0.0,22.82,0.0
101,2023,79,258.0,12.56,0.0,22.8,0.0
101,2023,79,259.0,12.56,0.0,22.81,0.0
101,2023,79,300.0,12.56,0.0,22.77,0.0
101,2023,79,301.0,12.56,0.0,22.77,0.0
101,2023,79,302.0,12.56,0.0,22.79,0.0
101,2023,79,303.0,12.56,0.0,22.79,0.0
101,2023,79,304.0,12.56,0.0,22.79,0.0
101,2023,79,305.0,12.56,0.0,22.79,0.0
101,2023,79,306.0,12.56,0.0,22.79,0.0
101,2023,79,307.0,12.56,0.0,22.82,0.0
101,2023,79,308.0,12.56,0.0,22.86,0.0
101,2023,79,309.0,12.56,0.0,22.85,0.0
101,2023,79,310.0,12.56,0.0,22.81,0.0
101,2023,79,311.0,12.56,0.0,22.81,0.0
101,2023,79,312.0,12.56,0.0,22.82,0.0
101,2023,79,313.0,12.56,0.0,22.79,0.0
101,2023,79,314.0,12.56,0.0,22.77,0.0
101,2023,79,315.0,12.56,0.0,22.77,0.0
101,2023,79,316.0,12.56,0.0,22.77,0.0
101,2023,79,317.0,12.56,0.0,22.77,0.0
101,2023,79,318.0,12.56,0.0,22.77,0.0
101,2023,79,319.0,12.56,0.0,22.77,0.0
101,2023,79,320.0,12.56,0.0,22.77,0.0
101,2023,79,321.0,12.56,0.0,22.77,0.0
101,2023,79,322.0,12.56,0.0,22.78,0.0
101,2023,79,323.0,12.56,0.0,22.78,0.0
101,2023,79,324.0,12.56,0.0,22.78,0.0
101,2023,79,325.0,12.56,0.0,22.78,0.0
101,2023,79,326.0,12.56,0.0,22.79,0.0
101,2023,79,327.0,12.56,0.0,22.81,0.0
101,2023,79,328.0,12.56,0.0,22.83,0.0
101,2023,79,329.0,12.55,0.0,22.86,0.0
101,2023,79,330.0,12.56,0.0,22.89,0.0
101,2023,79,331.0,12.55,0.0,22.91,0.0
101,2023,79,332.0,12.56,0.0,22.91,0.0
101,2023,79,333.0,12.56,0.0,22.92,0.0
101,2023,79,334.0,12.55,0.0,22.94,0.0
101,2023,79,335.0,12.55,0.0,22.96,0.0
101,2023,79,336.0,12.56,0.0,22.95,0.0
101,2023,79,337.0,12.55,0.0,22.94,0.0
101,2023,79,338.0,12.55,0.0,22.94,0.0
101,2023,79,339.0,12.55,0.0,22.95,0.0
101,2023,79,340.0,12.56,0.0,22.95,0.0
101,2023,79,341.0,12.55,0.0,22.95,0.0
101,2023,79,342.0,12.55,0.0,22.96,0.0
101,2023,79,343.0,12.56,0.0,22.95,0.0
101,2023,79,344.0,12.55,0.0,22.96,0.0
101,2023,79,345.0,12.55,0.0,22.96,0.0
101,2023,79,346.0,12.56,0.0,22.96,0.0
101,2023,79,347.0,12.55,0.0,22.96,0.0
101,2023,79,348.0,12.56,0.0,22.95,0.0
101,2023,79,349.0,12.55,0.0,22.94,0.0
101,2023,79,350.0,12.55,0.0,22.94,0.0
101,2023,79,351.0,12.55,0.0,22.91,0.0
101,2023,79,352.0,12.55,0.0,22.89,0.0
101,2023,79,353.0,12.55,0.0,22.87,0.0
101,2023,79,354.0,12.55,0.0,22.85,0.0
101,2023,79,355.0,12.55,0.0,22.84,0.0
101,2023,79,356.0,12.55,0.0,22.82,0.0
101,2023,79,357.0,12.55,0.0,22.81,0.0
101,2023,79,358.0,12.55,0.0,22.8,0.0
101,2023,79,359.0,12.55,0.0,22.79,0.0
101,2023,79,400.0,12.55,0.0,22.77,0.0
101,2023,79,401.0,12.55,0.0,22.76,0.0
101,2023,79,402.0,12.55,0.0,22.75,0.0
101,2023,79,403.0,12.55,0.0,22.74,0.0
101,2023,79,404.0,12.55,0.0,22.73,0.0
101,2023,79,405.0,12.55,0.0,22.74,0.0
101,2023,79,406.0,12.55,0.0,22.74,0.0
101,2023,79,407.0,12.55,0.0,22.72,0.0
101,2023,79,408.0,12.55,0.0,22.69,0.0
101,2023,79,409.0,12.55,0.0,22.68,0.0
101,2023,79,410.0,12.55,0.0,22.67,0.0
101,2023,79,411.0,12.55,0.0,22.68,0.0
101,2023,79,412.0,12.55,0.0,22.69,0.0
101,2023,79,413.0,12.55,0.0,22.69,0.0
101,2023,79,414.0,12.55,0.0,22.69,0.0
101,2023,79,415.0,12.55,0.0,22.69,0.0
101,2023,79,416.0,12.55,0.0,22.7,0.0
101,2023,79,417.0,12.55,0.0,22.66,0.0
101,2023,79,418.0,12.55,0.0,22.65,0.0
101,2023,79,419.0,12.55,0.0,22.64,0.0
101,2023,79,420.0,12.55,0.0,22.63,0.0
101,2023,79,421.0,12.55,0.0,22.6,0.0
101,2023,79,422.0,12.55,0.0,22.55,0.0
101,2023,79,423.0,12.55,0.0,22.54,0.0
101,2023,79,424.0,12.55,0.0,22.55,0.0
101,2023,79,425.0,12.55,0.0,22.58,0.0
101,2023,79,426.0,12.55,0.0,22.57,0.0
101,2023,79,427.0,12.55,0.0,22.56,0.0
101,2023,79,428.0,12.55,0.0,22.54,0.0
101,2023,79,429.0,12.55,0.0,22.53,0.0
101,2023,79,430.0,12.55,0.0,22.51,0.0
101,2023,79,431.0,12.55,0.0,22.49,0.0
101,2023,79,432.0,12.55,0.0,22.47,0.0
101,2023,79,433.0,12.55,0.0,22.45,0.0
101,2023,79,434.0,12.55,0.0,22.47,0.0
101,2023,79,435.0,12.55,0.0,22.47,0.0
101,2023,79,436.0,12.55,0.0,22.47,0.0
101,2023,79,437.0,12.55,0.0,22.45,0.0
101,2023,79,438.0,12.55,0.0,22.42,0.0
101,2023,79,439.0,12.55,0.0,22.45,0.0
101,2023,79,440.0,12.55,0.0,22.51,0.0
101,2023,79,441.0,12.55,0.0,22.58,0.0
101,2023,79,442.0,12.55,0.0,22.62,0.0
101,2023,79,443.0,12.55,0.0,22.65,0.0
101,2023,79,444.0,12.55,0.0,22.64,0.0
101,2023,79,445.0,12.55,0.0,22.67,0.0
101,2023,79,446.0,12.55,0.0,22.72,0.0
101,2023,79,447.0,12.55,0.0,22.75,0.0
101,2023,79,448.0,12.55,0.0,22.75,0.0
101,2023,79,449.0,12.55,0.0,22.74,0.0
101,2023,79,450.0,12.55,0.0,22.76,0.0
101,2023,79,451.0,12.55,0.0,22.78,0.0
101,2023,79,452.0,12.55,0.0,22.79,0.0
101,2023,79,453.0,12.55,0.0,22.79,0.0
101,2023,79,454.0,12.55,0.0,22.81,0.0
101,2023,79,455.0,12.55,0.0,22.81,0.0
101,2023,79,456.0,12.55,0.0,22.81,0.0
101,2023,79,457.0,12.55,0.0,22.81,0.0
101,2023,79,458.0,12.55,0.0,22.81,0.0
101,2023,79,459.0,12.55,0.0,22.8,0.0
101,2023,79,500.0,12.55,0.0,22.8,0.0
101,2023,79,501.0,12.55,0.0,22.82,0.0
101,2023,79,502.0,12.55,0.0,22.83,0.0
101,2023,79,503.0,12.55,0.0,22.84,0.0
101,2023,79,504.0,12.55,0.0,22.84,0.0
101,2023,79,505.0,12.55,0.0,22.84,0.0
101,2023,79,506.0,12.55,0.0,22.84,0.0
101,2023,79,507.0,12.55,0.0,22.83,0.0
101,2023,79,508.0,12.55,0.0,22.83,0.0
101,2023,79,509.0,12.55,0.0,22.83,0.0
101,2023,79,510.0,12.55,0.0,22.84,0.0
101,2023,79,511.0,12.55,0.0,22.84,0.0
101,2023,79,512.0,12.55,0.0,22.84,0.0
101,2023,79,513.0,12.55,0.0,22.84,0.0
101,2023,79,514.0,12.55,0.0,22.83,0.0
101,2023,79,515.0,12.55,0.0,22.84,0.0
101,2023,79,516.0,12.55,0.0,22.84,0.0
101,2023,79,517.0,12.55,0.0,22.84,0.0
101,2023,79,518.0,12.55,0.0,22.84,0.0
101,2023,79,519.0,12.55,0.987,22.83,0.0
101,2023,79,520.0,12.55,1.325,22.82,0.0
101,2023,79,521.0,12.55,1.579,22.8,0.0
101,2023,79,522.0,12.55,1.861,22.79,0.0
101,2023,79,523.0,12.54,2.03,22.78,0.0
101,2023,79,524.0,12.55,2.228,22.78,0.0
101,2023,79,525.0,12.55,2.369,22.77,0.0
101,2023,79,526.0,12.55,2.369,22.77,0.0
101,2023,79,527.0,12.55,2.369,22.75,0.0
101,2023,79,528.0,12.54,2.622,22.73,0.0
101,2023,79,529.0,12.55,2.651,22.69,0.0
101,2023,79,530.0,12.55,2.369,22.67,0.0
101,2023,79,531.0,12.55,2.369,22.67,0.0
101,2023,79,532.0,12.55,2.34,22.68,0.0
101,2023,79,533.0,12.55,2.397,22.7,0.0
101,2023,79,534.0,12.55,2.735,22.71,0.0
101,2023,79,535.0,12.55,3.694,22.73,0.0
101,2023,79,536.0,12.55,4.624,22.74,0.0
101,2023,79,537.0,12.55,5.668,22.74,0.0
101,2023,79,538.0,12.55,6.514,22.74,0.0
101,2023,79,539.0,12.55,7.28,22.73,0.0
101,2023,79,540.0,12.55,8.04,22.72,0.0
101,2023,79,541.0,12.55,8.94,22.7,0.0
101,2023,79,542.0,12.55,9.9,22.69,0.0
101,2023,79,543.0,12.55,10.94,22.69,0.0
101,2023,79,544.0,12.55,11.98,22.68,0.0
101,2023,79,545.0,12.55,12.97,22.68,0.0
101,2023,79,546.0,12.55,13.9,22.67,0.0
101,2023,79,547.0,12.54,14.97,22.67,0.0
101,2023,79,548.0,12.55,16.24,22.69,0.0
101,2023,79,549.0,12.55,17.54,22.69,0.0
101,2023,79,550.0,12.55,19.06,22.72,0.0
101,2023,79,551.0,12.55,20.73,22.73,0.0
101,2023,79,552.0,12.55,21.91,22.74,0.0
101,2023,79,553.0,12.55,21.71,22.77,0.0
101,2023,79,554.0,12.55,19.99,22.79,0.0
101,2023,79,555.0,12.55,17.31,22.81,0.0
101,2023,79,556.0,12.55,14.32,22.83,0.0
101,2023,79,557.0,12.55,12.27,22.86,0.0
101,2023,79,558.0,12.55,11.39,22.88,0.0
101,2023,79,559.0,12.55,11.42,22.91,0.0
101,2023,79,600.0,12.55,12.01,22.9,0.0
101,2023,79,601.0,12.55,12.8,22.88,0.0
101,2023,79,602.0,12.55,13.96,22.87,0.0
101,2023,79,603.0,12.56,16.52,22.82,0.0
101,2023,79,604.0,12.57,21.83,22.79,0.0
101,2023,79,605.0,12.6,28.2,22.78,0.0
101,2023,79,606.0,12.62,35.19,22.79,0.0
101,2023,79,607.0,12.65,41.28,22.77,0.0
101,2023,79,608.0,12.67,46.89,22.75,0.0
101,2023,79,609.0,12.69,52.84,22.75,0.0
101,2023,79,610.0,12.71,58.2,22.75,0.0
101,2023,79,611.0,12.73,63.84,22.81,0.0
101,2023,79,612.0,12.74,67.84,22.8,0.0
101,2023,79,613.0,12.75,70.6,22.85,0.0
101,2023,79,614.0,12.76,72.9,22.84,0.0
101,2023,79,615.0,12.78,74.1,22.89,0.0
101,2023,79,616.0,12.78,73.4,22.9,0.0
101,2023,79,617.0,12.79,71.1,22.92,0.0
101,2023,79,618.0,12.81,71.0,22.93,0.0
101,2023,79,619.0,12.84,72.2,22.89,0.0
101,2023,79,620.0,12.85,74.4,22.94,0.0
101,2023,79,621.0,12.88,77.1,22.89,0.0
101,2023,79,622.0,12.9,79.9,22.95,0.0
101,2023,79,623.0,12.93,81.7,23.0,0.0
101,2023,79,624.0,12.96,83.7,23.05,0.0
101,2023,79,625.0,12.98,85.1,23.07,0.0
101,2023,79,626.0,13.01,86.0,23.1,0.0
101,2023,79,627.0,13.02,85.0,23.1,0.0
101,2023,79,628.0,13.02,82.0,23.04,0.0
101,2023,79,629.0,13.02,80.8,23.09,0.0
101,2023,79,630.0,13.02,80.3,23.14,0.0
101,2023,79,631.0,13.03,80.4,23.21,0.0
101,2023,79,632.0,13.04,82.2,23.24,0.0
101,2023,79,633.0,13.05,85.6,23.27,0.0
101,2023,79,634.0,13.07,88.1,23.25,0.0
101,2023,79,635.0,13.07,87.5,23.28,0.0
101,2023,79,636.0,13.07,85.7,23.28,0.0
101,2023,79,637.0,13.07,84.1,23.21,0.0
101,2023,79,638.0,13.07,82.0,23.18,0.0
101,2023,79,639.0,13.07,83.0,23.2,0.0
101,2023,79,640.0,13.07,87.0,23.25,0.0
101,2023,79,641.0,13.07,89.8,23.25,0.0
101,2023,79,642.0,13.07,89.2,23.25,0.0
101,2023,79,643.0,13.08,89.7,23.3,0.0
101,2023,79,644.0,13.09,92.9,23.25,0.0
101,2023,79,645.0,13.11,94.3,23.32,0.0
101,2023,79,646.0,13.11,93.8,23.36,0.0
101,2023,79,647.0,13.13,95.6,23.32,0.0
101,2023,79,648.0,13.14,100.7,23.31,0.0
101,2023,79,649.0,13.17,108.6,23.37,0.0
101,2023,79,650.0,13.22,120.2,23.43,0.0
101,2023,79,651.0,13.22,146.0,23.42,0.0
101,2023,79,652.0,13.23,163.5,23.41,0.0
101,2023,79,653.0,13.23,183.7,23.44,0.0
101,2023,79,654.0,13.22,187.7,23.57,0.0
101,2023,79,655.0,13.22,172.9,23.57,0.0
101,2023,79,656.0,13.22,174.0,23.55,0.0
101,2023,79,657.0,13.22,169.8,23.58,0.0
101,2023,79,658.0,13.22,172.3,23.61,0.0
101,2023,79,659.0,13.22,168.3,23.7,0.0
101,2023,79,700.0,13.22,216.8,23.8,0.0
101,2023,79,701.0,13.22,243.9,23.84,0.0
101,2023,79,702.0,13.22,234.1,23.87,0.0
101,2023,79,703.0,13.22,267.7,23.91,0.0
101,2023,79,704.0,13.21,314.0,24.07,0.0
101,2023,79,705.0,13.21,327.1,24.21,0.0
101,2023,79,706.0,13.21,316.6,24.1,0.0
101,2023,79,707.0,13.21,297.5,24.14,0.0
101,2023,79,708.0,13.21,265.2,24.31,0.0
101,2023,79,709.0,13.2,302.6,24.34,0.0
101,2023,79,710.0,13.2,315.0,24.46,0.0
101,2023,79,711.0,13.2,294.0,24.61,0.0
101,2023,79,712.0,13.2,284.9,24.54,0.0
101,2023,79,713.0,13.2,286.0,24.5,0.0
101,2023,79,714.0,13.2,307.7,24.48,0.0
101,2023,79,715.0,13.19,249.1,24.49,0.0
101,2023,79,716.0,13.19,235.6,24.53,0.0
101,2023,79,717.0,13.19,192.0,24.61,0.0
101,2023,79,718.0,13.19,172.9,24.46,0.0
101,2023,79,719.0,13.19,162.9,24.47,0.0
101,2023,79,720.0,13.19,158.3,24.5,0.0
101,2023,79,721.0,13.19,158.4,24.51,0.0
101,2023,79,722.0,13.19,157.7,24.56,0.0
101,2023,79,723.0,13.18,156.9,24.57,0.0
101,2023,79,724.0,13.18,157.8,24.56,0.0
101,2023,79,725.0,13.19,159.9,24.54,0.0
101,2023,79,726.0,13.19,160.3,24.46,0.0
101,2023,79,727.0,13.19,158.4,24.52,0.0
101,2023,79,728.0,13.19,156.4,24.65,0.0
101,2023,79,729.0,13.19,153.0,24.59,0.0
101,2023,79,730.0,13.19,151.6,24.54,0.0
101,2023,79,731.0,13.19,152.6,24.59,0.0
101,2023,79,732.0,13.19,153.2,24.58,0.0
101,2023,79,733.0,13.19,150.5,24.54,0.0
101,2023,79,734.0,13.19,141.5,24.53,0.0
101,2023,79,735.0,13.17,127.2,24.59,0.0
101,2023,79,736.0,13.16,113.9,24.56,0.0
101,2023,79,737.0,13.15,104.0,24.48,0.0
101,2023,79,738.0,13.14,95.5,24.51,0.0
101,2023,79,739.0,13.14,90.5,24.56,0.0
101,2023,79,740.0,13.15,91.6,24.5,0.0
101,2023,79,741.0,13.15,97.1,24.54,0.0
101,2023,79,742.0,13.16,107.1,24.61,0.0
101,2023,79,743.0,13.16,121.5,24.57,0.0
101,2023,79,744.0,13.17,132.4,24.61,0.0
101,2023,79,745.0,13.17,135.3,24.55,0.0
101,2023,79,746.0,13.17,135.8,24.54,0.0
101,2023,79,747.0,13.18,138.1,24.57,0.0
101,2023,79,748.0,13.18,140.0,24.51,0.0
101,2023,79,749.0,13.18,140.4,24.56,0.0
101,2023,79,750.0,13.18,135.1,24.62,0.0
101,2023,79,751.0,13.17,127.5,24.6,0.0
101,2023,79,752.0,13.17,124.0,24.6,0.0
101,2023,79,753.0,13.16,123.3,24.57,0.0
101,2023,79,754.0,13.15,120.6,24.58,0.0
101,2023,79,755.0,13.15,116.7,24.57,0.0
101,2023,79,756.0,13.14,112.1,24.52,0.0
101,2023,79,757.0,13.13,110.9,24.55,0.0
101,2023,79,758.0,13.13,109.1,24.62,0.0
101,2023,79,759.0,13.13,108.7,24.54,0.0
101,2023,79,800.0,13.13,113.0,24.41,0.0
101,2023,79,801.0,13.13,119.5,24.43,0.0
101,2023,79,802.0,13.12,118.9,24.35,0.0
101,2023,79,803.0,13.12,116.4,24.34,0.0
101,2023,79,804.0,13.11,111.8,24.27,0.0
101,2023,79,805.0,13.09,101.6,24.28,0.0
101,2023,79,806.0,13.07,84.9,24.36,0.0
101,2023,79,807.0,13.06,66.22,24.4,0.0
101,2023,79,808.0,13.06,59.63,24.36,0.0
101,2023,79,809.0,13.09,77.3,24.37,0.0
101,2023,79,810.0,13.13,108.6,24.39,0.0
101,2023,79,811.0,13.15,131.2,24.41,0.0
101,2023,79,812.0,13.17,139.7,24.38,0.0
101,2023,79,813.0,13.19,140.8,24.28,0.0
101,2023,79,814.0,13.2,140.9,24.28,0.0
101,2023,79,815.0,13.2,144.6,24.34,0.0
101,2023,79,816.0,13.2,148.9,24.4,0.0
101,2023,79,817.0,13.2,153.0,24.3,0.0
101,2023,79,818.0,13.2,154.7,24.22,0.0
101,2023,79,819.0,13.2,158.9,24.21,0.0
101,2023,79,820.0,13.2,165.2,24.19,0.0
101,2023,79,821.0,13.2,165.2,24.21,0.0
101,2023,79,822.0,13.2,165.0,24.25,0.0
101,2023,79,823.0,13.2,179.2,24.25,0.0
101,2023,79,824.0,13.2,184.0,24.27,0.0
101,2023,79,825.0,13.2,183.4,24.16,0.0
101,2023,79,826.0,13.2,181.0,24.25,0.0
101,2023,79,827.0,13.2,176.5,24.26,0.0
101,2023,79,828.0,13.2,176.7,24.26,0.0
101,2023,79,829.0,13.2,174.8,24.26,0.0
101,2023,79,830.0,13.2,174.1,24.1,0.0
101,2023,79,831.0,13.2,174.3,24.1,0.0
101,2023,79,832.0,13.19,173.6,24.07,0.0
101,2023,79,833.0,13.2,172.3,24.1,0.0
101,2023,79,834.0,13.2,164.9,24.17,0.0
101,2023,79,835.0,13.2,160.9,24.23,0.0
101,2023,79,836.0,13.2,168.5,24.31,0.0
101,2023,79,837.0,13.2,176.5,24.15,0.0
101,2023,79,838.0,13.2,182.4,24.2,0.0
101,2023,79,839.0,13.2,186.9,24.09,0.0
101,2023,79,840.0,13.2,190.3,24.05,0.0
101,2023,79,841.0,13.2,195.0,24.06,0.0
101,2023,79,842.0,13.2,203.0,24.06,0.0
101,2023,79,843.0,13.2,213.9,24.14,0.0
101,2023,79,844.0,13.2,222.7,24.17,0.0
101,2023,79,845.0,13.2,230.2,24.12,0.0
101,2023,79,846.0,13.2,237.9,24.04,0.0
101,2023,79,847.0,13.2,248.3,23.9,0.0
101,2023,79,848.0,13.2,261.8,23.96,0.0
101,2023,79,849.0,13.2,271.4,23.94,0.0
101,2023,79,850.0,13.2,270.5,23.89,0.0
101,2023,79,851.0,13.2,264.2,23.93,0.0
101,2023,79,852.0,13.2,260.5,23.94,0.0
101,2023,79,853.0,13.2,258.3,23.98,0.0
101,2023,79,854.0,13.2,257.6,23.96,0.0
101,2023,79,855.0,13.2,260.8,23.98,0.0
101,2023,79,856.0,13.2,266.8,23.98,0.0
101,2023,79,857.0,13.2,273.9,24.05,0.0
101,2023,79,858.0,13.19,280.9,23.99,0.0
101,2023,79,859.0,13.19,287.7,23.94,0.0
101,2023,79,900.0,13.2,294.4,24.05,0.0
101,2023,79,901.0,13.2,301.0,24.07,0.0
101,2023,79,902.0,13.19,308.4,24.05,0.0
101,2023,79,903.0,13.2,318.0,24.17,0.0
101,2023,79,904.0,13.19,328.3,24.15,0.0
101,2023,79,905.0,13.2,336.2,24.22,0.0
101,2023,79,906.0,13.19,343.2,24.37,0.0
101,2023,79,907.0,13.19,350.4,24.51,0.0
101,2023,79,908.0,13.19,359.8,24.43,0.0
101,2023,79,909.0,13.19,375.5,24.37,0.0
101,2023,79,910.0,13.19,374.8,24.48,0.0
101,2023,79,911.0,13.19,374.0,24.59,0.0
101,2023,79,912.0,13.19,373.9,24.75,0.0
101,2023,79,913.0,13.19,373.3,24.69,0.0
101,2023,79,914.0,13.19,373.7,24.75,0.0
101,2023,79,915.0,13.19,375.0,24.89,0.0
101,2023,79,916.0,13.18,380.3,25.04,0.0
101,2023,79,917.0,13.18,365.1,25.01,0.0
101,2023,79,918.0,13.18,345.6,24.96,0.0
101,2023,79,919.0,13.18,320.8,24.95,0.0
101,2023,79,920.0,13.18,289.8,25.0,0.0
101,2023,79,921.0,13.18,260.3,25.11,0.0
101,2023,79,922.0,13.18,238.0,24.98,0.0
101,2023,79,923.0,13.18,223.4,25.01,0.0
101,2023,79,924.0,13.18,213.0,25.05,0.0
101,2023,79,925.0,13.18,205.1,25.12,0.0
101,2023,79,926.0,13.18,203.3,25.18,0.0
101,2023,79,927.0,13.18,207.2,25.14,0.0
101,2023,79,928.0,13.18,216.9,25.18,0.0
101,2023,79,929.0,13.18,234.5,25.17,0.0
101,2023,79,930.0,13.18,258.6,25.12,0.0
101,2023,79,931.0,13.17,284.7,25.14,0.0
101,2023,79,932.0,13.18,310.1,25.22,0.0
101,2023,79,933.0,13.18,329.8,25.26,0.0
101,2023,79,934.0,13.17,344.8,25.23,0.0
101,2023,79,935.0,13.18,361.6,25.37,0.0
101,2023,79,936.0,13.17,375.7,25.4,0.0
101,2023,79,937.0,13.17,384.3,25.34,0.0
101,2023,79,938.0,13.17,381.7,25.53,0.0
101,2023,79,939.0,13.17,369.2,25.66,0.0
101,2023,79,940.0,13.17,357.4,25.61,0.0
101,2023,79,941.0,13.17,347.4,25.46,0.0
101,2023,79,942.0,13.17,338.9,25.5,0.0
101,2023,79,943.0,13.17,330.5,25.63,0.0
101,2023,79,944.0,13.17,329.4,25.66,0.0
101,2023,79,945.0,13.17,331.0,25.7,0.0
101,2023,79,946.0,13.17,345.8,25.64,0.0
101,2023,79,947.0,13.16,367.0,25.59,0.0
101,2023,79,948.0,13.17,375.3,25.65,0.0
101,2023,79,949.0,13.16,343.2,25.77,0.0
101,2023,79,950.0,13.16,313.3,25.9,0.0
101,2023,79,951.0,13.16,291.6,25.94,0.0
101,2023,79,952.0,13.16,279.1,26.03,0.0
101,2023,79,953.0,13.16,273.6,25.97,0.0
101,2023,79,954.0,13.16,271.6,25.99,0.0
101,2023,79,955.0,13.16,270.7,25.95,0.0
101,2023,79,956.0,13.16,270.2,25.96,0.0
101,2023,79,957.0,13.16,271.1,26.04,0.0
101,2023,79,958.0,13.16,275.8,26.18,0.0
101,2023,79,959.0,13.16,281.3,26.29,0.0
101,2023,79,1000.0,13.15,288.2,26.35,0.0
101,2023,79,1001.0,13.16,295.2,26.42,0.0
101,2023,79,1002.0,13.15,305.0,26.44,0.0
101,2023,79,1003.0,13.15,317.4,26.44,0.0
101,2023,79,1004.0,13.16,330.3,26.44,0.0
101,2023,79,1005.0,13.15,348.2,26.38,0.0
101,2023,79,1006.0,13.15,360.5,26.39,0.0
101,2023,79,1007.0,13.15,374.4,26.46,0.0
101,2023,79,1008.0,13.15,388.1,26.48,0.0
101,2023,79,1009.0,13.16,383.8,26.53,0.0
101,2023,79,1010.0,13.15,387.0,26.59,0.0
101,2023,79,1011.0,13.16,398.2,26.71,0.0
101,2023,79,1012.0,13.15,407.3,26.69,0.0
101,2023,79,1013.0,13.15,419.2,26.57,0.0
101,2023,79,1014.0,13.15,423.0,26.59,0.0
101,2023,79,1015.0,13.15,416.2,26.71,0.0
101,2023,79,1016.0,13.15,424.1,26.81,0.0
101,2023,79,1017.0,13.15,431.8,26.75,0.0
101,2023,79,1018.0,13.15,462.3,26.85,0.0
101,2023,79,1019.0,13.15,481.3,26.85,0.0
101,2023,79,1020.0,13.15,485.1,26.83,0.0
101,2023,79,1021.0,13.15,496.1,26.9,0.0
101,2023,79,1022.0,13.15,512.8,26.96,0.0
101,2023,79,1023.0,13.15,544.0,26.93,0.0
101,2023,79,1024.0,13.15,576.7,26.94,0.0
101,2023,79,1025.0,13.15,551.4,26.98,0.0
101,2023,79,1026.0,13.15,527.3,26.96,0.0
101,2023,79,1027.0,13.15,547.1,27.05,0.0
101,2023,79,1028.0,13.15,584.8,27.07,0.0
101,2023,79,1029.0,13.14,651.2,27.12,0.0
101,2023,79,1030.0,13.14,685.7,27.18,0.0
101,2023,79,1031.0,13.15,800.0,27.37,0.0
101,2023,79,1032.0,13.14,852.0,27.52,0.0
101,2023,79,1033.0,13.14,905.0,27.72,0.0
101,2023,79,1034.0,13.14,936.0,28.04,0.0
101,2023,79,1035.0,13.14,955.0,28.02,0.0
101,2023,79,1036.0,13.14,995.0,27.95,0.0
101,2023,79,1037.0,13.14,1023.0,28.01,0.0
101,2023,79,1038.0,13.14,1048.0,28.11,0.0
101,2023,79,1039.0,13.14,1051.0,28.25,0.0
101,2023,79,1040.0,13.14,1063.0,28.36,0.0
101,2023,79,1041.0,13.14,1047.0,28.22,0.0
101,2023,79,1042.0,13.14,1024.0,28.04,0.0
101,2023,79,1043.0,13.14,1018.0,27.96,0.0
101,2023,79,1044.0,13.14,1023.0,28.02,0.0
101,2023,79,1045.0,13.14,1038.0,28.2,0.0
101,2023,79,1046.0,13.14,1034.0,28.42,0.0
101,2023,79,1047.0,13.14,1031.0,28.56,0.0
101,2023,79,1048.0,13.14,1035.0,28.86,0.0
101,2023,79,1049.0,13.14,1035.0,28.83,0.0
101,2023,79,1050.0,13.13,1040.0,28.78,0.0
101,2023,79,1051.0,13.13,1028.0,28.86,0.0
101,2023,79,1052.0,13.13,1021.0,28.94,0.0
101,2023,79,1053.0,13.13,1041.0,29.12,0.0
101,2023,79,1054.0,13.13,947.0,29.12,0.0
101,2023,79,1055.0,13.13,948.0,29.21,0.0
101,2023,79,1056.0,13.13,1078.0,29.1,0.0
101,2023,79,1057.0,13.13,1083.0,29.17,0.0
101,2023,79,1058.0,13.13,1106.0,29.06,0.0
101,2023,79,1059.0,13.13,1142.0,28.91,0.0
101,2023,79,1100.0,13.13,1178.0,29.14,0.0
101,2023,79,1101.0,13.13,1198.0,29.07,0.0
101,2023,79,1102.0,13.13,1177.0,28.95,0.0
101,2023,79,1103.0,13.13,746.0,29.14,0.0
101,2023,79,1104.0,13.13,387.7,29.26,0.0
101,2023,79,1105.0,13.13,455.4,28.98,0.0
101,2023,79,1106.0,13.12,371.9,28.68,0.0
101,2023,79,1107.0,13.12,336.1,28.6,0.0
101,2023,79,1108.0,13.13,321.9,28.66,0.0
101,2023,79,1109.0,13.12,325.9,28.59,0.0
101,2023,79,1110.0,13.12,331.0,28.67,0.0
101,2023,79,1111.0,13.12,355.1,28.61,0.0
101,2023,79,1112.0,13.12,692.4,28.59,0.0
101,2023,79,1113.0,13.12,713.0,28.78,0.0
101,2023,79,1114.0,13.12,1038.0,28.96,0.0
101,2023,79,1115.0,13.12,1110.0,28.97,0.0
101,2023,79,1116.0,13.12,1120.0,29.22,0.0
101,2023,79,1117.0,13.12,1106.0,29.45,0.0
101,2023,79,1118.0,13.12,1102.0,29.51,0.0
101,2023,79,1119.0,13.12,1098.0,29.66,0.0
101,2023,79,1120.0,13.12,1120.0,29.54,0.0
101,2023,79,1121.0,13.12,893.0,29.45,0.0
101,2023,79,1122.0,13.12,746.0,29.45,0.0
101,2023,79,1123.0,13.12,969.0,29.31,0.0
101,2023,79,1124.0,13.12,1075.0,29.53,0.0
101,2023,79,1125.0,13.12,1013.0,29.63,0.0
101,2023,79,1126.0,13.12,612.8,29.49,0.0
101,2023,79,1127.0,13.12,330.3,29.57,0.0
101,2023,79,1128.0,13.12,322.4,29.48,0.0
101,2023,79,1129.0,13.11,381.2,29.48,0.0
101,2023,79,1130.0,13.12,798.0,29.5,0.0
101,2023,79,1131.0,13.12,1123.0,29.52,0.0
101,2023,79,1132.0,13.12,923.0,29.46,0.0
101,2023,79,1133.0,13.11,340.0,29.42,0.0
101,2023,79,1134.0,13.12,324.6,29.22,0.0
101,2023,79,1135.0,13.12,354.8,29.22,0.0
101,2023,79,1136.0,13.11,437.9,29.11,0.0
101,2023,79,1137.0,13.11,480.8,29.17,0.0
101,2023,79,1138.0,13.12,413.7,29.2,0.0
101,2023,79,1139.0,13.11,373.1,29.17,0.0
101,2023,79,1140.0,13.11,716.0,29.11,0.0
101,2023,79,1141.0,13.12,950.0,29.3,0.0
101,2023,79,1142.0,13.11,810.0,29.43,0.0
101,2023,79,1143.0,13.11,582.6,29.41,0.0
101,2023,79,1144.0,13.11,984.0,29.48,0.0
101,2023,79,1145.0,13.11,1161.0,29.69,0.0
101,2023,79,1146.0,13.11,1174.0,30.01,0.0
101,2023,79,1147.0,13.11,1161.0,30.1,0.0
101,2023,79,1148.0,13.11,635.9,30.16,0.0
101,2023,79,1149.0,13.11,769.0,29.99,0.0
101,2023,79,1150.0,13.11,564.2,30.04,0.0
101,2023,79,1151.0,13.11,323.9,30.01,0.0
101,2023,79,1152.0,13.11,311.2,29.76,0.0
101,2023,79,1153.0,13.11,312.5,29.61,0.0
101,2023,79,1154.0,13.11,317.8,29.53,0.0
101,2023,79,1155.0,13.11,326.4,29.43,0.0
101,2023,79,1156.0,13.11,339.1,29.17,0.0
101,2023,79,1157.0,13.11,362.8,29.17,0.0
101,2023,79,1158.0,13.11,390.0,29.08,0.0
101,2023,79,1159.0,13.11,382.6,29.02,0.0
101,2023,79,1200.0,13.11,483.8,28.93,0.0
101,2023,79,1201.0,13.11,612.6,29.01,0.0
101,2023,79,1202.0,13.11,432.0,29.0,0.0
101,2023,79,1203.0,13.11,392.1,29.1,0.0
101,2023,79,1204.0,13.11,387.7,29.13,0.0
101,2023,79,1205.0,13.11,390.1,28.96,0.0
101,2023,79,1206.0,13.11,399.0,28.9,0.0
101,2023,79,1207.0,13.11,412.7,28.87,0.0
101,2023,79,1208.0,13.11,429.2,28.98,0.0
101,2023,79,1209.0,13.11,494.9,28.93,0.0
101,2023,79,1210.0,13.11,612.2,28.97,0.0
101,2023,79,1211.0,13.11,559.4,29.19,0.0
101,2023,79,1212.0,13.11,591.7,29.32,0.0
101,2023,79,1213.0,13.11,584.4,29.16,0.0
101,2023,79,1214.0,13.11,702.0,28.96,0.0
101,2023,79,1215.0,13.11,698.3,29.03,0.0
101,2023,79,1216.0,13.11,656.9,29.22,0.0
101,2023,79,1217.0,13.11,621.5,29.27,0.0
101,2023,79,1218.0,13.11,753.0,29.12,0.0
101,2023,79,1219.0,13.11,994.0,29.19,0.0
101,2023,79,1220.0,13.11,1098.0,29.3,0.0
101,2023,79,1221.0,13.11,951.0,29.49,0.0
101,2023,79,1222.0,13.11,982.0,29.53,0.0
101,2023,79,1223.0,13.11,710.0,29.81,0.0
101,2023,79,1224.0,13.11,732.0,29.91,0.0
101,2023,79,1225.0,13.11,779.0,30.0,0.0
101,2023,79,1226.0,13.11,687.1,29.86,0.0
101,2023,79,1227.0,13.1,666.3,29.81,0.0
101,2023,79,1228.0,13.1,802.0,29.63,0.0
101,2023,79,1229.0,13.1,922.0,29.8,0.0
101,2023,79,1230.0,13.11,1061.0,29.83,0.0
101,2023,79,1231.0,13.1,1082.0,29.64,0.0
101,2023,79,1232.0,13.1,1026.0,29.7,0.0
101,2023,79,1233.0,13.1,1016.0,29.65,0.0
101,2023,79,1234.0,13.1,976.0,29.85,0.0
101,2023,79,1235.0,13.1,976.0,29.88,0.0
101,2023,79,1236.0,13.1,969.0,30.03,0.0
101,2023,79,1237.0,13.1,977.0,30.2,0.0
101,2023,79,1238.0,13.1,976.0,30.1,0.0
101,2023,79,1239.0,13.1,965.0,30.16,0.0
101,2023,79,1240.0,13.1,949.0,30.13,0.0
101,2023,79,1241.0,13.1,969.0,30.29,0.0
101,2023,79,1242.0,13.1,985.0,30.22,0.0
101,2023,79,1243.0,13.1,997.0,30.57,0.0
101,2023,79,1244.0,13.1,1005.0,30.71,0.0
101,2023,79,1245.0,13.1,1018.0,30.79,0.0
101,2023,79,1246.0,13.1,1043.0,30.78,0.0
101,2023,79,1247.0,13.1,1068.0,30.33,0.0
101,2023,79,1248.0,13.1,1078.0,30.39,0.0
101,2023,79,1249.0,13.1,674.8,30.44,0.0
101,2023,79,1250.0,13.1,600.0,30.53,0.0
101,2023,79,1251.0,13.1,983.0,30.55,0.0
101,2023,79,1252.0,13.09,865.0,30.53,0.0
101,2023,79,1253.0,13.1,902.0,30.44,0.0
101,2023,79,1254.0,13.09,1026.0,30.55,0.0
101,2023,79,1255.0,13.09,535.5,30.25,0.0
101,2023,79,1256.0,13.09,397.1,30.06,0.0
101,2023,79,1257.0,13.09,395.8,29.99,0.0
101,2023,79,1258.0,13.09,620.0,29.88,0.0
101,2023,79,1259.0,13.09,931.0,29.65,0.0
101,2023,79,1300.0,13.1,543.0,29.69,0.0
101,2023,79,1301.0,13.09,363.0,29.63,0.0
101,2023,79,1302.0,13.1,342.1,29.55,0.0
101,2023,79,1303.0,13.1,353.0,29.52,0.0
101,2023,79,1304.0,13.1,400.6,29.52,0.0
101,2023,79,1305.0,13.1,416.9,29.56,0.0
101,2023,79,1306.0,13.1,412.9,29.68,0.0
101,2023,79,1307.0,13.1,342.8,29.74,0.0
101,2023,79,1308.0,13.1,279.9,29.73,0.0
101,2023,79,1309.0,13.09,249.4,29.74,0.0
101,2023,79,1310.0,13.1,227.8,29.47,0.0
101,2023,79,1311.0,13.09,218.1,29.27,0.0
101,2023,79,1312.0,13.09,215.2,29.07,0.0
101,2023,79,1313.0,13.1,209.2,28.89,0.0
101,2023,79,1314.0,13.1,193.1,28.87,0.0
101,2023,79,1315.0,13.1,169.4,28.78,0.0
101,2023,79,1316.0,13.1,159.0,28.64,0.0
101,2023,79,1317.0,13.1,157.4,28.64,0.0
101,2023,79,1318.0,13.1,159.4,28.54,0.0
101,2023,79,1319.0,13.1,157.2,28.48,0.0
101,2023,79,1320.0,13.1,152.1,28.38,0.0
101,2023,79,1321.0,13.1,146.5,28.28,0.0
101,2023,79,1322.0,13.1,142.5,28.25,0.0
101,2023,79,1323.0,13.11,140.9,28.23,0.0
101,2023,79,1324.0,13.11,140.1,28.24,0.0
101,2023,79,1325.0,13.1,137.3,28.14,0.0
101,2023,79,1326.0,13.1,133.7,27.98,0.0
101,2023,79,1327.0,13.11,131.3,27.85,0.0
101,2023,79,1328.0,13.1,131.1,27.86,0.0
101,2023,79,1329.0,13.11,132.7,27.86,0.0
101,2023,79,1330.0,13.11,135.9,27.83,0.0
101,2023,79,1331.0,13.11,139.6,27.77,0.0
101,2023,79,1332.0,13.11,143.6,27.74,0.0
101,2023,79,1333.0,13.11,147.8,27.68,0.0
101,2023,79,1334.0,13.11,151.1,27.65,0.0
101,2023,79,1335.0,13.11,153.1,27.61,0.0
101,2023,79,1336.0,13.11,154.3,27.6,0.0
101,2023,79,1337.0,13.11,154.4,27.59,0.0
101,2023,79,1338.0,13.11,152.7,27.62,0.0
101,2023,79,1339.0,13.11,151.5,27.64,0.0
101,2023,79,1340.0,13.12,153.3,27.62,0.0
101,2023,79,1341.0,13.11,158.0,27.65,0.0
101,2023,79,1342.0,13.11,164.6,27.65,0.0
101,2023,79,1343.0,13.11,172.4,27.67,0.0
101,2023,79,1344.0,13.11,182.6,27.66,0.0
101,2023,79,1345.0,13.11,194.4,27.68,0.0
101,2023,79,1346.0,13.11,205.4,27.62,0.0
101,2023,79,1347.0,13.11,211.9,27.6,0.0
101,2023,79,1348.0,13.11,217.9,27.64,0.0
101,2023,79,1349.0,13.12,221.1,27.62,0.0
101,2023,79,1350.0,13.12,223.6,27.41,0.0
101,2023,79,1351.0,13.11,226.6,26.92,0.0
101,2023,79,1352.0,13.12,225.2,26.48,0.0
101,2023,79,1353.0,13.12,215.6,26.45,0.0
101,2023,79,1354.0,13.12,201.8,26.39,0.0
101,2023,79,1355.0,13.12,184.8,26.16,0.0
101,2023,79,1356.0,13.12,174.3,25.91,0.0
101,2023,79,1357.0,13.12,168.8,25.74,0.0
101,2023,79,1358.0,13.12,157.6,25.73,0.0
101,2023,79,1359.0,13.12,145.0,25.77,0.0
101,2023,79,1400.0,13.12,138.3,25.86,0.0
101,2023,79,1401.0,13.12,135.7,25.76,0.0
101,2023,79,1402.0,13.12,132.0,25.71,0.0
101,2023,79,1403.0,13.12,125.8,25.74,0.0
101,2023,79,1404.0,13.12,119.8,25.75,0.0
101,2023,79,1405.0,13.12,114.5,25.78,0.0
101,2023,79,1406.0,13.12,108.7,25.61,0.0
101,2023,79,1407.0,13.12,102.9,25.61,0.0
101,2023,79,1408.0,13.13,97.8,25.67,0.0
101,2023,79,1409.0,13.12,93.5,25.72,0.0
101,2023,79,1410.0,13.13,89.9,25.76,0.0
101,2023,79,1411.0,13.13,87.3,25.82,0.0
101,2023,79,1412.0,13.13,85.3,25.77,0.0
101,2023,79,1413.0,13.12,83.8,25.76,0.0
101,2023,79,1414.0,13.12,82.7,25.82,0.0
101,2023,79,0.0,13.11,81.9,25.8,0.0
101,2023,79,1416.0,13.11,81.4,25.79,0.0
101,2023,79,1417.0,13.1,81.5,25.7,0.0
101,2023,79,1418.0,13.1,82.3,25.59,0.0
101,2023,79,1419.0,13.1,83.4,25.61,0.0
101,2023,79,1420.0,13.1,84.6,25.62,0.0
101,2023,79,1421.0,13.11,85.5,25.61,0.0
101,2023,79,1422.0,13.11,86.0,25.59,0.0
101,2023,79,1423.0,13.11,86.4,25.55,0.0
101,2023,79,1424.0,13.12,86.2,25.54,0.0
101,2023,79,1425.0,13.12,85.7,25.54,0.0
101,2023,79,1426.0,13.12,85.4,25.55,0.0
101,2023,79,1427.0,13.12,85.7,25.59,0.0
101,2023,79,1428.0,13.12,86.5,25.6,0.0
101,2023,79,1429.0,13.12,87.2,25.63,0.0
101,2023,79,1430.0,13.13,88.0,25.67,0.0
101,2023,79,1431.0,13.13,88.9,25.67,0.0
101,2023,79,1432.0,13.14,89.6,25.62,0.0
101,2023,79,1433.0,13.14,90.0,25.61,0.0
101,2023,79,1434.0,13.14,90.3,25.65,0.0
101,2023,79,1435.0,13.14,90.3,25.65,0.0
101,2023,79,1436.0,13.14,89.7,25.63,0.0
101,2023,79,1437.0,13.14,88.7,25.61,0.0
101,2023,79,1438.0,13.14,87.2,25.61,0.0
101,2023,79,1439.0,13.14,85.3,25.61,0.0
101,2023,79,1440.0,13.14,83.8,25.62,0.0
101,2023,79,1441.0,13.14,82.8,25.66,0.0
101,2023,79,1442.0,13.14,82.6,25.7,0.0
101,2023,79,1443.0,13.14,82.9,25.75,0.0
101,2023,79,1444.0,13.14,83.6,25.78,0.0
101,2023,79,1445.0,13.14,84.2,25.76,0.0
101,2023,79,1446.0,13.14,84.2,25.78,0.0
101,2023,79,1447.0,13.14,84.1,25.78,0.0
101,2023,79,1448.0,13.14,83.8,25.71,0.0
101,2023,79,1449.0,13.14,83.3,25.66,0.0
101,2023,79,1450.0,13.14,82.5,25.67,0.0
101,2023,79,1451.0,13.14,81.8,25.65,0.0
101,2023,79,1452.0,13.14,80.9,25.62,0.0
101,2023,79,1453.0,13.14,80.1,25.59,0.0
101,2023,79,1454.0,13.14,79.3,25.58,0.0
101,2023,79,1455.0,13.14,78.7,25.6,0.0
101,2023,79,1456.0,13.14,78.0,25.61,0.0
101,2023,79,1457.0,13.14,77.4,25.62,0.0
101,2023,79,1458.0,13.14,76.9,25.65,0.0
101,2023,79,1459.0,13.14,76.7,25.65,0.0
101,2023,79,1500.0,13.14,76.8,25.7,0.0
101,2023,79,1501.0,13.13,77.3,25.71,0.0
101,2023,79,1502.0,13.14,78.0,25.74,0.0
101,2023,79,1503.0,13.13,78.6,25.79,0.0
101,2023,79,1504.0,13.14,79.2,25.82,0.0
101,2023,79,1505.0,13.14,79.7,25.83,0.0
101,2023,79,1506.0,13.14,80.2,25.84,0.0
101,2023,79,1507.0,13.14,81.0,25.86,0.0
101,2023,79,1508.0,13.14,82.1,25.87,0.0
101,2023,79,1509.0,13.14,83.5,25.9,0.0
101,2023,79,1510.0,13.15,85.2,25.94,0.0
101,2023,79,1511.0,13.15,87.0,25.94,0.0
101,2023,79,1512.0,13.15,88.8,25.98,0.0
101,2023,79,1513.0,13.15,90.6,26.03,0.0
101,2023,79,1514.0,13.14,92.3,26.09,0.0
101,2023,79,1515.0,13.15,93.9,26.13,0.0
101,2023,79,1516.0,13.15,95.2,26.19,0.0
101,2023,79,1517.0,13.15,96.1,26.25,0.0
101,2023,79,1518.0,13.15,96.8,26.31,0.0
101,2023,79,1519.0,13.15,97.2,26.36,0.0
101,2023,79,1520.0,13.15,97.6,26.35,0.0
101,2023,79,1521.0,13.15,98.0,26.4,0.0
101,2023,79,1522.0,13.15,98.8,26.4,0.0
101,2023,79,1523.0,13.15,100.0,26.42,0.0
101,2023,79,1524.0,13.15,101.7,26.43,0.0
101,2023,79,1525.0,13.15,103.5,26.45,0.0
101,2023,79,1526.0,13.15,105.3,26.51,0.0
101,2023,79,1527.0,13.15,106.9,26.56,0.0
101,2023,79,1528.0,13.14,108.2,26.56,0.0
101,2023,79,1529.0,13.15,109.2,26.6,0.0
101,2023,79,1530.0,13.14,109.9,26.63,0.0
101,2023,79,1531.0,13.15,110.3,26.67,0.0
101,2023,79,1532.0,13.15,110.9,26.68,0.0
101,2023,79,1533.0,13.15,111.6,26.71,0.0
101,2023,79,1534.0,13.15,112.5,26.74,0.0
101,2023,79,1535.0,13.14,113.7,26.78,0.0
101,2023,79,1536.0,13.15,115.1,26.83,0.0
101,2023,79,1537.0,13.15,116.6,26.86,0.0
101,2023,79,1538.0,13.14,117.7,26.87,0.0
101,2023,79,1539.0,13.15,118.4,26.89,0.0
101,2023,79,1540.0,13.15,118.7,26.91,0.0
101,2023,79,1541.0,13.15,118.4,26.93,0.0
101,2023,79,1542.0,13.15,117.7,26.95,0.0
101,2023,79,1543.0,13.15,116.9,26.94,0.0
101,2023,79,1544.0,13.14,116.5,26.93,0.0
101,2023,79,1545.0,13.15,116.3,26.91,0.0
101,2023,79,1546.0,13.15,115.9,26.9,0.0
101,2023,79,1547.0,13.15,115.3,26.9,0.0
101,2023,79,1548.0,13.15,114.7,26.88,0.0
101,2023,79,1549.0,13.15,114.1,26.89,0.0
101,2023,79,1550.0,13.15,113.3,26.89,0.0
101,2023,79,1551.0,13.15,112.0,26.93,0.0
101,2023,79,1552.0,13.15,110.0,26.95,0.0
101,2023,79,1553.0,13.15,107.0,26.96,0.0
101,2023,79,1554.0,13.15,103.2,26.93,0.0
101,2023,79,1555.0,13.15,98.7,26.88,0.0
101,2023,79,1556.0,13.15,93.5,26.86,0.0
101,2023,79,1557.0,13.15,88.5,26.85,0.0
101,2023,79,1558.0,13.15,83.9,26.86,0.0
101,2023,79,1559.0,13.14,80.4,26.86,0.0
101,2023,79,1600.0,13.14,78.4,26.84,0.0
101,2023,79,1601.0,13.14,77.7,26.86,0.0
101,2023,79,1602.0,13.14,77.8,26.87,0.0
101,2023,79,1603.0,13.13,78.8,26.85,0.0
101,2023,79,1604.0,13.13,80.2,26.85,0.0
101,2023,79,1605.0,13.13,81.9,26.86,0.0
101,2023,79,1606.0,13.13,83.6,26.86,0.0
101,2023,79,1607.0,13.13,85.1,26.87,0.0
101,2023,79,1608.0,13.12,86.3,26.89,0.0
101,2023,79,1609.0,13.13,87.3,26.87,0.0
101,2023,79,1610.0,13.13,88.1,26.86,0.0
101,2023,79,1611.0,13.13,88.7,26.84,0.0
101,2023,79,1612.0,13.13,89.3,26.84,0.0
101,2023,79,1613.0,13.12,89.8,26.83,0.0
101,2023,79,1614.0,13.12,90.3,26.83,0.0
101,2023,79,1615.0,13.12,91.1,26.81,0.0
101,2023,79,1616.0,13.12,92.1,26.8,0.0
101,2023,79,1617.0,13.12,92.7,26.81,0.0
101,2023,79,1618.0,13.12,93.3,26.84,0.0
101,2023,79,1619.0,13.12,93.4,26.83,0.0
101,2023,79,1620.0,13.12,93.4,26.83,0.0
101,2023,79,1621.0,13.12,93.4,26.85,0.0
101,2023,79,1622.0,13.11,93.4,26.87,0.0
101,2023,79,1623.0,13.11,93.4,26.86,0.0
101,2023,79,1624.0,13.11,93.4,26.86,0.0
101,2023,79,1625.0,13.11,93.2,26.86,0.0
101,2023,79,1626.0,13.11,92.6,26.86,0.0
101,2023,79,1627.0,13.11,91.7,26.85,0.0
101,2023,79,1628.0,13.1,90.4,26.84,0.0
101,2023,79,1629.0,13.1,88.7,26.83,0.0
101,2023,79,1630.0,13.1,86.3,26.8,0.0
101,2023,79,1631.0,13.1,83.7,26.81,0.0
101,2023,79,1632.0,13.09,81.4,26.82,0.0
101,2023,79,1633.0,13.09,79.5,26.83,0.0
101,2023,79,1634.0,13.08,77.6,26.83,0.0
101,2023,79,1635.0,13.08,75.2,26.82,0.0
101,2023,79,1636.0,13.07,72.4,26.79,0.0
101,2023,79,1637.0,13.07,69.22,26.77,0.0
101,2023,79,1638.0,13.06,65.5,26.78,0.0
101,2023,79,1639.0,13.05,61.84,26.8,0.0
101,2023,79,1640.0,13.04,58.32,26.82,0.0
101,2023,79,1641.0,13.04,55.3,26.81,0.0
101,2023,79,1642.0,13.03,52.57,26.81,0.0
101,2023,79,1643.0,13.02,50.06,26.79,0.0
101,2023,79,1644.0,13.01,47.8,26.77,0.0
101,2023,79,1645.0,13.0,45.69,26.73,0.0
101,2023,79,1646.0,12.99,43.58,26.71,0.0
101,2023,79,1647.0,12.98,41.74,26.69,0.0
101,2023,79,1648.0,12.97,40.16,26.67,0.0
101,2023,79,1649.0,12.96,38.9,26.66,0.0
101,2023,79,1650.0,12.95,38.02,26.64,0.0
101,2023,79,1651.0,12.95,37.46,26.62,0.0
101,2023,79,1652.0,12.94,37.21,26.62,0.0
101,2023,79,1653.0,12.93,37.07,26.6,0.0
101,2023,79,1654.0,12.92,36.78,26.59,0.0
101,2023,79,1655.0,12.92,36.5,26.58,0.0
101,2023,79,1656.0,12.91,36.16,26.57,0.0
101,2023,79,1657.0,12.91,35.71,26.56,0.0
101,2023,79,1658.0,12.9,35.15,26.53,0.0
101,2023,79,1659.0,12.89,34.36,26.52,0.0
101,2023,79,1700.0,12.89,33.6,26.53,0.0
101,2023,79,1701.0,12.89,32.67,26.53,0.0
101,2023,79,1702.0,12.88,31.71,26.52,0.0
101,2023,79,1703.0,12.87,30.75,26.5,0.0
101,2023,79,1704.0,12.87,29.85,26.47,0.0
101,2023,79,1705.0,12.86,29.03,26.46,0.0
101,2023,79,1706.0,12.86,28.19,26.45,0.0
101,2023,79,1707.0,12.86,27.37,26.43,0.0
101,2023,79,1708.0,12.85,26.44,26.43,0.0
101,2023,79,1709.0,12.85,25.42,26.42,0.0
101,2023,79,1710.0,12.85,24.3,26.41,0.0
101,2023,79,1711.0,12.84,23.0,26.38,0.0
101,2023,79,1712.0,12.84,21.59,26.37,0.0
101,2023,79,1713.0,12.83,20.29,26.35,0.0
101,2023,79,1714.0,12.83,18.97,26.32,0.0
101,2023,79,1715.0,12.83,17.62,26.3,0.0
101,2023,79,1716.0,12.83,16.26,26.28,0.0
101,2023,79,1717.0,12.82,15.05,26.25,0.0
101,2023,79,1718.0,12.82,13.78,26.24,0.0
101,2023,79,1719.0,12.82,12.66,26.23,0.0
101,2023,79,1720.0,12.82,11.59,26.19,0.0
101,2023,79,1721.0,12.82,10.63,26.17,0.0
101,2023,79,1722.0,12.82,9.64,26.15,0.0
101,2023,79,1723.0,12.81,8.85,26.13,0.0
101,2023,79,1724.0,12.82,8.01,26.11,0.0
101,2023,79,1725.0,12.81,7.22,26.1,0.0
101,2023,79,1726.0,12.81,6.511,26.09,0.0
101,2023,79,1727.0,12.81,5.807,26.07,0.0
101,2023,79,1728.0,12.81,5.074,26.05,0.0
101,2023,79,1729.0,12.81,4.426,26.03,0.0
101,2023,79,1730.0,12.8,3.946,26.0,0.0
101,2023,79,1731.0,12.8,3.693,25.98,0.0
101,2023,79,1732.0,12.8,3.101,25.96,0.0
101,2023,79,1733.0,12.8,3.044,25.94,0.0
101,2023,79,1734.0,12.8,2.593,25.91,0.0
101,2023,79,1735.0,12.8,2.368,25.91,0.0
101,2023,79,1736.0,12.8,1.776,25.89,0.0
101,2023,79,1737.0,12.8,1.691,25.87,0.0
101,2023,79,1738.0,12.8,1.663,25.86,0.0
101,2023,79,1739.0,12.8,1.212,25.84,0.0
101,2023,79,1740.0,12.8,1.015,25.82,0.0
101,2023,79,1741.0,12.79,1.015,25.81,0.0
101,2023,79,1742.0,12.79,1.015,25.79,0.0
101,2023,79,1743.0,12.79,0.0,25.77,0.0
101,2023,79,1744.0,12.79,0.0,25.74,0.0
101,2023,79,1745.0,12.79,0.0,25.72,0.0
101,2023,79,1746.0,12.79,0.0,25.72,0.0
101,2023,79,1747.0,12.79,0.0,25.71,0.0
101,2023,79,1748.0,12.79,0.0,25.69,0.0
101,2023,79,1749.0,12.79,0.0,25.67,0.0
101,2023,79,1750.0,12.79,0.0,25.66,0.0
101,2023,79,1751.0,12.79,0.0,25.64,0.0
101,2023,79,1752.0,12.78,0.0,25.64,0.0
101,2023,79,1753.0,12.78,0.0,25.62,0.0
101,2023,79,1754.0,12.78,0.0,25.62,0.0
101,2023,79,1755.0,12.78,0.0,25.61,0.0
101,2023,79,1756.0,12.78,0.0,25.6,0.0
101,2023,79,1757.0,12.78,0.0,25.58,0.0
101,2023,79,1758.0,12.78,0.0,25.57,0.0
101,2023,79,1759.0,12.78,0.0,25.55,0.0
101,2023,79,1800.0,12.78,0.0,25.54,0.0
101,2023,79,1801.0,12.78,0.0,25.53,0.0
101,2023,79,1802.0,12.78,0.0,25.53,0.0
101,2023,79,1803.0,12.78,0.0,25.53,0.0
101,2023,79,1804.0,12.78,0.0,25.51,0.0
101,2023,79,1805.0,12.78,0.0,25.51,0.0
101,2023,79,1806.0,12.78,0.0,25.5,0.0
101,2023,79,1807.0,12.78,0.0,25.49,0.0
101,2023,79,1808.0,12.77,0.0,25.48,0.0
101,2023,79,1809.0,12.77,0.0,25.47,0.0
101,2023,79,1810.0,12.77,0.0,25.46,0.0
101,2023,79,1811.0,12.77,0.0,25.45,0.0
101,2023,79,1812.0,12.77,0.0,25.44,0.0
101,2023,79,1813.0,12.77,0.0,25.43,0.0
101,2023,79,1814.0,12.77,0.0,25.43,0.0
101,2023,79,1815.0,12.77,0.0,25.43,0.0
101,2023,79,1816.0,12.77,0.0,25.42,0.0
101,2023,79,1817.0,12.77,0.0,25.41,0.0
101,2023,79,1818.0,12.77,0.0,25.41,0.0
101,2023,79,1819.0,12.77,0.0,25.4,0.0
101,2023,79,1820.0,12.77,0.0,25.38,0.0
101,2023,79,1821.0,12.77,0.0,25.38,0.0
101,2023,79,1822.0,12.77,0.0,25.37,0.0
101,2023,79,1823.0,12.76,0.0,25.35,0.0
101,2023,79,1824.0,12.76,0.0,25.34,0.0
101,2023,79,1825.0,12.76,0.0,25.33,0.0
101,2023,79,1826.0,12.76,0.0,25.31,0.0
101,2023,79,1827.0,12.76,0.0,25.3,0.0
101,2023,79,1828.0,12.76,0.0,25.28,0.0
101,2023,79,1829.0,12.76,0.0,25.27,0.0
101,2023,79,1830.0,12.76,0.0,25.25,0.0
101,2023,79,1831.0,12.76,0.0,25.23,0.0
101,2023,79,1832.0,12.76,0.0,25.21,0.0
101,2023,79,1833.0,12.76,0.0,25.19,0.0
101,2023,79,1834.0,12.76,0.0,25.17,0.0
101,2023,79,1835.0,12.76,0.0,25.17,0.0
101,2023,79,1836.0,12.75,0.0,25.15,0.0
101,2023,79,1837.0,12.76,0.0,25.15,0.0
101,2023,79,1838.0,12.75,0.0,25.14,0.0
101,2023,79,1839.0,12.75,0.0,25.13,0.0
101,2023,79,1840.0,12.75,0.0,25.12,0.0
101,2023,79,1841.0,12.75,0.0,25.12,0.0
101,2023,79,1842.0,12.75,0.0,25.12,0.0
101,2023,79,1843.0,12.75,0.0,25.1,0.0
101,2023,79,1844.0,12.75,0.0,25.08,0.0
101,2023,79,1845.0,12.75,0.0,25.06,0.0
101,2023,79,1846.0,12.75,0.0,25.05,0.0
101,2023,79,1847.0,12.75,0.0,25.03,0.0
101,2023,79,1848.0,12.75,0.0,25.02,0.0
101,2023,79,1849.0,12.75,0.0,25.0,0.0
101,2023,79,1850.0,12.75,0.0,24.99,0.0
101,2023,79,1851.0,12.75,0.0,24.98,0.0
101,2023,79,1852.0,12.75,0.0,24.96,0.0
101,2023,79,1853.0,12.75,0.0,24.95,0.0
101,2023,79,1854.0,12.75,0.0,24.93,0.0
101,2023,79,1855.0,12.75,0.0,24.93,0.0
101,2023,79,1856.0,12.75,0.0,24.93,0.0
101,2023,79,1857.0,12.75,0.0,24.91,0.0
101,2023,79,1858.0,12.75,0.0,24.91,0.0
101,2023,79,1859.0,12.74,0.0,24.91,0.0
101,2023,79,1900.0,12.74,0.0,24.91,0.0
101,2023,79,1901.0,12.74,0.0,24.9,0.0
101,2023,79,1902.0,12.74,0.0,24.88,0.0
101,2023,79,1903.0,12.74,0.0,24.86,0.0
101,2023,79,1904.0,12.74,0.0,24.85,0.0
101,2023,79,1905.0,12.74,0.0,24.83,0.0
101,2023,79,1906.0,12.74,0.0,24.82,0.0
101,2023,79,1907.0,12.74,0.0,24.81,0.0
101,2023,79,1908.0,12.74,0.0,24.8,0.0
101,2023,79,1909.0,12.74,0.0,24.81,0.0
101,2023,79,1910.0,12.74,0.0,24.81,0.0
101,2023,79,1911.0,12.74,0.0,24.78,0.0
101,2023,79,1912.0,12.74,0.0,24.78,0.0
101,2023,79,1913.0,12.74,0.0,24.76,0.0
101,2023,79,1914.0,12.74,0.0,24.75,0.0
101,2023,79,1915.0,12.73,0.0,24.74,0.0
101,2023,79,1916.0,12.74,0.0,24.73,0.0
101,2023,79,1917.0,12.73,0.0,24.72,0.0
101,2023,79,1918.0,12.73,0.0,24.73,0.0
101,2023,79,1919.0,12.73,0.0,24.72,0.0
101,2023,79,1920.0,12.73,0.0,24.73,0.0
101,2023,79,1921.0,12.73,0.0,24.75,0.0
101,2023,79,1922.0,12.73,0.0,24.78,0.0
101,2023,79,1923.0,12.73,0.0,24.79,0.0
101,2023,79,1924.0,12.73,0.0,24.81,0.0
101,2023,79,1925.0,12.73,0.0,24.83,0.0
101,2023,79,1926.0,12.73,0.0,24.84,0.0
101,2023,79,1927.0,12.73,0.0,24.86,0.0
101,2023,79,1928.0,12.73,0.0,24.86,0.0
101,2023,79,1929.0,12.73,0.0,24.87,0.0
101,2023,79,1930.0,12.73,0.0,24.89,0.0
101,2023,79,1931.0,12.73,0.0,24.91,0.0
101,2023,79,1932.0,12.73,0.0,24.94,0.0
101,2023,79,1933.0,12.73,0.0,24.93,0.0
101,2023,79,1934.0,12.73,0.0,24.91,0.0
101,2023,79,1935.0,12.73,0.0,24.91,0.0
101,2023,79,1936.0,12.73,0.0,24.9,0.0
101,2023,79,1937.0,12.73,0.0,24.88,0.0
101,2023,79,1938.0,12.73,0.0,24.86,0.0
101,2023,79,1939.0,12.73,0.0,24.83,0.0
101,2023,79,1940.0,12.73,0.0,24.81,0.0
101,2023,79,1941.0,12.73,0.0,24.79,0.0
101,2023,79,1942.0,12.73,0.0,24.79,0.0
101,2023,79,1943.0,12.73,0.0,24.76,0.0
101,2023,79,1944.0,12.72,0.0,24.75,0.0
101,2023,79,1945.0,12.73,0.0,24.72,0.0
101,2023,79,1946.0,12.72,0.0,24.69,0.0
101,2023,79,1947.0,12.72,0.0,24.67,0.0
101,2023,79,1948.0,12.72,0.0,24.66,0.0
101,2023,79,1949.0,12.72,0.0,24.63,0.0
101,2023,79,1950.0,12.72,0.0,24.62,0.0
101,2023,79,1951.0,12.72,0.0,24.6,0.0
101,2023,79,1952.0,12.72,0.0,24.57,0.0
101,2023,79,1953.0,12.72,0.0,24.55,0.0
101,2023,79,1954.0,12.72,0.0,24.54,0.0
101,2023,79,1955.0,12.72,0.0,24.51,0.0
101,2023,79,1956.0,12.72,0.0,24.49,0.0
101,2023,79,1957.0,12.72,0.0,24.48,0.0
101,2023,79,1958.0,12.72,0.0,24.46,0.0
101,2023,79,1959.0,12.72,0.0,24.46,0.0
101,2023,79,2000.0,12.72,0.0,24.44,0.0
101,2023,79,2001.0,12.72,0.0,24.43,0.0
101,2023,79,2002.0,12.72,0.0,24.43,0.0
101,2023,79,2003.0,12.72,0.0,24.41,0.0
101,2023,79,2004.0,12.72,0.0,24.41,0.0
101,2023,79,2005.0,12.72,0.0,24.41,0.0
101,2023,79,2006.0,12.72,0.0,24.39,0.0
101,2023,79,2007.0,12.72,0.0,24.38,0.0
101,2023,79,2008.0,12.71,0.0,24.36,0.0
101,2023,79,2009.0,12.72,0.0,24.35,0.0
101,2023,79,2010.0,12.72,0.0,24.34,0.0
101,2023,79,2011.0,12.72,0.0,24.33,0.0
101,2023,79,2012.0,12.71,0.0,24.31,0.0
101,2023,79,2013.0,12.71,0.0,24.3,0.0
101,2023,79,2014.0,12.71,0.0,24.29,0.0
101,2023,79,2015.0,12.71,0.0,24.28,0.0
101,2023,79,2016.0,12.71,0.0,24.28,0.0
101,2023,79,2017.0,12.71,0.0,24.28,0.0
101,2023,79,2018.0,12.71,0.0,24.28,0.0
101,2023,79,2019.0,12.71,0.0,24.28,0.0
101,2023,79,2020.0,12.71,0.0,24.28,0.0
101,2023,79,2021.0,12.71,0.0,24.27,0.0
101,2023,79,2022.0,12.71,0.0,24.28,0.0
101,2023,79,2023.0,12.71,0.0,24.27,0.0
101,2023,79,2024.0,12.71,0.0,24.27,0.0
101,2023,79,2025.0,12.71,0.0,24.25,0.0
101,2023,79,2026.0,12.71,0.0,24.25,0.0
101,2023,79,2027.0,12.71,0.0,24.24,0.0
101,2023,79,2028.0,12.71,0.0,24.24,0.0
101,2023,79,2029.0,12.71,0.0,24.23,0.0
101,2023,79,2030.0,12.71,0.0,24.23,0.0
101,2023,79,2031.0,12.71,0.0,24.23,0.0
101,2023,79,2032.0,12.71,0.0,24.23,0.0
101,2023,79,2033.0,12.71,0.0,24.23,0.0
101,2023,79,2034.0,12.71,0.0,24.23,0.0
101,2023,79,2035.0,12.71,0.0,24.23,0.0
101,2023,79,2036.0,12.71,0.0,24.22,0.0
101,2023,79,2037.0,12.71,0.0,24.22,0.0
101,2023,79,2038.0,12.71,0.0,24.21,0.0
101,2023,79,2039.0,12.71,0.0,24.2,0.0
101,2023,79,2040.0,12.71,0.0,24.2,0.0
101,2023,79,2041.0,12.71,0.0,24.19,0.0
101,2023,79,2042.0,12.7,0.0,24.19,0.0
101,2023,79,2043.0,12.7,0.0,24.18,0.0
101,2023,79,2044.0,12.7,0.0,24.18,0.0
101,2023,79,2045.0,12.7,0.0,24.18,0.0
101,2023,79,2046.0,12.7,0.0,24.17,0.0
101,2023,79,2047.0,12.7,0.0,24.17,0.0
101,2023,79,2048.0,12.7,0.0,24.17,0.0
101,2023,79,2049.0,12.7,0.0,24.17,0.0
101,2023,79,2050.0,12.7,0.0,24.18,0.0
101,2023,79,2051.0,12.7,0.0,24.18,0.0
101,2023,79,2052.0,12.7,0.0,24.16,0.0
101,2023,79,2053.0,12.7,0.0,24.16,0.0
101,2023,79,2054.0,12.7,0.0,24.15,0.0
101,2023,79,2055.0,12.7,0.0,24.14,0.0
101,2023,79,2056.0,12.7,0.0,24.13,0.0
101,2023,79,2057.0,12.7,0.0,24.13,0.0
101,2023,79,2058.0,12.7,0.0,24.11,0.0
101,2023,79,2059.0,12.7,0.0,24.1,0.0
101,2023,79,2100.0,12.7,0.0,24.08,0.0
101,2023,79,2101.0,12.7,0.0,24.09,0.0
101,2023,79,2102.0,12.7,0.0,24.1,0.0
101,2023,79,2103.0,12.7,0.0,24.08,0.0
101,2023,79,2104.0,12.7,0.0,24.1,0.0
101,2023,79,2105.0,12.7,0.0,24.1,0.0
101,2023,79,2106.0,12.7,0.0,24.06,0.0
101,2023,79,2107.0,12.69,0.0,24.03,0.0
101,2023,79,2108.0,12.7,0.0,24.02,0.0
101,2023,79,2109.0,12.7,0.0,24.01,0.0
101,2023,79,2110.0,12.7,0.0,23.99,0.0
101,2023,79,2111.0,12.7,0.0,23.98,0.0
101,2023,79,2112.0,12.7,0.0,23.98,0.0
101,2023,79,2113.0,12.7,0.0,23.97,0.0
101,2023,79,2114.0,12.7,0.0,23.96,0.0
101,2023,79,2115.0,12.69,0.0,23.96,0.0
101,2023,79,2116.0,12.69,0.0,23.94,0.0
101,2023,79,2117.0,12.69,0.0,23.92,0.0
101,2023,79,2118.0,12.69,0.0,23.91,0.0
101,2023,79,2119.0,12.69,0.0,23.9,0.0
101,2023,79,2120.0,12.69,0.0,23.9,0.0
101,2023,79,2121.0,12.69,0.0,23.89,0.0
101,2023,79,2122.0,12.69,0.0,23.88,0.0
101,2023,79,2123.0,12.69,0.0,23.86,0.0
101,2023,79,2124.0,12.69,0.0,23.83,0.0
101,2023,79,2125.0,12.69,0.0,23.79,0.0
101,2023,79,2126.0,12.69,0.0,23.75,0.0
101,2023,79,2127.0,12.69,0.0,23.72,0.0
101,2023,79,2128.0,12.69,0.0,23.69,0.0
101,2023,79,2129.0,12.69,0.0,23.66,0.0
101,2023,79,2130.0,12.69,0.0,23.63,0.0
101,2023,79,2131.0,12.69,0.0,23.61,0.0
101,2023,79,2132.0,12.69,0.0,23.62,0.0
101,2023,79,2133.0,12.69,0.0,23.62,0.0
101,2023,79,2134.0,12.69,0.0,23.6,0.0
101,2023,79,2135.0,12.69,0.0,23.59,0.0
101,2023,79,2136.0,12.69,0.0,23.57,0.0
101,2023,79,2137.0,12.69,0.0,23.53,0.0
101,2023,79,2138.0,12.68,0.0,23.5,0.0
101,2023,79,2139.0,12.69,0.0,23.49,0.0
101,2023,79,2140.0,12.69,0.0,23.48,0.0
101,2023,79,2141.0,12.69,0.0,23.48,0.0
101,2023,79,2142.0,12.69,0.0,23.46,0.0
101,2023,79,2143.0,12.69,0.0,23.45,0.0
101,2023,79,2144.0,12.68,0.0,23.43,0.0
101,2023,79,2145.0,12.68,0.0,23.44,0.0
101,2023,79,2146.0,12.68,0.0,23.44,0.0
101,2023,79,2147.0,12.69,0.0,23.43,0.0
101,2023,79,2148.0,12.68,0.0,23.42,0.0
101,2023,79,2149.0,12.68,0.0,23.42,0.0
101,2023,79,2150.0,12.68,0.0,23.4,0.0
101,2023,79,2151.0,12.68,0.0,23.38,0.0
101,2023,79,2152.0,12.68,0.0,23.36,0.0
101,2023,79,2153.0,12.68,0.0,23.34,0.0
101,2023,79,2154.0,12.68,0.0,23.31,0.0
101,2023,79,2155.0,12.68,0.0,23.29,0.0
101,2023,79,2156.0,12.68,0.0,23.28,0.0
101,2023,79,2157.0,12.68,0.0,23.26,0.0
101,2023,79,2158.0,12.68,0.0,23.25,0.0
101,2023,79,2159.0,12.68,0.0,23.25,0.0
101,2023,79,2200.0,12.68,0.0,23.25,0.0
101,2023,79,2201.0,12.68,0.0,23.24,0.0
101,2023,79,2202.0,12.68,0.0,23.25,0.0
101,2023,79,2203.0,12.68,0.0,23.23,0.0
101,2023,79,2204.0,12.68,0.0,23.21,0.0
101,2023,79,2205.0,12.68,0.0,23.21,0.0
101,2023,79,2206.0,12.68,0.0,23.29,0.0
101,2023,79,2207.0,12.68,0.0,23.34,0.0
101,2023,79,2208.0,12.68,0.0,23.32,0.0
101,2023,79,2209.0,12.68,0.0,23.25,0.0
101,2023,79,2210.0,12.67,0.0,23.22,0.0
101,2023,79,2211.0,12.68,0.0,23.24,0.0
101,2023,79,2212.0,12.68,0.0,23.22,0.0
101,2023,79,2213.0,12.68,0.0,23.22,0.0
101,2023,79,2214.0,12.68,0.0,23.22,0.0
101,2023,79,2215.0,12.68,0.0,23.22,0.0
101,2023,79,2216.0,12.68,0.0,23.2,0.0
101,2023,79,2217.0,12.68,0.0,23.24,0.0
101,2023,79,2218.0,12.67,0.0,23.28,0.0
101,2023,79,2219.0,12.67,0.0,23.3,0.0
101,2023,79,2220.0,12.67,0.0,23.33,0.0
101,2023,79,2221.0,12.68,0.0,23.34,0.0
101,2023,79,2222.0,12.67,0.0,23.34,0.0
101,2023,79,2223.0,12.68,0.0,23.39,0.0
101,2023,79,2224.0,12.67,0.0,23.44,0.0
101,2023,79,2225.0,12.67,0.0,23.47,0.0
101,2023,79,2226.0,12.67,0.0,23.47,0.0
101,2023,79,2227.0,12.67,0.0,23.46,0.0
101,2023,79,2228.0,12.67,0.0,23.46,0.0
101,2023,79,2229.0,12.67,0.0,23.45,0.0
101,2023,79,2230.0,12.67,0.0,23.45,0.0
101,2023,79,2231.0,12.67,0.0,23.45,0.0
101,2023,79,2232.0,12.67,0.0,23.45,0.0
101,2023,79,2233.0,12.67,0.0,23.47,0.0
101,2023,79,2234.0,12.67,0.0,23.48,0.0
101,2023,79,2235.0,12.67,0.0,23.5,0.0
101,2023,79,2236.0,12.67,0.0,23.5,0.0
101,2023,79,2237.0,12.67,0.0,23.51,0.0
101,2023,79,2238.0,12.67,0.0,23.53,0.0
101,2023,79,2239.0,12.67,0.0,23.54,0.0
101,2023,79,2240.0,12.67,0.0,23.55,0.0
101,2023,79,2241.0,12.67,0.0,23.56,0.0
101,2023,79,2242.0,12.67,0.0,23.55,0.0
101,2023,79,2243.0,12.67,0.0,23.57,0.0
101,2023,79,2244.0,12.67,0.0,23.58,0.0
101,2023,79,2245.0,12.67,0.0,23.61,0.0
101,2023,79,2246.0,12.67,0.0,23.64,0.0
101,2023,79,2247.0,12.67,0.0,23.65,0.0
101,2023,79,2248.0,12.67,0.0,23.67,0.0
101,2023,79,2249.0,12.67,0.0,23.68,0.0
101,2023,79,2250.0,12.67,0.0,23.67,0.0
101,2023,79,2251.0,12.67,0.0,23.69,0.0
101,2023,79,2252.0,12.67,0.0,23.71,0.0
101,2023,79,2253.0,12.67,0.0,23.71,0.0
101,2023,79,2254.0,12.67,0.0,23.71,0.0
101,2023,79,2255.0,12.67,0.0,23.7,0.0
101,2023,79,2256.0,12.67,0.0,23.69,0.0
101,2023,79,2257.0,12.67,0.0,23.68,0.0
101,2023,79,2258.0,12.67,0.0,23.68,0.0
101,2023,79,2259.0,12.67,0.0,23.67,0.0
101,2023,79,2300.0,12.67,0.0,23.65,0.0
101,2023,79,2301.0,12.67,0.0,23.67,0.0
101,2023,79,2302.0,12.67,0.0,23.68,0.0
101,2023,79,2303.0,12.67,0.0,23.67,0.0
101,2023,79,2304.0,12.67,0.0,23.67,0.0
101,2023,79,2305.0,12.67,0.0,23.67,0.0
101,2023,79,2306.0,12.67,0.0,23.67,0.0
101,2023,79,2307.0,12.67,0.0,23.64,0.0
101,2023,79,2308.0,12.67,0.0,23.63,0.0
101,2023,79,2309.0,12.67,0.0,23.64,0.0
101,2023,79,2310.0,12.67,0.0,23.66,0.0
101,2023,79,2311.0,12.67,0.0,23.66,0.0
101,2023,79,2312.0,12.67,0.0,23.66,0.0
101,2023,79,2313.0,12.67,0.0,23.66,0.0
101,2023,79,2314.0,12.67,0.0,23.65,0.0
101,2023,79,2315.0,12.67,0.0,23.66,0.0
101,2023,79,2316.0,12.67,0.0,23.65,0.0
101,2023,79,2317.0,12.67,0.0,23.67,0.0
101,2023,79,2318.0,12.67,0.0,23.7,0.0
101,2023,79,2319.0,12.66,0.0,23.7,0.0
101,2023,79,2320.0,12.66,0.0,23.7,0.0
101,2023,79,2321.0,12.66,0.0,23.7,0.0
101,2023,79,2322.0,12.66,0.0,23.68,0.0
101,2023,79,2323.0,12.66,0.0,23.66,0.0
101,2023,79,2324.0,12.66,0.0,23.65,0.0
101,2023,79,2325.0,12.66,0.0,23.64,0.0
101,2023,79,2326.0,12.66,0.0,23.63,0.0
101,2023,79,2327.0,12.66,0.0,23.63,0.0
101,2023,79,2328.0,12.66,0.0,23.62,0.0
101,2023,79,2329.0,12.66,0.0,23.61,0.0
101,2023,79,2330.0,12.66,0.0,23.6,0.0
101,2023,79,2331.0,12.66,0.0,23.6,0.0
101,2023,79,2332.0,12.66,0.0,23.61,0.0
101,2023,79,2333.0,12.66,0.0,23.6,0.0
101,2023,79,2334.0,12.66,0.0,23.59,0.0
101,2023,79,2335.0,12.66,0.0,23.58,0.0
101,2023,79,2336.0,12.66,0.0,23.56,0.0
101,2023,79,2337.0,12.66,0.0,23.54,0.0
101,2023,79,2338.0,12.66,0.0,23.53,0.0
101,2023,79,2339.0,12.66,0.0,23.52,0.0
101,2023,79,2340.0,12.66,0.0,23.52,0.0
101,2023,79,2341.0,12.66,0.0,23.51,0.0
101,2023,79,2342.0,12.66,0.0,23.49,0.0
101,2023,79,2343.0,12.66,0.0,23.46,0.0
101,2023,79,2344.0,12.66,0.0,23.42,0.0
101,2023,79,2345.0,12.66,0.0,23.4,0.0
101,2023,79,2346.0,12.66,0.0,23.39,0.0
101,2023,79,2347.0,12.66,0.0,23.38,0.0
101,2023,79,2348.0,12.66,0.0,23.37,0.0
101,2023,79,2349.0,12.66,0.0,23.38,0.0
101,2023,79,2350.0,12.66,0.0,23.39,0.0
101,2023,79,2351.0,12.66,0.0,23.4,0.0
101,2023,79,2352.0,12.66,0.0,23.42,0.0
101,2023,79,2353.0,12.66,0.0,23.42,0.0
101,2023,79,2354.0,12.66,0.0,23.43,0.0
101,2023,79,2355.0,12.66,0.0,23.45,0.0
101,2023,79,2356.0,12.66,0.0,23.46,0.0
101,2023,79,2357.0,12.65,0.0,23.46,0.0
101,2023,79,2358.0,12.66,0.0,23.43,0.0
101,2023,79,2359.0,12.66,0.0,23.43,0.0
