a,b,dia_juliano,d,e,f,g,h
101,2023,149,530.0,12.55,1.777,21.35,0.0
101,2023,149,531.0,12.54,2.059,21.34,0.0
101,2023,149,532.0,12.54,2.369,21.35,0.0
101,2023,149,533.0,12.54,2.623,21.37,0.0
101,2023,149,534.0,12.54,2.99,21.38,0.0
101,2023,149,535.0,12.54,3.469,21.4,0.0
101,2023,149,536.0,12.54,4.005,21.45,0.0
101,2023,149,537.0,12.54,4.795,21.45,0.0
101,2023,149,538.0,12.55,8.74,21.45,0.0
101,2023,149,539.0,12.57,12.58,21.45,0.0
101,2023,149,540.0,12.57,12.69,21.46,0.0
101,2023,149,541.0,12.58,12.89,21.46,0.0
101,2023,149,542.0,12.58,13.99,21.46,0.0
101,2023,149,543.0,12.57,13.14,21.46,0.0
101,2023,149,544.0,12.57,13.06,21.47,0.0
101,2023,149,545.0,12.58,15.15,21.48,0.0
101,2023,149,546.0,12.58,15.74,21.48,0.0
101,2023,149,547.0,12.57,14.87,21.5,0.0
101,2023,149,548.0,12.57,15.37,21.51,0.0
101,2023,149,549.0,12.58,16.7,21.52,0.0
101,2023,149,550.0,12.58,18.05,21.53,0.0
101,2023,149,551.0,12.58,19.41,21.53,0.0
101,2023,149,552.0,12.59,20.96,21.55,0.0
101,2023,149,553.0,12.6,22.59,21.55,0.0
101,2023,149,554.0,12.61,24.46,21.56,0.0
101,2023,149,555.0,12.63,26.32,21.58,0.0
101,2023,149,556.0,12.64,28.29,21.56,0.0
101,2023,149,557.0,12.65,30.38,21.55,0.0
101,2023,149,558.0,12.67,32.47,21.57,0.0
101,2023,149,559.0,12.69,34.36,21.58,0.0
101,2023,149,600.0,12.71,36.39,21.59,0.0
101,2023,149,601.0,12.73,38.42,21.63,0.0
101,2023,149,602.0,12.76,40.45,21.62,0.0
101,2023,149,603.0,12.79,42.48,21.64,0.0
101,2023,149,604.0,12.81,44.74,21.67,0.0
101,2023,149,605.0,12.84,47.02,21.68,0.0
101,2023,149,606.0,12.88,49.39,21.7,0.0
101,2023,149,607.0,12.92,51.84,21.7,0.0
101,2023,149,608.0,12.96,54.44,21.7,0.0
101,2023,149,609.0,13.01,57.09,21.72,0.0
101,2023,149,610.0,13.06,59.83,21.73,0.0
101,2023,149,611.0,13.1,62.31,21.75,0.0
101,2023,149,612.0,13.15,64.79,21.75,0.0
101,2023,149,613.0,13.21,68.29,21.77,0.0
101,2023,149,614.0,13.26,70.9,21.78,0.0
101,2023,149,615.0,13.29,72.0,21.77,0.0
101,2023,149,616.0,13.29,73.9,21.77,0.0
101,2023,149,617.0,13.29,76.0,21.79,0.0
101,2023,149,618.0,13.3,77.8,21.78,0.0
101,2023,149,619.0,13.29,79.4,21.79,0.0
101,2023,149,620.0,13.29,80.4,21.81,0.0
101,2023,149,621.0,13.29,81.7,21.82,0.0
101,2023,149,622.0,13.29,83.3,21.83,0.0
101,2023,149,623.0,13.29,84.5,21.83,0.0
101,2023,149,624.0,13.29,85.5,21.84,0.0
101,2023,149,625.0,13.29,86.4,21.85,0.0
101,2023,149,626.0,13.29,87.2,21.89,0.0
101,2023,149,627.0,13.29,88.3,21.92,0.0
101,2023,149,628.0,13.29,89.3,21.95,0.0
101,2023,149,629.0,13.29,90.1,21.95,0.0
101,2023,149,630.0,13.29,91.2,21.93,0.0
101,2023,149,631.0,13.29,92.8,21.93,0.0
101,2023,149,632.0,13.29,94.6,21.96,0.0
101,2023,149,633.0,13.29,96.7,21.99,0.0
101,2023,149,634.0,13.29,97.9,22.03,0.0
101,2023,149,635.0,13.29,99.3,22.06,0.0
101,2023,149,636.0,13.29,101.6,22.06,0.0
101,2023,149,637.0,13.28,105.5,22.05,0.0
101,2023,149,638.0,13.29,113.2,22.02,0.0
101,2023,149,639.0,13.29,110.6,22.05,0.0
101,2023,149,640.0,13.28,113.0,22.04,0.0
101,2023,149,641.0,13.29,116.3,22.02,0.0
101,2023,149,642.0,13.28,123.9,21.99,0.0
101,2023,149,643.0,13.28,131.2,22.0,0.0
101,2023,149,644.0,13.28,128.6,22.0,0.0
101,2023,149,645.0,13.28,132.7,22.03,0.0
101,2023,149,646.0,13.29,149.8,22.09,0.0
101,2023,149,647.0,13.28,172.2,22.15,0.0
101,2023,149,648.0,13.28,169.0,22.17,0.0
101,2023,149,649.0,13.28,159.1,22.25,0.0
101,2023,149,650.0,13.28,146.1,22.28,0.0
101,2023,149,651.0,13.28,142.9,22.3,0.0
101,2023,149,652.0,13.28,146.5,22.34,0.0
101,2023,149,653.0,13.28,135.2,22.47,0.0
101,2023,149,654.0,13.28,126.3,22.42,0.0
101,2023,149,655.0,13.28,123.5,22.43,0.0
101,2023,149,656.0,13.28,124.0,22.41,0.0
101,2023,149,657.0,13.28,125.7,22.47,0.0
101,2023,149,658.0,13.28,129.3,22.5,0.0
101,2023,149,659.0,13.28,133.7,22.52,0.0
101,2023,149,700.0,13.28,139.0,22.58,0.0
101,2023,149,701.0,13.28,139.7,22.64,0.0
101,2023,149,702.0,13.28,141.8,22.64,0.0
101,2023,149,703.0,13.28,146.7,22.67,0.0
101,2023,149,704.0,13.28,147.0,22.69,0.0
101,2023,149,705.0,13.28,146.4,22.73,0.0
101,2023,149,706.0,13.28,146.3,22.72,0.0
101,2023,149,707.0,13.28,146.2,22.76,0.0
101,2023,149,708.0,13.28,146.8,22.76,0.0
101,2023,149,709.0,13.28,149.4,22.77,0.0
101,2023,149,710.0,13.28,164.8,22.79,0.0
101,2023,149,711.0,13.28,189.2,22.87,0.0
101,2023,149,712.0,13.28,172.7,22.94,0.0
101,2023,149,713.0,13.28,179.9,22.98,0.0
101,2023,149,714.0,13.28,192.4,23.03,0.0
101,2023,149,715.0,13.28,187.4,23.12,0.0
101,2023,149,716.0,13.27,185.7,23.23,0.0
101,2023,149,717.0,13.28,191.8,23.31,0.0
101,2023,149,718.0,13.27,204.2,23.35,0.0
101,2023,149,719.0,13.28,217.1,23.39,0.0
101,2023,149,720.0,13.27,225.0,23.41,0.0
101,2023,149,721.0,13.27,221.0,23.43,0.0
101,2023,149,722.0,13.27,213.3,23.47,0.0
101,2023,149,723.0,13.27,212.2,23.5,0.0
101,2023,149,724.0,13.27,212.7,23.57,0.0
101,2023,149,725.0,13.27,213.3,23.6,0.0
101,2023,149,726.0,13.27,213.6,23.63,0.0
101,2023,149,727.0,13.27,213.5,23.67,0.0
101,2023,149,728.0,13.27,213.2,23.67,0.0
101,2023,149,729.0,13.27,212.6,23.69,0.0
101,2023,149,730.0,13.27,211.5,23.71,0.0
101,2023,149,731.0,13.27,209.7,23.68,0.0
101,2023,149,732.0,13.26,207.4,23.75,0.0
101,2023,149,733.0,13.27,205.5,23.79,0.0
101,2023,149,734.0,13.26,204.0,23.77,0.0
101,2023,149,735.0,13.26,202.2,23.69,0.0
101,2023,149,736.0,13.27,199.9,23.57,0.0
101,2023,149,737.0,13.27,197.0,23.57,0.0
101,2023,149,738.0,13.26,193.9,23.62,0.0
101,2023,149,739.0,13.26,191.7,23.57,0.0
101,2023,149,740.0,13.26,190.9,23.55,0.0
101,2023,149,741.0,13.26,191.7,23.6,0.0
101,2023,149,742.0,13.26,194.6,23.62,0.0
101,2023,149,743.0,13.26,199.7,23.55,0.0
101,2023,149,744.0,13.26,208.2,23.6,0.0
101,2023,149,745.0,13.26,220.5,23.66,0.0
101,2023,149,746.0,13.26,238.8,23.69,0.0
101,2023,149,747.0,13.26,255.1,23.75,0.0
101,2023,149,748.0,13.26,296.9,23.79,0.0
101,2023,149,749.0,13.26,283.1,23.83,0.0
101,2023,149,750.0,13.26,276.4,23.86,0.0
101,2023,149,751.0,13.26,283.2,23.96,0.0
101,2023,149,752.0,13.26,293.3,24.04,0.0
101,2023,149,753.0,13.26,312.6,24.06,0.0
101,2023,149,754.0,13.26,329.0,24.16,0.0
101,2023,149,755.0,13.26,344.4,24.24,0.0
101,2023,149,756.0,13.26,362.2,24.33,0.0
101,2023,149,757.0,13.26,351.1,24.42,0.0
101,2023,149,758.0,13.26,352.1,24.48,0.0
101,2023,149,759.0,13.25,364.9,24.57,0.0
101,2023,149,800.0,13.25,389.6,24.57,0.0
101,2023,149,801.0,13.25,413.3,24.61,0.0
101,2023,149,802.0,13.25,436.7,24.71,0.0
101,2023,149,803.0,13.25,452.1,24.67,0.0
101,2023,149,804.0,13.25,454.2,24.78,0.0
101,2023,149,805.0,13.25,403.0,24.92,0.0
101,2023,149,806.0,13.25,374.7,24.9,0.0
101,2023,149,807.0,13.25,396.2,24.99,0.0
101,2023,149,808.0,13.25,453.1,25.06,0.0
101,2023,149,809.0,13.25,439.6,25.15,0.0
101,2023,149,810.0,13.24,436.7,25.23,0.0
101,2023,149,811.0,13.24,381.1,25.21,0.0
101,2023,149,812.0,13.24,380.1,25.28,0.0
101,2023,149,813.0,13.24,368.1,25.13,0.0
101,2023,149,814.0,13.24,316.9,25.17,0.0
101,2023,149,815.0,13.24,300.9,25.26,0.0
101,2023,149,816.0,13.24,295.0,25.33,0.0
101,2023,149,817.0,13.24,290.6,25.31,0.0
101,2023,149,818.0,13.24,287.8,25.34,0.0
101,2023,149,819.0,13.24,288.3,25.35,0.0
101,2023,149,820.0,13.24,291.0,25.32,0.0
101,2023,149,821.0,13.23,296.4,25.25,0.0
101,2023,149,822.0,13.24,297.1,25.22,0.0
101,2023,149,823.0,13.24,300.2,25.23,0.0
101,2023,149,824.0,13.24,305.7,25.3,0.0
101,2023,149,825.0,13.24,308.1,25.32,0.0
101,2023,149,826.0,13.24,311.0,25.3,0.0
101,2023,149,827.0,13.23,312.3,25.18,0.0
101,2023,149,828.0,13.24,313.2,25.09,0.0
101,2023,149,829.0,13.24,314.5,25.02,0.0
101,2023,149,830.0,13.23,317.8,25.17,0.0
101,2023,149,831.0,13.24,321.4,25.24,0.0
101,2023,149,832.0,13.23,325.0,25.31,0.0
101,2023,149,833.0,13.23,329.8,25.28,0.0
101,2023,149,834.0,13.23,334.6,25.2,0.0
101,2023,149,835.0,13.23,339.4,25.18,0.0
101,2023,149,836.0,13.23,342.7,25.18,0.0
101,2023,149,837.0,13.23,344.5,25.2,0.0
101,2023,149,838.0,13.23,345.6,25.27,0.0
101,2023,149,839.0,13.23,345.5,25.4,0.0
101,2023,149,840.0,13.23,343.9,25.48,0.0
101,2023,149,841.0,13.23,342.3,25.6,0.0
101,2023,149,842.0,13.23,341.0,25.71,0.0
101,2023,149,843.0,13.23,340.6,25.8,0.0
101,2023,149,844.0,13.23,342.0,25.9,0.0
101,2023,149,845.0,13.23,344.1,25.98,0.0
101,2023,149,846.0,13.23,346.2,26.03,0.0
101,2023,149,847.0,13.22,348.3,25.96,0.0
101,2023,149,848.0,13.22,351.2,25.99,0.0
101,2023,149,849.0,13.22,354.4,26.06,0.0
101,2023,149,850.0,13.22,357.4,26.09,0.0
101,2023,149,851.0,13.22,360.2,26.06,0.0
101,2023,149,852.0,13.22,362.9,26.14,0.0
101,2023,149,853.0,13.22,365.5,26.21,0.0
101,2023,149,854.0,13.22,368.4,26.21,0.0
101,2023,149,855.0,13.22,371.9,26.16,0.0
101,2023,149,856.0,13.22,376.4,26.21,0.0
101,2023,149,857.0,13.22,380.7,26.26,0.0
101,2023,149,858.0,13.22,385.5,26.23,0.0
101,2023,149,859.0,13.22,390.6,26.33,0.0
101,2023,149,900.0,13.22,393.7,26.33,0.0
101,2023,149,901.0,13.22,395.9,26.34,0.0
101,2023,149,902.0,13.21,395.9,26.37,0.0
101,2023,149,903.0,13.21,387.6,26.39,0.0
101,2023,149,904.0,13.22,367.9,26.23,0.0
101,2023,149,905.0,13.21,345.7,26.35,0.0
101,2023,149,906.0,13.21,332.4,26.44,0.0
101,2023,149,907.0,13.21,332.1,26.54,0.0
101,2023,149,908.0,13.21,331.3,26.6,0.0
101,2023,149,909.0,13.21,338.6,26.6,0.0
101,2023,149,910.0,13.21,343.9,26.6,0.0
101,2023,149,911.0,13.21,367.7,26.62,0.0
101,2023,149,912.0,13.21,383.0,26.64,0.0
101,2023,149,913.0,13.21,390.6,26.7,0.0
101,2023,149,914.0,13.21,429.4,26.8,0.0
101,2023,149,915.0,13.21,447.2,26.88,0.0
101,2023,149,916.0,13.21,541.2,26.96,0.0
101,2023,149,917.0,13.21,601.3,27.04,0.0
101,2023,149,918.0,13.21,659.8,27.1,0.0
101,2023,149,919.0,13.21,637.6,27.24,0.0
101,2023,149,920.0,13.2,605.8,27.4,0.0
101,2023,149,921.0,13.2,589.5,27.48,0.0
101,2023,149,922.0,13.2,977.0,27.35,0.0
101,2023,149,923.0,13.2,1005.0,27.41,0.0
101,2023,149,924.0,13.2,971.0,27.51,0.0
101,2023,149,925.0,13.2,949.0,27.61,0.0
101,2023,149,926.0,13.2,929.0,27.47,0.0
101,2023,149,927.0,13.19,912.0,27.44,0.0
101,2023,149,928.0,13.19,895.0,27.49,0.0
101,2023,149,929.0,13.19,888.0,27.47,0.0
101,2023,149,930.0,13.18,881.0,27.71,0.0
101,2023,149,931.0,13.18,873.0,28.0,0.0
101,2023,149,932.0,13.18,866.0,27.96,0.0
101,2023,149,933.0,13.18,855.0,27.83,0.0
101,2023,149,934.0,13.18,847.0,27.96,0.0
101,2023,149,935.0,13.17,841.0,28.03,0.0
101,2023,149,936.0,13.17,809.0,27.81,0.0
101,2023,149,937.0,13.17,842.0,27.86,0.0
101,2023,149,938.0,13.17,846.0,27.72,0.0
101,2023,149,939.0,13.17,852.0,27.58,0.0
101,2023,149,940.0,13.16,855.0,27.81,0.0
101,2023,149,941.0,13.16,858.0,28.07,0.0
101,2023,149,942.0,13.16,873.0,28.0,0.0
101,2023,149,943.0,13.16,863.0,28.25,0.0
101,2023,149,944.0,13.16,851.0,28.29,0.0
101,2023,149,945.0,13.15,852.0,27.99,0.0
101,2023,149,946.0,13.15,859.0,27.68,0.0
101,2023,149,947.0,13.15,870.0,27.82,0.0
101,2023,149,948.0,13.15,700.0,27.98,0.0
101,2023,149,949.0,13.15,890.0,27.89,0.0
101,2023,149,950.0,13.15,774.0,27.8,0.0
101,2023,149,951.0,13.15,657.3,27.77,0.0
101,2023,149,952.0,13.14,287.5,27.72,0.0
101,2023,149,953.0,13.14,223.6,27.66,0.0
101,2023,149,954.0,13.15,200.7,27.64,0.0
101,2023,149,955.0,13.15,189.3,27.61,0.0
101,2023,149,956.0,13.15,190.2,27.68,0.0
101,2023,149,957.0,13.15,333.0,27.52,0.0
101,2023,149,958.0,13.15,367.8,27.4,0.0
101,2023,149,959.0,13.15,702.0,27.58,0.0
101,2023,149,1000.0,13.15,895.0,27.83,0.0
101,2023,149,1001.0,13.15,667.5,27.87,0.0
101,2023,149,1002.0,13.15,662.1,27.91,0.0
101,2023,149,1003.0,13.15,254.1,27.76,0.0
101,2023,149,1004.0,13.15,777.0,27.73,0.0
101,2023,149,1005.0,13.15,893.0,27.73,0.0
101,2023,149,1006.0,13.15,882.0,27.89,0.0
101,2023,149,1007.0,13.15,876.0,28.0,0.0
101,2023,149,1008.0,13.15,876.0,28.22,0.0
101,2023,149,1009.0,13.15,879.0,28.41,0.0
101,2023,149,1010.0,13.15,884.0,28.47,0.0
101,2023,149,1011.0,13.15,890.0,28.43,0.0
101,2023,149,1012.0,13.15,895.0,28.64,0.0
101,2023,149,1013.0,13.15,910.0,28.72,0.0
101,2023,149,1014.0,13.14,716.0,28.66,0.0
101,2023,149,1015.0,13.14,357.3,28.79,0.0
101,2023,149,1016.0,13.14,810.0,28.63,0.0
101,2023,149,1017.0,13.14,895.0,28.45,0.0
101,2023,149,1018.0,13.14,901.0,28.55,0.0
101,2023,149,1019.0,13.14,902.0,28.35,0.0
101,2023,149,1020.0,13.14,902.0,28.44,0.0
101,2023,149,1021.0,13.13,905.0,28.51,0.0
101,2023,149,1022.0,13.14,914.0,28.66,0.0
101,2023,149,1023.0,13.13,924.0,28.77,0.0
101,2023,149,1024.0,13.13,939.0,28.64,0.0
101,2023,149,1025.0,13.13,959.0,28.65,0.0
101,2023,149,1026.0,13.13,988.0,28.51,0.0
101,2023,149,1027.0,13.13,946.0,28.5,0.0
101,2023,149,1028.0,13.13,768.0,28.57,0.0
101,2023,149,1029.0,13.13,729.0,28.56,0.0
101,2023,149,1030.0,13.13,885.0,28.56,0.0
101,2023,149,1031.0,13.13,912.0,28.61,0.0
101,2023,149,1032.0,13.12,930.0,28.8,0.0
101,2023,149,1033.0,13.13,956.0,29.06,0.0
101,2023,149,1034.0,13.12,961.0,29.18,0.0
101,2023,149,1035.0,13.12,941.0,29.25,0.0
101,2023,149,1036.0,13.12,408.0,29.19,0.0
101,2023,149,1037.0,13.12,505.8,28.67,0.0
101,2023,149,1038.0,13.12,998.0,28.41,0.0
101,2023,149,1039.0,13.12,986.0,28.66,0.0
101,2023,149,1040.0,13.12,956.0,28.75,0.0
101,2023,149,1041.0,13.12,709.0,28.76,0.0
101,2023,149,1042.0,13.12,903.0,28.83,0.0
101,2023,149,1043.0,13.12,914.0,28.93,0.0
101,2023,149,1044.0,13.12,921.0,28.61,0.0
101,2023,149,1045.0,13.12,923.0,28.42,0.0
101,2023,149,1046.0,13.12,919.0,28.67,0.0
101,2023,149,1047.0,13.12,913.0,28.89,0.0
101,2023,149,1048.0,13.12,770.0,28.98,0.0
101,2023,149,1049.0,13.12,967.0,28.98,0.0
101,2023,149,1050.0,13.12,955.0,29.2,0.0
101,2023,149,1051.0,13.12,452.5,29.16,0.0
101,2023,149,1052.0,13.12,353.5,29.03,0.0
101,2023,149,1053.0,13.12,833.0,28.93,0.0
101,2023,149,1054.0,13.12,793.0,28.77,0.0
101,2023,149,1055.0,13.12,867.0,28.81,0.0
101,2023,149,1056.0,13.12,598.1,28.82,0.0
101,2023,149,1057.0,13.12,928.0,28.74,0.0
101,2023,149,1058.0,13.12,924.0,28.8,0.0
101,2023,149,1059.0,13.12,922.0,28.78,0.0
101,2023,149,1100.0,13.12,930.0,28.72,0.0
101,2023,149,1101.0,13.12,940.0,28.81,0.0
101,2023,149,1102.0,13.12,959.0,28.89,0.0
101,2023,149,1103.0,13.12,858.0,28.93,0.0
101,2023,149,1104.0,13.12,273.1,29.1,0.0
101,2023,149,1105.0,13.12,204.6,29.11,0.0
101,2023,149,1106.0,13.12,573.3,28.82,0.0
101,2023,149,1107.0,13.12,813.0,28.8,0.0
101,2023,149,1108.0,13.12,325.8,28.79,0.0
101,2023,149,1109.0,13.12,493.1,28.81,0.0
101,2023,149,1110.0,13.12,572.8,28.86,0.0
101,2023,149,1111.0,13.12,618.3,28.74,0.0
101,2023,149,1112.0,13.12,620.5,28.51,0.0
101,2023,149,1113.0,13.12,943.0,28.41,0.0
101,2023,149,1114.0,13.12,1006.0,28.6,0.0
101,2023,149,1115.0,13.12,1009.0,28.78,0.0
101,2023,149,1116.0,13.12,1007.0,28.97,0.0
101,2023,149,1117.0,13.11,999.0,29.11,0.0
101,2023,149,1118.0,13.11,968.0,29.25,0.0
101,2023,149,1119.0,13.11,973.0,29.03,0.0
101,2023,149,1120.0,13.11,977.0,28.95,0.0
101,2023,149,1121.0,13.11,989.0,28.92,0.0
101,2023,149,1122.0,13.11,1002.0,29.03,0.0
101,2023,149,1123.0,13.11,1007.0,28.78,0.0
101,2023,149,1124.0,13.11,1022.0,28.83,0.0
101,2023,149,1125.0,13.11,1051.0,28.75,0.0
101,2023,149,1126.0,13.11,548.8,28.93,0.0
101,2023,149,1127.0,13.11,461.0,29.09,0.0
101,2023,149,1128.0,13.1,766.0,29.24,0.0
101,2023,149,1129.0,13.1,999.0,29.26,0.0
101,2023,149,1130.0,13.1,998.0,29.28,0.0
101,2023,149,1131.0,13.1,995.0,29.37,0.0
101,2023,149,1132.0,13.1,982.0,29.31,0.0
101,2023,149,1133.0,13.1,874.0,29.23,0.0
101,2023,149,1134.0,13.1,883.0,29.2,0.0
101,2023,149,1135.0,13.1,960.0,29.18,0.0
101,2023,149,1136.0,13.1,1017.0,29.38,0.0
101,2023,149,1137.0,13.1,1030.0,29.61,0.0
101,2023,149,1138.0,13.1,892.0,29.47,0.0
101,2023,149,1139.0,13.1,956.0,29.24,0.0
101,2023,149,1140.0,13.1,922.0,29.15,0.0
101,2023,149,1141.0,13.1,803.0,29.19,0.0
101,2023,149,1142.0,13.1,758.0,29.23,0.0
101,2023,149,1143.0,13.09,676.3,29.13,0.0
101,2023,149,1144.0,13.1,564.6,29.06,0.0
101,2023,149,1145.0,13.09,381.6,28.99,0.0
101,2023,149,1146.0,13.09,312.3,28.89,0.0
101,2023,149,1147.0,13.1,295.4,28.77,0.0
101,2023,149,1148.0,13.09,311.1,28.44,0.0
101,2023,149,1149.0,13.1,332.3,28.24,0.0
101,2023,149,1150.0,13.1,457.1,28.07,0.0
101,2023,149,1151.0,13.1,728.0,28.22,0.0
101,2023,149,1152.0,13.1,829.0,28.36,0.0
101,2023,149,1153.0,13.1,749.0,28.64,0.0
101,2023,149,1154.0,13.1,940.0,28.83,0.0
101,2023,149,1155.0,13.11,1018.0,28.85,0.0
101,2023,149,1156.0,13.1,1051.0,28.95,0.0
101,2023,149,1157.0,13.1,969.0,28.95,0.0
101,2023,149,1158.0,13.1,873.0,28.89,0.0
101,2023,149,1159.0,13.1,1029.0,29.1,0.0
101,2023,149,1200.0,13.1,1017.0,29.18,0.0
101,2023,149,1201.0,13.1,1029.0,29.0,0.0
101,2023,149,1202.0,13.1,984.0,28.87,0.0
101,2023,149,1203.0,13.09,942.0,28.89,0.0
101,2023,149,1204.0,13.1,908.0,28.92,0.0
101,2023,149,1205.0,13.1,947.0,28.67,0.0
101,2023,149,1206.0,13.09,1046.0,28.68,0.0
101,2023,149,1207.0,13.1,892.0,29.0,0.0
101,2023,149,1208.0,13.09,902.0,29.32,0.0
101,2023,149,1209.0,13.09,894.0,29.31,0.0
101,2023,149,1210.0,13.09,1000.0,29.45,0.0
101,2023,149,1211.0,13.09,1042.0,29.39,0.0
101,2023,149,1212.0,13.09,803.0,29.49,0.0
101,2023,149,1213.0,13.09,733.0,29.33,0.0
101,2023,149,1214.0,13.09,383.8,29.18,0.0
101,2023,149,1215.0,13.09,536.5,28.96,0.0
101,2023,149,1216.0,13.09,984.0,28.93,0.0
101,2023,149,1217.0,13.09,955.0,29.18,0.0
101,2023,149,1218.0,13.09,985.0,29.27,0.0
101,2023,149,1219.0,13.09,966.0,29.28,0.0
101,2023,149,1220.0,13.09,942.0,29.18,0.0
101,2023,149,1221.0,13.09,966.0,28.98,0.0
101,2023,149,1222.0,13.09,972.0,28.92,0.0
101,2023,149,1223.0,13.09,962.0,29.04,0.0
101,2023,149,1224.0,13.09,882.0,29.33,0.0
101,2023,149,1225.0,13.08,821.0,29.37,0.0
101,2023,149,1226.0,13.09,902.0,29.37,0.0
101,2023,149,1227.0,13.08,793.0,29.51,0.0
101,2023,149,1228.0,13.09,861.0,29.33,0.0
101,2023,149,1229.0,13.08,811.0,29.14,0.0
101,2023,149,1230.0,13.09,796.0,29.24,0.0
101,2023,149,1231.0,13.09,837.0,29.36,0.0
101,2023,149,1232.0,13.08,736.0,29.42,0.0
101,2023,149,1233.0,13.09,729.0,29.23,0.0
101,2023,149,1234.0,13.09,716.0,29.01,0.0
101,2023,149,1235.0,13.08,712.0,28.7,0.0
101,2023,149,1236.0,13.09,660.1,28.63,0.0
101,2023,149,1237.0,13.08,716.0,28.72,0.0
101,2023,149,1238.0,13.09,721.0,29.0,0.0
101,2023,149,1239.0,13.09,774.0,29.18,0.0
101,2023,149,1240.0,13.08,775.0,29.19,0.0
101,2023,149,1241.0,13.09,780.0,29.19,0.0
101,2023,149,1242.0,13.09,754.0,29.43,0.0
101,2023,149,1243.0,13.09,800.0,29.29,0.0
101,2023,149,1244.0,13.09,700.0,29.06,0.0
101,2023,149,1245.0,13.08,305.3,28.97,0.0
101,2023,149,1246.0,13.09,216.1,28.71,0.0
101,2023,149,1247.0,13.08,305.8,28.6,0.0
101,2023,149,1248.0,13.09,915.0,28.42,0.0
101,2023,149,1249.0,13.09,963.0,28.34,0.0
101,2023,149,1250.0,13.09,741.0,28.58,0.0
101,2023,149,1251.0,13.09,390.4,28.72,0.0
101,2023,149,1252.0,13.09,646.3,28.73,0.0
101,2023,149,1253.0,13.09,913.0,28.79,0.0
101,2023,149,1254.0,13.09,903.0,28.74,0.0
101,2023,149,1255.0,13.09,896.0,28.79,0.0
101,2023,149,1256.0,13.09,892.0,28.53,0.0
101,2023,149,1257.0,13.09,885.0,28.58,0.0
101,2023,149,1258.0,13.09,870.0,28.71,0.0
101,2023,149,1259.0,13.09,874.0,28.82,0.0
101,2023,149,1300.0,13.09,844.0,28.77,0.0
101,2023,149,1301.0,13.08,865.0,28.87,0.0
101,2023,149,1302.0,13.09,865.0,29.0,0.0
101,2023,149,1303.0,13.09,862.0,28.93,0.0
101,2023,149,1304.0,13.08,856.0,28.79,0.0
101,2023,149,1305.0,13.08,850.0,28.84,0.0
101,2023,149,1306.0,13.09,845.0,28.92,0.0
101,2023,149,1307.0,13.08,839.0,28.97,0.0
101,2023,149,1308.0,13.08,839.0,28.92,0.0
101,2023,149,1309.0,13.08,839.0,29.0,0.0
101,2023,149,1310.0,13.08,843.0,28.99,0.0
101,2023,149,1311.0,13.08,841.0,28.94,0.0
101,2023,149,1312.0,13.08,837.0,28.86,0.0
101,2023,149,1313.0,13.08,837.0,28.65,0.0
101,2023,149,1314.0,13.08,836.0,28.65,0.0
101,2023,149,1315.0,13.08,837.0,28.68,0.0
101,2023,149,1316.0,13.08,836.0,28.6,0.0
101,2023,149,1317.0,13.08,835.0,28.62,0.0
101,2023,149,1318.0,13.08,827.0,28.74,0.0
101,2023,149,1319.0,13.08,821.0,28.76,0.0
101,2023,149,1320.0,13.08,818.0,28.71,0.0
101,2023,149,1321.0,13.09,816.0,28.81,0.0
101,2023,149,1322.0,13.08,818.0,28.76,0.0
101,2023,149,1323.0,13.08,819.0,28.76,0.0
101,2023,149,1324.0,13.08,818.0,28.67,0.0
101,2023,149,1325.0,13.08,817.0,28.7,0.0
101,2023,149,1326.0,13.08,817.0,28.82,0.0
101,2023,149,1327.0,13.08,820.0,28.67,0.0
101,2023,149,1328.0,13.08,817.0,28.67,0.0
101,2023,149,1329.0,13.08,817.0,28.75,0.0
101,2023,149,1330.0,13.08,819.0,28.59,0.0
101,2023,149,1331.0,13.08,816.0,28.76,0.0
101,2023,149,1332.0,13.08,814.0,28.84,0.0
101,2023,149,1333.0,13.08,815.0,28.78,0.0
101,2023,149,1334.0,13.08,813.0,28.87,0.0
101,2023,149,1335.0,13.08,812.0,28.69,0.0
101,2023,149,1336.0,13.09,807.0,28.78,0.0
101,2023,149,1337.0,13.08,802.0,28.98,0.0
101,2023,149,1338.0,13.09,797.0,29.04,0.0
101,2023,149,1339.0,13.08,792.0,28.91,0.0
101,2023,149,1340.0,13.09,791.0,28.76,0.0
101,2023,149,1341.0,13.08,792.0,28.87,0.0
101,2023,149,1342.0,13.09,791.0,28.87,0.0
101,2023,149,1343.0,13.08,797.0,28.89,0.0
101,2023,149,1344.0,13.08,815.0,28.88,0.0
101,2023,149,1345.0,13.08,825.0,28.96,0.0
101,2023,149,1346.0,13.09,819.0,29.05,0.0
101,2023,149,1347.0,13.09,809.0,29.09,0.0
101,2023,149,1348.0,13.08,801.0,29.04,0.0
101,2023,149,1349.0,13.09,795.0,29.15,0.0
101,2023,149,1350.0,13.09,792.0,29.1,0.0
101,2023,149,1351.0,13.09,791.0,28.85,0.0
101,2023,149,1352.0,13.09,790.0,28.86,0.0
101,2023,149,1353.0,13.09,782.0,28.92,0.0
101,2023,149,1354.0,13.09,774.0,28.97,0.0
101,2023,149,1355.0,13.09,771.0,28.78,0.0
101,2023,149,1356.0,13.08,765.0,28.75,0.0
101,2023,149,1357.0,13.09,758.0,28.69,0.0
101,2023,149,1358.0,13.09,753.0,28.74,0.0
101,2023,149,1359.0,13.09,751.0,28.8,0.0
101,2023,149,1400.0,13.09,754.0,28.85,0.0
101,2023,149,1401.0,13.09,741.0,28.83,0.0
101,2023,149,1402.0,13.09,650.1,28.95,0.0
101,2023,149,1403.0,13.09,738.0,28.99,0.0
101,2023,149,1404.0,13.09,760.0,28.89,0.0
101,2023,149,1405.0,13.09,759.0,28.68,0.0
101,2023,149,1406.0,13.09,746.0,28.73,0.0
101,2023,149,1407.0,13.09,765.0,28.72,0.0
101,2023,149,1408.0,13.09,768.0,28.82,0.0
101,2023,149,1409.0,13.09,770.0,28.89,0.0
101,2023,149,1410.0,13.09,772.0,29.01,0.0
101,2023,149,1411.0,13.09,771.0,28.83,0.0
101,2023,149,1412.0,13.09,717.0,28.7,0.0
101,2023,149,1413.0,13.09,742.0,28.74,0.0
101,2023,149,1414.0,13.09,760.0,28.67,0.0
101,2023,149,0.0,13.09,732.0,28.6,0.0
101,2023,149,1416.0,13.1,740.0,28.57,0.0
101,2023,149,1417.0,13.09,731.0,28.64,0.0
101,2023,149,1418.0,13.09,731.0,28.67,0.0
101,2023,149,1419.0,13.09,744.0,28.53,0.0
101,2023,149,1420.0,13.09,747.0,28.58,0.0
101,2023,149,1421.0,13.09,692.5,28.56,0.0
101,2023,149,1422.0,13.1,735.0,28.45,0.0
101,2023,149,1423.0,13.09,721.0,28.5,0.0
101,2023,149,1424.0,13.09,741.0,28.4,0.0
101,2023,149,1425.0,13.1,747.0,28.55,0.0
101,2023,149,1426.0,13.1,737.0,28.59,0.0
101,2023,149,1427.0,13.09,762.0,28.71,0.0
101,2023,149,1428.0,13.09,773.0,28.71,0.0
101,2023,149,1429.0,13.1,744.0,28.5,0.0
101,2023,149,1430.0,13.1,699.5,28.57,0.0
101,2023,149,1431.0,13.1,605.5,28.66,0.0
101,2023,149,1432.0,13.09,661.9,28.62,0.0
101,2023,149,1433.0,13.09,626.3,28.42,0.0
101,2023,149,1434.0,13.1,659.2,28.39,0.0
101,2023,149,1435.0,13.1,600.1,28.39,0.0
101,2023,149,1436.0,13.1,608.5,28.44,0.0
101,2023,149,1437.0,13.1,660.6,28.5,0.0
101,2023,149,1438.0,13.1,618.1,28.5,0.0
101,2023,149,1439.0,13.1,620.5,28.37,0.0
101,2023,149,1440.0,13.1,653.7,28.36,0.0
101,2023,149,1441.0,13.1,643.4,28.43,0.0
101,2023,149,1442.0,13.1,591.2,28.46,0.0
101,2023,149,1443.0,13.1,627.6,28.39,0.0
101,2023,149,1444.0,13.1,554.8,28.31,0.0
101,2023,149,1445.0,13.1,472.0,28.33,0.0
101,2023,149,1446.0,13.1,593.2,28.48,0.0
101,2023,149,1447.0,13.1,542.0,28.55,0.0
101,2023,149,1448.0,13.11,519.1,28.5,0.0
101,2023,149,1449.0,13.1,478.2,28.34,0.0
101,2023,149,1450.0,13.1,381.1,28.25,0.0
101,2023,149,1451.0,13.1,387.7,28.33,0.0
101,2023,149,1452.0,13.1,397.7,28.34,0.0
101,2023,149,1453.0,13.11,390.6,28.34,0.0
101,2023,149,1454.0,13.1,402.8,28.37,0.0
101,2023,149,1455.0,13.11,404.9,28.28,0.0
101,2023,149,1456.0,13.1,393.0,28.3,0.0
101,2023,149,1457.0,13.11,366.8,28.16,0.0
101,2023,149,1458.0,13.11,384.3,28.03,0.0
101,2023,149,1459.0,13.11,348.7,28.02,0.0
101,2023,149,1500.0,13.11,344.1,28.04,0.0
101,2023,149,1501.0,13.11,338.3,28.06,0.0
101,2023,149,1502.0,13.11,351.2,28.05,0.0
101,2023,149,1503.0,13.11,349.5,27.95,0.0
101,2023,149,1504.0,13.11,368.4,27.9,0.0
101,2023,149,1505.0,13.11,381.0,27.9,0.0
101,2023,149,1506.0,13.11,366.2,27.78,0.0
101,2023,149,1507.0,13.11,357.6,27.77,0.0
101,2023,149,1508.0,13.11,357.5,27.73,0.0
101,2023,149,1509.0,13.11,327.3,27.73,0.0
101,2023,149,1510.0,13.12,303.5,27.67,0.0
101,2023,149,1511.0,13.12,287.0,27.69,0.0
101,2023,149,1512.0,13.12,276.0,27.63,0.0
101,2023,149,1513.0,13.12,259.0,27.67,0.0
101,2023,149,1514.0,13.12,248.8,27.65,0.0
101,2023,149,1515.0,13.12,241.4,27.56,0.0
101,2023,149,1516.0,13.12,239.8,27.45,0.0
101,2023,149,1517.0,13.12,234.5,27.4,0.0
101,2023,149,1518.0,13.12,232.7,27.48,0.0
101,2023,149,1519.0,13.12,237.6,27.5,0.0
101,2023,149,1520.0,13.12,243.1,27.48,0.0
101,2023,149,1521.0,13.12,246.1,27.48,0.0
101,2023,149,1522.0,13.12,241.2,27.54,0.0
101,2023,149,1523.0,13.12,239.0,27.52,0.0
101,2023,149,1524.0,13.12,256.8,27.46,0.0
101,2023,149,1525.0,13.12,255.7,27.39,0.0
101,2023,149,1526.0,13.13,283.4,27.3,0.0
101,2023,149,1527.0,13.12,283.2,27.38,0.0
101,2023,149,1528.0,13.13,273.0,27.39,0.0
101,2023,149,1529.0,13.13,257.2,27.37,0.0
101,2023,149,1530.0,13.13,251.0,27.32,0.0
101,2023,149,1531.0,13.13,258.0,27.31,0.0
101,2023,149,1532.0,13.13,323.6,27.24,0.0
101,2023,149,1533.0,13.13,281.7,27.24,0.0
101,2023,149,1534.0,13.13,260.2,27.19,0.0
101,2023,149,1535.0,13.13,273.1,27.1,0.0
101,2023,149,1536.0,13.13,244.1,27.07,0.0
101,2023,149,1537.0,13.13,233.2,27.11,0.0
101,2023,149,1538.0,13.13,225.9,27.06,0.0
101,2023,149,1539.0,13.13,228.1,27.1,0.0
101,2023,149,1540.0,13.13,220.8,27.1,0.0
101,2023,149,1541.0,13.13,212.4,27.07,0.0
101,2023,149,1542.0,13.13,211.5,27.1,0.0
101,2023,149,1543.0,13.13,204.2,27.13,0.0
101,2023,149,1544.0,13.13,196.2,27.13,0.0
101,2023,149,1545.0,13.14,186.6,27.13,0.0
101,2023,149,1546.0,13.14,181.5,27.08,0.0
101,2023,149,1547.0,13.14,176.5,26.96,0.0
101,2023,149,1548.0,13.14,172.1,27.01,0.0
101,2023,149,1549.0,13.14,168.2,26.96,0.0
101,2023,149,1550.0,13.14,164.6,26.9,0.0
101,2023,149,1551.0,13.14,161.8,26.86,0.0
101,2023,149,1552.0,13.14,159.0,26.91,0.0
101,2023,149,1553.0,13.14,155.9,26.86,0.0
101,2023,149,1554.0,13.14,151.5,26.86,0.0
101,2023,149,1555.0,13.14,147.2,26.86,0.0
101,2023,149,1556.0,13.14,143.2,26.86,0.0
101,2023,149,1557.0,13.14,139.4,26.88,0.0
101,2023,149,1558.0,13.14,135.8,26.85,0.0
101,2023,149,1559.0,13.14,132.5,26.81,0.0
101,2023,149,1600.0,13.14,129.5,26.77,0.0
101,2023,149,1601.0,13.14,128.0,26.76,0.0
101,2023,149,1602.0,13.15,126.0,26.72,0.0
101,2023,149,1603.0,13.14,122.4,26.68,0.0
101,2023,149,1604.0,13.15,119.5,26.63,0.0
101,2023,149,1605.0,13.14,117.0,26.59,0.0
101,2023,149,1606.0,13.15,114.5,26.63,0.0
101,2023,149,1607.0,13.15,112.0,26.64,0.0
101,2023,149,1608.0,13.15,109.8,26.66,0.0
101,2023,149,1609.0,13.15,107.9,26.66,0.0
101,2023,149,1610.0,13.15,107.2,26.6,0.0
101,2023,149,1611.0,13.15,110.0,26.58,0.0
101,2023,149,1612.0,13.14,105.6,26.56,0.0
101,2023,149,1613.0,13.14,103.4,26.54,0.0
101,2023,149,1614.0,13.13,101.3,26.51,0.0
101,2023,149,1615.0,13.13,100.1,26.49,0.0
101,2023,149,1616.0,13.12,97.6,26.52,0.0
101,2023,149,1617.0,13.12,96.4,26.49,0.0
101,2023,149,1618.0,13.11,97.0,26.5,0.0
101,2023,149,1619.0,13.11,99.7,26.51,0.0
101,2023,149,1620.0,13.1,99.9,26.48,0.0
101,2023,149,1621.0,13.1,110.7,26.47,0.0
101,2023,149,1622.0,13.1,106.2,26.46,0.0
101,2023,149,1623.0,13.09,92.7,26.46,0.0
101,2023,149,1624.0,13.08,85.5,26.43,0.0
101,2023,149,1625.0,13.07,80.4,26.4,0.0
101,2023,149,1626.0,13.06,77.1,26.38,0.0
101,2023,149,1627.0,13.05,75.0,26.35,0.0
101,2023,149,1628.0,13.04,74.9,26.32,0.0
101,2023,149,1629.0,13.04,74.3,26.29,0.0
101,2023,149,1630.0,13.02,72.2,26.29,0.0
101,2023,149,1631.0,13.02,69.17,26.27,0.0
101,2023,149,1632.0,13.01,68.38,26.24,0.0
101,2023,149,1633.0,13.0,64.38,26.22,0.0
101,2023,149,1634.0,12.99,62.01,26.2,0.0
101,2023,149,1635.0,12.98,58.85,26.16,0.0
101,2023,149,1636.0,12.97,56.2,26.15,0.0
101,2023,149,1637.0,12.96,53.86,26.12,0.0
101,2023,149,1638.0,12.94,51.86,26.1,0.0
101,2023,149,1639.0,12.94,50.0,26.09,0.0
101,2023,149,1640.0,12.93,49.44,26.06,0.0
101,2023,149,1641.0,12.92,54.26,26.03,0.0
101,2023,149,1642.0,12.91,53.67,26.02,0.0
101,2023,149,1643.0,12.9,47.35,26.0,0.0
101,2023,149,1644.0,12.89,45.72,25.97,0.0
101,2023,149,1645.0,12.89,43.3,25.96,0.0
101,2023,149,1646.0,12.87,39.74,25.94,0.0
101,2023,149,1647.0,12.87,38.0,25.92,0.0
101,2023,149,1648.0,12.86,42.08,25.9,0.0
101,2023,149,1649.0,12.85,42.79,25.86,0.0
101,2023,149,1650.0,12.85,36.64,25.85,0.0
101,2023,149,1651.0,12.84,30.22,25.83,0.0
101,2023,149,1652.0,12.83,27.57,25.81,0.0
101,2023,149,1653.0,12.83,25.6,25.8,0.0
101,2023,149,1654.0,12.83,23.74,25.79,0.0
101,2023,149,1655.0,12.82,21.9,25.76,0.0
101,2023,149,1656.0,12.82,20.52,25.75,0.0
101,2023,149,1657.0,12.82,19.76,25.72,0.0
101,2023,149,1658.0,12.81,17.98,25.7,0.0
101,2023,149,1659.0,12.81,15.59,25.68,0.0
101,2023,149,1700.0,12.81,13.93,25.66,0.0
101,2023,149,1701.0,12.8,12.46,25.62,0.0
101,2023,149,1702.0,12.8,11.19,25.6,0.0
101,2023,149,1703.0,12.8,9.89,25.6,0.0
101,2023,149,1704.0,12.8,8.74,25.58,0.0
101,2023,149,1705.0,12.8,7.72,25.58,0.0
101,2023,149,1706.0,12.79,6.737,25.55,0.0
101,2023,149,1707.0,12.8,5.892,25.53,0.0
101,2023,149,1708.0,12.79,5.187,25.51,0.0
101,2023,149,1709.0,12.79,4.595,25.5,0.0
101,2023,149,1710.0,12.79,4.116,25.47,0.0
101,2023,149,1711.0,12.79,3.947,25.45,0.0
101,2023,149,1712.0,12.79,3.777,25.43,0.0
101,2023,149,1713.0,12.78,4.2,25.42,0.0
101,2023,149,1714.0,12.78,4.849,25.41,0.0
101,2023,149,1715.0,12.78,4.962,25.38,0.0
101,2023,149,1716.0,12.78,4.764,25.36,0.0
101,2023,149,1717.0,12.78,4.454,25.34,0.0
101,2023,149,1718.0,12.78,3.778,25.31,0.0
101,2023,149,1719.0,12.78,2.763,25.3,0.0
101,2023,149,1720.0,12.78,1.917,25.28,0.0
101,2023,149,1721.0,12.77,1.522,25.27,0.0
101,2023,149,1722.0,12.77,1.128,25.24,0.0
101,2023,149,1723.0,12.77,1.015,25.2,0.0
101,2023,149,1724.0,12.77,1.015,25.18,0.0
101,2023,149,1725.0,12.77,0.0,25.16,0.0
101,2023,149,1726.0,12.77,0.0,25.15,0.0
101,2023,149,1727.0,12.77,0.0,25.16,0.0
101,2023,149,1728.0,12.77,0.0,25.14,0.0
101,2023,149,1729.0,12.77,0.0,25.13,0.0
101,2023,149,1730.0,12.76,0.0,25.1,0.0
101,2023,149,1731.0,12.77,0.0,25.08,0.0
101,2023,149,1732.0,12.76,0.0,25.07,0.0
101,2023,149,1733.0,12.76,0.0,25.07,0.0
101,2023,149,1734.0,12.76,0.0,25.05,0.0
101,2023,149,1735.0,12.76,0.0,25.05,0.0
101,2023,149,1736.0,12.76,0.0,25.04,0.0
101,2023,149,1737.0,12.76,0.0,25.03,0.0
101,2023,149,1738.0,12.76,0.0,25.03,0.0
101,2023,149,1739.0,12.76,0.0,25.04,0.0
101,2023,149,1740.0,12.76,0.0,25.01,0.0
101,2023,149,1741.0,12.75,0.0,25.02,0.0
101,2023,149,1742.0,12.75,0.0,25.06,0.0
101,2023,149,1743.0,12.75,0.0,25.07,0.0
101,2023,149,1744.0,12.75,0.0,25.05,0.0
101,2023,149,1745.0,12.75,0.0,25.07,0.0
101,2023,149,1746.0,12.75,0.0,25.05,0.0
101,2023,149,1747.0,12.75,0.0,25.05,0.0
101,2023,149,1748.0,12.75,0.0,25.03,0.0
101,2023,149,1749.0,12.75,0.0,25.02,0.0
101,2023,149,1750.0,12.75,0.0,25.01,0.0
101,2023,149,1751.0,12.75,0.0,25.0,0.0
101,2023,149,1752.0,12.75,0.0,25.0,0.0
101,2023,149,1753.0,12.75,0.0,24.98,0.0
101,2023,149,1754.0,12.74,0.0,24.98,0.0
101,2023,149,1755.0,12.75,0.0,24.98,0.0
101,2023,149,1756.0,12.75,0.0,24.99,0.0
101,2023,149,1757.0,12.74,0.0,25.0,0.0
101,2023,149,1758.0,12.74,0.0,25.0,0.0
101,2023,149,1759.0,12.75,0.0,25.0,0.0
