a,b,dia_juliano,d,e,f,g,h
101,2023,83,530.0,12.57,5.301,22.39,0.0
101,2023,83,531.0,12.57,5.752,22.39,0.0
101,2023,83,532.0,12.57,6.063,22.39,0.0
101,2023,83,533.0,12.57,6.175,22.39,0.0
101,2023,83,534.0,12.57,6.655,22.39,0.0
101,2023,83,535.0,12.57,7.22,22.4,0.0
101,2023,83,536.0,12.57,8.04,22.39,0.0
101,2023,83,537.0,12.57,8.91,22.4,0.0
101,2023,83,538.0,12.57,9.9,22.4,0.0
101,2023,83,539.0,12.57,10.94,22.41,0.0
101,2023,83,540.0,12.57,12.13,22.43,0.0
101,2023,83,541.0,12.57,13.48,22.45,0.0
101,2023,83,542.0,12.58,15.59,22.46,0.0
101,2023,83,543.0,12.59,18.92,22.47,0.0
101,2023,83,544.0,12.6,24.05,22.48,0.0
101,2023,83,545.0,12.6,29.97,22.49,0.0
101,2023,83,546.0,12.62,36.54,22.5,0.0
101,2023,83,547.0,12.65,43.09,22.51,0.0
101,2023,83,548.0,12.68,49.88,22.55,0.0
101,2023,83,549.0,12.71,52.34,22.56,0.0
101,2023,83,550.0,12.73,46.84,22.57,0.0
101,2023,83,551.0,12.78,46.81,22.59,0.0
101,2023,83,552.0,12.9,53.44,22.63,0.0
101,2023,83,553.0,13.12,54.42,22.69,0.0
101,2023,83,554.0,13.23,55.78,22.69,0.0
101,2023,83,555.0,13.23,57.92,22.78,0.0
101,2023,83,556.0,13.23,59.02,22.83,0.0
101,2023,83,557.0,13.23,59.47,22.84,0.0
101,2023,83,558.0,13.23,65.53,22.9,0.0
101,2023,83,559.0,13.23,68.8,22.95,0.0
101,2023,83,600.0,13.23,58.65,22.94,0.0
101,2023,83,601.0,13.21,44.24,22.89,0.0
101,2023,83,602.0,13.15,36.09,22.85,0.0
101,2023,83,603.0,13.21,45.68,22.8,0.0
101,2023,83,604.0,13.23,56.79,22.81,0.0
101,2023,83,605.0,13.23,57.52,22.83,0.0
101,2023,83,606.0,13.23,60.48,22.81,0.0
101,2023,83,607.0,13.23,69.03,22.84,0.0
101,2023,83,608.0,13.23,78.4,22.88,0.0
101,2023,83,609.0,13.23,76.6,22.85,0.0
101,2023,83,610.0,13.23,79.4,22.87,0.0
101,2023,83,611.0,13.23,82.4,22.89,0.0
101,2023,83,612.0,13.23,87.4,22.94,0.0
101,2023,83,613.0,13.23,77.1,22.94,0.0
101,2023,83,614.0,13.23,95.8,22.95,0.0
101,2023,83,615.0,13.23,109.2,22.98,0.0
101,2023,83,616.0,13.23,97.7,23.0,0.0
101,2023,83,617.0,13.23,113.8,23.09,0.0
101,2023,83,618.0,13.22,138.5,23.17,0.0
101,2023,83,619.0,13.22,141.9,23.22,0.0
101,2023,83,620.0,13.22,153.8,23.39,0.0
101,2023,83,621.0,13.22,165.5,23.5,0.0
101,2023,83,622.0,13.22,175.0,23.51,0.0
101,2023,83,623.0,13.22,179.3,23.34,0.0
101,2023,83,624.0,13.22,173.1,23.34,0.0
101,2023,83,625.0,13.22,164.6,23.37,0.0
101,2023,83,626.0,13.22,161.3,23.54,0.0
101,2023,83,627.0,13.22,151.1,23.54,0.0
101,2023,83,628.0,13.22,157.7,23.7,0.0
101,2023,83,629.0,13.21,164.6,23.87,0.0
101,2023,83,630.0,13.21,173.8,24.07,0.0
101,2023,83,631.0,13.21,172.9,24.01,0.0
101,2023,83,632.0,13.21,104.1,23.98,0.0
101,2023,83,633.0,13.21,92.9,23.95,0.0
101,2023,83,634.0,13.21,96.7,23.96,0.0
101,2023,83,635.0,13.21,81.9,23.92,0.0
101,2023,83,636.0,13.21,90.2,23.91,0.0
101,2023,83,637.0,13.21,122.8,23.91,0.0
101,2023,83,638.0,13.21,169.1,23.91,0.0
101,2023,83,639.0,13.21,186.2,23.92,0.0
101,2023,83,640.0,13.21,148.9,24.01,0.0
101,2023,83,641.0,13.21,90.9,24.06,0.0
101,2023,83,642.0,13.21,67.59,23.97,0.0
101,2023,83,643.0,13.21,65.62,23.92,0.0
101,2023,83,644.0,13.21,68.75,23.87,0.0
101,2023,83,645.0,13.21,88.3,23.91,0.0
101,2023,83,646.0,13.21,111.6,23.89,0.0
101,2023,83,647.0,13.21,131.1,23.89,0.0
101,2023,83,648.0,13.21,135.0,23.96,0.0
101,2023,83,649.0,13.21,146.4,24.0,0.0
101,2023,83,650.0,13.21,144.2,24.04,0.0
101,2023,83,651.0,13.21,136.4,23.97,0.0
101,2023,83,652.0,13.21,124.7,23.99,0.0
101,2023,83,653.0,13.21,126.8,24.03,0.0
101,2023,83,654.0,13.21,131.0,24.05,0.0
101,2023,83,655.0,13.21,133.4,24.0,0.0
101,2023,83,656.0,13.21,149.1,24.01,0.0
101,2023,83,657.0,13.21,178.8,23.97,0.0
101,2023,83,658.0,13.21,216.5,24.06,0.0
101,2023,83,659.0,13.21,248.4,24.14,0.0
101,2023,83,700.0,13.21,280.3,24.2,0.0
101,2023,83,701.0,13.21,334.1,24.22,0.0
101,2023,83,702.0,13.21,493.7,24.31,0.0
101,2023,83,703.0,13.21,508.7,24.36,0.0
101,2023,83,704.0,13.2,369.7,24.4,0.0
101,2023,83,705.0,13.2,390.5,24.41,0.0
101,2023,83,706.0,13.2,350.4,24.58,0.0
101,2023,83,707.0,13.2,299.7,24.61,0.0
101,2023,83,708.0,13.19,335.2,24.59,0.0
101,2023,83,709.0,13.19,368.9,24.72,0.0
101,2023,83,710.0,13.19,278.9,24.84,0.0
101,2023,83,711.0,13.18,229.7,24.83,0.0
101,2023,83,712.0,13.19,225.3,24.9,0.0
101,2023,83,713.0,13.18,272.8,24.98,0.0
101,2023,83,714.0,13.18,317.2,25.03,0.0
101,2023,83,715.0,13.18,295.8,25.19,0.0
101,2023,83,716.0,13.18,224.2,25.24,0.0
101,2023,83,717.0,13.18,319.5,25.24,0.0
101,2023,83,718.0,13.18,391.1,25.23,0.0
101,2023,83,719.0,13.18,417.2,25.24,0.0
101,2023,83,720.0,13.18,364.6,25.44,0.0
101,2023,83,721.0,13.18,398.4,25.54,0.0
101,2023,83,722.0,13.17,375.6,25.6,0.0
101,2023,83,723.0,13.17,415.0,25.66,0.0
101,2023,83,724.0,13.17,412.6,25.78,0.0
101,2023,83,725.0,13.17,410.1,25.82,0.0
101,2023,83,726.0,13.16,405.9,25.72,0.0
101,2023,83,727.0,13.16,405.1,25.82,0.0
101,2023,83,728.0,13.16,406.6,25.84,0.0
101,2023,83,729.0,13.16,410.6,25.78,0.0
101,2023,83,730.0,13.16,415.2,25.91,0.0
101,2023,83,731.0,13.15,421.7,25.98,0.0
101,2023,83,732.0,13.15,429.2,25.98,0.0
101,2023,83,733.0,13.15,440.4,25.99,0.0
101,2023,83,734.0,13.15,429.0,26.11,0.0
101,2023,83,735.0,13.15,445.0,26.02,0.0
101,2023,83,736.0,13.15,448.6,25.86,0.0
101,2023,83,737.0,13.14,450.5,25.87,0.0
101,2023,83,738.0,13.15,454.9,25.86,0.0
101,2023,83,739.0,13.14,462.5,26.01,0.0
101,2023,83,740.0,13.14,466.2,26.07,0.0
101,2023,83,741.0,13.14,484.5,26.14,0.0
101,2023,83,742.0,13.14,491.7,26.23,0.0
101,2023,83,743.0,13.14,512.7,26.43,0.0
101,2023,83,744.0,13.14,419.0,26.54,0.0
101,2023,83,745.0,13.13,265.4,26.63,0.0
101,2023,83,746.0,13.13,280.8,26.68,0.0
101,2023,83,747.0,13.13,343.8,26.59,0.0
101,2023,83,748.0,13.13,268.9,26.67,0.0
101,2023,83,749.0,13.13,203.2,26.67,0.0
101,2023,83,750.0,13.13,226.1,26.77,0.0
101,2023,83,751.0,13.13,148.3,26.76,0.0
101,2023,83,752.0,13.13,135.5,26.74,0.0
101,2023,83,753.0,13.13,146.9,26.79,0.0
101,2023,83,754.0,13.14,313.3,26.75,0.0
101,2023,83,755.0,13.14,451.8,26.83,0.0
101,2023,83,756.0,13.14,605.0,26.8,0.0
101,2023,83,757.0,13.14,573.5,26.95,0.0
101,2023,83,758.0,13.14,647.8,27.17,0.0
101,2023,83,759.0,13.13,567.7,27.18,0.0
101,2023,83,800.0,13.13,748.0,27.14,0.0
101,2023,83,801.0,13.13,730.0,27.2,0.0
101,2023,83,802.0,13.13,645.4,27.23,0.0
101,2023,83,803.0,13.13,496.4,27.23,0.0
101,2023,83,804.0,13.13,524.6,27.09,0.0
101,2023,83,805.0,13.13,556.8,27.33,0.0
101,2023,83,806.0,13.12,609.1,27.38,0.0
101,2023,83,807.0,13.12,590.7,27.5,0.0
101,2023,83,808.0,13.12,632.6,27.65,0.0
101,2023,83,809.0,13.12,720.0,27.79,0.0
101,2023,83,810.0,13.12,681.0,27.88,0.0
101,2023,83,811.0,13.11,522.8,27.74,0.0
101,2023,83,812.0,13.11,297.5,27.8,0.0
101,2023,83,813.0,13.11,242.3,27.94,0.0
101,2023,83,814.0,13.11,235.5,27.84,0.0
101,2023,83,815.0,13.11,242.1,27.92,0.0
101,2023,83,816.0,13.11,231.5,27.96,0.0
101,2023,83,817.0,13.11,218.5,27.95,0.0
101,2023,83,818.0,13.11,261.0,28.02,0.0
101,2023,83,819.0,13.11,302.8,28.12,0.0
101,2023,83,820.0,13.11,285.4,28.04,0.0
101,2023,83,821.0,13.11,329.9,28.01,0.0
101,2023,83,822.0,13.11,569.5,28.08,0.0
101,2023,83,823.0,13.11,521.3,28.14,0.0
101,2023,83,824.0,13.11,665.6,28.24,0.0
101,2023,83,825.0,13.11,795.0,28.37,0.0
101,2023,83,826.0,13.11,812.0,28.63,0.0
101,2023,83,827.0,13.11,806.0,28.69,0.0
101,2023,83,828.0,13.11,828.0,28.26,0.0
101,2023,83,829.0,13.11,846.0,28.04,0.0
101,2023,83,830.0,13.11,719.0,28.32,0.0
101,2023,83,831.0,13.1,837.0,28.41,0.0
101,2023,83,832.0,13.1,550.1,28.28,0.0
101,2023,83,833.0,13.1,301.1,28.07,0.0
101,2023,83,834.0,13.1,371.5,28.02,0.0
101,2023,83,835.0,13.1,265.4,27.9,0.0
101,2023,83,836.0,13.09,281.7,27.52,0.0
101,2023,83,837.0,13.1,345.7,27.45,0.0
101,2023,83,838.0,13.1,373.5,27.45,0.0
101,2023,83,839.0,13.1,458.1,27.38,0.0
101,2023,83,840.0,13.1,654.2,27.46,0.0
101,2023,83,841.0,13.1,464.6,27.46,0.0
101,2023,83,842.0,13.1,429.8,27.5,0.0
101,2023,83,843.0,13.1,456.2,27.55,0.0
101,2023,83,844.0,13.1,345.8,27.5,0.0
101,2023,83,845.0,13.1,374.2,27.14,0.0
101,2023,83,846.0,13.1,513.0,27.18,0.0
101,2023,83,847.0,13.1,628.2,27.15,0.0
101,2023,83,848.0,13.1,400.9,27.27,0.0
101,2023,83,849.0,13.1,333.8,27.37,0.0
101,2023,83,850.0,13.1,339.1,27.37,0.0
101,2023,83,851.0,13.1,343.2,27.4,0.0
101,2023,83,852.0,13.1,359.9,27.41,0.0
101,2023,83,853.0,13.11,683.0,27.41,0.0
101,2023,83,854.0,13.1,566.2,27.64,0.0
101,2023,83,855.0,13.1,296.1,27.72,0.0
101,2023,83,856.0,13.1,276.8,27.61,0.0
101,2023,83,857.0,13.1,315.9,27.47,0.0
101,2023,83,858.0,13.1,698.4,27.45,0.0
101,2023,83,859.0,13.1,942.0,27.69,0.0
101,2023,83,900.0,13.1,794.0,28.07,0.0
101,2023,83,901.0,13.1,956.0,28.08,0.0
101,2023,83,902.0,13.1,525.8,28.15,0.0
101,2023,83,903.0,13.1,390.3,28.1,0.0
101,2023,83,904.0,13.1,336.7,27.89,0.0
101,2023,83,905.0,13.09,312.5,27.8,0.0
101,2023,83,906.0,13.09,344.5,27.82,0.0
101,2023,83,907.0,13.09,328.1,27.64,0.0
101,2023,83,908.0,13.09,334.7,27.62,0.0
101,2023,83,909.0,13.09,346.4,27.68,0.0
101,2023,83,910.0,13.09,327.6,27.65,0.0
101,2023,83,911.0,13.1,363.0,27.73,0.0
101,2023,83,912.0,13.09,359.0,27.77,0.0
101,2023,83,913.0,13.09,335.8,27.72,0.0
101,2023,83,914.0,13.09,349.3,27.73,0.0
101,2023,83,915.0,13.09,331.9,27.68,0.0
101,2023,83,916.0,13.1,321.5,27.64,0.0
101,2023,83,917.0,13.09,323.5,27.62,0.0
101,2023,83,918.0,13.1,316.8,27.64,0.0
101,2023,83,919.0,13.1,303.6,27.61,0.0
101,2023,83,920.0,13.1,291.2,27.56,0.0
101,2023,83,921.0,13.1,284.3,27.61,0.0
101,2023,83,922.0,13.1,280.3,27.66,0.0
101,2023,83,923.0,13.1,280.3,27.64,0.0
101,2023,83,924.0,13.1,282.5,27.63,0.0
101,2023,83,925.0,13.1,281.0,27.59,0.0
101,2023,83,926.0,13.1,276.1,27.51,0.0
101,2023,83,927.0,13.11,271.7,27.35,0.0
101,2023,83,928.0,13.1,267.9,27.3,0.0
101,2023,83,929.0,13.1,263.1,27.26,0.0
101,2023,83,930.0,13.11,255.1,27.2,0.0
101,2023,83,931.0,13.11,243.5,27.16,0.0
101,2023,83,932.0,13.11,232.7,27.0,0.0
101,2023,83,933.0,13.11,226.9,26.95,0.0
101,2023,83,934.0,13.11,236.8,26.89,0.0
101,2023,83,935.0,13.11,254.2,26.72,0.0
101,2023,83,936.0,13.11,268.7,26.5,0.0
101,2023,83,937.0,13.12,280.0,26.43,0.0
101,2023,83,938.0,13.12,286.3,26.32,0.0
101,2023,83,939.0,13.12,288.5,26.27,0.0
101,2023,83,940.0,13.12,293.4,26.17,0.0
101,2023,83,941.0,13.12,299.8,26.13,0.0
101,2023,83,942.0,13.12,313.1,26.03,0.0
101,2023,83,943.0,13.13,319.6,26.0,0.0
101,2023,83,944.0,13.12,322.8,25.91,0.0
101,2023,83,945.0,13.13,327.6,25.85,0.0
101,2023,83,946.0,13.13,343.7,25.83,0.0
101,2023,83,947.0,13.13,378.1,25.77,0.0
101,2023,83,948.0,13.13,416.5,25.72,0.0
101,2023,83,949.0,13.13,456.3,25.64,0.0
101,2023,83,950.0,13.13,517.2,25.75,0.0
101,2023,83,951.0,13.13,519.7,25.75,0.0
101,2023,83,952.0,13.13,616.3,25.77,0.0
101,2023,83,953.0,13.13,812.0,25.8,0.0
101,2023,83,954.0,13.13,1111.0,26.04,0.0
101,2023,83,955.0,13.12,1062.0,26.3,0.0
101,2023,83,956.0,13.13,1053.0,26.41,0.0
101,2023,83,957.0,13.13,632.2,26.56,0.0
101,2023,83,958.0,13.13,799.0,26.51,0.0
101,2023,83,959.0,13.13,880.0,26.87,0.0
101,2023,83,1000.0,13.13,949.0,26.86,0.0
101,2023,83,1001.0,13.13,989.0,26.84,0.0
101,2023,83,1002.0,13.13,951.0,27.07,0.0
101,2023,83,1003.0,13.13,924.0,27.14,0.0
101,2023,83,1004.0,13.13,910.0,27.11,0.0
101,2023,83,1005.0,13.13,919.0,27.34,0.0
101,2023,83,1006.0,13.13,919.0,27.45,0.0
101,2023,83,1007.0,13.13,914.0,27.51,0.0
101,2023,83,1008.0,13.13,835.0,27.58,0.0
101,2023,83,1009.0,13.13,903.0,27.58,0.0
101,2023,83,1010.0,13.13,912.0,27.73,0.0
101,2023,83,1011.0,13.13,907.0,27.84,0.0
101,2023,83,1012.0,13.13,623.3,27.79,0.0
101,2023,83,1013.0,13.13,839.0,27.73,0.0
101,2023,83,1014.0,13.13,921.0,27.83,0.0
101,2023,83,1015.0,13.13,921.0,27.82,0.0
101,2023,83,1016.0,13.13,924.0,28.06,0.0
101,2023,83,1017.0,13.13,929.0,28.32,0.0
101,2023,83,1018.0,13.13,933.0,28.5,0.0
101,2023,83,1019.0,13.13,940.0,28.58,0.0
101,2023,83,1020.0,13.13,938.0,28.6,0.0
101,2023,83,1021.0,13.12,939.0,28.71,0.0
101,2023,83,1022.0,13.12,942.0,28.76,0.0
101,2023,83,1023.0,13.12,943.0,28.66,0.0
101,2023,83,1024.0,13.12,951.0,28.89,0.0
101,2023,83,1025.0,13.12,960.0,29.02,0.0
101,2023,83,1026.0,13.12,966.0,28.74,0.0
101,2023,83,1027.0,13.12,966.0,28.82,0.0
101,2023,83,1028.0,13.12,887.0,29.02,0.0
101,2023,83,1029.0,13.12,958.0,28.79,0.0
101,2023,83,1030.0,13.12,1003.0,28.81,0.0
101,2023,83,1031.0,13.12,1010.0,29.06,0.0
101,2023,83,1032.0,13.12,1011.0,29.19,0.0
101,2023,83,1033.0,13.12,1032.0,29.37,0.0
101,2023,83,1034.0,13.12,779.0,29.48,0.0
101,2023,83,1035.0,13.12,692.7,29.33,0.0
101,2023,83,1036.0,13.12,971.0,29.32,0.0
101,2023,83,1037.0,13.12,725.0,29.23,0.0
101,2023,83,1038.0,13.12,769.0,29.25,0.0
101,2023,83,1039.0,13.12,1034.0,29.36,0.0
101,2023,83,1040.0,13.11,1031.0,29.56,0.0
101,2023,83,1041.0,13.11,1045.0,29.33,0.0
101,2023,83,1042.0,13.11,1063.0,29.17,0.0
101,2023,83,1043.0,13.11,886.0,29.2,0.0
101,2023,83,1044.0,13.11,935.0,29.34,0.0
101,2023,83,1045.0,13.12,1060.0,29.5,0.0
101,2023,83,1046.0,13.11,1053.0,29.62,0.0
101,2023,83,1047.0,13.11,1031.0,29.78,0.0
101,2023,83,1048.0,13.11,1029.0,29.65,0.0
101,2023,83,1049.0,13.11,1030.0,29.43,0.0
101,2023,83,1050.0,13.11,1031.0,29.37,0.0
101,2023,83,1051.0,13.11,1035.0,29.68,0.0
101,2023,83,1052.0,13.11,1042.0,29.85,0.0
101,2023,83,1053.0,13.11,1033.0,29.65,0.0
101,2023,83,1054.0,13.11,1060.0,29.66,0.0
101,2023,83,1055.0,13.11,1066.0,29.74,0.0
101,2023,83,1056.0,13.11,1068.0,29.77,0.0
101,2023,83,1057.0,13.11,1069.0,29.68,0.0
101,2023,83,1058.0,13.11,1071.0,29.62,0.0
101,2023,83,1059.0,13.11,876.0,29.69,0.0
101,2023,83,1100.0,13.11,856.0,29.87,0.0
101,2023,83,1101.0,13.11,903.0,29.87,0.0
101,2023,83,1102.0,13.11,1111.0,29.7,0.0
101,2023,83,1103.0,13.11,1106.0,29.73,0.0
101,2023,83,1104.0,13.11,1061.0,30.03,0.0
101,2023,83,1105.0,13.11,1059.0,30.01,0.0
101,2023,83,1106.0,13.11,1042.0,29.96,0.0
101,2023,83,1107.0,13.1,1042.0,30.05,0.0
101,2023,83,1108.0,13.11,1061.0,30.16,0.0
101,2023,83,1109.0,13.11,1088.0,30.17,0.0
101,2023,83,1110.0,13.1,717.0,30.12,0.0
101,2023,83,1111.0,13.1,430.3,30.07,0.0
101,2023,83,1112.0,13.11,1119.0,29.99,0.0
101,2023,83,1113.0,13.11,1072.0,30.07,0.0
101,2023,83,1114.0,13.1,1140.0,30.22,0.0
101,2023,83,1115.0,13.1,1129.0,30.29,0.0
101,2023,83,1116.0,13.1,1138.0,30.33,0.0
101,2023,83,1117.0,13.1,1086.0,30.23,0.0
101,2023,83,1118.0,13.1,807.0,30.12,0.0
101,2023,83,1119.0,13.1,1054.0,30.02,0.0
101,2023,83,1120.0,13.1,723.0,30.23,0.0
101,2023,83,1121.0,13.1,684.4,30.34,0.0
101,2023,83,1122.0,13.1,451.0,30.35,0.0
101,2023,83,1123.0,13.1,1034.0,30.1,0.0
101,2023,83,1124.0,13.1,1062.0,30.19,0.0
101,2023,83,1125.0,13.1,1061.0,30.3,0.0
101,2023,83,1126.0,13.1,1075.0,30.4,0.0
101,2023,83,1127.0,13.1,1061.0,30.52,0.0
101,2023,83,1128.0,13.1,784.0,30.25,0.0
101,2023,83,1129.0,13.1,570.2,30.17,0.0
101,2023,83,1130.0,13.1,399.5,30.07,0.0
101,2023,83,1131.0,13.1,344.8,29.8,0.0
101,2023,83,1132.0,13.1,388.6,29.89,0.0
101,2023,83,1133.0,13.1,705.0,29.94,0.0
101,2023,83,1134.0,13.1,407.3,30.02,0.0
101,2023,83,1135.0,13.1,877.0,30.14,0.0
101,2023,83,1136.0,13.1,1094.0,30.17,0.0
101,2023,83,1137.0,13.1,1088.0,30.36,0.0
101,2023,83,1138.0,13.1,1088.0,30.31,0.0
101,2023,83,1139.0,13.1,1023.0,30.21,0.0
101,2023,83,1140.0,13.1,1106.0,30.04,0.0
101,2023,83,1141.0,13.1,887.0,30.03,0.0
101,2023,83,1142.0,13.1,1072.0,29.95,0.0
101,2023,83,1143.0,13.1,1063.0,29.99,0.0
101,2023,83,1144.0,13.1,506.6,29.93,0.0
101,2023,83,1145.0,13.1,815.0,29.94,0.0
101,2023,83,1146.0,13.1,961.0,30.04,0.0
101,2023,83,1147.0,13.1,1083.0,30.25,0.0
101,2023,83,1148.0,13.1,1065.0,30.09,0.0
101,2023,83,1149.0,13.1,1055.0,30.28,0.0
101,2023,83,1150.0,13.1,1066.0,30.43,0.0
101,2023,83,1151.0,13.1,1098.0,30.49,0.0
101,2023,83,1152.0,13.1,1138.0,30.66,0.0
101,2023,83,1153.0,13.1,794.0,30.72,0.0
101,2023,83,1154.0,13.1,430.6,30.42,0.0
101,2023,83,1155.0,13.1,550.7,30.2,0.0
101,2023,83,1156.0,13.1,791.0,30.08,0.0
101,2023,83,1157.0,13.1,534.3,30.14,0.0
101,2023,83,1158.0,13.1,354.9,29.85,0.0
101,2023,83,1159.0,13.1,361.6,29.79,0.0
101,2023,83,1200.0,13.1,466.0,29.63,0.0
101,2023,83,1201.0,13.1,750.0,29.63,0.0
101,2023,83,1202.0,13.1,949.0,29.64,0.0
101,2023,83,1203.0,13.1,1009.0,29.73,0.0
101,2023,83,1204.0,13.1,961.0,29.71,0.0
101,2023,83,1205.0,13.1,987.0,29.86,0.0
101,2023,83,1206.0,13.1,1031.0,30.07,0.0
101,2023,83,1207.0,13.1,826.0,30.15,0.0
101,2023,83,1208.0,13.1,443.0,30.1,0.0
101,2023,83,1209.0,13.1,435.4,30.0,0.0
101,2023,83,1210.0,13.1,680.9,29.89,0.0
101,2023,83,1211.0,13.1,881.0,30.02,0.0
101,2023,83,1212.0,13.1,977.0,30.27,0.0
101,2023,83,1213.0,13.1,910.0,30.23,0.0
101,2023,83,1214.0,13.1,921.0,30.27,0.0
101,2023,83,1215.0,13.1,951.0,30.15,0.0
101,2023,83,1216.0,13.1,932.0,30.11,0.0
101,2023,83,1217.0,13.1,924.0,30.03,0.0
101,2023,83,1218.0,13.1,956.0,30.0,0.0
101,2023,83,1219.0,13.1,993.0,30.0,0.0
101,2023,83,1220.0,13.1,729.0,30.12,0.0
101,2023,83,1221.0,13.1,503.8,30.13,0.0
101,2023,83,1222.0,13.1,920.0,30.12,0.0
101,2023,83,1223.0,13.09,1038.0,30.22,0.0
101,2023,83,1224.0,13.09,631.8,30.35,0.0
101,2023,83,1225.0,13.1,524.3,30.41,0.0
101,2023,83,1226.0,13.1,323.8,30.21,0.0
101,2023,83,1227.0,13.1,283.1,30.32,0.0
101,2023,83,1228.0,13.1,262.3,30.34,0.0
101,2023,83,1229.0,13.1,417.5,30.08,0.0
101,2023,83,1230.0,13.09,854.0,29.98,0.0
101,2023,83,1231.0,13.09,973.0,30.12,0.0
101,2023,83,1232.0,13.09,987.0,30.48,0.0
101,2023,83,1233.0,13.09,952.0,30.72,0.0
101,2023,83,1234.0,13.09,985.0,30.72,0.0
101,2023,83,1235.0,13.1,899.0,30.74,0.0
101,2023,83,1236.0,13.09,766.0,30.8,0.0
101,2023,83,1237.0,13.09,814.0,30.64,0.0
101,2023,83,1238.0,13.09,914.0,30.45,0.0
101,2023,83,1239.0,13.09,913.0,30.35,0.0
101,2023,83,1240.0,13.09,868.0,30.63,0.0
101,2023,83,1241.0,13.09,858.0,30.88,0.0
101,2023,83,1242.0,13.09,854.0,31.07,0.0
101,2023,83,1243.0,13.09,832.0,30.67,0.0
101,2023,83,1244.0,13.09,845.0,30.58,0.0
101,2023,83,1245.0,13.09,858.0,30.34,0.0
101,2023,83,1246.0,13.09,826.0,30.28,0.0
101,2023,83,1247.0,13.09,831.0,30.44,0.0
101,2023,83,1248.0,13.09,747.0,30.65,0.0
101,2023,83,1249.0,13.09,699.9,30.57,0.0
101,2023,83,1250.0,13.09,763.0,30.48,0.0
101,2023,83,1251.0,13.09,752.0,30.49,0.0
101,2023,83,1252.0,13.09,788.0,30.5,0.0
101,2023,83,1253.0,13.09,823.0,30.41,0.0
101,2023,83,1254.0,13.09,948.0,30.5,0.0
101,2023,83,1255.0,13.09,651.8,30.72,0.0
101,2023,83,1256.0,13.09,414.6,30.67,0.0
101,2023,83,1257.0,13.09,359.7,30.33,0.0
101,2023,83,1258.0,13.09,309.8,30.21,0.0
101,2023,83,1259.0,13.09,290.0,30.12,0.0
101,2023,83,1300.0,13.09,280.2,30.03,0.0
101,2023,83,1301.0,13.09,270.3,29.94,0.0
101,2023,83,1302.0,13.09,261.8,29.93,0.0
101,2023,83,1303.0,13.09,254.6,29.85,0.0
101,2023,83,1304.0,13.09,488.5,29.78,0.0
101,2023,83,1305.0,13.09,901.0,29.81,0.0
101,2023,83,1306.0,13.09,915.0,29.93,0.0
101,2023,83,1307.0,13.09,917.0,29.96,0.0
101,2023,83,1308.0,13.09,910.0,30.28,0.0
101,2023,83,1309.0,13.09,895.0,30.39,0.0
101,2023,83,1310.0,13.09,879.0,30.4,0.0
101,2023,83,1311.0,13.09,878.0,30.48,0.0
101,2023,83,1312.0,13.09,891.0,30.55,0.0
101,2023,83,1313.0,13.09,789.0,30.54,0.0
101,2023,83,1314.0,13.09,331.2,30.53,0.0
101,2023,83,1315.0,13.09,311.6,30.26,0.0
101,2023,83,1316.0,13.09,617.2,30.04,0.0
101,2023,83,1317.0,13.09,806.0,30.12,0.0
101,2023,83,1318.0,13.09,821.0,30.28,0.0
101,2023,83,1319.0,13.09,763.0,30.22,0.0
101,2023,83,1320.0,13.09,796.0,30.36,0.0
101,2023,83,1321.0,13.09,785.0,30.39,0.0
101,2023,83,1322.0,13.09,771.0,30.45,0.0
101,2023,83,1323.0,13.09,758.0,30.45,0.0
101,2023,83,1324.0,13.09,764.0,30.56,0.0
101,2023,83,1325.0,13.09,778.0,30.51,0.0
101,2023,83,1326.0,13.09,809.0,30.54,0.0
101,2023,83,1327.0,13.09,699.8,30.61,0.0
101,2023,83,1328.0,13.09,594.7,30.44,0.0
101,2023,83,1329.0,13.09,590.8,30.47,0.0
101,2023,83,1330.0,13.09,553.0,30.5,0.0
101,2023,83,1331.0,13.09,697.4,30.35,0.0
101,2023,83,1332.0,13.09,688.0,30.38,0.0
101,2023,83,1333.0,13.09,672.5,30.41,0.0
101,2023,83,1334.0,13.08,665.5,30.58,0.0
101,2023,83,1335.0,13.08,656.3,30.66,0.0
101,2023,83,1336.0,13.08,644.9,30.47,0.0
101,2023,83,1337.0,13.08,599.9,30.62,0.0
101,2023,83,1338.0,13.08,546.7,30.74,0.0
101,2023,83,1339.0,13.08,515.5,30.57,0.0
101,2023,83,1340.0,13.08,482.4,30.36,0.0
101,2023,83,1341.0,13.08,482.4,30.3,0.0
101,2023,83,1342.0,13.08,494.3,30.25,0.0
101,2023,83,1343.0,13.08,503.1,30.3,0.0
101,2023,83,1344.0,13.09,494.4,30.22,0.0
101,2023,83,1345.0,13.08,490.4,30.18,0.0
101,2023,83,1346.0,13.08,495.1,30.2,0.0
101,2023,83,1347.0,13.08,496.8,30.0,0.0
101,2023,83,1348.0,13.08,549.6,29.99,0.0
101,2023,83,1349.0,13.08,572.1,30.05,0.0
101,2023,83,1350.0,13.08,555.6,30.14,0.0
101,2023,83,1351.0,13.08,546.4,30.13,0.0
101,2023,83,1352.0,13.08,592.6,30.13,0.0
101,2023,83,1353.0,13.08,637.8,30.15,0.0
101,2023,83,1354.0,13.08,645.0,30.11,0.0
101,2023,83,1355.0,13.08,634.2,30.14,0.0
101,2023,83,1356.0,13.08,624.1,30.16,0.0
101,2023,83,1357.0,13.08,607.9,30.12,0.0
101,2023,83,1358.0,13.08,615.2,30.14,0.0
101,2023,83,1359.0,13.08,623.8,30.09,0.0
101,2023,83,1400.0,13.08,637.4,30.19,0.0
101,2023,83,1401.0,13.08,633.1,30.16,0.0
101,2023,83,1402.0,13.08,629.3,30.17,0.0
101,2023,83,1403.0,13.08,613.2,30.34,0.0
101,2023,83,1404.0,13.08,623.2,30.53,0.0
101,2023,83,1405.0,13.08,626.7,30.52,0.0
101,2023,83,1406.0,13.08,629.3,30.43,0.0
101,2023,83,1407.0,13.08,623.3,30.39,0.0
101,2023,83,1408.0,13.08,616.2,30.39,0.0
101,2023,83,1409.0,13.08,606.3,30.33,0.0
101,2023,83,1410.0,13.07,609.6,30.25,0.0
101,2023,83,1411.0,13.08,594.2,30.24,0.0
101,2023,83,1412.0,13.08,526.4,30.33,0.0
101,2023,83,1413.0,13.07,464.0,30.37,0.0
101,2023,83,1414.0,13.07,433.3,30.3,0.0
101,2023,83,0.0,13.07,461.5,30.31,0.0
101,2023,83,1416.0,13.07,492.4,30.17,0.0
101,2023,83,1417.0,13.07,544.9,30.15,0.0
101,2023,83,1418.0,13.07,562.7,30.14,0.0
101,2023,83,1419.0,13.07,550.2,30.16,0.0
101,2023,83,1420.0,13.07,531.1,30.05,0.0
101,2023,83,1421.0,13.08,534.3,29.94,0.0
101,2023,83,1422.0,13.07,544.5,29.94,0.0
101,2023,83,1423.0,13.07,548.5,29.91,0.0
101,2023,83,1424.0,13.07,533.7,29.86,0.0
101,2023,83,1425.0,13.08,507.4,29.82,0.0
101,2023,83,1426.0,13.07,495.7,29.79,0.0
101,2023,83,1427.0,13.07,487.8,29.89,0.0
101,2023,83,1428.0,13.07,485.4,30.0,0.0
101,2023,83,1429.0,13.07,488.6,29.96,0.0
101,2023,83,1430.0,13.07,491.8,29.89,0.0
101,2023,83,1431.0,13.08,494.9,29.73,0.0
101,2023,83,1432.0,13.08,502.7,29.85,0.0
101,2023,83,1433.0,13.07,442.7,29.92,0.0
101,2023,83,1434.0,13.08,358.2,29.92,0.0
101,2023,83,1435.0,13.08,526.7,30.0,0.0
101,2023,83,1436.0,13.07,536.0,29.91,0.0
101,2023,83,1437.0,13.08,535.5,29.93,0.0
101,2023,83,1438.0,13.08,543.5,30.01,0.0
101,2023,83,1439.0,13.08,533.7,29.99,0.0
101,2023,83,1440.0,13.07,564.5,29.93,0.0
101,2023,83,1441.0,13.08,582.2,29.88,0.0
101,2023,83,1442.0,13.07,582.2,29.91,0.0
101,2023,83,1443.0,13.07,579.2,29.92,0.0
101,2023,83,1444.0,13.07,581.9,29.89,0.0
101,2023,83,1445.0,13.07,571.9,29.84,0.0
101,2023,83,1446.0,13.07,563.8,29.85,0.0
101,2023,83,1447.0,13.07,534.7,29.82,0.0
101,2023,83,1448.0,13.07,520.9,29.89,0.0
101,2023,83,1449.0,13.07,531.7,30.06,0.0
101,2023,83,1450.0,13.07,513.6,29.89,0.0
101,2023,83,1451.0,13.07,412.7,29.79,0.0
101,2023,83,1452.0,13.07,401.0,29.82,0.0
101,2023,83,1453.0,13.07,465.0,29.71,0.0
101,2023,83,1454.0,13.07,466.3,29.68,0.0
101,2023,83,1455.0,13.07,473.6,29.69,0.0
101,2023,83,1456.0,13.07,470.4,29.6,0.0
101,2023,83,1457.0,13.07,466.3,29.62,0.0
101,2023,83,1458.0,13.07,467.7,29.72,0.0
101,2023,83,1459.0,13.07,462.2,29.62,0.0
101,2023,83,1500.0,13.08,466.5,29.56,0.0
101,2023,83,1501.0,13.08,464.8,29.56,0.0
101,2023,83,1502.0,13.07,465.3,29.67,0.0
101,2023,83,1503.0,13.08,453.2,29.79,0.0
101,2023,83,1504.0,13.07,444.0,29.77,0.0
101,2023,83,1505.0,13.07,434.3,29.78,0.0
101,2023,83,1506.0,13.07,437.7,29.79,0.0
101,2023,83,1507.0,13.08,438.6,29.71,0.0
101,2023,83,1508.0,13.07,439.0,29.48,0.0
101,2023,83,1509.0,13.07,437.1,29.49,0.0
101,2023,83,1510.0,13.07,430.6,29.41,0.0
101,2023,83,1511.0,13.07,424.0,29.51,0.0
101,2023,83,1512.0,13.07,422.9,29.55,0.0
101,2023,83,1513.0,13.07,423.0,29.47,0.0
101,2023,83,1514.0,13.07,409.8,29.49,0.0
101,2023,83,1515.0,13.07,405.1,29.49,0.0
101,2023,83,1516.0,13.08,401.2,29.47,0.0
101,2023,83,1517.0,13.07,402.9,29.4,0.0
101,2023,83,1518.0,13.07,408.9,29.38,0.0
101,2023,83,1519.0,13.07,406.7,29.33,0.0
101,2023,83,1520.0,13.07,400.3,29.31,0.0
101,2023,83,1521.0,13.07,388.7,29.44,0.0
101,2023,83,1522.0,13.08,383.5,29.47,0.0
101,2023,83,1523.0,13.08,373.4,29.4,0.0
101,2023,83,1524.0,13.07,362.1,29.42,0.0
101,2023,83,1525.0,13.07,347.5,29.39,0.0
101,2023,83,1526.0,13.08,331.4,29.46,0.0
101,2023,83,1527.0,13.08,317.9,29.31,0.0
101,2023,83,1528.0,13.08,311.0,29.3,0.0
101,2023,83,1529.0,13.08,312.1,29.33,0.0
101,2023,83,1530.0,13.08,317.8,29.32,0.0
101,2023,83,1531.0,13.08,321.8,29.31,0.0
101,2023,83,1532.0,13.08,326.9,29.32,0.0
101,2023,83,1533.0,13.08,326.1,29.28,0.0
101,2023,83,1534.0,13.08,322.2,29.27,0.0
101,2023,83,1535.0,13.08,314.1,29.23,0.0
101,2023,83,1536.0,13.08,302.9,29.14,0.0
101,2023,83,1537.0,13.08,280.8,29.07,0.0
101,2023,83,1538.0,13.08,289.2,29.03,0.0
101,2023,83,1539.0,13.08,286.5,29.06,0.0
101,2023,83,1540.0,13.08,287.3,29.06,0.0
101,2023,83,1541.0,13.08,294.0,29.0,0.0
101,2023,83,1542.0,13.08,295.7,29.01,0.0
101,2023,83,1543.0,13.08,289.1,29.02,0.0
101,2023,83,1544.0,13.09,275.4,29.01,0.0
101,2023,83,1545.0,13.08,262.1,28.93,0.0
101,2023,83,1546.0,13.09,251.1,28.86,0.0
101,2023,83,1547.0,13.09,246.9,28.86,0.0
101,2023,83,1548.0,13.08,233.1,28.77,0.0
101,2023,83,1549.0,13.08,221.6,28.78,0.0
101,2023,83,1550.0,13.08,209.1,28.81,0.0
101,2023,83,1551.0,13.09,195.5,28.81,0.0
101,2023,83,1552.0,13.09,191.8,28.8,0.0
101,2023,83,1553.0,13.09,191.6,28.67,0.0
101,2023,83,1554.0,13.08,191.4,28.57,0.0
101,2023,83,1555.0,13.09,186.4,28.53,0.0
101,2023,83,1556.0,13.09,183.6,28.58,0.0
101,2023,83,1557.0,13.09,187.0,28.56,0.0
101,2023,83,1558.0,13.09,194.4,28.5,0.0
101,2023,83,1559.0,13.09,199.9,28.5,0.0
101,2023,83,1600.0,13.09,198.9,28.4,0.0
101,2023,83,1601.0,13.09,197.5,28.34,0.0
101,2023,83,1602.0,13.09,193.6,28.3,0.0
101,2023,83,1603.0,13.09,186.7,28.31,0.0
101,2023,83,1604.0,13.09,184.8,28.33,0.0
101,2023,83,1605.0,13.09,185.7,28.28,0.0
101,2023,83,1606.0,13.09,184.3,28.17,0.0
101,2023,83,1607.0,13.09,179.6,28.21,0.0
101,2023,83,1608.0,13.09,174.1,28.24,0.0
101,2023,83,1609.0,13.1,176.8,28.26,0.0
101,2023,83,1610.0,13.09,174.5,28.27,0.0
101,2023,83,1611.0,13.1,170.6,28.26,0.0
101,2023,83,1612.0,13.09,167.9,28.27,0.0
101,2023,83,1613.0,13.09,168.4,28.21,0.0
101,2023,83,1614.0,13.1,166.2,28.19,0.0
101,2023,83,1615.0,13.1,175.6,28.16,0.0
101,2023,83,1616.0,13.1,188.2,28.19,0.0
101,2023,83,1617.0,13.1,195.2,28.2,0.0
101,2023,83,1618.0,13.1,191.8,28.18,0.0
101,2023,83,1619.0,13.1,187.5,28.12,0.0
101,2023,83,1620.0,13.1,178.6,28.11,0.0
101,2023,83,1621.0,13.1,166.2,28.11,0.0
101,2023,83,1622.0,13.1,164.2,28.09,0.0
101,2023,83,1623.0,13.1,168.7,28.1,0.0
101,2023,83,1624.0,13.1,169.1,28.03,0.0
101,2023,83,1625.0,13.1,168.1,28.0,0.0
101,2023,83,1626.0,13.1,169.2,28.0,0.0
101,2023,83,1627.0,13.1,162.6,28.02,0.0
101,2023,83,1628.0,13.1,154.6,27.99,0.0
101,2023,83,1629.0,13.1,162.8,27.97,0.0
101,2023,83,1630.0,13.1,193.3,27.95,0.0
101,2023,83,1631.0,13.1,205.9,27.96,0.0
101,2023,83,1632.0,13.1,185.7,27.98,0.0
101,2023,83,1633.0,13.1,177.3,27.97,0.0
101,2023,83,1634.0,13.11,167.1,27.94,0.0
101,2023,83,1635.0,13.1,162.5,27.94,0.0
101,2023,83,1636.0,13.1,161.9,27.96,0.0
101,2023,83,1637.0,13.1,167.2,27.95,0.0
101,2023,83,1638.0,13.1,162.1,27.89,0.0
101,2023,83,1639.0,13.1,166.0,27.84,0.0
101,2023,83,1640.0,13.1,162.5,27.75,0.0
101,2023,83,1641.0,13.08,141.8,27.78,0.0
101,2023,83,1642.0,13.08,132.4,27.85,0.0
101,2023,83,1643.0,13.07,116.6,27.8,0.0
101,2023,83,1644.0,13.07,107.3,27.69,0.0
101,2023,83,1645.0,13.06,108.7,27.63,0.0
101,2023,83,1646.0,13.06,109.1,27.6,0.0
101,2023,83,1647.0,13.05,101.2,27.58,0.0
101,2023,83,1648.0,13.05,97.1,27.55,0.0
101,2023,83,1649.0,13.04,95.5,27.54,0.0
101,2023,83,1650.0,13.03,98.9,27.55,0.0
101,2023,83,1651.0,13.03,103.0,27.55,0.0
101,2023,83,1652.0,13.02,95.9,27.5,0.0
101,2023,83,1653.0,13.01,84.1,27.46,0.0
101,2023,83,1654.0,13.0,76.8,27.41,0.0
101,2023,83,1655.0,12.99,72.3,27.33,0.0
101,2023,83,1656.0,12.99,69.85,27.24,0.0
101,2023,83,1657.0,12.98,66.44,27.2,0.0
101,2023,83,1658.0,12.97,61.01,27.17,0.0
101,2023,83,1659.0,12.96,57.23,27.19,0.0
101,2023,83,1700.0,12.95,54.33,27.17,0.0
101,2023,83,1701.0,12.95,51.68,27.14,0.0
101,2023,83,1702.0,12.94,49.4,27.1,0.0
101,2023,83,1703.0,12.93,47.28,27.05,0.0
101,2023,83,1704.0,12.92,45.31,27.05,0.0
101,2023,83,1705.0,12.91,43.54,27.02,0.0
101,2023,83,1706.0,12.91,41.76,26.98,0.0
101,2023,83,1707.0,12.9,39.79,26.96,0.0
101,2023,83,1708.0,12.89,38.04,26.9,0.0
101,2023,83,1709.0,12.88,36.35,26.87,0.0
101,2023,83,1710.0,12.88,34.6,26.85,0.0
101,2023,83,1711.0,12.87,32.97,26.83,0.0
101,2023,83,1712.0,12.86,31.25,26.81,0.0
101,2023,83,1713.0,12.86,29.56,26.8,0.0
101,2023,83,1714.0,12.85,27.9,26.77,0.0
101,2023,83,1715.0,12.85,26.23,26.74,0.0
101,2023,83,1716.0,12.84,24.54,26.71,0.0
101,2023,83,1717.0,12.84,22.85,26.67,0.0
101,2023,83,1718.0,12.84,21.16,26.65,0.0
101,2023,83,1719.0,12.84,19.5,26.63,0.0
101,2023,83,1720.0,12.84,17.84,26.6,0.0
101,2023,83,1721.0,12.84,16.26,26.59,0.0
101,2023,83,1722.0,12.83,14.6,26.56,0.0
101,2023,83,1723.0,12.83,13.05,26.53,0.0
101,2023,83,1724.0,12.82,11.58,26.5,0.0
101,2023,83,1725.0,12.82,10.17,26.48,0.0
101,2023,83,1726.0,12.82,8.82,26.45,0.0
101,2023,83,1727.0,12.82,7.47,26.44,0.0
101,2023,83,1728.0,12.82,6.228,26.41,0.0
101,2023,83,1729.0,12.81,5.157,26.38,0.0
101,2023,83,1730.0,12.81,4.34,26.36,0.0
101,2023,83,1731.0,12.81,3.833,26.32,0.0
101,2023,83,1732.0,12.81,3.607,26.3,0.0
101,2023,83,1733.0,12.81,3.185,26.29,0.0
101,2023,83,1734.0,12.8,2.846,26.26,0.0
101,2023,83,1735.0,12.8,2.452,26.24,0.0
101,2023,83,1736.0,12.8,2.367,26.22,0.0
101,2023,83,1737.0,12.8,1.86,26.19,0.0
101,2023,83,1738.0,12.8,1.691,26.16,0.0
101,2023,83,1739.0,12.8,1.691,26.14,0.0
101,2023,83,1740.0,12.8,1.465,26.1,0.0
101,2023,83,1741.0,12.79,1.015,26.08,0.0
101,2023,83,1742.0,12.79,0.986,26.06,0.0
101,2023,83,1743.0,12.79,0.0,26.02,0.0
101,2023,83,1744.0,12.79,0.0,25.99,0.0
101,2023,83,1745.0,12.79,0.0,25.96,0.0
101,2023,83,1746.0,12.8,0.0,25.93,0.0
101,2023,83,1747.0,12.79,0.0,25.9,0.0
101,2023,83,1748.0,12.79,0.0,25.88,0.0
101,2023,83,1749.0,12.79,0.0,25.85,0.0
101,2023,83,1750.0,12.79,0.0,25.83,0.0
101,2023,83,1751.0,12.78,0.0,25.82,0.0
101,2023,83,1752.0,12.78,0.0,25.8,0.0
101,2023,83,1753.0,12.78,0.0,25.78,0.0
101,2023,83,1754.0,12.78,0.0,25.76,0.0
101,2023,83,1755.0,12.78,0.0,25.74,0.0
101,2023,83,1756.0,12.78,0.0,25.71,0.0
101,2023,83,1757.0,12.78,0.0,25.69,0.0
101,2023,83,1758.0,12.78,0.0,25.66,0.0
101,2023,83,1759.0,12.77,0.0,25.64,0.0
