a,b,dia_juliano,d,e,f,g,h
101,2023,140,530.0,12.62,1.015,21.89,0.0
101,2023,140,531.0,12.62,1.015,21.89,0.0
101,2023,140,532.0,12.62,1.015,21.9,0.0
101,2023,140,533.0,12.62,1.1,21.91,0.0
101,2023,140,534.0,12.61,1.692,21.89,0.0
101,2023,140,535.0,12.62,1.974,21.91,0.0
101,2023,140,536.0,12.62,2.595,21.91,0.0
101,2023,140,537.0,12.61,2.623,21.91,0.0
101,2023,140,538.0,12.61,2.567,21.93,0.0
101,2023,140,539.0,12.62,2.369,21.93,0.0
101,2023,140,540.0,12.62,2.933,21.89,0.0
101,2023,140,541.0,12.62,3.949,21.89,0.0
101,2023,140,542.0,12.62,3.949,21.88,0.0
101,2023,140,543.0,12.62,4.739,21.85,0.0
101,2023,140,544.0,12.61,5.585,21.83,0.0
101,2023,140,545.0,12.62,6.177,21.79,0.0
101,2023,140,546.0,12.62,6.769,21.79,0.0
101,2023,140,547.0,12.62,7.33,21.8,0.0
101,2023,140,548.0,12.62,7.62,21.8,0.0
101,2023,140,549.0,12.62,7.53,21.82,0.0
101,2023,140,550.0,12.62,7.9,21.83,0.0
101,2023,140,551.0,12.62,8.24,21.83,0.0
101,2023,140,552.0,12.62,8.77,21.83,0.0
101,2023,140,553.0,12.62,9.36,21.82,0.0
101,2023,140,554.0,12.62,9.96,21.82,0.0
101,2023,140,555.0,12.62,10.41,21.82,0.0
101,2023,140,556.0,12.62,10.66,21.83,0.0
101,2023,140,557.0,12.62,10.77,21.83,0.0
101,2023,140,558.0,12.61,11.68,21.84,0.0
101,2023,140,559.0,12.61,11.48,21.86,0.0
101,2023,140,600.0,12.61,11.03,21.87,0.0
101,2023,140,601.0,12.62,11.73,21.87,0.0
101,2023,140,602.0,12.62,10.49,21.87,0.0
101,2023,140,603.0,12.62,10.1,21.83,0.0
101,2023,140,604.0,12.61,11.62,21.85,0.0
101,2023,140,605.0,12.62,11.79,21.87,0.0
101,2023,140,606.0,12.61,14.44,21.88,0.0
101,2023,140,607.0,12.62,15.63,21.89,0.0
101,2023,140,608.0,12.62,17.29,21.87,0.0
101,2023,140,609.0,12.63,20.62,21.85,0.0
101,2023,140,610.0,12.64,26.99,21.84,0.0
101,2023,140,611.0,12.65,31.11,21.85,0.0
101,2023,140,612.0,12.65,32.66,21.86,0.0
101,2023,140,613.0,12.66,34.41,21.87,0.0
101,2023,140,614.0,12.66,36.33,21.9,0.0
101,2023,140,615.0,12.67,38.76,21.84,0.0
101,2023,140,616.0,12.68,40.51,21.87,0.0
101,2023,140,617.0,12.68,40.7,21.83,0.0
101,2023,140,618.0,12.68,39.29,21.77,0.0
101,2023,140,619.0,12.68,38.16,21.76,0.0
101,2023,140,620.0,12.68,37.43,21.75,0.0
101,2023,140,621.0,12.68,36.67,21.72,0.0
101,2023,140,622.0,12.69,36.27,21.73,0.0
101,2023,140,623.0,12.69,35.96,21.77,0.0
101,2023,140,624.0,12.69,36.98,21.74,0.0
101,2023,140,625.0,12.69,39.24,21.75,0.0
101,2023,140,626.0,12.7,41.63,21.79,0.0
101,2023,140,627.0,12.71,44.65,21.75,0.0
101,2023,140,628.0,12.71,48.04,21.74,0.0
101,2023,140,629.0,12.73,50.83,21.73,0.0
101,2023,140,630.0,12.74,52.92,21.76,0.0
101,2023,140,631.0,12.75,54.07,21.75,0.0
101,2023,140,632.0,12.76,54.78,21.76,0.0
101,2023,140,633.0,12.77,56.25,21.77,0.0
101,2023,140,634.0,12.78,58.28,21.75,0.0
101,2023,140,635.0,12.8,60.93,21.78,0.0
101,2023,140,636.0,12.81,64.2,21.79,0.0
101,2023,140,637.0,12.83,66.71,21.81,0.0
101,2023,140,638.0,12.84,66.03,21.81,0.0
101,2023,140,639.0,12.85,63.55,21.82,0.0
101,2023,140,640.0,12.85,61.77,21.77,0.0
101,2023,140,641.0,12.85,58.39,21.76,0.0
101,2023,140,642.0,12.84,55.12,21.83,0.0
101,2023,140,643.0,12.84,49.39,21.86,0.0
101,2023,140,644.0,12.83,46.6,21.88,0.0
101,2023,140,645.0,12.83,43.89,21.91,0.0
101,2023,140,646.0,12.81,39.72,21.86,0.0
101,2023,140,647.0,12.8,38.47,21.86,0.0
101,2023,140,648.0,12.78,35.51,21.91,0.0
101,2023,140,649.0,12.77,31.17,21.92,0.0
101,2023,140,650.0,12.75,27.08,21.9,0.0
101,2023,140,651.0,12.75,26.99,21.92,0.0
101,2023,140,652.0,12.73,22.68,21.87,0.0
101,2023,140,653.0,12.71,20.34,21.81,0.0
101,2023,140,654.0,12.69,16.59,21.8,0.0
101,2023,140,655.0,12.68,16.47,21.8,0.0
101,2023,140,656.0,12.68,17.71,21.79,0.0
101,2023,140,657.0,12.67,19.58,21.73,0.0
101,2023,140,658.0,12.69,33.93,21.69,0.0
101,2023,140,659.0,12.72,53.9,21.67,0.0
101,2023,140,700.0,12.74,58.14,21.63,0.0
101,2023,140,701.0,12.77,54.89,21.59,0.0
101,2023,140,702.0,12.78,52.18,21.56,0.0
101,2023,140,703.0,12.8,57.77,21.58,0.0
101,2023,140,704.0,12.83,66.12,21.6,0.0
101,2023,140,705.0,12.86,78.2,21.59,0.0
101,2023,140,706.0,12.89,76.8,21.58,0.0
101,2023,140,707.0,12.9,66.91,21.54,0.0
101,2023,140,708.0,12.91,62.82,21.57,0.0
101,2023,140,709.0,12.93,59.15,21.61,0.0
101,2023,140,710.0,12.94,64.45,21.6,0.0
101,2023,140,711.0,12.95,64.14,21.54,0.0
101,2023,140,712.0,12.96,63.58,21.44,0.0
101,2023,140,713.0,12.98,71.2,21.44,0.0
101,2023,140,714.0,12.99,73.5,21.37,0.0
101,2023,140,715.0,13.0,70.4,21.36,0.0
101,2023,140,716.0,13.0,62.59,21.4,0.0
101,2023,140,717.0,13.01,64.62,21.39,0.0
101,2023,140,718.0,13.02,65.5,21.38,0.0
101,2023,140,719.0,13.03,67.3,21.37,0.0
101,2023,140,720.0,13.04,71.1,21.35,0.0
101,2023,140,721.0,13.05,75.1,21.39,0.0
101,2023,140,722.0,13.06,76.9,21.4,0.0
101,2023,140,723.0,13.07,81.4,21.39,0.0
101,2023,140,724.0,13.09,82.2,21.36,0.0
101,2023,140,725.0,13.1,83.7,21.35,0.0
101,2023,140,726.0,13.12,87.4,21.39,0.0
101,2023,140,727.0,13.14,89.3,21.35,0.0
101,2023,140,728.0,13.16,90.3,21.36,0.0
101,2023,140,729.0,13.17,92.9,21.4,0.0
101,2023,140,730.0,13.19,99.1,21.47,0.0
101,2023,140,731.0,13.21,107.8,21.42,0.0
101,2023,140,732.0,13.23,119.7,21.41,0.0
101,2023,140,733.0,13.25,130.5,21.4,0.0
101,2023,140,734.0,13.27,138.0,21.41,0.0
101,2023,140,735.0,13.28,143.0,21.48,0.0
101,2023,140,736.0,13.28,143.9,21.52,0.0
101,2023,140,737.0,13.28,142.4,21.65,0.0
101,2023,140,738.0,13.28,140.9,21.65,0.0
101,2023,140,739.0,13.28,139.5,21.71,0.0
101,2023,140,740.0,13.28,139.7,21.7,0.0
101,2023,140,741.0,13.28,141.1,21.7,0.0
101,2023,140,742.0,13.28,142.3,21.71,0.0
101,2023,140,743.0,13.28,142.1,21.72,0.0
101,2023,140,744.0,13.28,141.6,21.81,0.0
101,2023,140,745.0,13.28,143.0,21.88,0.0
101,2023,140,746.0,13.28,146.6,21.88,0.0
101,2023,140,747.0,13.28,150.9,21.86,0.0
101,2023,140,748.0,13.28,154.4,21.84,0.0
101,2023,140,749.0,13.28,156.4,21.85,0.0
101,2023,140,750.0,13.27,156.7,21.92,0.0
101,2023,140,751.0,13.27,157.1,22.0,0.0
101,2023,140,752.0,13.27,159.5,21.98,0.0
101,2023,140,753.0,13.28,165.1,22.03,0.0
101,2023,140,754.0,13.27,172.5,22.07,0.0
101,2023,140,755.0,13.27,179.7,22.03,0.0
101,2023,140,756.0,13.27,185.9,22.12,0.0
101,2023,140,757.0,13.27,189.3,22.18,0.0
101,2023,140,758.0,13.27,191.3,22.25,0.0
101,2023,140,759.0,13.27,194.3,22.31,0.0
101,2023,140,800.0,13.27,198.8,22.27,0.0
101,2023,140,801.0,13.27,204.6,22.33,0.0
101,2023,140,802.0,13.27,210.6,22.37,0.0
101,2023,140,803.0,13.27,214.2,22.43,0.0
101,2023,140,804.0,13.27,207.4,22.44,0.0
101,2023,140,805.0,13.27,193.9,22.41,0.0
101,2023,140,806.0,13.26,187.4,22.4,0.0
101,2023,140,807.0,13.27,188.2,22.34,0.0
101,2023,140,808.0,13.27,179.9,22.37,0.0
101,2023,140,809.0,13.27,166.1,22.46,0.0
101,2023,140,810.0,13.26,145.7,22.41,0.0
101,2023,140,811.0,13.27,125.7,22.5,0.0
101,2023,140,812.0,13.26,108.5,22.51,0.0
101,2023,140,813.0,13.26,100.4,22.48,0.0
101,2023,140,814.0,13.25,95.0,22.53,0.0
101,2023,140,815.0,13.24,78.8,22.5,0.0
101,2023,140,816.0,13.21,64.06,22.48,0.0
101,2023,140,817.0,13.18,55.65,22.49,0.0
101,2023,140,818.0,13.16,49.22,22.48,0.0
101,2023,140,819.0,13.14,48.29,22.49,0.0
101,2023,140,820.0,13.14,69.08,22.46,0.0
101,2023,140,821.0,13.17,91.1,22.46,0.0
101,2023,140,822.0,13.21,102.6,22.48,0.0
101,2023,140,823.0,13.24,106.8,22.54,0.0
101,2023,140,824.0,13.26,140.4,22.59,0.0
101,2023,140,825.0,13.27,175.7,22.62,0.0
101,2023,140,826.0,13.27,184.8,22.55,0.0
101,2023,140,827.0,13.27,182.5,22.56,0.0
101,2023,140,828.0,13.27,177.0,22.61,0.0
101,2023,140,829.0,13.27,184.8,22.64,0.0
101,2023,140,830.0,13.27,186.6,22.67,0.0
101,2023,140,831.0,13.27,182.1,22.71,0.0
101,2023,140,832.0,13.27,176.5,22.74,0.0
101,2023,140,833.0,13.27,171.3,22.79,0.0
101,2023,140,834.0,13.27,172.6,22.83,0.0
101,2023,140,835.0,13.27,187.1,22.8,0.0
101,2023,140,836.0,13.27,210.8,22.74,0.0
101,2023,140,837.0,13.27,234.5,22.65,0.0
101,2023,140,838.0,13.27,252.4,22.68,0.0
101,2023,140,839.0,13.26,268.7,22.75,0.0
101,2023,140,840.0,13.27,284.4,22.78,0.0
101,2023,140,841.0,13.26,298.3,22.84,0.0
101,2023,140,842.0,13.26,311.7,22.95,0.0
101,2023,140,843.0,13.26,323.2,23.05,0.0
101,2023,140,844.0,13.26,331.7,23.09,0.0
101,2023,140,845.0,13.26,333.6,23.23,0.0
101,2023,140,846.0,13.26,333.1,23.25,0.0
101,2023,140,847.0,13.26,334.5,23.22,0.0
101,2023,140,848.0,13.26,337.7,23.15,0.0
101,2023,140,849.0,13.26,337.4,23.15,0.0
101,2023,140,850.0,13.26,337.7,23.22,0.0
101,2023,140,851.0,13.26,338.6,23.33,0.0
101,2023,140,852.0,13.26,340.7,23.17,0.0
101,2023,140,853.0,13.26,342.7,23.12,0.0
101,2023,140,854.0,13.25,345.1,23.21,0.0
101,2023,140,855.0,13.26,345.7,23.22,0.0
101,2023,140,856.0,13.26,343.1,23.24,0.0
101,2023,140,857.0,13.26,337.1,23.37,0.0
101,2023,140,858.0,13.26,330.8,23.35,0.0
101,2023,140,859.0,13.25,325.9,23.36,0.0
101,2023,140,900.0,13.25,316.9,23.38,0.0
101,2023,140,901.0,13.25,300.3,23.38,0.0
101,2023,140,902.0,13.25,282.3,23.36,0.0
101,2023,140,903.0,13.25,266.4,23.42,0.0
101,2023,140,904.0,13.25,254.4,23.5,0.0
101,2023,140,905.0,13.25,249.9,23.47,0.0
101,2023,140,906.0,13.25,253.6,23.43,0.0
101,2023,140,907.0,13.25,267.8,23.45,0.0
101,2023,140,908.0,13.25,284.8,23.52,0.0
101,2023,140,909.0,13.25,293.7,23.59,0.0
101,2023,140,910.0,13.25,289.2,23.63,0.0
101,2023,140,911.0,13.25,286.4,23.62,0.0
101,2023,140,912.0,13.25,279.4,23.66,0.0
101,2023,140,913.0,13.25,273.5,23.61,0.0
101,2023,140,914.0,13.25,259.2,23.63,0.0
101,2023,140,915.0,13.25,226.6,23.65,0.0
101,2023,140,916.0,13.25,210.5,23.75,0.0
101,2023,140,917.0,13.25,205.0,23.75,0.0
101,2023,140,918.0,13.25,187.5,23.81,0.0
101,2023,140,919.0,13.25,174.7,23.81,0.0
101,2023,140,920.0,13.25,188.8,23.81,0.0
101,2023,140,921.0,13.25,210.5,23.71,0.0
101,2023,140,922.0,13.25,217.0,23.57,0.0
101,2023,140,923.0,13.25,223.7,23.52,0.0
101,2023,140,924.0,13.25,260.9,23.51,0.0
101,2023,140,925.0,13.25,295.6,23.56,0.0
101,2023,140,926.0,13.25,309.8,23.53,0.0
101,2023,140,927.0,13.25,321.6,23.51,0.0
101,2023,140,928.0,13.25,334.0,23.57,0.0
101,2023,140,929.0,13.25,347.4,23.64,0.0
101,2023,140,930.0,13.25,347.8,23.62,0.0
101,2023,140,931.0,13.25,335.1,23.73,0.0
101,2023,140,932.0,13.24,321.7,23.81,0.0
101,2023,140,933.0,13.25,304.5,23.8,0.0
101,2023,140,934.0,13.24,295.7,23.87,0.0
101,2023,140,935.0,13.24,296.9,23.96,0.0
101,2023,140,936.0,13.25,296.4,23.97,0.0
101,2023,140,937.0,13.24,292.1,23.91,0.0
101,2023,140,938.0,13.24,291.0,24.01,0.0
101,2023,140,939.0,13.24,297.0,24.03,0.0
101,2023,140,940.0,13.24,302.0,24.03,0.0
101,2023,140,941.0,13.24,299.4,23.88,0.0
101,2023,140,942.0,13.24,290.2,23.81,0.0
101,2023,140,943.0,13.24,286.2,23.85,0.0
101,2023,140,944.0,13.24,291.7,23.98,0.0
101,2023,140,945.0,13.24,307.2,24.05,0.0
101,2023,140,946.0,13.24,334.4,23.99,0.0
101,2023,140,947.0,13.24,357.9,24.19,0.0
101,2023,140,948.0,13.24,360.0,24.25,0.0
101,2023,140,949.0,13.24,357.6,24.34,0.0
101,2023,140,950.0,13.24,350.2,24.41,0.0
101,2023,140,951.0,13.24,333.1,24.52,0.0
101,2023,140,952.0,13.24,313.7,24.47,0.0
101,2023,140,953.0,13.24,296.8,24.5,0.0
101,2023,140,954.0,13.24,285.9,24.48,0.0
101,2023,140,955.0,13.24,281.2,24.58,0.0
101,2023,140,956.0,13.24,278.3,24.54,0.0
101,2023,140,957.0,13.24,275.3,24.42,0.0
101,2023,140,958.0,13.23,270.1,24.26,0.0
101,2023,140,959.0,13.24,270.8,24.29,0.0
101,2023,140,1000.0,13.23,283.2,24.23,0.0
101,2023,140,1001.0,13.23,301.9,24.3,0.0
101,2023,140,1002.0,13.24,336.2,24.13,0.0
101,2023,140,1003.0,13.24,369.3,24.13,0.0
101,2023,140,1004.0,13.23,399.1,24.08,0.0
101,2023,140,1005.0,13.23,436.4,24.03,0.0
101,2023,140,1006.0,13.23,492.2,23.98,0.0
101,2023,140,1007.0,13.24,545.5,24.0,0.0
101,2023,140,1008.0,13.23,554.2,24.0,0.0
101,2023,140,1009.0,13.23,553.9,24.0,0.0
101,2023,140,1010.0,13.23,534.9,24.09,0.0
101,2023,140,1011.0,13.23,487.4,24.11,0.0
101,2023,140,1012.0,13.23,430.7,24.06,0.0
101,2023,140,1013.0,13.23,347.4,24.08,0.0
101,2023,140,1014.0,13.23,361.3,24.1,0.0
101,2023,140,1015.0,13.23,394.0,24.06,0.0
101,2023,140,1016.0,13.23,367.2,24.0,0.0
101,2023,140,1017.0,13.23,343.0,24.05,0.0
101,2023,140,1018.0,13.23,354.6,24.03,0.0
101,2023,140,1019.0,13.23,372.9,23.9,0.0
101,2023,140,1020.0,13.23,392.6,23.92,0.0
101,2023,140,1021.0,13.23,443.6,24.0,0.0
101,2023,140,1022.0,13.23,471.5,24.03,0.0
101,2023,140,1023.0,13.23,499.6,23.95,0.0
101,2023,140,1024.0,13.23,508.5,24.09,0.0
101,2023,140,1025.0,13.23,517.5,24.3,0.0
101,2023,140,1026.0,13.23,522.8,24.25,0.0
101,2023,140,1027.0,13.23,539.4,24.24,0.0
101,2023,140,1028.0,13.23,441.6,24.33,0.0
101,2023,140,1029.0,13.23,373.5,24.38,0.0
101,2023,140,1030.0,13.23,343.5,24.36,0.0
101,2023,140,1031.0,13.23,322.7,24.28,0.0
101,2023,140,1032.0,13.23,291.7,24.38,0.0
101,2023,140,1033.0,13.23,252.3,24.41,0.0
101,2023,140,1034.0,13.23,234.4,24.54,0.0
101,2023,140,1035.0,13.23,212.1,24.61,0.0
101,2023,140,1036.0,13.23,204.4,24.71,0.0
101,2023,140,1037.0,13.23,208.2,24.79,0.0
101,2023,140,1038.0,13.23,239.9,24.68,0.0
101,2023,140,1039.0,13.23,241.3,24.54,0.0
101,2023,140,1040.0,13.23,224.5,24.68,0.0
101,2023,140,1041.0,13.23,253.4,24.72,0.0
101,2023,140,1042.0,13.23,295.9,24.62,0.0
101,2023,140,1043.0,13.23,365.9,24.47,0.0
101,2023,140,1044.0,13.23,337.2,24.48,0.0
101,2023,140,1045.0,13.23,309.1,24.38,0.0
101,2023,140,1046.0,13.23,308.7,24.37,0.0
101,2023,140,1047.0,13.23,329.0,24.43,0.0
101,2023,140,1048.0,13.23,318.2,24.45,0.0
101,2023,140,1049.0,13.23,307.5,24.59,0.0
101,2023,140,1050.0,13.23,353.7,24.64,0.0
101,2023,140,1051.0,13.22,386.5,24.67,0.0
101,2023,140,1052.0,13.22,378.2,24.81,0.0
101,2023,140,1053.0,13.23,417.0,24.79,0.0
101,2023,140,1054.0,13.22,353.2,24.61,0.0
101,2023,140,1055.0,13.22,318.0,24.64,0.0
101,2023,140,1056.0,13.23,277.9,24.77,0.0
101,2023,140,1057.0,13.22,222.1,24.78,0.0
101,2023,140,1058.0,13.22,204.3,24.76,0.0
101,2023,140,1059.0,13.22,207.4,24.64,0.0
101,2023,140,1100.0,13.22,206.0,24.56,0.0
101,2023,140,1101.0,13.22,190.4,24.5,0.0
101,2023,140,1102.0,13.22,195.2,24.46,0.0
101,2023,140,1103.0,13.22,199.7,24.41,0.0
101,2023,140,1104.0,13.22,200.8,24.42,0.0
101,2023,140,1105.0,13.22,196.4,24.44,0.0
101,2023,140,1106.0,13.22,174.0,24.49,0.0
101,2023,140,1107.0,13.22,155.8,24.5,0.0
101,2023,140,1108.0,13.23,155.3,24.43,0.0
101,2023,140,1109.0,13.22,160.0,24.39,0.0
101,2023,140,1110.0,13.22,150.7,24.35,0.0
101,2023,140,1111.0,13.22,145.9,24.3,0.0
101,2023,140,1112.0,13.22,156.4,24.27,0.0
101,2023,140,1113.0,13.23,164.0,24.27,0.0
101,2023,140,1114.0,13.22,177.0,24.27,0.0
101,2023,140,1115.0,13.22,191.7,24.31,0.0
101,2023,140,1116.0,13.22,215.4,24.28,0.0
101,2023,140,1117.0,13.23,242.8,24.29,0.0
101,2023,140,1118.0,13.23,276.0,24.26,0.0
101,2023,140,1119.0,13.22,317.9,24.3,0.0
101,2023,140,1120.0,13.23,345.9,24.39,0.0
101,2023,140,1121.0,13.22,355.7,24.43,0.0
101,2023,140,1122.0,13.22,366.1,24.49,0.0
101,2023,140,1123.0,13.22,392.0,24.56,0.0
101,2023,140,1124.0,13.22,420.4,24.71,0.0
101,2023,140,1125.0,13.22,445.0,24.82,0.0
101,2023,140,1126.0,13.22,469.3,24.95,0.0
101,2023,140,1127.0,13.22,499.1,25.07,0.0
101,2023,140,1128.0,13.22,542.5,24.96,0.0
101,2023,140,1129.0,13.22,615.4,24.99,0.0
101,2023,140,1130.0,13.22,692.3,25.2,0.0
101,2023,140,1131.0,13.22,691.8,25.41,0.0
101,2023,140,1132.0,13.22,686.3,25.42,0.0
101,2023,140,1133.0,13.21,545.5,25.54,0.0
101,2023,140,1134.0,13.22,502.8,25.58,0.0
101,2023,140,1135.0,13.21,442.8,25.68,0.0
101,2023,140,1136.0,13.21,361.8,25.47,0.0
101,2023,140,1137.0,13.21,324.4,25.3,0.0
101,2023,140,1138.0,13.21,311.6,25.22,0.0
101,2023,140,1139.0,13.21,305.1,25.19,0.0
101,2023,140,1140.0,13.21,283.6,25.03,0.0
101,2023,140,1141.0,13.21,263.8,24.95,0.0
101,2023,140,1142.0,13.21,265.6,24.89,0.0
101,2023,140,1143.0,13.21,260.9,24.91,0.0
101,2023,140,1144.0,13.21,245.4,24.94,0.0
101,2023,140,1145.0,13.21,235.2,25.0,0.0
101,2023,140,1146.0,13.21,235.7,24.95,0.0
101,2023,140,1147.0,13.21,235.9,24.88,0.0
101,2023,140,1148.0,13.21,232.1,24.88,0.0
101,2023,140,1149.0,13.21,237.9,24.91,0.0
101,2023,140,1150.0,13.21,227.6,24.88,0.0
101,2023,140,1151.0,13.21,216.1,24.76,0.0
101,2023,140,1152.0,13.21,230.2,24.79,0.0
101,2023,140,1153.0,13.21,252.9,24.88,0.0
101,2023,140,1154.0,13.21,268.2,24.89,0.0
101,2023,140,1155.0,13.21,279.6,24.8,0.0
101,2023,140,1156.0,13.21,254.4,24.9,0.0
101,2023,140,1157.0,13.21,213.5,24.75,0.0
101,2023,140,1158.0,13.21,183.9,24.7,0.0
101,2023,140,1159.0,13.21,168.2,24.59,0.0
101,2023,140,1200.0,13.21,162.1,24.53,0.0
101,2023,140,1201.0,13.21,157.2,24.47,0.0
101,2023,140,1202.0,13.21,157.2,24.37,0.0
101,2023,140,1203.0,13.21,171.8,24.35,0.0
101,2023,140,1204.0,13.21,190.7,24.34,0.0
101,2023,140,1205.0,13.21,206.2,24.22,0.0
101,2023,140,1206.0,13.21,219.4,24.14,0.0
101,2023,140,1207.0,13.21,236.6,24.13,0.0
101,2023,140,1208.0,13.22,255.6,24.13,0.0
101,2023,140,1209.0,13.22,270.4,24.15,0.0
101,2023,140,1210.0,13.22,286.5,24.01,0.0
101,2023,140,1211.0,13.22,299.9,24.04,0.0
101,2023,140,1212.0,13.22,298.1,23.95,0.0
101,2023,140,1213.0,13.22,283.6,23.93,0.0
101,2023,140,1214.0,13.22,268.4,24.02,0.0
101,2023,140,1215.0,13.22,255.8,23.92,0.0
101,2023,140,1216.0,13.22,241.6,23.86,0.0
101,2023,140,1217.0,13.22,233.6,23.79,0.0
101,2023,140,1218.0,13.22,237.5,23.78,0.0
101,2023,140,1219.0,13.22,250.7,23.82,0.0
101,2023,140,1220.0,13.22,245.6,23.82,0.0
101,2023,140,1221.0,13.22,233.3,23.75,0.0
101,2023,140,1222.0,13.22,248.0,23.84,0.0
101,2023,140,1223.0,13.22,270.2,23.95,0.0
101,2023,140,1224.0,13.22,275.9,23.97,0.0
101,2023,140,1225.0,13.22,292.9,23.9,0.0
101,2023,140,1226.0,13.22,303.9,23.84,0.0
101,2023,140,1227.0,13.22,294.5,23.87,0.0
101,2023,140,1228.0,13.22,266.9,23.91,0.0
101,2023,140,1229.0,13.22,269.1,23.91,0.0
101,2023,140,1230.0,13.22,301.8,23.89,0.0
101,2023,140,1231.0,13.22,332.7,23.88,0.0
101,2023,140,1232.0,13.22,345.6,23.85,0.0
101,2023,140,1233.0,13.22,341.0,24.0,0.0
101,2023,140,1234.0,13.22,329.3,23.88,0.0
101,2023,140,1235.0,13.22,315.6,23.78,0.0
101,2023,140,1236.0,13.22,298.3,23.92,0.0
101,2023,140,1237.0,13.22,280.8,23.88,0.0
101,2023,140,1238.0,13.22,266.7,23.86,0.0
101,2023,140,1239.0,13.22,260.2,23.94,0.0
101,2023,140,1240.0,13.22,256.2,23.98,0.0
101,2023,140,1241.0,13.22,243.0,24.01,0.0
101,2023,140,1242.0,13.22,228.2,24.09,0.0
101,2023,140,1243.0,13.22,223.1,24.01,0.0
101,2023,140,1244.0,13.22,236.7,24.05,0.0
101,2023,140,1245.0,13.22,269.0,24.1,0.0
101,2023,140,1246.0,13.22,258.7,24.0,0.0
101,2023,140,1247.0,13.22,210.1,24.06,0.0
101,2023,140,1248.0,13.22,165.3,24.12,0.0
101,2023,140,1249.0,13.22,142.3,24.15,0.0
101,2023,140,1250.0,13.22,162.7,24.07,0.0
101,2023,140,1251.0,13.22,162.0,24.02,0.0
101,2023,140,1252.0,13.22,144.8,23.99,0.0
101,2023,140,1253.0,13.22,136.2,23.99,0.0
101,2023,140,1254.0,13.22,107.9,24.0,0.0
101,2023,140,1255.0,13.22,92.5,24.03,0.0
101,2023,140,1256.0,13.22,120.3,24.06,0.0
101,2023,140,1257.0,13.22,167.0,24.1,0.0
101,2023,140,1258.0,13.23,213.7,23.97,0.0
101,2023,140,1259.0,13.22,260.0,23.94,0.0
101,2023,140,1300.0,13.23,293.2,23.98,0.0
101,2023,140,1301.0,13.22,317.5,24.09,0.0
101,2023,140,1302.0,13.22,324.6,24.02,0.0
101,2023,140,1303.0,13.22,319.0,24.03,0.0
101,2023,140,1304.0,13.23,316.4,24.04,0.0
101,2023,140,1305.0,13.22,299.5,24.18,0.0
101,2023,140,1306.0,13.23,272.3,24.22,0.0
101,2023,140,1307.0,13.22,269.1,24.12,0.0
101,2023,140,1308.0,13.22,253.3,24.07,0.0
101,2023,140,1309.0,13.22,228.2,24.0,0.0
101,2023,140,1310.0,13.22,211.9,23.9,0.0
101,2023,140,1311.0,13.22,197.7,23.83,0.0
101,2023,140,1312.0,13.22,192.3,23.91,0.0
101,2023,140,1313.0,13.22,177.7,23.88,0.0
101,2023,140,1314.0,13.23,164.5,23.79,0.0
101,2023,140,1315.0,13.22,160.8,23.79,0.0
101,2023,140,1316.0,13.22,145.5,23.85,0.0
101,2023,140,1317.0,13.23,146.2,23.81,0.0
101,2023,140,1318.0,13.22,141.6,23.81,0.0
101,2023,140,1319.0,13.22,168.9,23.77,0.0
101,2023,140,1320.0,13.23,187.8,23.81,0.0
101,2023,140,1321.0,13.23,216.3,23.78,0.0
101,2023,140,1322.0,13.23,240.7,23.72,0.0
101,2023,140,1323.0,13.23,243.6,23.74,0.0
101,2023,140,1324.0,13.23,238.4,23.66,0.0
101,2023,140,1325.0,13.23,245.5,23.62,0.0
101,2023,140,1326.0,13.23,272.3,23.71,0.0
101,2023,140,1327.0,13.23,279.8,23.73,0.0
101,2023,140,1328.0,13.23,292.7,23.75,0.0
101,2023,140,1329.0,13.23,224.4,23.79,0.0
101,2023,140,1330.0,13.23,177.2,23.81,0.0
101,2023,140,1331.0,13.23,171.2,23.73,0.0
101,2023,140,1332.0,13.23,158.3,23.73,0.0
101,2023,140,1333.0,13.23,167.4,23.76,0.0
101,2023,140,1334.0,13.23,171.6,23.7,0.0
101,2023,140,1335.0,13.23,168.8,23.71,0.0
101,2023,140,1336.0,13.23,181.0,23.53,0.0
101,2023,140,1337.0,13.23,195.3,23.53,0.0
101,2023,140,1338.0,13.23,193.5,23.59,0.0
101,2023,140,1339.0,13.23,187.1,23.64,0.0
101,2023,140,1340.0,13.23,178.7,23.54,0.0
101,2023,140,1341.0,13.23,174.4,23.53,0.0
101,2023,140,1342.0,13.23,180.7,23.37,0.0
101,2023,140,1343.0,13.23,186.9,23.2,0.0
101,2023,140,1344.0,13.23,192.2,23.23,0.0
101,2023,140,1345.0,13.23,192.3,23.23,0.0
101,2023,140,1346.0,13.23,178.7,23.27,0.0
101,2023,140,1347.0,13.23,156.7,23.24,0.0
101,2023,140,1348.0,13.23,126.4,23.27,0.0
101,2023,140,1349.0,13.23,100.1,23.23,0.0
101,2023,140,1350.0,13.23,80.2,23.22,0.0
101,2023,140,1351.0,13.23,76.2,23.21,0.0
101,2023,140,1352.0,13.23,101.2,23.23,0.0
101,2023,140,1353.0,13.23,123.8,23.24,0.0
101,2023,140,1354.0,13.23,142.0,23.27,0.0
101,2023,140,1355.0,13.23,163.5,23.28,0.0
101,2023,140,1356.0,13.23,189.6,23.32,0.0
101,2023,140,1357.0,13.24,202.7,23.38,0.0
101,2023,140,1358.0,13.23,201.8,23.33,0.0
101,2023,140,1359.0,13.24,189.2,23.34,0.0
101,2023,140,1400.0,13.24,181.5,23.36,0.0
101,2023,140,1401.0,13.24,191.1,23.49,0.0
101,2023,140,1402.0,13.24,215.4,23.56,0.0
101,2023,140,1403.0,13.24,245.9,23.55,0.0
101,2023,140,1404.0,13.23,274.7,23.61,0.0
101,2023,140,1405.0,13.24,293.1,23.6,0.0
101,2023,140,1406.0,13.24,287.7,23.6,0.0
101,2023,140,1407.0,13.23,255.0,23.54,0.0
101,2023,140,1408.0,13.23,219.2,23.54,0.0
101,2023,140,1409.0,13.23,194.8,23.58,0.0
101,2023,140,1410.0,13.24,180.4,23.63,0.0
101,2023,140,1411.0,13.23,184.5,23.68,0.0
101,2023,140,1412.0,13.24,193.5,23.63,0.0
101,2023,140,1413.0,13.23,195.7,23.58,0.0
101,2023,140,1414.0,13.23,189.9,23.54,0.0
101,2023,140,0.0,13.23,158.3,23.59,0.0
101,2023,140,1416.0,13.23,143.4,23.69,0.0
101,2023,140,1417.0,13.23,142.2,23.69,0.0
101,2023,140,1418.0,13.23,131.8,23.69,0.0
101,2023,140,1419.0,13.23,162.1,23.7,0.0
101,2023,140,1420.0,13.24,207.1,23.77,0.0
101,2023,140,1421.0,13.24,184.5,23.8,0.0
101,2023,140,1422.0,13.23,129.0,23.61,0.0
101,2023,140,1423.0,13.23,97.5,23.56,0.0
101,2023,140,1424.0,13.23,93.6,23.61,0.0
101,2023,140,1425.0,13.24,96.6,23.6,0.0
101,2023,140,1426.0,13.24,120.3,23.44,0.0
101,2023,140,1427.0,13.24,162.5,23.32,0.0
101,2023,140,1428.0,13.24,154.9,23.3,0.0
101,2023,140,1429.0,13.24,150.4,23.22,0.0
101,2023,140,1430.0,13.23,167.7,23.26,0.0
101,2023,140,1431.0,13.24,170.0,23.21,0.0
101,2023,140,1432.0,13.24,165.4,23.2,0.0
101,2023,140,1433.0,13.24,157.8,23.11,0.0
101,2023,140,1434.0,13.24,149.5,23.13,0.0
101,2023,140,1435.0,13.24,143.6,23.14,0.0
101,2023,140,1436.0,13.24,140.9,23.17,0.0
101,2023,140,1437.0,13.24,135.1,23.25,0.0
101,2023,140,1438.0,13.24,132.2,23.17,0.0
101,2023,140,1439.0,13.24,131.2,23.13,0.0
101,2023,140,1440.0,13.24,126.6,23.1,0.0
101,2023,140,1441.0,13.24,126.4,23.09,0.0
101,2023,140,1442.0,13.24,122.3,23.18,0.0
101,2023,140,1443.0,13.24,127.3,23.14,0.0
101,2023,140,1444.0,13.24,122.3,23.15,0.0
101,2023,140,1445.0,13.24,106.7,23.16,0.0
101,2023,140,1446.0,13.24,90.9,23.08,0.0
101,2023,140,1447.0,13.24,84.8,23.03,0.0
101,2023,140,1448.0,13.24,77.5,23.01,0.0
101,2023,140,1449.0,13.24,80.2,23.0,0.0
101,2023,140,1450.0,13.24,81.9,23.02,0.0
101,2023,140,1451.0,13.24,77.9,23.1,0.0
101,2023,140,1452.0,13.23,67.85,23.06,0.0
101,2023,140,1453.0,13.22,68.58,23.01,0.0
101,2023,140,1454.0,13.23,69.48,23.06,0.0
101,2023,140,1455.0,13.24,80.4,23.1,0.0
101,2023,140,1456.0,13.24,90.6,23.1,0.0
101,2023,140,1457.0,13.25,86.4,22.98,0.0
101,2023,140,1458.0,13.24,84.4,22.98,0.0
101,2023,140,1459.0,13.25,87.1,23.04,0.0
101,2023,140,1500.0,13.25,78.9,23.09,0.0
101,2023,140,1501.0,13.23,65.62,23.15,0.0
101,2023,140,1502.0,13.23,72.0,23.03,0.0
101,2023,140,1503.0,13.24,69.23,23.03,0.0
101,2023,140,1504.0,13.24,73.9,23.05,0.0
101,2023,140,1505.0,13.25,72.7,23.01,0.0
101,2023,140,1506.0,13.25,78.1,22.97,0.0
101,2023,140,1507.0,13.24,71.7,22.97,0.0
101,2023,140,1508.0,13.25,73.4,23.0,0.0
101,2023,140,1509.0,13.25,73.7,22.98,0.0
101,2023,140,1510.0,13.23,62.38,23.0,0.0
101,2023,140,1511.0,13.22,63.31,22.99,0.0
101,2023,140,1512.0,13.21,61.98,23.02,0.0
101,2023,140,1513.0,13.19,56.88,23.02,0.0
101,2023,140,1514.0,13.18,53.21,22.93,0.0
101,2023,140,1515.0,13.16,51.94,22.95,0.0
101,2023,140,1516.0,13.14,49.74,22.95,0.0
101,2023,140,1517.0,13.12,46.84,22.89,0.0
101,2023,140,1518.0,13.11,42.07,22.86,0.0
101,2023,140,1519.0,13.1,43.43,22.86,0.0
101,2023,140,1520.0,13.1,49.57,22.9,0.0
101,2023,140,1521.0,13.09,48.36,22.91,0.0
101,2023,140,1522.0,13.08,49.29,22.94,0.0
101,2023,140,1523.0,13.06,49.38,22.95,0.0
101,2023,140,1524.0,13.05,48.84,22.83,0.0
101,2023,140,1525.0,13.04,43.82,22.75,0.0
101,2023,140,1526.0,13.03,43.4,22.75,0.0
101,2023,140,1527.0,13.02,44.5,22.81,0.0
101,2023,140,1528.0,13.02,45.48,22.76,0.0
101,2023,140,1529.0,13.03,55.1,22.71,0.0
101,2023,140,1530.0,13.04,67.76,22.73,0.0
101,2023,140,1531.0,13.06,67.56,22.72,0.0
101,2023,140,1532.0,13.06,62.71,22.74,0.0
101,2023,140,1533.0,13.06,58.57,22.82,0.0
101,2023,140,1534.0,13.07,60.49,22.84,0.0
101,2023,140,1535.0,13.07,54.48,22.79,0.0
101,2023,140,1536.0,13.05,40.58,22.78,0.0
101,2023,140,1537.0,13.03,41.37,22.79,0.0
101,2023,140,1538.0,13.02,39.22,22.82,0.0
101,2023,140,1539.0,13.0,30.37,22.84,0.0
101,2023,140,1540.0,12.97,25.41,22.84,0.0
101,2023,140,1541.0,12.96,36.07,22.85,0.0
101,2023,140,1542.0,12.96,45.0,22.81,0.0
101,2023,140,1543.0,12.96,47.04,22.75,0.0
101,2023,140,1544.0,12.96,45.54,22.7,0.0
101,2023,140,1545.0,12.96,43.62,22.65,0.0
101,2023,140,1546.0,12.96,43.6,22.65,0.0
101,2023,140,1547.0,12.97,45.03,22.68,0.0
101,2023,140,1548.0,12.97,48.95,22.62,0.0
101,2023,140,1549.0,12.98,50.11,22.6,0.0
101,2023,140,1550.0,12.98,43.54,22.6,0.0
101,2023,140,1551.0,12.97,42.24,22.61,0.0
101,2023,140,1552.0,12.97,45.77,22.57,0.0
101,2023,140,1553.0,12.98,51.86,22.59,0.0
101,2023,140,1554.0,12.98,53.07,22.55,0.0
101,2023,140,1555.0,12.98,51.41,22.55,0.0
101,2023,140,1556.0,12.97,40.49,22.54,0.0
101,2023,140,1557.0,12.95,30.37,22.48,0.0
101,2023,140,1558.0,12.94,29.13,22.47,0.0
101,2023,140,1559.0,12.93,26.34,22.49,0.0
101,2023,140,1600.0,12.91,24.5,22.47,0.0
101,2023,140,1601.0,12.9,24.7,22.45,0.0
101,2023,140,1602.0,12.88,29.35,22.45,0.0
101,2023,140,1603.0,12.88,35.28,22.38,0.0
101,2023,140,1604.0,12.88,39.48,22.2,0.0
101,2023,140,1605.0,12.89,42.81,22.07,0.0
101,2023,140,1606.0,12.89,39.76,22.05,0.0
101,2023,140,1607.0,12.88,36.83,22.02,0.0
101,2023,140,1608.0,12.87,33.78,22.06,0.0
101,2023,140,1609.0,12.87,33.73,22.07,0.0
101,2023,140,1610.0,12.86,32.54,22.03,0.0
101,2023,140,1611.0,12.86,29.35,22.0,0.0
101,2023,140,1612.0,12.85,26.59,22.01,0.0
101,2023,140,1613.0,12.85,29.33,21.97,0.0
101,2023,140,1614.0,12.85,32.46,22.0,0.0
101,2023,140,1615.0,12.86,34.91,22.01,0.0
101,2023,140,1616.0,12.85,34.26,21.96,0.0
101,2023,140,1617.0,12.85,30.96,21.91,0.0
101,2023,140,1618.0,12.85,32.51,21.89,0.0
101,2023,140,1619.0,12.85,33.75,21.83,0.0
101,2023,140,1620.0,12.84,30.74,21.89,0.0
101,2023,140,1621.0,12.83,27.18,21.81,0.0
101,2023,140,1622.0,12.83,25.29,21.82,0.0
101,2023,140,1623.0,12.82,22.16,21.84,0.0
101,2023,140,1624.0,12.81,20.81,21.77,0.0
101,2023,140,1625.0,12.81,20.98,21.76,0.0
101,2023,140,1626.0,12.8,20.73,21.75,0.0
101,2023,140,1627.0,12.8,20.78,21.73,0.0
101,2023,140,1628.0,12.8,20.53,21.75,0.0
101,2023,140,1629.0,12.79,20.08,21.76,0.0
101,2023,140,1630.0,12.79,20.44,21.77,0.0
101,2023,140,1631.0,12.8,18.61,21.75,0.0
101,2023,140,1632.0,12.79,17.23,21.74,0.0
101,2023,140,1633.0,12.79,15.06,21.76,0.0
101,2023,140,1634.0,12.79,15.9,21.77,0.0
101,2023,140,1635.0,12.79,15.37,21.76,0.0
101,2023,140,1636.0,12.79,15.62,21.76,0.0
101,2023,140,1637.0,12.79,15.54,21.78,0.0
101,2023,140,1638.0,12.79,12.69,21.79,0.0
101,2023,140,1639.0,12.78,13.11,21.79,0.0
101,2023,140,1640.0,12.78,12.63,21.8,0.0
101,2023,140,1641.0,12.78,12.89,21.83,0.0
101,2023,140,1642.0,12.78,12.49,21.81,0.0
101,2023,140,1643.0,12.78,10.29,21.79,0.0
101,2023,140,1644.0,12.78,8.77,21.81,0.0
101,2023,140,1645.0,12.78,8.85,21.83,0.0
101,2023,140,1646.0,12.78,8.01,21.83,0.0
101,2023,140,1647.0,12.78,7.28,21.85,0.0
101,2023,140,1648.0,12.78,6.74,21.85,0.0
101,2023,140,1649.0,12.78,6.655,21.83,0.0
101,2023,140,1650.0,12.78,6.768,21.84,0.0
101,2023,140,1651.0,12.78,6.147,21.87,0.0
101,2023,140,1652.0,12.78,6.091,21.87,0.0
101,2023,140,1653.0,12.78,5.555,21.88,0.0
101,2023,140,1654.0,12.77,4.653,21.88,0.0
101,2023,140,1655.0,12.77,4.089,21.88,0.0
101,2023,140,1656.0,12.77,4.061,21.88,0.0
101,2023,140,1657.0,12.77,4.061,21.88,0.0
101,2023,140,1658.0,12.77,3.807,21.91,0.0
101,2023,140,1659.0,12.77,3.074,21.93,0.0
101,2023,140,1700.0,12.77,2.369,21.92,0.0
101,2023,140,1701.0,12.77,2.397,21.92,0.0
101,2023,140,1702.0,12.77,2.594,21.94,0.0
101,2023,140,1703.0,12.77,3.046,21.95,0.0
101,2023,140,1704.0,12.77,3.074,21.95,0.0
101,2023,140,1705.0,12.77,3.046,21.96,0.0
101,2023,140,1706.0,12.77,3.553,21.96,0.0
101,2023,140,1707.0,12.77,3.497,21.96,0.0
101,2023,140,1708.0,12.77,3.187,21.94,0.0
101,2023,140,1709.0,12.77,3.046,21.9,0.0
101,2023,140,1710.0,12.76,2.905,21.91,0.0
101,2023,140,1711.0,12.77,2.397,21.91,0.0
101,2023,140,1712.0,12.76,2.256,21.88,0.0
101,2023,140,1713.0,12.76,1.89,21.89,0.0
101,2023,140,1714.0,12.76,1.692,21.87,0.0
101,2023,140,1715.0,12.76,1.579,21.87,0.0
101,2023,140,1716.0,12.76,1.269,21.87,0.0
101,2023,140,1717.0,12.76,1.072,21.88,0.0
101,2023,140,1718.0,12.76,1.015,21.88,0.0
101,2023,140,1719.0,12.76,1.015,21.89,0.0
101,2023,140,1720.0,12.76,0.902,21.89,0.0
101,2023,140,1721.0,12.76,0.0,21.88,0.0
101,2023,140,1722.0,12.76,0.0,21.89,0.0
101,2023,140,1723.0,12.76,0.0,21.89,0.0
101,2023,140,1724.0,12.76,0.0,21.86,0.0
101,2023,140,1725.0,12.76,0.0,21.83,0.0
101,2023,140,1726.0,12.76,0.0,21.81,0.0
101,2023,140,1727.0,12.75,0.0,21.81,0.0
101,2023,140,1728.0,12.75,0.0,21.82,0.0
101,2023,140,1729.0,12.75,0.0,21.84,0.0
101,2023,140,1730.0,12.75,0.0,21.84,0.0
101,2023,140,1731.0,12.75,0.0,21.84,0.0
101,2023,140,1732.0,12.75,0.0,21.83,0.0
101,2023,140,1733.0,12.75,0.0,21.81,0.0
101,2023,140,1734.0,12.75,0.0,21.83,0.0
101,2023,140,1735.0,12.75,0.0,21.84,0.0
101,2023,140,1736.0,12.75,0.0,21.84,0.0
101,2023,140,1737.0,12.75,0.0,21.84,0.0
101,2023,140,1738.0,12.75,0.0,21.82,0.0
101,2023,140,1739.0,12.75,0.0,21.79,0.0
101,2023,140,1740.0,12.75,0.0,21.8,0.0
101,2023,140,1741.0,12.75,0.0,21.8,0.0
101,2023,140,1742.0,12.75,0.0,21.81,0.0
101,2023,140,1743.0,12.75,0.0,21.81,0.0
101,2023,140,1744.0,12.75,0.0,21.81,0.0
101,2023,140,1745.0,12.75,0.0,21.81,0.0
101,2023,140,1746.0,12.75,0.0,21.82,0.0
101,2023,140,1747.0,12.75,0.0,21.82,0.0
101,2023,140,1748.0,12.75,0.0,21.82,0.0
101,2023,140,1749.0,12.75,0.0,21.82,0.0
101,2023,140,1750.0,12.74,0.0,21.81,0.0
101,2023,140,1751.0,12.75,0.0,21.82,0.0
101,2023,140,1752.0,12.75,0.0,21.82,0.0
101,2023,140,1753.0,12.75,0.0,21.84,0.0
101,2023,140,1754.0,12.74,0.0,21.86,0.0
101,2023,140,1755.0,12.75,0.0,21.86,0.0
101,2023,140,1756.0,12.74,0.0,21.86,0.0
101,2023,140,1757.0,12.74,0.0,21.86,0.0
101,2023,140,1758.0,12.75,0.0,21.86,0.0
101,2023,140,1759.0,12.74,0.0,21.88,0.0
