a,b,dia_juliano,d,e,f,g,h
101,2023,124,2400.0,12.58,0.0,23.0,0.0
101,2023,124,1.0,12.58,0.0,23.02,0.0
101,2023,124,2.0,12.58,0.0,23.0,0.0
101,2023,124,3.0,12.58,0.0,22.98,0.0
101,2023,124,4.0,12.58,0.0,22.99,0.0
101,2023,124,5.0,12.58,0.0,22.98,0.0
101,2023,124,6.0,12.58,0.0,22.98,0.0
101,2023,124,7.0,12.58,0.0,22.99,0.0
101,2023,124,8.0,12.58,0.0,22.99,0.0
101,2023,124,9.0,12.58,0.0,22.99,0.0
101,2023,124,10.0,12.58,0.0,22.99,0.0
101,2023,124,11.0,12.58,0.0,22.98,0.0
101,2023,124,12.0,12.58,0.0,22.97,0.0
101,2023,124,13.0,12.58,0.0,22.96,0.0
101,2023,124,14.0,12.58,0.0,22.98,0.0
101,2023,124,15.0,12.58,0.0,22.98,0.0
101,2023,124,16.0,12.58,0.0,22.98,0.0
101,2023,124,17.0,12.57,0.0,22.98,0.0
101,2023,124,18.0,12.58,0.0,22.96,0.0
101,2023,124,19.0,12.58,0.0,22.97,0.0
101,2023,124,20.0,12.58,0.0,22.95,0.0
101,2023,124,21.0,12.58,0.0,22.96,0.0
101,2023,124,22.0,12.58,0.0,22.96,0.0
101,2023,124,23.0,12.57,0.0,22.96,0.0
101,2023,124,24.0,12.57,0.0,22.94,0.0
101,2023,124,25.0,12.57,0.0,22.93,0.0
101,2023,124,26.0,12.57,0.0,22.93,0.0
101,2023,124,27.0,12.57,0.0,22.92,0.0
101,2023,124,28.0,12.57,0.0,22.94,0.0
101,2023,124,29.0,12.57,0.0,22.93,0.0
101,2023,124,30.0,12.57,0.0,22.94,0.0
101,2023,124,31.0,12.57,0.0,22.94,0.0
101,2023,124,32.0,12.57,0.0,22.94,0.0
101,2023,124,33.0,12.57,0.0,22.94,0.0
101,2023,124,34.0,12.57,0.0,22.94,0.0
101,2023,124,35.0,12.57,0.0,22.95,0.0
101,2023,124,36.0,12.57,0.0,22.95,0.0
101,2023,124,37.0,12.57,0.0,22.95,0.0
101,2023,124,38.0,12.57,0.0,22.94,0.0
101,2023,124,39.0,12.57,0.0,22.94,0.0
101,2023,124,40.0,12.57,0.0,22.94,0.0
101,2023,124,41.0,12.57,0.0,22.94,0.0
101,2023,124,42.0,12.57,0.0,22.94,0.0
101,2023,124,43.0,12.57,0.0,22.94,0.0
101,2023,124,44.0,12.56,0.0,22.92,0.0
101,2023,124,45.0,12.57,0.0,22.93,0.0
101,2023,124,46.0,12.57,0.0,22.93,0.0
101,2023,124,47.0,12.56,0.0,22.93,0.0
101,2023,124,48.0,12.56,0.0,22.92,0.0
101,2023,124,49.0,12.56,0.0,22.92,0.0
101,2023,124,50.0,12.56,0.0,22.92,0.0
101,2023,124,51.0,12.56,0.0,22.92,0.0
101,2023,124,52.0,12.56,0.0,22.92,0.0
101,2023,124,53.0,12.56,0.0,22.91,0.0
101,2023,124,54.0,12.56,0.0,22.92,0.0
101,2023,124,55.0,12.56,0.0,22.93,0.0
101,2023,124,56.0,12.56,0.0,22.92,0.0
101,2023,124,57.0,12.56,0.0,22.92,0.0
101,2023,124,58.0,12.56,0.0,22.94,0.0
101,2023,124,59.0,12.56,0.0,22.94,0.0
101,2023,124,100.0,12.56,0.0,22.94,0.0
101,2023,124,101.0,12.56,0.0,22.95,0.0
101,2023,124,102.0,12.56,0.0,22.97,0.0
101,2023,124,103.0,12.56,0.0,22.97,0.0
101,2023,124,104.0,12.56,0.0,22.97,0.0
101,2023,124,105.0,12.56,0.0,22.98,0.0
101,2023,124,106.0,12.55,0.0,22.99,0.0
101,2023,124,107.0,12.56,0.0,22.99,0.0
101,2023,124,108.0,12.56,0.0,22.99,0.0
101,2023,124,109.0,12.55,0.0,22.99,0.0
101,2023,124,110.0,12.55,0.0,22.99,0.0
101,2023,124,111.0,12.55,0.0,22.99,0.0
101,2023,124,112.0,12.55,0.0,23.01,0.0
101,2023,124,113.0,12.55,0.0,23.01,0.0
101,2023,124,114.0,12.55,0.0,23.01,0.0
101,2023,124,115.0,12.55,0.0,23.02,0.0
101,2023,124,116.0,12.55,0.0,23.02,0.0
101,2023,124,117.0,12.55,0.0,23.02,0.0
101,2023,124,118.0,12.55,0.0,23.02,0.0
101,2023,124,119.0,12.55,0.0,23.02,0.0
101,2023,124,120.0,12.55,0.0,23.02,0.0
101,2023,124,121.0,12.55,0.0,23.02,0.0
101,2023,124,122.0,12.55,0.0,23.02,0.0
101,2023,124,123.0,12.55,0.0,23.02,0.0
101,2023,124,124.0,12.55,0.0,23.02,0.0
101,2023,124,125.0,12.55,0.0,23.02,0.0
101,2023,124,126.0,12.55,0.0,23.02,0.0
101,2023,124,127.0,12.55,0.0,23.03,0.0
101,2023,124,128.0,12.55,0.0,23.04,0.0
101,2023,124,129.0,12.55,0.0,23.04,0.0
101,2023,124,130.0,12.55,0.0,23.04,0.0
101,2023,124,131.0,12.55,0.0,23.05,0.0
101,2023,124,132.0,12.54,0.0,23.05,0.0
101,2023,124,133.0,12.54,0.0,23.06,0.0
101,2023,124,134.0,12.55,0.0,23.06,0.0
101,2023,124,135.0,12.54,0.0,23.07,0.0
101,2023,124,136.0,12.54,0.0,23.07,0.0
101,2023,124,137.0,12.54,0.0,23.07,0.0
101,2023,124,138.0,12.54,0.0,23.07,0.0
101,2023,124,139.0,12.54,0.0,23.08,0.0
101,2023,124,140.0,12.54,0.0,23.09,0.0
101,2023,124,141.0,12.54,0.0,23.09,0.0
101,2023,124,142.0,12.54,0.0,23.09,0.0
101,2023,124,143.0,12.54,0.0,23.09,0.0
101,2023,124,144.0,12.54,0.0,23.08,0.0
101,2023,124,145.0,12.54,0.0,23.07,0.0
101,2023,124,146.0,12.54,0.0,23.07,0.0
101,2023,124,147.0,12.54,0.0,23.06,0.0
101,2023,124,148.0,12.54,0.0,23.04,0.0
101,2023,124,149.0,12.54,0.0,23.04,0.0
101,2023,124,150.0,12.54,0.0,23.04,0.0
101,2023,124,151.0,12.54,0.0,23.03,0.0
101,2023,124,152.0,12.54,0.0,23.01,0.0
101,2023,124,153.0,12.54,0.0,23.01,0.0
101,2023,124,154.0,12.53,0.0,22.99,0.0
101,2023,124,155.0,12.54,0.0,22.98,0.0
101,2023,124,156.0,12.53,0.0,22.98,0.0
101,2023,124,157.0,12.53,0.0,22.97,0.0
101,2023,124,158.0,12.53,0.0,22.97,0.0
101,2023,124,159.0,12.53,0.0,22.97,0.0
101,2023,124,200.0,12.53,0.0,22.97,0.0
101,2023,124,201.0,12.53,0.0,22.96,0.0
101,2023,124,202.0,12.53,0.0,22.95,0.0
101,2023,124,203.0,12.53,0.0,22.94,0.0
101,2023,124,204.0,12.53,0.0,22.93,0.0
101,2023,124,205.0,12.53,0.0,22.92,0.0
101,2023,124,206.0,12.53,0.0,22.9,0.0
101,2023,124,207.0,12.53,0.0,22.9,0.0
101,2023,124,208.0,12.53,0.0,22.9,0.0
101,2023,124,209.0,12.53,0.0,22.91,0.0
101,2023,124,210.0,12.53,0.0,22.9,0.0
101,2023,124,211.0,12.53,0.0,22.88,0.0
101,2023,124,212.0,12.53,0.0,22.88,0.0
101,2023,124,213.0,12.53,0.0,22.87,0.0
101,2023,124,214.0,12.53,0.0,22.87,0.0
101,2023,124,215.0,12.52,0.0,22.86,0.0
101,2023,124,216.0,12.53,0.0,22.85,0.0
101,2023,124,217.0,12.52,0.0,22.85,0.0
101,2023,124,218.0,12.52,0.0,22.85,0.0
101,2023,124,219.0,12.52,0.0,22.84,0.0
101,2023,124,220.0,12.52,0.0,22.84,0.0
101,2023,124,221.0,12.52,0.0,22.82,0.0
101,2023,124,222.0,12.52,0.0,22.82,0.0
101,2023,124,223.0,12.52,0.0,22.82,0.0
101,2023,124,224.0,12.52,0.0,22.82,0.0
101,2023,124,225.0,12.52,0.0,22.81,0.0
101,2023,124,226.0,12.52,0.0,22.81,0.0
101,2023,124,227.0,12.52,0.0,22.8,0.0
101,2023,124,228.0,12.52,0.0,22.79,0.0
101,2023,124,229.0,12.52,0.0,22.8,0.0
101,2023,124,230.0,12.52,0.0,22.79,0.0
101,2023,124,231.0,12.52,0.0,22.8,0.0
101,2023,124,232.0,12.52,0.0,22.8,0.0
101,2023,124,233.0,12.51,0.0,22.8,0.0
101,2023,124,234.0,12.51,0.0,22.79,0.0
101,2023,124,235.0,12.51,0.0,22.78,0.0
101,2023,124,236.0,12.51,0.0,22.77,0.0
101,2023,124,237.0,12.51,0.0,22.77,0.0
101,2023,124,238.0,12.51,0.0,22.77,0.0
101,2023,124,239.0,12.51,0.0,22.77,0.0
101,2023,124,240.0,12.51,0.0,22.77,0.0
101,2023,124,241.0,12.51,0.0,22.77,0.0
101,2023,124,242.0,12.51,0.0,22.78,0.0
101,2023,124,243.0,12.51,0.0,22.8,0.0
101,2023,124,244.0,12.51,0.0,22.79,0.0
101,2023,124,245.0,12.51,0.0,22.8,0.0
101,2023,124,246.0,12.51,0.0,22.78,0.0
101,2023,124,247.0,12.51,0.0,22.78,0.0
101,2023,124,248.0,12.51,0.0,22.78,0.0
101,2023,124,249.0,12.51,0.0,22.77,0.0
101,2023,124,250.0,12.51,0.0,22.78,0.0
101,2023,124,251.0,12.51,0.0,22.78,0.0
101,2023,124,252.0,12.51,0.0,22.79,0.0
101,2023,124,253.0,12.5,0.0,22.81,0.0
101,2023,124,254.0,12.5,0.0,22.82,0.0
101,2023,124,255.0,12.5,0.0,22.82,0.0
101,2023,124,256.0,12.51,0.0,22.82,0.0
101,2023,124,257.0,12.5,0.0,22.82,0.0
101,2023,124,258.0,12.5,0.0,22.82,0.0
101,2023,124,259.0,12.5,0.0,22.82,0.0
101,2023,124,300.0,12.5,0.0,22.83,0.0
101,2023,124,301.0,12.5,0.0,22.83,0.0
101,2023,124,302.0,12.5,0.0,22.83,0.0
101,2023,124,303.0,12.5,0.0,22.82,0.0
101,2023,124,304.0,12.5,0.0,22.82,0.0
101,2023,124,305.0,12.5,0.0,22.82,0.0
101,2023,124,306.0,12.5,0.0,22.82,0.0
101,2023,124,307.0,12.5,0.0,22.82,0.0
101,2023,124,308.0,12.5,0.0,22.83,0.0
101,2023,124,309.0,12.5,0.0,22.83,0.0
101,2023,124,310.0,12.5,0.0,22.83,0.0
101,2023,124,311.0,12.5,0.0,22.84,0.0
101,2023,124,312.0,12.5,0.0,22.85,0.0
101,2023,124,313.0,12.49,0.0,22.86,0.0
101,2023,124,314.0,12.5,0.0,22.87,0.0
101,2023,124,315.0,12.5,0.0,22.86,0.0
101,2023,124,316.0,12.5,0.0,22.86,0.0
101,2023,124,317.0,12.49,0.0,22.87,0.0
101,2023,124,318.0,12.49,0.0,22.85,0.0
101,2023,124,319.0,12.49,0.0,22.88,0.0
101,2023,124,320.0,12.49,0.0,22.87,0.0
101,2023,124,321.0,12.49,0.0,22.87,0.0
101,2023,124,322.0,12.49,0.0,22.88,0.0
101,2023,124,323.0,12.49,0.0,22.88,0.0
101,2023,124,324.0,12.49,0.0,22.88,0.0
101,2023,124,325.0,12.49,0.0,22.88,0.0
101,2023,124,326.0,12.49,0.0,22.88,0.0
101,2023,124,327.0,12.49,0.0,22.88,0.0
101,2023,124,328.0,12.49,0.0,22.88,0.0
101,2023,124,329.0,12.49,0.0,22.88,0.0
101,2023,124,330.0,12.49,0.0,22.87,0.0
101,2023,124,331.0,12.49,0.0,22.87,0.0
101,2023,124,332.0,12.49,0.0,22.87,0.0
101,2023,124,333.0,12.49,0.0,22.84,0.0
101,2023,124,334.0,12.49,0.0,22.83,0.0
101,2023,124,335.0,12.49,0.0,22.83,0.0
101,2023,124,336.0,12.49,0.0,22.82,0.0
101,2023,124,337.0,12.49,0.0,22.81,0.0
101,2023,124,338.0,12.49,0.0,22.79,0.0
101,2023,124,339.0,12.48,0.0,22.78,0.0
101,2023,124,340.0,12.49,0.0,22.78,0.0
101,2023,124,341.0,12.49,0.0,22.76,0.0
101,2023,124,342.0,12.48,0.0,22.77,0.0
101,2023,124,343.0,12.48,0.0,22.75,0.0
101,2023,124,344.0,12.49,0.0,22.75,0.0
101,2023,124,345.0,12.48,0.0,22.75,0.0
101,2023,124,346.0,12.48,0.0,22.75,0.0
101,2023,124,347.0,12.48,0.0,22.73,0.0
101,2023,124,348.0,12.48,0.0,22.73,0.0
101,2023,124,349.0,12.48,0.0,22.71,0.0
101,2023,124,350.0,12.48,0.0,22.7,0.0
101,2023,124,351.0,12.48,0.0,22.7,0.0
101,2023,124,352.0,12.48,0.0,22.68,0.0
101,2023,124,353.0,12.48,0.0,22.68,0.0
101,2023,124,354.0,12.48,0.0,22.66,0.0
101,2023,124,355.0,12.48,0.0,22.66,0.0
101,2023,124,356.0,12.48,0.0,22.66,0.0
101,2023,124,357.0,12.48,0.0,22.67,0.0
101,2023,124,358.0,12.48,0.0,22.66,0.0
101,2023,124,359.0,12.48,0.0,22.66,0.0
101,2023,124,400.0,12.48,0.0,22.66,0.0
101,2023,124,401.0,12.48,0.0,22.66,0.0
101,2023,124,402.0,12.48,0.0,22.65,0.0
101,2023,124,403.0,12.48,0.0,22.67,0.0
101,2023,124,404.0,12.48,0.0,22.66,0.0
101,2023,124,405.0,12.48,0.0,22.66,0.0
101,2023,124,406.0,12.48,0.0,22.66,0.0
101,2023,124,407.0,12.48,0.0,22.66,0.0
101,2023,124,408.0,12.48,0.0,22.66,0.0
101,2023,124,409.0,12.48,0.0,22.64,0.0
101,2023,124,410.0,12.48,0.0,22.63,0.0
101,2023,124,411.0,12.48,0.0,22.63,0.0
101,2023,124,412.0,12.48,0.0,22.62,0.0
101,2023,124,413.0,12.48,0.0,22.61,0.0
101,2023,124,414.0,12.47,0.0,22.61,0.0
101,2023,124,415.0,12.48,0.0,22.57,0.0
101,2023,124,416.0,12.48,0.0,22.54,0.0
101,2023,124,417.0,12.48,0.0,22.5,0.0
101,2023,124,418.0,12.48,0.0,22.47,0.0
101,2023,124,419.0,12.48,0.0,22.45,0.0
101,2023,124,420.0,12.48,0.0,22.44,0.0
101,2023,124,421.0,12.47,0.0,22.43,0.0
101,2023,124,422.0,12.48,0.0,22.42,0.0
101,2023,124,423.0,12.48,0.0,22.41,0.0
101,2023,124,424.0,12.48,0.0,22.39,0.0
101,2023,124,425.0,12.48,0.0,22.39,0.0
101,2023,124,426.0,12.47,0.0,22.37,0.0
101,2023,124,427.0,12.47,0.0,22.37,0.0
101,2023,124,428.0,12.47,0.0,22.37,0.0
101,2023,124,429.0,12.47,0.0,22.37,0.0
101,2023,124,430.0,12.47,0.0,22.36,0.0
101,2023,124,431.0,12.47,0.0,22.34,0.0
101,2023,124,432.0,12.47,0.0,22.33,0.0
101,2023,124,433.0,12.48,0.0,22.32,0.0
101,2023,124,434.0,12.47,0.0,22.32,0.0
101,2023,124,435.0,12.47,0.0,22.32,0.0
101,2023,124,436.0,12.47,0.0,22.32,0.0
101,2023,124,437.0,12.47,0.0,22.32,0.0
101,2023,124,438.0,12.47,0.0,22.31,0.0
101,2023,124,439.0,12.47,0.0,22.31,0.0
101,2023,124,440.0,12.47,0.0,22.3,0.0
101,2023,124,441.0,12.47,0.0,22.3,0.0
101,2023,124,442.0,12.47,0.0,22.32,0.0
101,2023,124,443.0,12.47,0.0,22.3,0.0
101,2023,124,444.0,12.47,0.0,22.29,0.0
101,2023,124,445.0,12.47,0.0,22.28,0.0
101,2023,124,446.0,12.47,0.0,22.31,0.0
101,2023,124,447.0,12.47,0.0,22.34,0.0
101,2023,124,448.0,12.47,0.0,22.35,0.0
101,2023,124,449.0,12.47,0.0,22.34,0.0
101,2023,124,450.0,12.47,0.0,22.32,0.0
101,2023,124,451.0,12.47,0.0,22.31,0.0
101,2023,124,452.0,12.47,0.0,22.29,0.0
101,2023,124,453.0,12.47,0.0,22.29,0.0
101,2023,124,454.0,12.47,0.0,22.29,0.0
101,2023,124,455.0,12.47,0.0,22.27,0.0
101,2023,124,456.0,12.47,0.0,22.27,0.0
101,2023,124,457.0,12.47,0.0,22.28,0.0
101,2023,124,458.0,12.47,0.0,22.31,0.0
101,2023,124,459.0,12.47,0.0,22.28,0.0
101,2023,124,500.0,12.47,0.0,22.29,0.0
101,2023,124,501.0,12.47,0.0,22.3,0.0
101,2023,124,502.0,12.47,0.0,22.25,0.0
101,2023,124,503.0,12.47,0.0,22.22,0.0
101,2023,124,504.0,12.47,0.0,22.18,0.0
101,2023,124,505.0,12.47,0.0,22.15,0.0
101,2023,124,506.0,12.47,0.0,22.15,0.0
101,2023,124,507.0,12.47,0.0,22.2,0.0
101,2023,124,508.0,12.47,0.0,22.18,0.0
101,2023,124,509.0,12.47,0.0,22.17,0.0
101,2023,124,510.0,12.47,0.0,22.13,0.0
101,2023,124,511.0,12.47,0.0,22.18,0.0
101,2023,124,512.0,12.47,0.0,22.2,0.0
101,2023,124,513.0,12.47,0.0,22.18,0.0
101,2023,124,514.0,12.47,0.0,22.18,0.0
101,2023,124,515.0,12.47,0.0,22.18,0.0
101,2023,124,516.0,12.47,1.015,22.18,0.0
101,2023,124,517.0,12.47,1.015,22.22,0.0
101,2023,124,518.0,12.47,1.185,22.26,0.0
101,2023,124,519.0,12.47,1.438,22.28,0.0
101,2023,124,520.0,12.47,1.692,22.28,0.0
101,2023,124,521.0,12.47,1.833,22.3,0.0
101,2023,124,522.0,12.47,2.228,22.3,0.0
101,2023,124,523.0,12.47,2.567,22.3,0.0
101,2023,124,524.0,12.46,3.131,22.32,0.0
101,2023,124,525.0,12.47,3.695,22.32,0.0
101,2023,124,526.0,12.47,4.061,22.32,0.0
101,2023,124,527.0,12.46,4.541,22.32,0.0
101,2023,124,528.0,12.47,4.936,22.34,0.0
101,2023,124,529.0,12.47,5.472,22.33,0.0
101,2023,124,530.0,12.47,5.951,22.34,0.0
101,2023,124,531.0,12.47,6.431,22.31,0.0
101,2023,124,532.0,12.47,6.995,22.24,0.0
101,2023,124,533.0,12.48,7.7,22.16,0.0
101,2023,124,534.0,12.48,8.57,22.12,0.0
101,2023,124,535.0,12.49,9.48,22.09,0.0
101,2023,124,536.0,12.49,10.46,22.04,0.0
101,2023,124,537.0,12.5,11.62,22.01,0.0
101,2023,124,538.0,12.51,12.83,22.01,0.0
101,2023,124,539.0,12.52,14.22,21.99,0.0
101,2023,124,540.0,12.54,15.91,21.99,0.0
101,2023,124,541.0,12.62,20.25,22.01,0.0
101,2023,124,542.0,12.81,28.38,22.02,0.0
101,2023,124,543.0,12.96,32.61,22.06,0.0
101,2023,124,544.0,12.96,35.46,22.08,0.0
101,2023,124,545.0,12.92,38.28,22.09,0.0
101,2023,124,546.0,12.92,41.13,22.11,0.0
101,2023,124,547.0,13.04,44.09,22.13,0.0
101,2023,124,548.0,13.25,47.08,22.16,0.0
101,2023,124,549.0,13.27,50.18,22.21,0.0
101,2023,124,550.0,13.26,53.59,22.25,0.0
101,2023,124,551.0,13.26,56.95,22.28,0.0
101,2023,124,552.0,13.26,60.14,22.33,0.0
101,2023,124,553.0,13.26,63.38,22.39,0.0
101,2023,124,554.0,13.26,66.82,22.45,0.0
101,2023,124,555.0,13.26,70.3,22.51,0.0
101,2023,124,556.0,13.26,74.1,22.59,0.0
101,2023,124,557.0,13.26,77.9,22.67,0.0
101,2023,124,558.0,13.26,81.4,22.73,0.0
101,2023,124,559.0,13.26,85.0,22.79,0.0
101,2023,124,600.0,13.26,88.8,22.83,0.0
101,2023,124,601.0,13.26,92.6,22.9,0.0
101,2023,124,602.0,13.26,96.6,22.97,0.0
101,2023,124,603.0,13.26,100.7,23.07,0.0
101,2023,124,604.0,13.25,104.3,23.15,0.0
101,2023,124,605.0,13.25,107.7,23.13,0.0
101,2023,124,606.0,13.25,111.7,23.2,0.0
101,2023,124,607.0,13.25,115.4,23.33,0.0
101,2023,124,608.0,13.25,119.7,23.49,0.0
101,2023,124,609.0,13.25,124.6,23.49,0.0
101,2023,124,610.0,13.25,129.6,23.59,0.0
101,2023,124,611.0,13.25,134.4,23.62,0.0
101,2023,124,612.0,13.25,139.6,23.69,0.0
101,2023,124,613.0,13.25,144.1,23.79,0.0
101,2023,124,614.0,13.25,148.0,23.97,0.0
101,2023,124,615.0,13.25,151.7,24.0,0.0
101,2023,124,616.0,13.25,155.4,24.05,0.0
101,2023,124,617.0,13.25,159.4,24.03,0.0
101,2023,124,618.0,13.25,163.0,24.19,0.0
101,2023,124,619.0,13.25,166.1,24.27,0.0
101,2023,124,620.0,13.24,169.8,24.27,0.0
101,2023,124,621.0,13.24,174.5,24.33,0.0
101,2023,124,622.0,13.24,179.3,24.38,0.0
101,2023,124,623.0,13.24,183.7,24.51,0.0
101,2023,124,624.0,13.24,186.8,24.58,0.0
101,2023,124,625.0,13.24,187.9,24.62,0.0
101,2023,124,626.0,13.24,190.8,24.64,0.0
101,2023,124,627.0,13.24,192.8,24.74,0.0
101,2023,124,628.0,13.24,167.5,24.71,0.0
101,2023,124,629.0,13.24,123.7,24.78,0.0
101,2023,124,630.0,13.24,111.2,24.76,0.0
101,2023,124,631.0,13.24,149.7,24.69,0.0
101,2023,124,632.0,13.24,170.3,24.69,0.0
101,2023,124,633.0,13.24,118.2,24.58,0.0
101,2023,124,634.0,13.23,87.6,24.56,0.0
101,2023,124,635.0,13.24,87.9,24.39,0.0
101,2023,124,636.0,13.23,92.6,24.34,0.0
101,2023,124,637.0,13.24,88.0,24.33,0.0
101,2023,124,638.0,13.23,83.1,24.29,0.0
101,2023,124,639.0,13.23,83.4,24.23,0.0
101,2023,124,640.0,13.23,81.5,24.21,0.0
101,2023,124,641.0,13.24,81.7,24.21,0.0
101,2023,124,642.0,13.23,84.6,24.17,0.0
101,2023,124,643.0,13.24,94.7,24.1,0.0
101,2023,124,644.0,13.23,100.9,24.09,0.0
101,2023,124,645.0,13.24,101.3,24.19,0.0
101,2023,124,646.0,13.24,89.2,24.16,0.0
101,2023,124,647.0,13.23,83.9,24.14,0.0
101,2023,124,648.0,13.24,82.1,24.07,0.0
101,2023,124,649.0,13.24,81.4,24.04,0.0
101,2023,124,650.0,13.23,81.8,24.0,0.0
101,2023,124,651.0,13.23,89.7,23.98,0.0
101,2023,124,652.0,13.24,114.8,23.97,0.0
101,2023,124,653.0,13.24,218.2,23.97,0.0
101,2023,124,654.0,13.24,237.5,24.08,0.0
101,2023,124,655.0,13.24,242.1,24.13,0.0
101,2023,124,656.0,13.24,226.8,24.24,0.0
101,2023,124,657.0,13.23,229.0,24.37,0.0
101,2023,124,658.0,13.23,208.9,24.47,0.0
101,2023,124,659.0,13.23,225.2,24.52,0.0
101,2023,124,700.0,13.23,302.6,24.66,0.0
101,2023,124,701.0,13.23,308.6,24.83,0.0
101,2023,124,702.0,13.23,312.0,24.95,0.0
101,2023,124,703.0,13.23,312.9,25.04,0.0
101,2023,124,704.0,13.23,316.0,25.05,0.0
101,2023,124,705.0,13.23,320.7,25.12,0.0
101,2023,124,706.0,13.23,325.1,25.19,0.0
101,2023,124,707.0,13.22,328.0,25.17,0.0
101,2023,124,708.0,13.22,330.8,25.23,0.0
101,2023,124,709.0,13.23,333.3,25.2,0.0
101,2023,124,710.0,13.22,335.2,25.36,0.0
101,2023,124,711.0,13.22,339.4,25.57,0.0
101,2023,124,712.0,13.22,346.7,25.48,0.0
101,2023,124,713.0,13.22,352.0,25.58,0.0
101,2023,124,714.0,13.22,356.0,25.75,0.0
101,2023,124,715.0,13.22,362.0,25.92,0.0
101,2023,124,716.0,13.22,367.9,26.13,0.0
101,2023,124,717.0,13.22,368.3,26.12,0.0
101,2023,124,718.0,13.22,293.9,26.12,0.0
101,2023,124,719.0,13.21,358.9,25.92,0.0
101,2023,124,720.0,13.21,372.6,25.95,0.0
101,2023,124,721.0,13.21,371.9,25.88,0.0
101,2023,124,722.0,13.21,373.2,25.96,0.0
101,2023,124,723.0,13.21,379.2,26.02,0.0
101,2023,124,724.0,13.21,385.3,26.14,0.0
101,2023,124,725.0,13.21,389.3,26.23,0.0
101,2023,124,726.0,13.21,391.9,25.94,0.0
101,2023,124,727.0,13.21,398.1,25.97,0.0
101,2023,124,728.0,13.21,397.9,26.04,0.0
101,2023,124,729.0,13.21,237.8,26.0,0.0
101,2023,124,730.0,13.21,314.2,25.86,0.0
101,2023,124,731.0,13.21,416.3,25.84,0.0
101,2023,124,732.0,13.21,423.2,26.0,0.0
101,2023,124,733.0,13.2,418.2,26.14,0.0
101,2023,124,734.0,13.2,413.4,26.28,0.0
101,2023,124,735.0,13.2,415.5,26.32,0.0
101,2023,124,736.0,13.2,419.4,26.5,0.0
101,2023,124,737.0,13.2,422.2,26.53,0.0
101,2023,124,738.0,13.2,424.6,26.3,0.0
101,2023,124,739.0,13.2,428.6,26.25,0.0
101,2023,124,740.0,13.2,433.9,26.33,0.0
101,2023,124,741.0,13.2,437.9,26.28,0.0
101,2023,124,742.0,13.2,440.4,26.3,0.0
101,2023,124,743.0,13.19,446.6,26.4,0.0
101,2023,124,744.0,13.19,450.8,26.52,0.0
101,2023,124,745.0,13.2,450.8,26.44,0.0
101,2023,124,746.0,13.19,454.3,26.47,0.0
101,2023,124,747.0,13.19,458.1,26.56,0.0
101,2023,124,748.0,13.19,463.4,26.44,0.0
101,2023,124,749.0,13.19,471.2,26.46,0.0
101,2023,124,750.0,13.19,478.9,26.62,0.0
101,2023,124,751.0,13.19,487.0,26.79,0.0
101,2023,124,752.0,13.19,494.7,26.78,0.0
101,2023,124,753.0,13.18,493.8,26.83,0.0
101,2023,124,754.0,13.18,501.9,26.9,0.0
101,2023,124,755.0,13.18,520.2,26.89,0.0
101,2023,124,756.0,13.18,542.1,26.94,0.0
101,2023,124,757.0,13.18,543.5,26.98,0.0
101,2023,124,758.0,13.18,528.2,27.06,0.0
101,2023,124,759.0,13.18,519.5,27.12,0.0
101,2023,124,800.0,13.18,518.4,27.17,0.0
101,2023,124,801.0,13.17,522.3,27.19,0.0
101,2023,124,802.0,13.17,528.5,27.31,0.0
101,2023,124,803.0,13.17,538.9,27.35,0.0
101,2023,124,804.0,13.17,529.8,27.34,0.0
101,2023,124,805.0,13.17,544.2,27.34,0.0
101,2023,124,806.0,13.17,375.6,27.32,0.0
101,2023,124,807.0,13.17,193.4,27.27,0.0
101,2023,124,808.0,13.16,258.9,27.22,0.0
101,2023,124,809.0,13.17,425.9,27.24,0.0
101,2023,124,810.0,13.17,324.7,27.29,0.0
101,2023,124,811.0,13.16,289.9,27.16,0.0
101,2023,124,812.0,13.16,615.4,27.1,0.0
101,2023,124,813.0,13.16,710.0,27.17,0.0
101,2023,124,814.0,13.16,688.7,27.35,0.0
101,2023,124,815.0,13.16,648.0,27.52,0.0
101,2023,124,816.0,13.16,630.9,27.67,0.0
101,2023,124,817.0,13.16,635.4,27.58,0.0
101,2023,124,818.0,13.16,636.9,27.49,0.0
101,2023,124,819.0,13.16,391.2,27.42,0.0
101,2023,124,820.0,13.15,560.1,27.45,0.0
101,2023,124,821.0,13.15,630.5,27.6,0.0
101,2023,124,822.0,13.15,628.9,27.69,0.0
101,2023,124,823.0,13.15,648.1,27.79,0.0
101,2023,124,824.0,13.15,556.9,27.78,0.0
101,2023,124,825.0,13.15,289.0,27.81,0.0
101,2023,124,826.0,13.15,272.2,27.67,0.0
101,2023,124,827.0,13.15,224.0,27.51,0.0
101,2023,124,828.0,13.15,320.6,27.33,0.0
101,2023,124,829.0,13.15,463.5,27.28,0.0
101,2023,124,830.0,13.15,575.0,27.41,0.0
101,2023,124,831.0,13.14,310.6,27.53,0.0
101,2023,124,832.0,13.14,580.8,27.44,0.0
101,2023,124,833.0,13.15,734.0,27.43,0.0
101,2023,124,834.0,13.15,668.5,27.59,0.0
101,2023,124,835.0,13.15,702.0,27.63,0.0
101,2023,124,836.0,13.15,703.0,27.68,0.0
101,2023,124,837.0,13.14,706.0,27.66,0.0
101,2023,124,838.0,13.14,718.0,27.6,0.0
101,2023,124,839.0,13.14,648.0,27.76,0.0
101,2023,124,840.0,13.14,628.7,27.93,0.0
101,2023,124,841.0,13.14,476.8,28.15,0.0
101,2023,124,842.0,13.14,654.6,28.21,0.0
101,2023,124,843.0,13.14,505.5,28.32,0.0
101,2023,124,844.0,13.13,410.5,28.24,0.0
101,2023,124,845.0,13.13,576.0,28.19,0.0
101,2023,124,846.0,13.14,639.6,28.14,0.0
101,2023,124,847.0,13.13,831.0,28.27,0.0
101,2023,124,848.0,13.13,834.0,28.35,0.0
101,2023,124,849.0,13.13,827.0,28.45,0.0
101,2023,124,850.0,13.13,549.4,28.46,0.0
101,2023,124,851.0,13.13,527.5,28.43,0.0
101,2023,124,852.0,13.13,623.3,28.44,0.0
101,2023,124,853.0,13.13,291.4,28.43,0.0
101,2023,124,854.0,13.13,255.8,28.24,0.0
101,2023,124,855.0,13.13,242.0,27.99,0.0
101,2023,124,856.0,13.13,300.2,27.82,0.0
101,2023,124,857.0,13.13,306.6,27.69,0.0
101,2023,124,858.0,13.13,296.5,27.7,0.0
101,2023,124,859.0,13.13,308.6,27.8,0.0
101,2023,124,900.0,13.13,540.3,27.83,0.0
101,2023,124,901.0,13.13,811.0,28.05,0.0
101,2023,124,902.0,13.13,646.1,28.16,0.0
101,2023,124,903.0,13.13,255.5,28.2,0.0
101,2023,124,904.0,13.13,242.7,28.14,0.0
101,2023,124,905.0,13.13,261.2,27.96,0.0
101,2023,124,906.0,13.13,275.5,27.89,0.0
101,2023,124,907.0,13.13,321.4,27.93,0.0
101,2023,124,908.0,13.13,374.0,27.97,0.0
101,2023,124,909.0,13.13,725.0,28.03,0.0
101,2023,124,910.0,13.13,694.1,28.27,0.0
101,2023,124,911.0,13.13,924.0,28.42,0.0
101,2023,124,912.0,13.13,904.0,28.38,0.0
101,2023,124,913.0,13.13,841.0,28.42,0.0
101,2023,124,914.0,13.13,841.0,28.61,0.0
101,2023,124,915.0,13.12,847.0,28.63,0.0
101,2023,124,916.0,13.13,376.5,28.57,0.0
101,2023,124,917.0,13.12,240.7,28.24,0.0
101,2023,124,918.0,13.12,291.9,28.17,0.0
101,2023,124,919.0,13.12,456.2,28.18,0.0
101,2023,124,920.0,13.12,930.0,28.25,0.0
101,2023,124,921.0,13.12,565.5,28.43,0.0
101,2023,124,922.0,13.12,802.0,28.51,0.0
101,2023,124,923.0,13.12,616.2,28.83,0.0
101,2023,124,924.0,13.12,315.4,28.68,0.0
101,2023,124,925.0,13.12,643.6,28.52,0.0
101,2023,124,926.0,13.12,718.0,28.6,0.0
101,2023,124,927.0,13.12,450.2,28.84,0.0
101,2023,124,928.0,13.12,302.0,28.82,0.0
101,2023,124,929.0,13.12,290.9,28.75,0.0
101,2023,124,930.0,13.12,476.3,28.65,0.0
101,2023,124,931.0,13.12,943.0,28.62,0.0
101,2023,124,932.0,13.12,656.6,28.81,0.0
101,2023,124,933.0,13.12,523.1,28.82,0.0
101,2023,124,934.0,13.12,770.0,28.68,0.0
101,2023,124,935.0,13.11,927.0,28.67,0.0
101,2023,124,936.0,13.12,944.0,28.82,0.0
101,2023,124,937.0,13.12,853.0,29.06,0.0
101,2023,124,938.0,13.11,809.0,29.15,0.0
101,2023,124,939.0,13.11,904.0,29.28,0.0
101,2023,124,940.0,13.11,888.0,29.29,0.0
101,2023,124,941.0,13.11,889.0,29.38,0.0
101,2023,124,942.0,13.11,304.1,29.4,0.0
101,2023,124,943.0,13.11,305.0,29.31,0.0
101,2023,124,944.0,13.11,754.0,29.17,0.0
101,2023,124,945.0,13.11,658.8,29.22,0.0
101,2023,124,946.0,13.11,956.0,29.17,0.0
101,2023,124,947.0,13.11,967.0,29.28,0.0
101,2023,124,948.0,13.11,859.0,29.36,0.0
101,2023,124,949.0,13.11,379.1,29.38,0.0
101,2023,124,950.0,13.11,439.7,29.37,0.0
101,2023,124,951.0,13.11,912.0,29.21,0.0
101,2023,124,952.0,13.11,488.7,29.18,0.0
101,2023,124,953.0,13.11,883.0,29.29,0.0
101,2023,124,954.0,13.11,959.0,29.46,0.0
101,2023,124,955.0,13.11,965.0,29.72,0.0
101,2023,124,956.0,13.11,955.0,29.89,0.0
101,2023,124,957.0,13.11,941.0,29.74,0.0
101,2023,124,958.0,13.11,843.0,29.74,0.0
101,2023,124,959.0,13.11,778.0,29.67,0.0
101,2023,124,1000.0,13.11,857.0,29.48,0.0
101,2023,124,1001.0,13.11,874.0,29.51,0.0
101,2023,124,1002.0,13.11,874.0,29.56,0.0
101,2023,124,1003.0,13.11,879.0,29.51,0.0
101,2023,124,1004.0,13.11,767.0,29.48,0.0
101,2023,124,1005.0,13.11,818.0,29.53,0.0
101,2023,124,1006.0,13.11,196.4,29.53,0.0
101,2023,124,1007.0,13.11,162.3,29.51,0.0
101,2023,124,1008.0,13.11,380.9,29.25,0.0
101,2023,124,1009.0,13.11,910.0,29.19,0.0
101,2023,124,1010.0,13.11,934.0,29.25,0.0
101,2023,124,1011.0,13.11,723.0,29.37,0.0
101,2023,124,1012.0,13.11,912.0,29.61,0.0
101,2023,124,1013.0,13.11,898.0,29.86,0.0
101,2023,124,1014.0,13.11,879.0,29.82,0.0
101,2023,124,1015.0,13.12,873.0,29.82,0.0
101,2023,124,1016.0,13.11,873.0,29.59,0.0
101,2023,124,1017.0,13.11,861.0,29.57,0.0
101,2023,124,1018.0,13.11,876.0,29.67,0.0
101,2023,124,1019.0,13.11,878.0,29.77,0.0
101,2023,124,1020.0,13.11,877.0,29.96,0.0
101,2023,124,1021.0,13.11,918.0,29.99,0.0
101,2023,124,1022.0,13.11,899.0,29.84,0.0
101,2023,124,1023.0,13.11,588.9,29.83,0.0
101,2023,124,1024.0,13.11,955.0,29.86,0.0
101,2023,124,1025.0,13.11,969.0,29.92,0.0
101,2023,124,1026.0,13.11,955.0,29.81,0.0
101,2023,124,1027.0,13.11,685.2,29.87,0.0
101,2023,124,1028.0,13.11,524.6,29.75,0.0
101,2023,124,1029.0,13.11,666.2,29.59,0.0
101,2023,124,1030.0,13.11,362.8,29.58,0.0
101,2023,124,1031.0,13.11,815.0,29.44,0.0
101,2023,124,1032.0,13.11,967.0,29.48,0.0
101,2023,124,1033.0,13.11,977.0,29.59,0.0
101,2023,124,1034.0,13.11,963.0,29.72,0.0
101,2023,124,1035.0,13.11,1020.0,30.01,0.0
101,2023,124,1036.0,13.11,987.0,30.12,0.0
101,2023,124,1037.0,13.11,919.0,30.21,0.0
101,2023,124,1038.0,13.11,953.0,30.09,0.0
101,2023,124,1039.0,13.11,953.0,30.13,0.0
101,2023,124,1040.0,13.11,960.0,30.35,0.0
101,2023,124,1041.0,13.11,955.0,30.54,0.0
101,2023,124,1042.0,13.11,948.0,30.45,0.0
101,2023,124,1043.0,13.1,947.0,30.29,0.0
101,2023,124,1044.0,13.11,605.5,30.52,0.0
101,2023,124,1045.0,13.11,947.0,30.57,0.0
101,2023,124,1046.0,13.11,449.1,30.64,0.0
101,2023,124,1047.0,13.1,375.5,30.61,0.0
101,2023,124,1048.0,13.1,864.0,30.49,0.0
101,2023,124,1049.0,13.1,1014.0,30.48,0.0
101,2023,124,1050.0,13.1,1009.0,30.33,0.0
101,2023,124,1051.0,13.1,1008.0,30.25,0.0
101,2023,124,1052.0,13.1,1012.0,30.42,0.0
101,2023,124,1053.0,13.1,1020.0,30.44,0.0
101,2023,124,1054.0,13.1,1029.0,30.45,0.0
101,2023,124,1055.0,13.1,1044.0,30.41,0.0
101,2023,124,1056.0,13.1,1057.0,30.43,0.0
101,2023,124,1057.0,13.1,1066.0,30.1,0.0
101,2023,124,1058.0,13.09,1074.0,30.22,0.0
101,2023,124,1059.0,13.09,799.0,30.36,0.0
101,2023,124,1100.0,13.09,433.6,30.4,0.0
101,2023,124,1101.0,13.09,838.0,30.2,0.0
101,2023,124,1102.0,13.09,1064.0,30.11,0.0
101,2023,124,1103.0,13.09,1083.0,30.24,0.0
101,2023,124,1104.0,13.09,911.0,30.19,0.0
101,2023,124,1105.0,13.09,758.0,30.36,0.0
101,2023,124,1106.0,13.09,355.0,30.36,0.0
101,2023,124,1107.0,13.09,372.9,30.34,0.0
101,2023,124,1108.0,13.09,331.7,30.09,0.0
101,2023,124,1109.0,13.09,269.9,29.99,0.0
101,2023,124,1110.0,13.09,256.9,29.93,0.0
101,2023,124,1111.0,13.09,242.7,29.7,0.0
101,2023,124,1112.0,13.09,225.4,29.63,0.0
101,2023,124,1113.0,13.09,298.7,29.49,0.0
101,2023,124,1114.0,13.09,971.0,29.4,0.0
101,2023,124,1115.0,13.09,1011.0,29.58,0.0
101,2023,124,1116.0,13.09,1006.0,29.78,0.0
101,2023,124,1117.0,13.09,1000.0,30.02,0.0
101,2023,124,1118.0,13.09,1004.0,30.02,0.0
101,2023,124,1119.0,13.09,724.0,30.17,0.0
101,2023,124,1120.0,13.09,254.1,30.22,0.0
101,2023,124,1121.0,13.09,550.7,30.13,0.0
101,2023,124,1122.0,13.09,1035.0,30.15,0.0
101,2023,124,1123.0,13.09,1013.0,30.21,0.0
101,2023,124,1124.0,13.09,756.0,30.14,0.0
101,2023,124,1125.0,13.09,501.3,29.99,0.0
101,2023,124,1126.0,13.08,920.0,30.03,0.0
101,2023,124,1127.0,13.08,964.0,29.98,0.0
101,2023,124,1128.0,13.08,962.0,30.21,0.0
101,2023,124,1129.0,13.08,959.0,30.35,0.0
101,2023,124,1130.0,13.08,957.0,30.36,0.0
101,2023,124,1131.0,13.08,957.0,30.42,0.0
101,2023,124,1132.0,13.08,959.0,30.29,0.0
101,2023,124,1133.0,13.08,962.0,30.36,0.0
101,2023,124,1134.0,13.08,967.0,30.26,0.0
101,2023,124,1135.0,13.08,974.0,30.45,0.0
101,2023,124,1136.0,13.08,979.0,30.41,0.0
101,2023,124,1137.0,13.08,988.0,30.33,0.0
101,2023,124,1138.0,13.07,1001.0,30.47,0.0
101,2023,124,1139.0,13.07,1016.0,30.41,0.0
101,2023,124,1140.0,13.07,1040.0,30.41,0.0
101,2023,124,1141.0,13.07,830.0,30.49,0.0
101,2023,124,1142.0,13.07,934.0,30.7,0.0
101,2023,124,1143.0,13.07,1009.0,30.58,0.0
101,2023,124,1144.0,13.07,1022.0,30.63,0.0
101,2023,124,1145.0,13.07,1012.0,30.69,0.0
101,2023,124,1146.0,13.07,1010.0,30.66,0.0
101,2023,124,1147.0,13.07,1017.0,30.63,0.0
101,2023,124,1148.0,13.06,1024.0,30.7,0.0
101,2023,124,1149.0,13.07,1024.0,30.63,0.0
101,2023,124,1150.0,13.06,1026.0,30.66,0.0
101,2023,124,1151.0,13.07,1029.0,30.88,0.0
101,2023,124,1152.0,13.06,1023.0,30.79,0.0
101,2023,124,1153.0,13.06,1012.0,30.88,0.0
101,2023,124,1154.0,13.06,1003.0,30.91,0.0
101,2023,124,1155.0,13.06,1004.0,30.85,0.0
101,2023,124,1156.0,13.06,1014.0,30.93,0.0
101,2023,124,1157.0,13.06,1033.0,31.04,0.0
101,2023,124,1158.0,13.06,1058.0,31.03,0.0
101,2023,124,1159.0,13.06,1071.0,30.97,0.0
101,2023,124,1200.0,13.06,539.5,31.01,0.0
101,2023,124,1201.0,13.06,517.8,31.03,0.0
101,2023,124,1202.0,13.06,634.4,30.94,0.0
101,2023,124,1203.0,13.06,1092.0,30.88,0.0
101,2023,124,1204.0,13.06,1075.0,30.96,0.0
101,2023,124,1205.0,13.06,1063.0,30.95,0.0
101,2023,124,1206.0,13.06,577.0,30.8,0.0
101,2023,124,1207.0,13.06,245.6,30.62,0.0
101,2023,124,1208.0,13.06,245.5,30.42,0.0
101,2023,124,1209.0,13.06,740.0,30.42,0.0
101,2023,124,1210.0,13.06,636.8,30.34,0.0
101,2023,124,1211.0,13.06,1026.0,30.39,0.0
101,2023,124,1212.0,13.06,1054.0,30.47,0.0
101,2023,124,1213.0,13.06,1065.0,30.63,0.0
101,2023,124,1214.0,13.06,1058.0,30.5,0.0
101,2023,124,1215.0,13.06,1047.0,30.55,0.0
101,2023,124,1216.0,13.06,1039.0,30.75,0.0
101,2023,124,1217.0,13.06,842.0,30.75,0.0
101,2023,124,1218.0,13.06,518.5,30.6,0.0
101,2023,124,1219.0,13.06,229.8,30.43,0.0
101,2023,124,1220.0,13.06,230.4,30.34,0.0
101,2023,124,1221.0,13.06,270.4,30.22,0.0
101,2023,124,1222.0,13.06,524.9,30.16,0.0
101,2023,124,1223.0,13.06,1028.0,30.23,0.0
101,2023,124,1224.0,13.06,1048.0,30.38,0.0
101,2023,124,1225.0,13.06,1031.0,30.61,0.0
101,2023,124,1226.0,13.06,1025.0,30.81,0.0
101,2023,124,1227.0,13.06,849.0,30.7,0.0
101,2023,124,1228.0,13.06,384.5,30.58,0.0
101,2023,124,1229.0,13.06,381.6,30.45,0.0
101,2023,124,1230.0,13.06,288.8,30.28,0.0
101,2023,124,1231.0,13.06,454.9,30.15,0.0
101,2023,124,1232.0,13.06,808.0,30.09,0.0
101,2023,124,1233.0,13.06,964.0,30.27,0.0
101,2023,124,1234.0,13.06,942.0,30.47,0.0
101,2023,124,1235.0,13.06,910.0,30.39,0.0
101,2023,124,1236.0,13.06,274.4,30.24,0.0
101,2023,124,1237.0,13.06,249.8,29.99,0.0
101,2023,124,1238.0,13.06,434.2,29.77,0.0
101,2023,124,1239.0,13.06,711.0,29.67,0.0
101,2023,124,1240.0,13.06,608.1,29.7,0.0
101,2023,124,1241.0,13.06,196.8,29.8,0.0
101,2023,124,1242.0,13.06,190.4,29.7,0.0
101,2023,124,1243.0,13.06,245.5,29.62,0.0
101,2023,124,1244.0,13.06,635.8,29.6,0.0
101,2023,124,1245.0,13.07,1054.0,29.72,0.0
101,2023,124,1246.0,13.07,491.4,29.84,0.0
101,2023,124,1247.0,13.07,427.0,29.87,0.0
101,2023,124,1248.0,13.07,696.4,29.88,0.0
101,2023,124,1249.0,13.07,448.4,29.93,0.0
101,2023,124,1250.0,13.07,938.0,29.93,0.0
101,2023,124,1251.0,13.07,985.0,30.01,0.0
101,2023,124,1252.0,13.07,979.0,30.11,0.0
101,2023,124,1253.0,13.07,998.0,30.28,0.0
101,2023,124,1254.0,13.07,1013.0,30.26,0.0
101,2023,124,1255.0,13.07,455.5,30.31,0.0
101,2023,124,1256.0,13.07,300.4,30.09,0.0
101,2023,124,1257.0,13.07,612.9,29.93,0.0
101,2023,124,1258.0,13.06,728.0,29.96,0.0
101,2023,124,1259.0,13.07,239.1,29.91,0.0
101,2023,124,1300.0,13.07,301.9,29.71,0.0
101,2023,124,1301.0,13.07,629.8,29.69,0.0
101,2023,124,1302.0,13.07,889.0,29.75,0.0
101,2023,124,1303.0,13.07,926.0,29.85,0.0
101,2023,124,1304.0,13.07,935.0,30.13,0.0
101,2023,124,1305.0,13.07,947.0,30.37,0.0
101,2023,124,1306.0,13.07,963.0,30.55,0.0
101,2023,124,1307.0,13.07,585.0,30.53,0.0
101,2023,124,1308.0,13.06,229.1,30.37,0.0
101,2023,124,1309.0,13.07,267.5,30.25,0.0
101,2023,124,1310.0,13.06,857.0,30.17,0.0
101,2023,124,1311.0,13.07,912.0,30.15,0.0
101,2023,124,1312.0,13.06,905.0,30.28,0.0
101,2023,124,1313.0,13.07,898.0,30.28,0.0
101,2023,124,1314.0,13.06,902.0,30.39,0.0
101,2023,124,1315.0,13.06,922.0,30.4,0.0
101,2023,124,1316.0,13.06,944.0,30.52,0.0
101,2023,124,1317.0,13.06,917.0,30.68,0.0
101,2023,124,1318.0,13.06,935.0,30.62,0.0
101,2023,124,1319.0,13.06,924.0,30.55,0.0
101,2023,124,1320.0,13.06,918.0,30.43,0.0
101,2023,124,1321.0,13.06,902.0,30.45,0.0
101,2023,124,1322.0,13.06,896.0,30.33,0.0
101,2023,124,1323.0,13.06,894.0,30.33,0.0
101,2023,124,1324.0,13.06,897.0,30.59,0.0
101,2023,124,1325.0,13.06,904.0,30.73,0.0
101,2023,124,1326.0,13.06,915.0,30.74,0.0
101,2023,124,1327.0,13.06,928.0,30.88,0.0
101,2023,124,1328.0,13.05,871.0,30.73,0.0
101,2023,124,1329.0,13.05,648.9,30.62,0.0
101,2023,124,1330.0,13.05,902.0,30.43,0.0
101,2023,124,1331.0,13.06,924.0,30.26,0.0
101,2023,124,1332.0,13.05,932.0,30.26,0.0
101,2023,124,1333.0,13.05,897.0,30.38,0.0
101,2023,124,1334.0,13.05,778.0,30.38,0.0
101,2023,124,1335.0,13.06,880.0,30.32,0.0
101,2023,124,1336.0,13.05,876.0,30.44,0.0
101,2023,124,1337.0,13.05,887.0,30.55,0.0
101,2023,124,1338.0,13.05,900.0,30.47,0.0
101,2023,124,1339.0,13.05,915.0,30.51,0.0
101,2023,124,1340.0,13.05,656.1,30.54,0.0
101,2023,124,1341.0,13.05,876.0,30.56,0.0
101,2023,124,1342.0,13.05,641.9,30.56,0.0
101,2023,124,1343.0,13.05,420.2,30.57,0.0
101,2023,124,1344.0,13.05,918.0,30.33,0.0
101,2023,124,1345.0,13.05,916.0,30.33,0.0
101,2023,124,1346.0,13.05,894.0,30.38,0.0
101,2023,124,1347.0,13.05,827.0,30.52,0.0
101,2023,124,1348.0,13.05,491.7,30.64,0.0
101,2023,124,1349.0,13.05,566.0,30.54,0.0
101,2023,124,1350.0,13.05,534.4,30.37,0.0
101,2023,124,1351.0,13.05,301.3,30.29,0.0
101,2023,124,1352.0,13.05,493.8,30.15,0.0
101,2023,124,1353.0,13.06,737.0,30.14,0.0
101,2023,124,1354.0,13.05,451.7,30.04,0.0
101,2023,124,1355.0,13.06,245.3,29.85,0.0
101,2023,124,1356.0,13.06,239.5,29.66,0.0
101,2023,124,1357.0,13.06,272.2,29.62,0.0
101,2023,124,1358.0,13.06,331.1,29.54,0.0
101,2023,124,1359.0,13.06,237.4,29.46,0.0
101,2023,124,1400.0,13.06,207.1,29.38,0.0
101,2023,124,1401.0,13.06,197.4,29.32,0.0
101,2023,124,1402.0,13.06,206.9,29.29,0.0
101,2023,124,1403.0,13.06,406.7,29.19,0.0
101,2023,124,1404.0,13.07,573.6,29.21,0.0
101,2023,124,1405.0,13.07,796.0,29.37,0.0
101,2023,124,1406.0,13.07,789.0,29.56,0.0
101,2023,124,1407.0,13.07,779.0,29.67,0.0
101,2023,124,1408.0,13.07,766.0,29.68,0.0
101,2023,124,1409.0,13.07,753.0,29.68,0.0
101,2023,124,1410.0,13.07,742.0,29.67,0.0
101,2023,124,1411.0,13.07,707.0,29.63,0.0
101,2023,124,1412.0,13.07,643.2,29.63,0.0
101,2023,124,1413.0,13.07,736.0,29.59,0.0
101,2023,124,1414.0,13.07,727.0,29.64,0.0
101,2023,124,0.0,13.07,748.0,29.71,0.0
101,2023,124,1416.0,13.07,755.0,29.81,0.0
101,2023,124,1417.0,13.07,766.0,29.78,0.0
101,2023,124,1418.0,13.07,781.0,29.7,0.0
101,2023,124,1419.0,13.07,813.0,29.71,0.0
101,2023,124,1420.0,13.07,722.0,29.82,0.0
101,2023,124,1421.0,13.07,312.1,29.84,0.0
101,2023,124,1422.0,13.07,501.0,29.73,0.0
101,2023,124,1423.0,13.07,279.0,29.75,0.0
101,2023,124,1424.0,13.07,261.6,29.68,0.0
101,2023,124,1425.0,13.07,242.5,29.56,0.0
101,2023,124,1426.0,13.07,248.5,29.52,0.0
101,2023,124,1427.0,13.07,281.0,29.53,0.0
101,2023,124,1428.0,13.07,280.0,29.52,0.0
101,2023,124,1429.0,13.07,303.3,29.49,0.0
101,2023,124,1430.0,13.07,277.5,29.42,0.0
101,2023,124,1431.0,13.07,227.6,29.44,0.0
101,2023,124,1432.0,13.07,204.8,29.32,0.0
101,2023,124,1433.0,13.08,184.7,29.25,0.0
101,2023,124,1434.0,13.07,177.3,29.21,0.0
101,2023,124,1435.0,13.08,172.3,29.01,0.0
101,2023,124,1436.0,13.08,167.1,28.94,0.0
101,2023,124,1437.0,13.08,170.0,28.89,0.0
101,2023,124,1438.0,13.08,176.2,28.82,0.0
101,2023,124,1439.0,13.08,191.0,28.79,0.0
101,2023,124,1440.0,13.08,210.9,28.74,0.0
101,2023,124,1441.0,13.08,226.2,28.7,0.0
101,2023,124,1442.0,13.08,219.7,28.73,0.0
101,2023,124,1443.0,13.09,203.5,28.8,0.0
101,2023,124,1444.0,13.08,188.5,28.81,0.0
101,2023,124,1445.0,13.08,181.7,28.76,0.0
101,2023,124,1446.0,13.09,181.8,28.75,0.0
101,2023,124,1447.0,13.08,178.9,28.75,0.0
101,2023,124,1448.0,13.08,177.2,28.64,0.0
101,2023,124,1449.0,13.08,179.9,28.61,0.0
101,2023,124,1450.0,13.08,187.7,28.53,0.0
101,2023,124,1451.0,13.09,194.1,28.53,0.0
101,2023,124,1452.0,13.09,195.1,28.52,0.0
101,2023,124,1453.0,13.09,195.6,28.53,0.0
101,2023,124,1454.0,13.09,200.6,28.54,0.0
101,2023,124,1455.0,13.09,200.9,28.47,0.0
101,2023,124,1456.0,13.09,209.0,28.36,0.0
101,2023,124,1457.0,13.09,204.2,28.36,0.0
101,2023,124,1458.0,13.09,255.7,28.33,0.0
101,2023,124,1459.0,13.09,326.1,28.28,0.0
101,2023,124,1500.0,13.09,412.7,28.25,0.0
101,2023,124,1501.0,13.09,434.3,28.29,0.0
101,2023,124,1502.0,13.1,450.0,28.38,0.0
101,2023,124,1503.0,13.1,236.8,28.42,0.0
101,2023,124,1504.0,13.1,191.6,28.42,0.0
101,2023,124,1505.0,13.1,154.1,28.37,0.0
101,2023,124,1506.0,13.09,120.8,28.3,0.0
101,2023,124,1507.0,13.1,98.1,28.3,0.0
101,2023,124,1508.0,13.09,81.4,28.29,0.0
101,2023,124,1509.0,13.06,70.0,28.2,0.0
101,2023,124,1510.0,13.03,61.09,28.13,0.0
101,2023,124,1511.0,13.0,53.79,28.03,0.0
101,2023,124,1512.0,12.98,52.61,27.91,0.0
101,2023,124,1513.0,12.96,51.85,27.86,0.0
101,2023,124,1514.0,12.94,50.1,27.81,0.0
101,2023,124,1515.0,12.92,47.23,27.76,0.0
101,2023,124,1516.0,12.91,41.84,27.72,0.0
101,2023,124,1517.0,12.9,35.84,27.7,0.0
101,2023,124,1518.0,12.89,32.55,27.63,0.0
101,2023,124,1519.0,12.88,29.95,27.55,0.0
101,2023,124,1520.0,12.88,28.23,27.49,0.0
101,2023,124,1521.0,12.88,27.39,27.39,0.0
101,2023,124,1522.0,12.88,28.15,27.25,0.0
101,2023,124,1523.0,12.88,30.35,27.11,0.0
101,2023,124,1524.0,12.89,32.94,26.88,0.0
101,2023,124,1525.0,12.89,35.56,26.67,0.0
101,2023,124,1526.0,12.89,38.38,26.56,0.0
101,2023,124,1527.0,12.9,41.03,26.37,0.0
101,2023,124,1528.0,12.9,43.76,26.2,0.0
101,2023,124,1529.0,12.91,46.33,26.09,0.0
101,2023,124,1530.0,12.91,47.56,25.98,0.0
101,2023,124,1531.0,12.91,48.49,25.93,0.0
101,2023,124,1532.0,12.92,50.04,25.84,0.0
101,2023,124,1533.0,12.92,51.9,25.77,0.0
101,2023,124,1534.0,12.93,54.1,25.73,0.0
101,2023,124,1535.0,12.93,56.92,25.67,0.0
101,2023,124,1536.0,12.95,59.43,25.63,0.0
101,2023,124,1537.0,12.95,61.77,25.6,0.0
101,2023,124,1538.0,12.96,64.14,25.56,0.0
101,2023,124,1539.0,12.97,66.22,25.54,0.0
101,2023,124,1540.0,12.98,67.86,25.52,0.0
101,2023,124,1541.0,12.99,69.46,25.52,0.0
101,2023,124,1542.0,13.0,71.2,25.49,0.0
101,2023,124,1543.0,13.01,73.0,25.48,0.0
101,2023,124,1544.0,13.02,74.9,25.47,0.0
101,2023,124,1545.0,13.03,76.7,25.45,0.0
101,2023,124,1546.0,13.03,78.4,25.42,0.0
101,2023,124,1547.0,13.04,79.6,25.41,0.0
101,2023,124,1548.0,13.04,79.8,25.42,0.0
101,2023,124,1549.0,13.05,79.4,25.43,0.0
101,2023,124,1550.0,13.05,78.4,25.44,0.0
101,2023,124,1551.0,13.05,77.9,25.42,0.0
101,2023,124,1552.0,13.05,77.1,25.43,0.0
101,2023,124,1553.0,13.05,75.7,25.42,0.0
101,2023,124,1554.0,13.05,73.7,25.4,0.0
101,2023,124,1555.0,13.05,71.7,25.39,0.0
101,2023,124,1556.0,13.04,69.95,25.39,0.0
101,2023,124,1557.0,13.04,68.09,25.39,0.0
101,2023,124,1558.0,13.03,66.63,25.39,0.0
101,2023,124,1559.0,13.02,65.42,25.39,0.0
101,2023,124,1600.0,13.02,64.35,25.38,0.0
101,2023,124,1601.0,13.01,62.94,25.36,0.0
101,2023,124,1602.0,13.01,61.5,25.38,0.0
101,2023,124,1603.0,13.0,60.09,25.39,0.0
101,2023,124,1604.0,13.0,57.86,25.4,0.0
101,2023,124,1605.0,12.99,54.74,25.4,0.0
101,2023,124,1606.0,12.97,51.41,25.38,0.0
101,2023,124,1607.0,12.96,49.27,25.4,0.0
101,2023,124,1608.0,12.95,47.97,25.4,0.0
101,2023,124,1609.0,12.94,47.58,25.42,0.0
101,2023,124,1610.0,12.93,48.48,25.43,0.0
101,2023,124,1611.0,12.92,49.63,25.43,0.0
101,2023,124,1612.0,12.92,49.86,25.43,0.0
101,2023,124,1613.0,12.91,48.99,25.44,0.0
101,2023,124,1614.0,12.9,47.64,25.44,0.0
101,2023,124,1615.0,12.9,46.0,25.44,0.0
101,2023,124,1616.0,12.89,44.06,25.43,0.0
101,2023,124,1617.0,12.88,42.62,25.42,0.0
101,2023,124,1618.0,12.87,41.83,25.41,0.0
101,2023,124,1619.0,12.87,41.49,25.4,0.0
101,2023,124,1620.0,12.86,41.32,25.4,0.0
101,2023,124,1621.0,12.85,41.52,25.39,0.0
101,2023,124,1622.0,12.85,41.75,25.38,0.0
101,2023,124,1623.0,12.84,41.89,25.38,0.0
101,2023,124,1624.0,12.84,42.08,25.37,0.0
101,2023,124,1625.0,12.84,42.73,25.36,0.0
101,2023,124,1626.0,12.83,43.3,25.35,0.0
101,2023,124,1627.0,12.83,42.93,25.34,0.0
101,2023,124,1628.0,12.83,42.59,25.34,0.0
101,2023,124,1629.0,12.83,42.11,25.33,0.0
101,2023,124,1630.0,12.82,40.99,25.32,0.0
101,2023,124,1631.0,12.82,40.17,25.33,0.0
101,2023,124,1632.0,12.81,40.59,25.3,0.0
101,2023,124,1633.0,12.81,42.45,25.3,0.0
101,2023,124,1634.0,12.81,49.78,25.31,0.0
101,2023,124,1635.0,12.82,77.7,25.31,0.0
101,2023,124,1636.0,12.82,116.0,25.32,0.0
101,2023,124,1637.0,12.83,132.7,25.35,0.0
101,2023,124,1638.0,12.83,115.7,25.39,0.0
101,2023,124,1639.0,12.83,78.5,25.44,0.0
101,2023,124,1640.0,12.83,71.4,25.46,0.0
101,2023,124,1641.0,12.83,59.85,25.48,0.0
101,2023,124,1642.0,12.83,55.25,25.48,0.0
101,2023,124,1643.0,12.83,51.73,25.44,0.0
101,2023,124,1644.0,12.82,46.37,25.46,0.0
101,2023,124,1645.0,12.8,41.07,25.48,0.0
101,2023,124,1646.0,12.79,36.31,25.48,0.0
101,2023,124,1647.0,12.78,31.46,25.42,0.0
101,2023,124,1648.0,12.77,26.92,25.38,0.0
101,2023,124,1649.0,12.77,25.12,25.35,0.0
101,2023,124,1650.0,12.77,23.17,25.33,0.0
101,2023,124,1651.0,12.76,19.79,25.3,0.0
101,2023,124,1652.0,12.75,17.51,25.29,0.0
101,2023,124,1653.0,12.75,17.0,25.28,0.0
101,2023,124,1654.0,12.75,16.72,25.26,0.0
101,2023,124,1655.0,12.74,15.28,25.24,0.0
101,2023,124,1656.0,12.74,13.93,25.21,0.0
101,2023,124,1657.0,12.74,12.8,25.19,0.0
101,2023,124,1658.0,12.74,11.78,25.18,0.0
101,2023,124,1659.0,12.74,10.52,25.14,0.0
101,2023,124,1700.0,12.74,9.36,25.11,0.0
101,2023,124,1701.0,12.74,8.12,25.08,0.0
101,2023,124,1702.0,12.74,6.935,25.08,0.0
101,2023,124,1703.0,12.74,5.864,25.07,0.0
101,2023,124,1704.0,12.73,4.962,25.05,0.0
101,2023,124,1705.0,12.73,4.229,25.03,0.0
101,2023,124,1706.0,12.73,3.75,25.05,0.0
101,2023,124,1707.0,12.73,3.524,25.05,0.0
101,2023,124,1708.0,12.73,3.073,25.02,0.0
101,2023,124,1709.0,12.73,2.65,25.01,0.0
101,2023,124,1710.0,12.73,2.368,25.02,0.0
101,2023,124,1711.0,12.73,2.058,24.99,0.0
101,2023,124,1712.0,12.73,1.692,24.98,0.0
101,2023,124,1713.0,12.73,1.692,24.98,0.0
101,2023,124,1714.0,12.72,1.466,24.98,0.0
101,2023,124,1715.0,12.72,1.071,24.97,0.0
101,2023,124,1716.0,12.72,1.015,24.98,0.0
101,2023,124,1717.0,12.72,1.015,24.99,0.0
101,2023,124,1718.0,12.72,0.93,24.97,0.0
101,2023,124,1719.0,12.72,0.0,24.98,0.0
101,2023,124,1720.0,12.72,0.0,24.98,0.0
101,2023,124,1721.0,12.72,0.0,24.97,0.0
101,2023,124,1722.0,12.72,0.0,24.98,0.0
101,2023,124,1723.0,12.72,0.0,24.97,0.0
101,2023,124,1724.0,12.72,0.0,24.96,0.0
101,2023,124,1725.0,12.72,0.0,24.95,0.0
101,2023,124,1726.0,12.72,0.0,24.94,0.0
101,2023,124,1727.0,12.72,0.0,24.93,0.0
101,2023,124,1728.0,12.71,0.0,24.92,0.0
101,2023,124,1729.0,12.71,0.0,24.9,0.0
101,2023,124,1730.0,12.71,0.0,24.91,0.0
101,2023,124,1731.0,12.71,0.0,24.91,0.0
101,2023,124,1732.0,12.71,0.0,24.92,0.0
101,2023,124,1733.0,12.71,0.0,24.9,0.0
101,2023,124,1734.0,12.71,0.0,24.9,0.0
101,2023,124,1735.0,12.71,0.0,24.88,0.0
101,2023,124,1736.0,12.71,0.0,24.87,0.0
101,2023,124,1737.0,12.71,0.0,24.87,0.0
101,2023,124,1738.0,12.7,0.0,24.87,0.0
101,2023,124,1739.0,12.71,0.0,24.87,0.0
101,2023,124,1740.0,12.71,0.0,24.87,0.0
101,2023,124,1741.0,12.71,0.0,24.86,0.0
101,2023,124,1742.0,12.7,0.0,24.85,0.0
101,2023,124,1743.0,12.7,0.0,24.84,0.0
101,2023,124,1744.0,12.7,0.0,24.83,0.0
101,2023,124,1745.0,12.7,0.0,24.82,0.0
101,2023,124,1746.0,12.7,0.0,24.82,0.0
101,2023,124,1747.0,12.7,0.0,24.83,0.0
101,2023,124,1748.0,12.7,0.0,24.81,0.0
101,2023,124,1749.0,12.7,0.0,24.78,0.0
101,2023,124,1750.0,12.7,0.0,24.77,0.0
101,2023,124,1751.0,12.7,0.0,24.76,0.0
101,2023,124,1752.0,12.7,0.0,24.74,0.0
101,2023,124,1753.0,12.7,0.0,24.74,0.0
101,2023,124,1754.0,12.7,0.0,24.72,0.0
101,2023,124,1755.0,12.7,0.0,24.7,0.0
101,2023,124,1756.0,12.69,0.0,24.68,0.0
101,2023,124,1757.0,12.69,0.0,24.65,0.0
101,2023,124,1758.0,12.69,0.0,24.63,0.0
101,2023,124,1759.0,12.69,0.0,24.61,0.0
101,2023,124,1800.0,12.69,0.0,24.6,0.0
101,2023,124,1801.0,12.69,0.0,24.59,0.0
101,2023,124,1802.0,12.69,0.0,24.59,0.0
101,2023,124,1803.0,12.69,0.0,24.59,0.0
101,2023,124,1804.0,12.69,0.0,24.59,0.0
101,2023,124,1805.0,12.69,0.0,24.59,0.0
101,2023,124,1806.0,12.69,0.0,24.59,0.0
101,2023,124,1807.0,12.69,0.0,24.58,0.0
101,2023,124,1808.0,12.69,0.0,24.58,0.0
101,2023,124,1809.0,12.69,0.0,24.57,0.0
101,2023,124,1810.0,12.69,0.0,24.57,0.0
101,2023,124,1811.0,12.69,0.0,24.59,0.0
101,2023,124,1812.0,12.69,0.0,24.59,0.0
101,2023,124,1813.0,12.68,0.0,24.59,0.0
101,2023,124,1814.0,12.69,0.0,24.59,0.0
101,2023,124,1815.0,12.68,0.0,24.59,0.0
101,2023,124,1816.0,12.68,0.0,24.58,0.0
101,2023,124,1817.0,12.68,0.0,24.57,0.0
101,2023,124,1818.0,12.68,0.0,24.57,0.0
101,2023,124,1819.0,12.68,0.0,24.56,0.0
101,2023,124,1820.0,12.68,0.0,24.54,0.0
101,2023,124,1821.0,12.68,0.0,24.55,0.0
101,2023,124,1822.0,12.68,0.0,24.55,0.0
101,2023,124,1823.0,12.68,0.0,24.53,0.0
101,2023,124,1824.0,12.68,0.0,24.53,0.0
101,2023,124,1825.0,12.68,0.0,24.54,0.0
101,2023,124,1826.0,12.68,0.0,24.54,0.0
101,2023,124,1827.0,12.68,0.0,24.53,0.0
101,2023,124,1828.0,12.68,0.0,24.52,0.0
101,2023,124,1829.0,12.68,0.0,24.52,0.0
101,2023,124,1830.0,12.68,0.0,24.51,0.0
101,2023,124,1831.0,12.68,0.0,24.5,0.0
101,2023,124,1832.0,12.68,0.0,24.51,0.0
101,2023,124,1833.0,12.68,0.0,24.5,0.0
101,2023,124,1834.0,12.68,0.0,24.5,0.0
101,2023,124,1835.0,12.67,0.0,24.49,0.0
101,2023,124,1836.0,12.68,0.0,24.48,0.0
101,2023,124,1837.0,12.68,0.0,24.48,0.0
101,2023,124,1838.0,12.68,0.0,24.49,0.0
101,2023,124,1839.0,12.67,0.0,24.48,0.0
101,2023,124,1840.0,12.67,0.0,24.47,0.0
101,2023,124,1841.0,12.68,0.0,24.47,0.0
101,2023,124,1842.0,12.67,0.0,24.47,0.0
101,2023,124,1843.0,12.67,0.0,24.46,0.0
101,2023,124,1844.0,12.67,0.0,24.47,0.0
101,2023,124,1845.0,12.67,0.0,24.46,0.0
101,2023,124,1846.0,12.67,0.0,24.45,0.0
101,2023,124,1847.0,12.67,0.0,24.47,0.0
101,2023,124,1848.0,12.67,0.0,24.46,0.0
101,2023,124,1849.0,12.67,0.0,24.46,0.0
101,2023,124,1850.0,12.67,0.0,24.46,0.0
101,2023,124,1851.0,12.67,0.0,24.48,0.0
101,2023,124,1852.0,12.67,0.0,24.47,0.0
101,2023,124,1853.0,12.67,0.0,24.48,0.0
101,2023,124,1854.0,12.67,0.0,24.48,0.0
101,2023,124,1855.0,12.67,0.0,24.48,0.0
101,2023,124,1856.0,12.67,0.0,24.46,0.0
101,2023,124,1857.0,12.67,0.0,24.48,0.0
101,2023,124,1858.0,12.67,0.0,24.48,0.0
101,2023,124,1859.0,12.67,0.0,24.47,0.0
101,2023,124,1900.0,12.67,0.0,24.48,0.0
101,2023,124,1901.0,12.67,0.0,24.48,0.0
101,2023,124,1902.0,12.67,0.0,24.47,0.0
101,2023,124,1903.0,12.67,0.0,24.47,0.0
101,2023,124,1904.0,12.67,0.0,24.47,0.0
101,2023,124,1905.0,12.67,0.0,24.46,0.0
101,2023,124,1906.0,12.67,0.0,24.46,0.0
101,2023,124,1907.0,12.67,0.0,24.46,0.0
101,2023,124,1908.0,12.67,0.0,24.46,0.0
101,2023,124,1909.0,12.67,0.0,24.46,0.0
101,2023,124,1910.0,12.67,0.0,24.45,0.0
101,2023,124,1911.0,12.66,0.0,24.45,0.0
101,2023,124,1912.0,12.66,0.0,24.44,0.0
101,2023,124,1913.0,12.66,0.0,24.44,0.0
101,2023,124,1914.0,12.66,0.0,24.43,0.0
101,2023,124,1915.0,12.66,0.0,24.44,0.0
101,2023,124,1916.0,12.66,0.0,24.44,0.0
101,2023,124,1917.0,12.66,0.0,24.43,0.0
101,2023,124,1918.0,12.66,0.0,24.43,0.0
101,2023,124,1919.0,12.66,0.0,24.43,0.0
101,2023,124,1920.0,12.66,0.0,24.42,0.0
101,2023,124,1921.0,12.66,0.0,24.42,0.0
101,2023,124,1922.0,12.66,0.0,24.41,0.0
101,2023,124,1923.0,12.66,0.0,24.41,0.0
101,2023,124,1924.0,12.66,0.0,24.41,0.0
101,2023,124,1925.0,12.66,0.0,24.41,0.0
101,2023,124,1926.0,12.66,0.0,24.41,0.0
101,2023,124,1927.0,12.66,0.0,24.41,0.0
101,2023,124,1928.0,12.66,0.0,24.39,0.0
101,2023,124,1929.0,12.66,0.0,24.38,0.0
101,2023,124,1930.0,12.66,0.0,24.38,0.0
101,2023,124,1931.0,12.66,0.0,24.38,0.0
101,2023,124,1932.0,12.65,0.0,24.37,0.0
101,2023,124,1933.0,12.65,0.0,24.36,0.0
101,2023,124,1934.0,12.65,0.0,24.35,0.0
101,2023,124,1935.0,12.65,0.0,24.35,0.0
101,2023,124,1936.0,12.65,0.0,24.33,0.0
101,2023,124,1937.0,12.65,0.0,24.33,0.0
101,2023,124,1938.0,12.65,0.0,24.31,0.0
101,2023,124,1939.0,12.65,0.0,24.3,0.0
101,2023,124,1940.0,12.65,0.0,24.29,0.0
101,2023,124,1941.0,12.65,0.0,24.27,0.0
101,2023,124,1942.0,12.65,0.0,24.28,0.0
101,2023,124,1943.0,12.65,0.0,24.27,0.0
101,2023,124,1944.0,12.65,0.0,24.26,0.0
101,2023,124,1945.0,12.65,0.0,24.25,0.0
101,2023,124,1946.0,12.65,0.0,24.23,0.0
101,2023,124,1947.0,12.65,0.0,24.22,0.0
101,2023,124,1948.0,12.65,0.0,24.2,0.0
101,2023,124,1949.0,12.65,0.0,24.19,0.0
101,2023,124,1950.0,12.65,0.0,24.2,0.0
101,2023,124,1951.0,12.65,0.0,24.19,0.0
101,2023,124,1952.0,12.65,0.0,24.18,0.0
101,2023,124,1953.0,12.65,0.0,24.18,0.0
101,2023,124,1954.0,12.65,0.0,24.18,0.0
101,2023,124,1955.0,12.65,0.0,24.18,0.0
101,2023,124,1956.0,12.65,0.0,24.18,0.0
101,2023,124,1957.0,12.65,0.0,24.17,0.0
101,2023,124,1958.0,12.65,0.0,24.17,0.0
101,2023,124,1959.0,12.65,0.0,24.17,0.0
101,2023,124,2000.0,12.65,0.0,24.16,0.0
101,2023,124,2001.0,12.65,0.0,24.15,0.0
101,2023,124,2002.0,12.64,0.0,24.15,0.0
101,2023,124,2003.0,12.64,0.0,24.15,0.0
101,2023,124,2004.0,12.65,0.0,24.13,0.0
101,2023,124,2005.0,12.64,0.0,24.12,0.0
101,2023,124,2006.0,12.64,0.0,24.11,0.0
101,2023,124,2007.0,12.64,0.0,24.11,0.0
101,2023,124,2008.0,12.64,0.0,24.11,0.0
101,2023,124,2009.0,12.64,0.0,24.1,0.0
101,2023,124,2010.0,12.64,0.0,24.09,0.0
101,2023,124,2011.0,12.64,0.0,24.07,0.0
101,2023,124,2012.0,12.64,0.0,24.08,0.0
101,2023,124,2013.0,12.64,0.0,24.08,0.0
101,2023,124,2014.0,12.64,0.0,24.06,0.0
101,2023,124,2015.0,12.64,0.0,24.05,0.0
101,2023,124,2016.0,12.64,0.0,24.04,0.0
101,2023,124,2017.0,12.64,0.0,24.03,0.0
101,2023,124,2018.0,12.64,0.0,24.03,0.0
101,2023,124,2019.0,12.64,0.0,24.01,0.0
101,2023,124,2020.0,12.64,0.0,23.99,0.0
101,2023,124,2021.0,12.64,0.0,23.98,0.0
101,2023,124,2022.0,12.64,0.0,23.97,0.0
101,2023,124,2023.0,12.64,0.0,23.96,0.0
101,2023,124,2024.0,12.64,0.0,23.96,0.0
101,2023,124,2025.0,12.64,0.0,23.94,0.0
101,2023,124,2026.0,12.64,0.0,23.94,0.0
101,2023,124,2027.0,12.64,0.0,23.93,0.0
101,2023,124,2028.0,12.63,0.0,23.93,0.0
101,2023,124,2029.0,12.63,0.0,23.92,0.0
101,2023,124,2030.0,12.63,0.0,23.91,0.0
101,2023,124,2031.0,12.63,0.0,23.9,0.0
101,2023,124,2032.0,12.63,0.0,23.9,0.0
101,2023,124,2033.0,12.63,0.0,23.9,0.0
101,2023,124,2034.0,12.63,0.0,23.89,0.0
101,2023,124,2035.0,12.63,0.0,23.88,0.0
101,2023,124,2036.0,12.63,0.0,23.89,0.0
101,2023,124,2037.0,12.63,0.0,23.89,0.0
101,2023,124,2038.0,12.63,0.0,23.9,0.0
101,2023,124,2039.0,12.63,0.0,23.9,0.0
101,2023,124,2040.0,12.63,0.0,23.9,0.0
101,2023,124,2041.0,12.63,0.0,23.9,0.0
101,2023,124,2042.0,12.63,0.0,23.9,0.0
101,2023,124,2043.0,12.63,0.0,23.89,0.0
101,2023,124,2044.0,12.63,0.0,23.89,0.0
101,2023,124,2045.0,12.63,0.0,23.89,0.0
101,2023,124,2046.0,12.63,0.0,23.89,0.0
101,2023,124,2047.0,12.63,0.0,23.89,0.0
101,2023,124,2048.0,12.63,0.0,23.89,0.0
101,2023,124,2049.0,12.63,0.0,23.89,0.0
101,2023,124,2050.0,12.63,0.0,23.89,0.0
101,2023,124,2051.0,12.63,0.0,23.9,0.0
101,2023,124,2052.0,12.63,0.0,23.9,0.0
101,2023,124,2053.0,12.63,0.0,23.91,0.0
101,2023,124,2054.0,12.63,0.0,23.91,0.0
101,2023,124,2055.0,12.62,0.0,23.9,0.0
101,2023,124,2056.0,12.63,0.0,23.9,0.0
101,2023,124,2057.0,12.63,0.0,23.9,0.0
101,2023,124,2058.0,12.62,0.0,23.91,0.0
101,2023,124,2059.0,12.62,0.0,23.91,0.0
101,2023,124,2100.0,12.62,0.0,23.92,0.0
101,2023,124,2101.0,12.62,0.0,23.92,0.0
101,2023,124,2102.0,12.62,0.0,23.91,0.0
101,2023,124,2103.0,12.62,0.0,23.9,0.0
101,2023,124,2104.0,12.62,0.0,23.89,0.0
101,2023,124,2105.0,12.62,0.0,23.89,0.0
101,2023,124,2106.0,12.62,0.0,23.89,0.0
101,2023,124,2107.0,12.62,0.0,23.89,0.0
101,2023,124,2108.0,12.62,0.0,23.89,0.0
101,2023,124,2109.0,12.62,0.0,23.89,0.0
101,2023,124,2110.0,12.62,0.0,23.89,0.0
101,2023,124,2111.0,12.62,0.0,23.89,0.0
101,2023,124,2112.0,12.62,0.0,23.89,0.0
101,2023,124,2113.0,12.62,0.0,23.88,0.0
101,2023,124,2114.0,12.62,0.0,23.88,0.0
101,2023,124,2115.0,12.62,0.0,23.88,0.0
101,2023,124,2116.0,12.62,0.0,23.88,0.0
101,2023,124,2117.0,12.62,0.0,23.87,0.0
101,2023,124,2118.0,12.62,0.0,23.87,0.0
101,2023,124,2119.0,12.62,0.0,23.86,0.0
101,2023,124,2120.0,12.62,0.0,23.86,0.0
101,2023,124,2121.0,12.62,0.0,23.85,0.0
101,2023,124,2122.0,12.61,0.0,23.85,0.0
101,2023,124,2123.0,12.62,0.0,23.84,0.0
101,2023,124,2124.0,12.61,0.0,23.84,0.0
101,2023,124,2125.0,12.61,0.0,23.83,0.0
101,2023,124,2126.0,12.61,0.0,23.82,0.0
101,2023,124,2127.0,12.62,0.0,23.81,0.0
101,2023,124,2128.0,12.61,0.0,23.8,0.0
101,2023,124,2129.0,12.61,0.0,23.79,0.0
101,2023,124,2130.0,12.61,0.0,23.79,0.0
101,2023,124,2131.0,12.61,0.0,23.79,0.0
101,2023,124,2132.0,12.61,0.0,23.79,0.0
101,2023,124,2133.0,12.61,0.0,23.78,0.0
101,2023,124,2134.0,12.61,0.0,23.79,0.0
101,2023,124,2135.0,12.61,0.0,23.79,0.0
101,2023,124,2136.0,12.61,0.0,23.79,0.0
101,2023,124,2137.0,12.61,0.0,23.79,0.0
101,2023,124,2138.0,12.61,0.0,23.79,0.0
101,2023,124,2139.0,12.61,0.0,23.79,0.0
101,2023,124,2140.0,12.61,0.0,23.79,0.0
101,2023,124,2141.0,12.61,0.0,23.79,0.0
101,2023,124,2142.0,12.61,0.0,23.79,0.0
101,2023,124,2143.0,12.61,0.0,23.78,0.0
101,2023,124,2144.0,12.61,0.0,23.78,0.0
101,2023,124,2145.0,12.61,0.0,23.78,0.0
101,2023,124,2146.0,12.61,0.0,23.78,0.0
101,2023,124,2147.0,12.61,0.0,23.77,0.0
101,2023,124,2148.0,12.61,0.0,23.77,0.0
101,2023,124,2149.0,12.61,0.0,23.76,0.0
101,2023,124,2150.0,12.61,0.0,23.74,0.0
101,2023,124,2151.0,12.61,0.0,23.74,0.0
101,2023,124,2152.0,12.61,0.0,23.73,0.0
101,2023,124,2153.0,12.6,0.0,23.72,0.0
101,2023,124,2154.0,12.61,0.0,23.71,0.0
101,2023,124,2155.0,12.6,0.0,23.72,0.0
101,2023,124,2156.0,12.61,0.0,23.73,0.0
101,2023,124,2157.0,12.61,0.0,23.72,0.0
101,2023,124,2158.0,12.6,0.0,23.71,0.0
101,2023,124,2159.0,12.6,0.0,23.69,0.0
101,2023,124,2200.0,12.6,0.0,23.69,0.0
101,2023,124,2201.0,12.6,0.0,23.67,0.0
101,2023,124,2202.0,12.6,0.0,23.66,0.0
101,2023,124,2203.0,12.6,0.0,23.64,0.0
101,2023,124,2204.0,12.6,0.0,23.63,0.0
101,2023,124,2205.0,12.6,0.0,23.61,0.0
101,2023,124,2206.0,12.6,0.0,23.6,0.0
101,2023,124,2207.0,12.6,0.0,23.58,0.0
101,2023,124,2208.0,12.6,0.0,23.57,0.0
101,2023,124,2209.0,12.6,0.0,23.55,0.0
101,2023,124,2210.0,12.6,0.0,23.54,0.0
101,2023,124,2211.0,12.6,0.0,23.52,0.0
101,2023,124,2212.0,12.6,0.0,23.5,0.0
101,2023,124,2213.0,12.6,0.0,23.48,0.0
101,2023,124,2214.0,12.6,0.0,23.47,0.0
101,2023,124,2215.0,12.6,0.0,23.48,0.0
101,2023,124,2216.0,12.6,0.0,23.46,0.0
101,2023,124,2217.0,12.6,0.0,23.45,0.0
101,2023,124,2218.0,12.6,0.0,23.46,0.0
101,2023,124,2219.0,12.6,0.0,23.51,0.0
101,2023,124,2220.0,12.59,0.0,23.56,0.0
101,2023,124,2221.0,12.59,0.0,23.53,0.0
101,2023,124,2222.0,12.59,0.0,23.51,0.0
101,2023,124,2223.0,12.6,0.0,23.51,0.0
101,2023,124,2224.0,12.59,0.0,23.5,0.0
101,2023,124,2225.0,12.59,0.0,23.49,0.0
101,2023,124,2226.0,12.59,0.0,23.45,0.0
101,2023,124,2227.0,12.59,0.0,23.42,0.0
101,2023,124,2228.0,12.59,0.0,23.39,0.0
101,2023,124,2229.0,12.59,0.0,23.37,0.0
101,2023,124,2230.0,12.59,0.0,23.37,0.0
101,2023,124,2231.0,12.59,0.0,23.43,0.0
101,2023,124,2232.0,12.59,0.0,23.4,0.0
101,2023,124,2233.0,12.59,0.0,23.4,0.0
101,2023,124,2234.0,12.59,0.0,23.4,0.0
101,2023,124,2235.0,12.59,0.0,23.42,0.0
101,2023,124,2236.0,12.59,0.0,23.41,0.0
101,2023,124,2237.0,12.59,0.0,23.4,0.0
101,2023,124,2238.0,12.59,0.0,23.4,0.0
101,2023,124,2239.0,12.59,0.0,23.39,0.0
101,2023,124,2240.0,12.59,0.0,23.38,0.0
101,2023,124,2241.0,12.59,0.0,23.38,0.0
101,2023,124,2242.0,12.59,0.0,23.4,0.0
101,2023,124,2243.0,12.59,0.0,23.39,0.0
101,2023,124,2244.0,12.59,0.0,23.39,0.0
101,2023,124,2245.0,12.59,0.0,23.39,0.0
101,2023,124,2246.0,12.59,0.0,23.37,0.0
101,2023,124,2247.0,12.59,0.0,23.36,0.0
101,2023,124,2248.0,12.59,0.0,23.34,0.0
101,2023,124,2249.0,12.59,0.0,23.32,0.0
101,2023,124,2250.0,12.59,0.0,23.31,0.0
101,2023,124,2251.0,12.59,0.0,23.33,0.0
101,2023,124,2252.0,12.59,0.0,23.33,0.0
101,2023,124,2253.0,12.58,0.0,23.3,0.0
101,2023,124,2254.0,12.58,0.0,23.25,0.0
101,2023,124,2255.0,12.58,0.0,23.22,0.0
101,2023,124,2256.0,12.58,0.0,23.21,0.0
101,2023,124,2257.0,12.58,0.0,23.19,0.0
101,2023,124,2258.0,12.58,0.0,23.21,0.0
101,2023,124,2259.0,12.58,0.0,23.19,0.0
101,2023,124,2300.0,12.58,0.0,23.19,0.0
101,2023,124,2301.0,12.58,0.0,23.2,0.0
101,2023,124,2302.0,12.58,0.0,23.21,0.0
101,2023,124,2303.0,12.58,0.0,23.27,0.0
101,2023,124,2304.0,12.58,0.0,23.26,0.0
101,2023,124,2305.0,12.58,0.0,23.27,0.0
101,2023,124,2306.0,12.58,0.0,23.19,0.0
101,2023,124,2307.0,12.58,0.0,23.15,0.0
101,2023,124,2308.0,12.58,0.0,23.14,0.0
101,2023,124,2309.0,12.58,0.0,23.12,0.0
101,2023,124,2310.0,12.58,0.0,23.12,0.0
101,2023,124,2311.0,12.58,0.0,23.12,0.0
101,2023,124,2312.0,12.58,0.0,23.11,0.0
101,2023,124,2313.0,12.58,0.0,23.09,0.0
101,2023,124,2314.0,12.57,0.0,23.07,0.0
101,2023,124,2315.0,12.57,0.0,23.08,0.0
101,2023,124,2316.0,12.57,0.0,23.09,0.0
101,2023,124,2317.0,12.57,0.0,23.13,0.0
101,2023,124,2318.0,12.57,0.0,23.16,0.0
101,2023,124,2319.0,12.57,0.0,23.18,0.0
101,2023,124,2320.0,12.57,0.0,23.18,0.0
101,2023,124,2321.0,12.57,0.0,23.17,0.0
101,2023,124,2322.0,12.57,0.0,23.17,0.0
101,2023,124,2323.0,12.57,0.0,23.17,0.0
101,2023,124,2324.0,12.57,0.0,23.18,0.0
101,2023,124,2325.0,12.57,0.0,23.16,0.0
101,2023,124,2326.0,12.57,0.0,23.18,0.0
101,2023,124,2327.0,12.57,0.0,23.19,0.0
101,2023,124,2328.0,12.57,0.0,23.19,0.0
101,2023,124,2329.0,12.57,0.0,23.21,0.0
101,2023,124,2330.0,12.57,0.0,23.24,0.0
101,2023,124,2331.0,12.57,0.0,23.28,0.0
101,2023,124,2332.0,12.57,0.0,23.32,0.0
101,2023,124,2333.0,12.57,0.0,23.34,0.0
101,2023,124,2334.0,12.57,0.0,23.35,0.0
101,2023,124,2335.0,12.57,0.0,23.36,0.0
101,2023,124,2336.0,12.57,0.0,23.34,0.0
101,2023,124,2337.0,12.57,0.0,23.33,0.0
101,2023,124,2338.0,12.57,0.0,23.3,0.0
101,2023,124,2339.0,12.57,0.0,23.31,0.0
101,2023,124,2340.0,12.57,0.0,23.32,0.0
101,2023,124,2341.0,12.57,0.0,23.32,0.0
101,2023,124,2342.0,12.57,0.0,23.31,0.0
101,2023,124,2343.0,12.56,0.0,23.29,0.0
101,2023,124,2344.0,12.57,0.0,23.29,0.0
101,2023,124,2345.0,12.57,0.0,23.27,0.0
101,2023,124,2346.0,12.56,0.0,23.28,0.0
101,2023,124,2347.0,12.56,0.0,23.29,0.0
101,2023,124,2348.0,12.56,0.0,23.28,0.0
101,2023,124,2349.0,12.56,0.0,23.28,0.0
101,2023,124,2350.0,12.56,0.0,23.28,0.0
101,2023,124,2351.0,12.56,0.0,23.3,0.0
101,2023,124,2352.0,12.56,0.0,23.3,0.0
101,2023,124,2353.0,12.56,0.0,23.33,0.0
101,2023,124,2354.0,12.56,0.0,23.33,0.0
101,2023,124,2355.0,12.56,0.0,23.35,0.0
101,2023,124,2356.0,12.56,0.0,23.39,0.0
101,2023,124,2357.0,12.56,0.0,23.4,0.0
101,2023,124,2358.0,12.56,0.0,23.4,0.0
101,2023,124,2359.0,12.56,0.0,23.41,0.0
