a,b,dia_juliano,d,e,f,g,h
101,2023,65,0.0,12.54,0.0,23.74,0.0
101,2023,65,1.0,12.54,0.0,23.73,0.0
101,2023,65,2.0,12.54,0.0,23.73,0.0
101,2023,65,3.0,12.54,0.0,23.73,0.0
101,2023,65,4.0,12.54,0.0,23.72,0.0
101,2023,65,5.0,12.54,0.0,23.7,0.0
101,2023,65,6.0,12.54,0.0,23.7,0.0
101,2023,65,7.0,12.54,0.0,23.69,0.0
101,2023,65,8.0,12.54,0.0,23.67,0.0
101,2023,65,9.0,12.54,0.0,23.66,0.0
101,2023,65,10.0,12.54,0.0,23.66,0.0
101,2023,65,11.0,12.54,0.0,23.64,0.0
101,2023,65,12.0,12.54,0.0,23.6,0.0
101,2023,65,13.0,12.54,0.0,23.59,0.0
101,2023,65,14.0,12.54,0.0,23.58,0.0
101,2023,65,15.0,12.54,0.0,23.58,0.0
101,2023,65,16.0,12.54,0.0,23.58,0.0
101,2023,65,17.0,12.54,0.0,23.58,0.0
101,2023,65,18.0,12.54,0.0,23.59,0.0
101,2023,65,19.0,12.54,0.0,23.57,0.0
101,2023,65,20.0,12.54,0.0,23.56,0.0
101,2023,65,21.0,12.54,0.0,23.56,0.0
101,2023,65,22.0,12.54,0.0,23.55,0.0
101,2023,65,23.0,12.54,0.0,23.53,0.0
101,2023,65,24.0,12.54,0.0,23.51,0.0
101,2023,65,25.0,12.54,0.0,23.47,0.0
101,2023,65,26.0,12.54,0.0,23.47,0.0
101,2023,65,27.0,12.54,0.0,23.43,0.0
101,2023,65,28.0,12.54,0.0,23.41,0.0
101,2023,65,29.0,12.54,0.0,23.42,0.0
101,2023,65,30.0,12.54,0.0,23.41,0.0
101,2023,65,31.0,12.54,0.0,23.39,0.0
101,2023,65,32.0,12.54,0.0,23.37,0.0
101,2023,65,33.0,12.54,0.0,23.35,0.0
101,2023,65,34.0,12.54,0.0,23.32,0.0
101,2023,65,35.0,12.54,0.0,23.31,0.0
101,2023,65,36.0,12.54,0.0,23.31,0.0
101,2023,65,37.0,12.54,0.0,23.3,0.0
101,2023,65,38.0,12.54,0.0,23.29,0.0
101,2023,65,39.0,12.54,0.0,23.28,0.0
101,2023,65,40.0,12.54,0.0,23.28,0.0
101,2023,65,41.0,12.54,0.0,23.29,0.0
101,2023,65,42.0,12.54,0.0,23.28,0.0
101,2023,65,43.0,12.54,0.0,23.25,0.0
101,2023,65,44.0,12.54,0.0,23.25,0.0
101,2023,65,45.0,12.54,0.0,23.25,0.0
101,2023,65,46.0,12.54,0.0,23.23,0.0
101,2023,65,47.0,12.54,0.0,23.24,0.0
101,2023,65,48.0,12.54,0.0,23.19,0.0
101,2023,65,49.0,12.54,0.0,23.2,0.0
101,2023,65,50.0,12.54,0.0,23.2,0.0
101,2023,65,51.0,12.54,0.0,23.21,0.0
101,2023,65,52.0,12.54,0.0,23.19,0.0
101,2023,65,53.0,12.53,0.0,23.19,0.0
101,2023,65,54.0,12.54,0.0,23.17,0.0
101,2023,65,55.0,12.53,0.0,23.16,0.0
101,2023,65,56.0,12.54,0.0,23.16,0.0
101,2023,65,57.0,12.53,0.0,23.12,0.0
101,2023,65,58.0,12.53,0.0,23.1,0.0
101,2023,65,59.0,12.53,0.0,23.09,0.0
101,2023,65,100.0,12.53,0.0,23.09,0.0
101,2023,65,101.0,12.53,0.0,23.06,0.0
101,2023,65,102.0,12.53,0.0,23.08,0.0
101,2023,65,103.0,12.53,0.0,23.1,0.0
101,2023,65,104.0,12.53,0.0,23.11,0.0
101,2023,65,105.0,12.53,0.0,23.13,0.0
101,2023,65,106.0,12.53,0.0,23.14,0.0
101,2023,65,107.0,12.53,0.0,23.15,0.0
101,2023,65,108.0,12.53,0.0,23.16,0.0
101,2023,65,109.0,12.53,0.0,23.18,0.0
101,2023,65,110.0,12.53,0.0,23.2,0.0
101,2023,65,111.0,12.53,0.0,23.21,0.0
101,2023,65,112.0,12.53,0.0,23.23,0.0
101,2023,65,113.0,12.53,0.0,23.22,0.0
101,2023,65,114.0,12.53,0.0,23.23,0.0
101,2023,65,115.0,12.53,0.0,23.24,0.0
101,2023,65,116.0,12.53,0.0,23.22,0.0
101,2023,65,117.0,12.53,0.0,23.23,0.0
101,2023,65,118.0,12.53,0.0,23.22,0.0
101,2023,65,119.0,12.53,0.0,23.23,0.0
101,2023,65,120.0,12.53,0.0,23.23,0.0
101,2023,65,121.0,12.53,0.0,23.15,0.0
101,2023,65,122.0,12.53,0.0,23.15,0.0
101,2023,65,123.0,12.53,0.0,23.17,0.0
101,2023,65,124.0,12.53,0.0,23.16,0.0
101,2023,65,125.0,12.53,0.0,23.19,0.0
101,2023,65,126.0,12.53,0.0,23.18,0.0
101,2023,65,127.0,12.53,0.0,23.09,0.0
101,2023,65,128.0,12.53,0.0,23.06,0.0
101,2023,65,129.0,12.53,0.0,23.03,0.0
101,2023,65,130.0,12.53,0.0,23.02,0.0
101,2023,65,131.0,12.53,0.0,22.98,0.0
101,2023,65,132.0,12.53,0.0,22.95,0.0
101,2023,65,133.0,12.53,0.0,22.95,0.0
101,2023,65,134.0,12.53,0.0,22.96,0.0
101,2023,65,135.0,12.53,0.0,22.97,0.0
101,2023,65,136.0,12.53,0.0,23.02,0.0
101,2023,65,137.0,12.53,0.0,23.04,0.0
101,2023,65,138.0,12.53,0.0,23.05,0.0
101,2023,65,139.0,12.53,0.0,22.98,0.0
101,2023,65,140.0,12.53,0.0,22.97,0.0
101,2023,65,141.0,12.53,0.0,22.97,0.0
101,2023,65,142.0,12.53,0.0,23.0,0.0
101,2023,65,143.0,12.53,0.0,22.99,0.0
101,2023,65,144.0,12.53,0.0,22.99,0.0
101,2023,65,145.0,12.53,0.0,22.94,0.0
101,2023,65,146.0,12.53,0.0,22.89,0.0
101,2023,65,147.0,12.53,0.0,22.91,0.0
101,2023,65,148.0,12.53,0.0,22.95,0.0
101,2023,65,149.0,12.53,0.0,22.99,0.0
101,2023,65,150.0,12.53,0.0,22.95,0.0
101,2023,65,151.0,12.53,0.0,22.96,0.0
101,2023,65,152.0,12.53,0.0,22.91,0.0
101,2023,65,153.0,12.53,0.0,22.93,0.0
101,2023,65,154.0,12.53,0.0,22.98,0.0
101,2023,65,155.0,12.53,0.0,22.96,0.0
101,2023,65,156.0,12.53,0.0,22.94,0.0
101,2023,65,157.0,12.53,0.0,22.95,0.0
101,2023,65,158.0,12.53,0.0,22.96,0.0
101,2023,65,159.0,12.53,0.0,22.95,0.0
101,2023,65,200.0,12.53,0.0,22.95,0.0
101,2023,65,201.0,12.53,0.0,22.96,0.0
101,2023,65,202.0,12.53,0.0,22.97,0.0
101,2023,65,203.0,12.53,0.0,22.96,0.0
101,2023,65,204.0,12.53,0.0,22.94,0.0
101,2023,65,205.0,12.53,0.0,22.93,0.0
101,2023,65,206.0,12.53,0.0,22.89,0.0
101,2023,65,207.0,12.53,0.0,22.89,0.0
101,2023,65,208.0,12.53,0.0,22.9,0.0
101,2023,65,209.0,12.53,0.0,22.9,0.0
101,2023,65,210.0,12.53,0.0,22.89,0.0
101,2023,65,211.0,12.53,0.0,22.89,0.0
101,2023,65,212.0,12.53,0.0,22.89,0.0
101,2023,65,213.0,12.53,0.0,22.91,0.0
101,2023,65,214.0,12.53,0.0,22.93,0.0
101,2023,65,215.0,12.53,0.0,22.93,0.0
101,2023,65,216.0,12.53,0.0,22.94,0.0
101,2023,65,217.0,12.53,0.0,22.94,0.0
101,2023,65,218.0,12.53,0.0,22.93,0.0
101,2023,65,219.0,12.53,0.0,22.91,0.0
101,2023,65,220.0,12.53,0.0,22.9,0.0
101,2023,65,221.0,12.52,0.0,22.9,0.0
101,2023,65,222.0,12.53,0.0,22.93,0.0
101,2023,65,223.0,12.53,0.0,22.96,0.0
101,2023,65,224.0,12.53,0.0,22.97,0.0
101,2023,65,225.0,12.53,0.0,22.97,0.0
101,2023,65,226.0,12.53,0.0,22.97,0.0
101,2023,65,227.0,12.53,0.0,22.99,0.0
101,2023,65,228.0,12.52,0.0,23.01,0.0
101,2023,65,229.0,12.53,0.0,23.01,0.0
101,2023,65,230.0,12.53,0.0,23.0,0.0
101,2023,65,231.0,12.52,0.0,23.01,0.0
101,2023,65,232.0,12.52,0.0,23.0,0.0
101,2023,65,233.0,12.52,0.0,22.99,0.0
101,2023,65,234.0,12.53,0.0,22.98,0.0
101,2023,65,235.0,12.53,0.0,22.96,0.0
101,2023,65,236.0,12.53,0.0,22.93,0.0
101,2023,65,237.0,12.53,0.0,22.92,0.0
101,2023,65,238.0,12.52,0.0,22.91,0.0
101,2023,65,239.0,12.53,0.0,22.9,0.0
101,2023,65,240.0,12.52,0.0,22.83,0.0
101,2023,65,241.0,12.52,0.0,22.77,0.0
101,2023,65,242.0,12.52,0.0,22.77,0.0
101,2023,65,243.0,12.52,0.0,22.79,0.0
101,2023,65,244.0,12.53,0.0,22.82,0.0
101,2023,65,245.0,12.52,0.0,22.84,0.0
101,2023,65,246.0,12.52,0.0,22.86,0.0
101,2023,65,247.0,12.52,0.0,22.88,0.0
101,2023,65,248.0,12.52,0.0,22.87,0.0
101,2023,65,249.0,12.52,0.0,22.86,0.0
101,2023,65,250.0,12.52,0.0,22.83,0.0
101,2023,65,251.0,12.52,0.0,22.77,0.0
101,2023,65,252.0,12.52,0.0,22.77,0.0
101,2023,65,253.0,12.52,0.0,22.76,0.0
101,2023,65,254.0,12.52,0.0,22.75,0.0
101,2023,65,255.0,12.52,0.0,22.75,0.0
101,2023,65,256.0,12.52,0.0,22.75,0.0
101,2023,65,257.0,12.52,0.0,22.7,0.0
101,2023,65,258.0,12.52,0.0,22.63,0.0
101,2023,65,259.0,12.52,0.0,22.62,0.0
101,2023,65,300.0,12.52,0.0,22.57,0.0
101,2023,65,301.0,12.52,0.0,22.52,0.0
101,2023,65,302.0,12.52,0.0,22.5,0.0
101,2023,65,303.0,12.52,0.0,22.39,0.0
101,2023,65,304.0,12.52,0.0,22.3,0.0
101,2023,65,305.0,12.52,0.0,22.32,0.0
101,2023,65,306.0,12.52,0.0,22.46,0.0
101,2023,65,307.0,12.52,0.0,22.56,0.0
101,2023,65,308.0,12.52,0.0,22.58,0.0
101,2023,65,309.0,12.52,0.0,22.57,0.0
101,2023,65,310.0,12.52,0.0,22.55,0.0
101,2023,65,311.0,12.52,0.0,22.52,0.0
101,2023,65,312.0,12.52,0.0,22.49,0.0
101,2023,65,313.0,12.52,0.0,22.44,0.0
101,2023,65,314.0,12.52,0.0,22.45,0.0
101,2023,65,315.0,12.52,0.0,22.49,0.0
101,2023,65,316.0,12.52,0.0,22.51,0.0
101,2023,65,317.0,12.52,0.0,22.53,0.0
101,2023,65,318.0,12.52,0.0,22.54,0.0
101,2023,65,319.0,12.52,0.0,22.54,0.0
101,2023,65,320.0,12.52,0.0,22.55,0.0
101,2023,65,321.0,12.52,0.0,22.56,0.0
101,2023,65,322.0,12.52,0.0,22.54,0.0
101,2023,65,323.0,12.52,0.0,22.54,0.0
101,2023,65,324.0,12.52,0.0,22.52,0.0
101,2023,65,325.0,12.52,0.0,22.49,0.0
101,2023,65,326.0,12.52,0.0,22.47,0.0
101,2023,65,327.0,12.52,0.0,22.47,0.0
101,2023,65,328.0,12.52,0.0,22.51,0.0
101,2023,65,329.0,12.52,0.0,22.55,0.0
101,2023,65,330.0,12.52,0.0,22.61,0.0
101,2023,65,331.0,12.52,0.0,22.64,0.0
101,2023,65,332.0,12.52,0.0,22.63,0.0
101,2023,65,333.0,12.52,0.0,22.64,0.0
101,2023,65,334.0,12.52,0.0,22.66,0.0
101,2023,65,335.0,12.52,0.0,22.69,0.0
101,2023,65,336.0,12.52,0.0,22.72,0.0
101,2023,65,337.0,12.52,0.0,22.74,0.0
101,2023,65,338.0,12.52,0.0,22.75,0.0
101,2023,65,339.0,12.52,0.0,22.77,0.0
101,2023,65,340.0,12.52,0.0,22.79,0.0
101,2023,65,341.0,12.52,0.0,22.79,0.0
101,2023,65,342.0,12.52,0.0,22.82,0.0
101,2023,65,343.0,12.52,0.0,22.83,0.0
101,2023,65,344.0,12.52,0.0,22.84,0.0
101,2023,65,345.0,12.52,0.0,22.82,0.0
101,2023,65,346.0,12.52,0.0,22.81,0.0
101,2023,65,347.0,12.52,0.0,22.79,0.0
101,2023,65,348.0,12.52,0.0,22.78,0.0
101,2023,65,349.0,12.52,0.0,22.77,0.0
101,2023,65,350.0,12.52,0.0,22.75,0.0
101,2023,65,351.0,12.52,0.0,22.7,0.0
101,2023,65,352.0,12.52,0.0,22.68,0.0
101,2023,65,353.0,12.52,0.0,22.69,0.0
101,2023,65,354.0,12.52,0.0,22.68,0.0
101,2023,65,355.0,12.52,0.0,22.66,0.0
101,2023,65,356.0,12.52,0.0,22.67,0.0
101,2023,65,357.0,12.52,0.0,22.67,0.0
101,2023,65,358.0,12.52,0.0,22.66,0.0
101,2023,65,359.0,12.52,0.0,22.64,0.0
101,2023,65,400.0,12.52,0.0,22.62,0.0
101,2023,65,401.0,12.52,0.0,22.6,0.0
101,2023,65,402.0,12.52,0.0,22.58,0.0
101,2023,65,403.0,12.52,0.0,22.54,0.0
101,2023,65,404.0,12.52,0.0,22.52,0.0
101,2023,65,405.0,12.52,0.0,22.5,0.0
101,2023,65,406.0,12.52,0.0,22.51,0.0
101,2023,65,407.0,12.52,0.0,22.53,0.0
101,2023,65,408.0,12.52,0.0,22.54,0.0
101,2023,65,409.0,12.52,0.0,22.55,0.0
101,2023,65,410.0,12.52,0.0,22.56,0.0
101,2023,65,411.0,12.52,0.0,22.55,0.0
101,2023,65,412.0,12.52,0.0,22.56,0.0
101,2023,65,413.0,12.52,0.0,22.58,0.0
101,2023,65,414.0,12.52,0.0,22.6,0.0
101,2023,65,415.0,12.52,0.0,22.58,0.0
101,2023,65,416.0,12.52,0.0,22.56,0.0
101,2023,65,417.0,12.52,0.0,22.55,0.0
101,2023,65,418.0,12.52,0.0,22.56,0.0
101,2023,65,419.0,12.52,0.0,22.55,0.0
101,2023,65,420.0,12.52,0.0,22.53,0.0
101,2023,65,421.0,12.52,0.0,22.52,0.0
101,2023,65,422.0,12.52,0.0,22.5,0.0
101,2023,65,423.0,12.52,0.0,22.49,0.0
101,2023,65,424.0,12.52,0.0,22.47,0.0
101,2023,65,425.0,12.52,0.0,22.48,0.0
101,2023,65,426.0,12.52,0.0,22.5,0.0
101,2023,65,427.0,12.52,0.0,22.51,0.0
101,2023,65,428.0,12.52,0.0,22.52,0.0
101,2023,65,429.0,12.52,0.0,22.51,0.0
101,2023,65,430.0,12.52,0.0,22.49,0.0
101,2023,65,431.0,12.52,0.0,22.47,0.0
101,2023,65,432.0,12.52,0.0,22.49,0.0
101,2023,65,433.0,12.52,0.0,22.49,0.0
101,2023,65,434.0,12.52,0.0,22.5,0.0
101,2023,65,435.0,12.52,0.0,22.54,0.0
101,2023,65,436.0,12.52,0.0,22.55,0.0
101,2023,65,437.0,12.52,0.0,22.54,0.0
101,2023,65,438.0,12.52,0.0,22.56,0.0
101,2023,65,439.0,12.52,0.0,22.55,0.0
101,2023,65,440.0,12.52,0.0,22.48,0.0
101,2023,65,441.0,12.52,0.0,22.41,0.0
101,2023,65,442.0,12.52,0.0,22.41,0.0
101,2023,65,443.0,12.52,0.0,22.47,0.0
101,2023,65,444.0,12.52,0.0,22.45,0.0
101,2023,65,445.0,12.52,0.0,22.44,0.0
101,2023,65,446.0,12.52,0.0,22.45,0.0
101,2023,65,447.0,12.52,0.0,22.48,0.0
101,2023,65,448.0,12.52,0.0,22.48,0.0
101,2023,65,449.0,12.52,0.0,22.54,0.0
101,2023,65,450.0,12.52,0.0,22.5,0.0
101,2023,65,451.0,12.52,0.0,22.51,0.0
101,2023,65,452.0,12.52,0.0,22.52,0.0
101,2023,65,453.0,12.52,0.0,22.52,0.0
101,2023,65,454.0,12.52,0.0,22.52,0.0
101,2023,65,455.0,12.52,0.0,22.53,0.0
101,2023,65,456.0,12.52,0.0,22.54,0.0
101,2023,65,457.0,12.52,0.0,22.55,0.0
101,2023,65,458.0,12.52,0.0,22.56,0.0
101,2023,65,459.0,12.52,0.0,22.57,0.0
101,2023,65,500.0,12.52,0.0,22.59,0.0
101,2023,65,501.0,12.52,0.0,22.6,0.0
101,2023,65,502.0,12.52,0.0,22.61,0.0
101,2023,65,503.0,12.52,0.0,22.6,0.0
101,2023,65,504.0,12.52,0.0,22.59,0.0
101,2023,65,505.0,12.52,0.0,22.61,0.0
101,2023,65,506.0,12.52,0.0,22.61,0.0
101,2023,65,507.0,12.52,0.0,22.6,0.0
101,2023,65,508.0,12.52,0.0,22.53,0.0
101,2023,65,509.0,12.52,0.0,22.54,0.0
101,2023,65,510.0,12.52,0.0,22.53,0.0
101,2023,65,511.0,12.51,0.0,22.56,0.0
101,2023,65,512.0,12.52,0.0,22.59,0.0
101,2023,65,513.0,12.52,0.0,22.55,0.0
101,2023,65,514.0,12.52,0.0,22.55,0.0
101,2023,65,515.0,12.51,0.0,22.59,0.0
101,2023,65,516.0,12.52,0.0,22.57,0.0
101,2023,65,517.0,12.52,0.0,22.57,0.0
101,2023,65,518.0,12.52,0.0,22.57,0.0
101,2023,65,519.0,12.52,1.015,22.55,0.0
101,2023,65,520.0,12.52,1.297,22.52,0.0
101,2023,65,521.0,12.52,1.353,22.59,0.0
101,2023,65,522.0,12.52,1.523,22.6,0.0
101,2023,65,523.0,12.52,1.805,22.56,0.0
101,2023,65,524.0,12.52,2.03,22.55,0.0
101,2023,65,525.0,12.52,2.171,22.53,0.0
101,2023,65,526.0,12.52,2.51,22.52,0.0
101,2023,65,527.0,12.52,2.763,22.49,0.0
101,2023,65,528.0,12.52,3.215,22.5,0.0
101,2023,65,529.0,12.52,3.44,22.52,0.0
101,2023,65,530.0,12.52,3.948,22.54,0.0
101,2023,65,531.0,12.52,4.117,22.53,0.0
101,2023,65,532.0,12.52,4.568,22.55,0.0
101,2023,65,533.0,12.52,5.273,22.56,0.0
101,2023,65,534.0,12.52,6.091,22.58,0.0
101,2023,65,535.0,12.52,7.08,22.6,0.0
101,2023,65,536.0,12.52,8.21,22.61,0.0
101,2023,65,537.0,12.52,9.53,22.63,0.0
101,2023,65,538.0,12.52,10.97,22.68,0.0
101,2023,65,539.0,12.53,12.55,22.68,0.0
101,2023,65,540.0,12.54,14.16,22.68,0.0
101,2023,65,541.0,12.55,15.71,22.62,0.0
101,2023,65,542.0,12.55,17.12,22.54,0.0
101,2023,65,543.0,12.56,18.22,22.5,0.0
101,2023,65,544.0,12.57,19.77,22.48,0.0
101,2023,65,545.0,12.58,21.29,22.48,0.0
101,2023,65,546.0,12.59,22.47,22.51,0.0
101,2023,65,547.0,12.6,23.55,22.57,0.0
101,2023,65,548.0,12.6,24.81,22.61,0.0
101,2023,65,549.0,12.61,26.31,22.64,0.0
101,2023,65,550.0,12.62,27.3,22.65,0.0
101,2023,65,551.0,12.63,28.37,22.66,0.0
101,2023,65,552.0,12.64,29.69,22.66,0.0
101,2023,65,553.0,12.64,31.16,22.68,0.0
101,2023,65,554.0,12.65,32.74,22.69,0.0
101,2023,65,555.0,12.66,34.37,22.72,0.0
101,2023,65,556.0,12.68,35.95,22.74,0.0
101,2023,65,557.0,12.68,37.62,22.77,0.0
101,2023,65,558.0,12.69,39.34,22.8,0.0
101,2023,65,559.0,12.71,40.97,22.81,0.0
101,2023,65,600.0,12.72,42.61,22.82,0.0
101,2023,65,601.0,12.73,44.24,22.83,0.0
101,2023,65,602.0,12.75,45.79,22.84,0.0
101,2023,65,603.0,12.76,47.34,22.85,0.0
101,2023,65,604.0,12.78,48.67,22.87,0.0
101,2023,65,605.0,12.8,50.02,22.89,0.0
101,2023,65,606.0,12.81,51.35,22.88,0.0
101,2023,65,607.0,12.83,52.48,22.89,0.0
101,2023,65,608.0,12.85,53.43,22.91,0.0
101,2023,65,609.0,12.87,54.2,22.94,0.0
101,2023,65,610.0,12.89,54.87,22.94,0.0
101,2023,65,611.0,12.91,55.55,22.96,0.0
101,2023,65,612.0,12.93,56.48,22.97,0.0
101,2023,65,613.0,12.95,57.69,22.98,0.0
101,2023,65,614.0,12.97,58.88,23.0,0.0
101,2023,65,615.0,12.99,60.65,23.02,0.0
101,2023,65,616.0,13.02,62.88,23.03,0.0
101,2023,65,617.0,13.05,64.35,23.05,0.0
101,2023,65,618.0,13.09,65.79,23.06,0.0
101,2023,65,619.0,13.11,66.41,23.08,0.0
101,2023,65,620.0,13.13,65.56,23.09,0.0
101,2023,65,621.0,13.12,64.09,23.12,0.0
101,2023,65,622.0,13.12,63.95,23.14,0.0
101,2023,65,623.0,13.12,64.12,23.16,0.0
101,2023,65,624.0,13.13,64.43,23.18,0.0
101,2023,65,625.0,13.13,64.43,23.2,0.0
101,2023,65,626.0,13.13,63.87,23.22,0.0
101,2023,65,627.0,13.15,66.77,23.24,0.0
101,2023,65,628.0,13.16,69.11,23.25,0.0
101,2023,65,629.0,13.17,68.66,23.26,0.0
101,2023,65,630.0,13.18,68.15,23.28,0.0
101,2023,65,631.0,13.18,67.9,23.32,0.0
101,2023,65,632.0,13.19,68.3,23.33,0.0
101,2023,65,633.0,13.2,69.42,23.32,0.0
101,2023,65,634.0,13.21,70.4,23.31,0.0
101,2023,65,635.0,13.21,69.42,23.32,0.0
101,2023,65,636.0,13.21,69.76,23.34,0.0
101,2023,65,637.0,13.22,71.0,23.37,0.0
101,2023,65,638.0,13.21,69.37,23.39,0.0
101,2023,65,639.0,13.2,67.51,23.38,0.0
101,2023,65,640.0,13.18,65.36,23.4,0.0
101,2023,65,641.0,13.16,62.06,23.41,0.0
101,2023,65,642.0,13.14,58.51,23.4,0.0
101,2023,65,643.0,13.11,53.46,23.41,0.0
101,2023,65,644.0,13.1,51.18,23.43,0.0
101,2023,65,645.0,13.08,53.77,23.42,0.0
101,2023,65,646.0,13.06,53.13,23.43,0.0
101,2023,65,647.0,13.04,51.01,23.43,0.0
101,2023,65,648.0,13.03,54.34,23.43,0.0
101,2023,65,649.0,13.03,58.91,23.46,0.0
101,2023,65,650.0,13.03,59.92,23.48,0.0
101,2023,65,651.0,13.03,57.78,23.5,0.0
101,2023,65,652.0,13.04,57.1,23.49,0.0
101,2023,65,653.0,13.07,58.31,23.53,0.0
101,2023,65,654.0,13.08,57.67,23.53,0.0
101,2023,65,655.0,13.09,64.35,23.52,0.0
101,2023,65,656.0,13.11,75.3,23.5,0.0
101,2023,65,657.0,13.15,87.0,23.51,0.0
101,2023,65,658.0,13.21,97.6,23.52,0.0
101,2023,65,659.0,13.23,115.2,23.59,0.0
101,2023,65,700.0,13.23,120.8,23.67,0.0
101,2023,65,701.0,13.23,123.7,23.72,0.0
101,2023,65,702.0,13.23,112.9,23.83,0.0
101,2023,65,703.0,13.23,103.1,23.82,0.0
101,2023,65,704.0,13.23,100.2,23.9,0.0
101,2023,65,705.0,13.23,104.1,23.87,0.0
101,2023,65,706.0,13.22,127.5,23.86,0.0
101,2023,65,707.0,13.22,155.3,23.91,0.0
101,2023,65,708.0,13.22,169.2,23.93,0.0
101,2023,65,709.0,13.22,147.8,23.95,0.0
101,2023,65,710.0,13.22,162.8,24.04,0.0
101,2023,65,711.0,13.22,212.2,24.14,0.0
101,2023,65,712.0,13.22,240.6,24.28,0.0
101,2023,65,713.0,13.22,246.3,24.3,0.0
101,2023,65,714.0,13.22,245.8,24.35,0.0
101,2023,65,715.0,13.22,226.8,24.34,0.0
101,2023,65,716.0,13.21,225.7,24.26,0.0
101,2023,65,717.0,13.21,183.9,24.36,0.0
101,2023,65,718.0,13.21,210.1,24.48,0.0
101,2023,65,719.0,13.21,282.8,24.45,0.0
101,2023,65,720.0,13.21,284.8,24.44,0.0
101,2023,65,721.0,13.21,275.2,24.53,0.0
101,2023,65,722.0,13.21,334.1,24.53,0.0
101,2023,65,723.0,13.21,328.0,24.59,0.0
101,2023,65,724.0,13.21,334.0,24.53,0.0
101,2023,65,725.0,13.2,310.9,24.62,0.0
101,2023,65,726.0,13.2,322.9,24.89,0.0
101,2023,65,727.0,13.2,332.0,25.02,0.0
101,2023,65,728.0,13.2,350.7,25.08,0.0
101,2023,65,729.0,13.2,373.5,25.06,0.0
101,2023,65,730.0,13.19,388.9,25.05,0.0
101,2023,65,731.0,13.19,416.4,25.22,0.0
101,2023,65,732.0,13.19,400.4,25.2,0.0
101,2023,65,733.0,13.19,375.9,25.29,0.0
101,2023,65,734.0,13.18,327.4,25.37,0.0
101,2023,65,735.0,13.18,276.8,25.32,0.0
101,2023,65,736.0,13.18,281.4,25.39,0.0
101,2023,65,737.0,13.18,310.8,25.45,0.0
101,2023,65,738.0,13.18,306.6,25.48,0.0
101,2023,65,739.0,13.18,241.7,25.49,0.0
101,2023,65,740.0,13.18,359.7,25.55,0.0
101,2023,65,741.0,13.17,320.1,25.58,0.0
101,2023,65,742.0,13.17,232.9,25.53,0.0
101,2023,65,743.0,13.17,213.2,25.52,0.0
101,2023,65,744.0,13.17,248.6,25.53,0.0
101,2023,65,745.0,13.18,240.0,25.6,0.0
101,2023,65,746.0,13.17,282.9,25.63,0.0
101,2023,65,747.0,13.17,290.4,25.67,0.0
101,2023,65,748.0,13.17,293.8,25.73,0.0
101,2023,65,749.0,13.17,280.9,25.75,0.0
101,2023,65,750.0,13.17,279.5,25.86,0.0
101,2023,65,751.0,13.17,376.6,25.98,0.0
101,2023,65,752.0,13.17,305.7,26.05,0.0
101,2023,65,753.0,13.17,278.1,26.08,0.0
101,2023,65,754.0,13.17,435.4,26.15,0.0
101,2023,65,755.0,13.17,482.5,26.24,0.0
101,2023,65,756.0,13.17,375.9,26.3,0.0
101,2023,65,757.0,13.16,330.5,26.38,0.0
101,2023,65,758.0,13.16,389.3,26.46,0.0
101,2023,65,759.0,13.16,517.8,26.52,0.0
101,2023,65,800.0,13.16,548.1,26.58,0.0
101,2023,65,801.0,13.15,575.3,26.79,0.0
101,2023,65,802.0,13.16,517.9,26.8,0.0
101,2023,65,803.0,13.15,363.1,26.76,0.0
101,2023,65,804.0,13.15,317.0,26.82,0.0
101,2023,65,805.0,13.15,326.2,26.77,0.0
101,2023,65,806.0,13.15,367.4,26.81,0.0
101,2023,65,807.0,13.15,477.6,26.88,0.0
101,2023,65,808.0,13.15,575.0,26.95,0.0
101,2023,65,809.0,13.15,569.4,27.05,0.0
101,2023,65,810.0,13.14,518.8,27.09,0.0
101,2023,65,811.0,13.14,369.8,27.19,0.0
101,2023,65,812.0,13.14,276.5,27.29,0.0
101,2023,65,813.0,13.14,432.7,27.37,0.0
101,2023,65,814.0,13.14,479.7,27.31,0.0
101,2023,65,815.0,13.14,419.0,27.3,0.0
101,2023,65,816.0,13.14,486.7,27.39,0.0
101,2023,65,817.0,13.14,490.1,27.49,0.0
101,2023,65,818.0,13.14,544.6,27.55,0.0
101,2023,65,819.0,13.14,543.0,27.62,0.0
101,2023,65,820.0,13.13,543.0,27.86,0.0
101,2023,65,821.0,13.13,746.0,27.85,0.0
101,2023,65,822.0,13.13,403.0,27.77,0.0
101,2023,65,823.0,13.13,606.8,27.76,0.0
101,2023,65,824.0,13.13,725.0,27.8,0.0
101,2023,65,825.0,13.13,693.5,27.81,0.0
101,2023,65,826.0,13.13,666.5,27.97,0.0
101,2023,65,827.0,13.12,654.8,27.98,0.0
101,2023,65,828.0,13.12,345.5,27.97,0.0
101,2023,65,829.0,13.12,386.7,27.82,0.0
101,2023,65,830.0,13.12,362.1,27.8,0.0
101,2023,65,831.0,13.12,295.6,27.87,0.0
101,2023,65,832.0,13.12,276.6,27.97,0.0
101,2023,65,833.0,13.12,242.7,27.94,0.0
101,2023,65,834.0,13.12,298.4,28.0,0.0
101,2023,65,835.0,13.12,629.8,27.92,0.0
101,2023,65,836.0,13.12,608.7,28.0,0.0
101,2023,65,837.0,13.12,815.0,28.05,0.0
101,2023,65,838.0,13.12,746.0,28.18,0.0
101,2023,65,839.0,13.12,542.1,28.26,0.0
101,2023,65,840.0,13.12,600.3,28.39,0.0
101,2023,65,841.0,13.12,332.7,28.4,0.0
101,2023,65,842.0,13.12,353.7,28.28,0.0
101,2023,65,843.0,13.12,441.0,28.26,0.0
101,2023,65,844.0,13.12,284.6,28.21,0.0
101,2023,65,845.0,13.12,263.4,28.08,0.0
101,2023,65,846.0,13.12,321.8,28.01,0.0
101,2023,65,847.0,13.12,417.1,27.96,0.0
101,2023,65,848.0,13.12,442.9,28.06,0.0
101,2023,65,849.0,13.12,359.7,28.21,0.0
101,2023,65,850.0,13.12,473.2,28.15,0.0
101,2023,65,851.0,13.12,337.6,28.19,0.0
101,2023,65,852.0,13.12,330.1,28.21,0.0
101,2023,65,853.0,13.12,331.6,28.32,0.0
101,2023,65,854.0,13.12,547.2,28.36,0.0
101,2023,65,855.0,13.12,933.0,28.48,0.0
101,2023,65,856.0,13.12,931.0,28.59,0.0
101,2023,65,857.0,13.12,745.0,28.67,0.0
101,2023,65,858.0,13.12,403.5,28.69,0.0
101,2023,65,859.0,13.11,637.3,28.67,0.0
101,2023,65,900.0,13.11,889.0,28.87,0.0
101,2023,65,901.0,13.11,874.0,29.12,0.0
101,2023,65,902.0,13.11,695.2,29.22,0.0
101,2023,65,903.0,13.11,360.4,29.01,0.0
101,2023,65,904.0,13.11,366.3,28.8,0.0
101,2023,65,905.0,13.11,353.8,28.66,0.0
101,2023,65,906.0,13.1,329.9,28.64,0.0
101,2023,65,907.0,13.1,333.7,28.68,0.0
101,2023,65,908.0,13.1,498.2,28.6,0.0
101,2023,65,909.0,13.1,637.0,28.5,0.0
101,2023,65,910.0,13.1,541.5,28.54,0.0
101,2023,65,911.0,13.1,304.0,28.61,0.0
101,2023,65,912.0,13.11,252.1,28.51,0.0
101,2023,65,913.0,13.11,239.7,28.49,0.0
101,2023,65,914.0,13.1,264.4,28.51,0.0
101,2023,65,915.0,13.1,317.7,28.47,0.0
101,2023,65,916.0,13.1,374.4,28.42,0.0
101,2023,65,917.0,13.11,364.6,28.41,0.0
101,2023,65,918.0,13.1,481.0,28.42,0.0
101,2023,65,919.0,13.1,509.5,28.49,0.0
101,2023,65,920.0,13.11,398.7,28.64,0.0
101,2023,65,921.0,13.11,336.5,28.67,0.0
101,2023,65,922.0,13.11,319.9,28.59,0.0
101,2023,65,923.0,13.11,354.8,28.41,0.0
101,2023,65,924.0,13.11,439.4,28.44,0.0
101,2023,65,925.0,13.11,638.2,28.45,0.0
101,2023,65,926.0,13.11,551.2,28.47,0.0
101,2023,65,927.0,13.11,515.8,28.66,0.0
101,2023,65,928.0,13.11,470.5,28.76,0.0
101,2023,65,929.0,13.11,496.3,28.83,0.0
101,2023,65,930.0,13.11,450.0,28.81,0.0
101,2023,65,931.0,13.11,494.0,28.86,0.0
101,2023,65,932.0,13.11,554.2,28.93,0.0
101,2023,65,933.0,13.11,553.5,28.97,0.0
101,2023,65,934.0,13.11,518.4,29.0,0.0
101,2023,65,935.0,13.1,422.3,28.97,0.0
101,2023,65,936.0,13.11,364.8,29.01,0.0
101,2023,65,937.0,13.1,345.9,28.98,0.0
101,2023,65,938.0,13.11,464.3,28.9,0.0
101,2023,65,939.0,13.11,632.2,28.85,0.0
101,2023,65,940.0,13.1,501.1,28.87,0.0
101,2023,65,941.0,13.11,537.2,28.94,0.0
101,2023,65,942.0,13.1,535.5,29.07,0.0
101,2023,65,943.0,13.11,504.9,29.15,0.0
101,2023,65,944.0,13.11,550.3,29.22,0.0
101,2023,65,945.0,13.11,577.3,29.24,0.0
101,2023,65,946.0,13.1,595.6,29.27,0.0
101,2023,65,947.0,13.1,591.0,29.33,0.0
101,2023,65,948.0,13.1,616.3,29.31,0.0
101,2023,65,949.0,13.11,642.3,29.4,0.0
101,2023,65,950.0,13.1,602.1,29.42,0.0
101,2023,65,951.0,13.1,595.0,29.66,0.0
101,2023,65,952.0,13.1,606.9,29.77,0.0
101,2023,65,953.0,13.1,606.4,29.86,0.0
101,2023,65,954.0,13.1,504.7,29.74,0.0
101,2023,65,955.0,13.1,435.4,29.65,0.0
101,2023,65,956.0,13.1,447.5,29.64,0.0
101,2023,65,957.0,13.1,484.0,29.64,0.0
101,2023,65,958.0,13.1,571.8,29.68,0.0
101,2023,65,959.0,13.1,512.6,29.59,0.0
101,2023,65,1000.0,13.1,452.2,29.59,0.0
101,2023,65,1001.0,13.1,407.4,29.64,0.0
101,2023,65,1002.0,13.1,420.7,29.67,0.0
101,2023,65,1003.0,13.1,426.2,29.53,0.0
101,2023,65,1004.0,13.1,423.7,29.43,0.0
101,2023,65,1005.0,13.1,467.4,29.47,0.0
101,2023,65,1006.0,13.1,552.9,29.58,0.0
101,2023,65,1007.0,13.1,523.9,29.65,0.0
101,2023,65,1008.0,13.1,440.9,29.56,0.0
101,2023,65,1009.0,13.1,441.3,29.57,0.0
101,2023,65,1010.0,13.1,398.5,29.67,0.0
101,2023,65,1011.0,13.1,368.6,29.75,0.0
101,2023,65,1012.0,13.1,360.7,29.81,0.0
101,2023,65,1013.0,13.1,380.8,29.75,0.0
101,2023,65,1014.0,13.1,499.9,29.67,0.0
101,2023,65,1015.0,13.1,601.0,29.59,0.0
101,2023,65,1016.0,13.1,565.7,29.63,0.0
101,2023,65,1017.0,13.09,468.3,29.82,0.0
101,2023,65,1018.0,13.09,330.5,29.81,0.0
101,2023,65,1019.0,13.1,286.9,29.82,0.0
101,2023,65,1020.0,13.1,266.9,29.76,0.0
101,2023,65,1021.0,13.1,252.3,29.62,0.0
101,2023,65,1022.0,13.1,257.4,29.68,0.0
101,2023,65,1023.0,13.1,278.6,29.72,0.0
101,2023,65,1024.0,13.1,314.5,29.58,0.0
101,2023,65,1025.0,13.1,477.1,29.44,0.0
101,2023,65,1026.0,13.1,422.1,29.48,0.0
101,2023,65,1027.0,13.1,602.4,29.55,0.0
101,2023,65,1028.0,13.1,539.3,29.59,0.0
101,2023,65,1029.0,13.1,410.7,29.59,0.0
101,2023,65,1030.0,13.1,440.1,29.66,0.0
101,2023,65,1031.0,13.1,568.6,29.68,0.0
101,2023,65,1032.0,13.1,645.7,29.86,0.0
101,2023,65,1033.0,13.1,690.2,30.04,0.0
101,2023,65,1034.0,13.1,798.0,30.09,0.0
101,2023,65,1035.0,13.1,1002.0,30.23,0.0
101,2023,65,1036.0,13.1,970.0,30.38,0.0
101,2023,65,1037.0,13.1,908.0,30.43,0.0
101,2023,65,1038.0,13.1,778.0,30.45,0.0
101,2023,65,1039.0,13.09,838.0,30.63,0.0
101,2023,65,1040.0,13.09,786.0,30.71,0.0
101,2023,65,1041.0,13.09,770.0,30.49,0.0
101,2023,65,1042.0,13.09,800.0,30.32,0.0
101,2023,65,1043.0,13.09,764.0,30.31,0.0
101,2023,65,1044.0,13.09,867.0,30.34,0.0
101,2023,65,1045.0,13.09,945.0,30.53,0.0
101,2023,65,1046.0,13.1,854.0,30.64,0.0
101,2023,65,1047.0,13.09,832.0,30.83,0.0
101,2023,65,1048.0,13.09,864.0,30.91,0.0
101,2023,65,1049.0,13.09,888.0,30.88,0.0
101,2023,65,1050.0,13.09,900.0,30.81,0.0
101,2023,65,1051.0,13.09,597.1,30.9,0.0
101,2023,65,1052.0,13.09,395.9,30.74,0.0
101,2023,65,1053.0,13.09,692.7,30.54,0.0
101,2023,65,1054.0,13.09,907.0,30.65,0.0
101,2023,65,1055.0,13.09,853.0,30.64,0.0
101,2023,65,1056.0,13.09,801.0,30.58,0.0
101,2023,65,1057.0,13.09,860.0,30.69,0.0
101,2023,65,1058.0,13.09,891.0,30.9,0.0
101,2023,65,1059.0,13.09,867.0,31.07,0.0
101,2023,65,1100.0,13.09,880.0,31.12,0.0
101,2023,65,1101.0,13.09,895.0,30.98,0.0
101,2023,65,1102.0,13.09,894.0,30.93,0.0
101,2023,65,1103.0,13.09,856.0,30.64,0.0
101,2023,65,1104.0,13.09,810.0,30.6,0.0
101,2023,65,1105.0,13.09,774.0,30.61,0.0
101,2023,65,1106.0,13.09,788.0,30.53,0.0
101,2023,65,1107.0,13.09,546.8,30.72,0.0
101,2023,65,1108.0,13.09,396.8,30.67,0.0
101,2023,65,1109.0,13.09,785.0,30.51,0.0
101,2023,65,1110.0,13.09,878.0,30.54,0.0
101,2023,65,1111.0,13.09,907.0,30.65,0.0
101,2023,65,1112.0,13.09,769.0,30.89,0.0
101,2023,65,1113.0,13.09,459.5,30.9,0.0
101,2023,65,1114.0,13.09,568.2,30.92,0.0
101,2023,65,1115.0,13.09,719.0,30.94,0.0
101,2023,65,1116.0,13.09,423.1,30.83,0.0
101,2023,65,1117.0,13.08,524.4,30.68,0.0
101,2023,65,1118.0,13.08,575.0,30.44,0.0
101,2023,65,1119.0,13.08,634.7,30.41,0.0
101,2023,65,1120.0,13.08,818.0,30.52,0.0
101,2023,65,1121.0,13.08,813.0,30.69,0.0
101,2023,65,1122.0,13.08,784.0,30.64,0.0
101,2023,65,1123.0,13.09,806.0,30.73,0.0
101,2023,65,1124.0,13.09,830.0,30.71,0.0
101,2023,65,1125.0,13.09,864.0,30.63,0.0
101,2023,65,1126.0,13.09,893.0,30.69,0.0
101,2023,65,1127.0,13.08,927.0,30.82,0.0
101,2023,65,1128.0,13.09,950.0,31.1,0.0
101,2023,65,1129.0,13.08,946.0,31.06,0.0
101,2023,65,1130.0,13.09,931.0,31.07,0.0
101,2023,65,1131.0,13.08,934.0,31.21,0.0
101,2023,65,1132.0,13.09,951.0,31.13,0.0
101,2023,65,1133.0,13.08,1013.0,31.24,0.0
101,2023,65,1134.0,13.08,879.0,31.29,0.0
101,2023,65,1135.0,13.08,453.8,31.48,0.0
101,2023,65,1136.0,13.08,757.0,31.24,0.0
101,2023,65,1137.0,13.08,911.0,30.82,0.0
101,2023,65,1138.0,13.08,914.0,30.88,0.0
101,2023,65,1139.0,13.08,909.0,31.05,0.0
101,2023,65,1140.0,13.08,675.1,31.12,0.0
101,2023,65,1141.0,13.08,922.0,31.38,0.0
101,2023,65,1142.0,13.08,974.0,31.2,0.0
101,2023,65,1143.0,13.08,541.7,31.0,0.0
101,2023,65,1144.0,13.08,754.0,31.21,0.0
101,2023,65,1145.0,13.08,961.0,31.05,0.0
101,2023,65,1146.0,13.08,938.0,30.92,0.0
101,2023,65,1147.0,13.08,907.0,31.01,0.0
101,2023,65,1148.0,13.08,840.0,31.29,0.0
101,2023,65,1149.0,13.08,761.0,31.23,0.0
101,2023,65,1150.0,13.09,850.0,31.11,0.0
101,2023,65,1151.0,13.08,925.0,30.98,0.0
101,2023,65,1152.0,13.08,959.0,30.84,0.0
101,2023,65,1153.0,13.08,1056.0,31.07,0.0
101,2023,65,1154.0,13.09,1050.0,31.02,0.0
101,2023,65,1155.0,13.08,381.8,31.24,0.0
101,2023,65,1156.0,13.08,324.9,31.02,0.0
101,2023,65,1157.0,13.08,305.4,30.73,0.0
101,2023,65,1158.0,13.08,772.0,30.66,0.0
101,2023,65,1159.0,13.08,1061.0,30.8,0.0
101,2023,65,1200.0,13.08,1064.0,31.08,0.0
101,2023,65,1201.0,13.08,1084.0,31.26,0.0
101,2023,65,1202.0,13.08,1105.0,31.28,0.0
101,2023,65,1203.0,13.09,443.3,31.54,0.0
101,2023,65,1204.0,13.08,383.6,31.39,0.0
101,2023,65,1205.0,13.08,550.9,31.1,0.0
101,2023,65,1206.0,13.08,713.0,30.98,0.0
101,2023,65,1207.0,13.08,1069.0,31.05,0.0
101,2023,65,1208.0,13.08,713.0,31.33,0.0
101,2023,65,1209.0,13.08,593.5,31.48,0.0
101,2023,65,1210.0,13.08,618.8,31.46,0.0
101,2023,65,1211.0,13.08,665.8,31.0,0.0
101,2023,65,1212.0,13.08,879.0,30.98,0.0
101,2023,65,1213.0,13.08,759.0,31.28,0.0
101,2023,65,1214.0,13.08,820.0,31.44,0.0
101,2023,65,1215.0,13.08,849.0,31.38,0.0
101,2023,65,1216.0,13.08,819.0,31.37,0.0
101,2023,65,1217.0,13.08,891.0,31.46,0.0
101,2023,65,1218.0,13.08,795.0,31.21,0.0
101,2023,65,1219.0,13.08,720.0,31.0,0.0
101,2023,65,1220.0,13.08,742.0,31.16,0.0
101,2023,65,1221.0,13.08,824.0,30.84,0.0
101,2023,65,1222.0,13.08,940.0,30.86,0.0
101,2023,65,1223.0,13.08,944.0,31.15,0.0
101,2023,65,1224.0,13.08,1018.0,31.25,0.0
101,2023,65,1225.0,13.08,1049.0,31.12,0.0
101,2023,65,1226.0,13.08,1060.0,31.1,0.0
101,2023,65,1227.0,13.08,1048.0,31.52,0.0
101,2023,65,1228.0,13.08,1004.0,31.79,0.0
101,2023,65,1229.0,13.08,903.0,31.42,0.0
101,2023,65,1230.0,13.08,868.0,31.36,0.0
101,2023,65,1231.0,13.08,691.5,31.24,0.0
101,2023,65,1232.0,13.08,672.2,31.15,0.0
101,2023,65,1233.0,13.08,686.7,31.13,0.0
101,2023,65,1234.0,13.08,602.6,31.2,0.0
101,2023,65,1235.0,13.08,618.3,31.21,0.0
101,2023,65,1236.0,13.08,473.1,31.44,0.0
101,2023,65,1237.0,13.08,422.3,31.47,0.0
101,2023,65,1238.0,13.08,919.0,31.27,0.0
101,2023,65,1239.0,13.08,945.0,31.42,0.0
101,2023,65,1240.0,13.08,946.0,31.79,0.0
101,2023,65,1241.0,13.08,971.0,31.74,0.0
101,2023,65,1242.0,13.08,989.0,31.85,0.0
101,2023,65,1243.0,13.08,994.0,32.08,0.0
101,2023,65,1244.0,13.08,992.0,32.28,0.0
101,2023,65,1245.0,13.08,963.0,32.2,0.0
101,2023,65,1246.0,13.08,1013.0,32.1,0.0
101,2023,65,1247.0,13.08,958.0,32.26,0.0
101,2023,65,1248.0,13.08,1015.0,32.31,0.0
101,2023,65,1249.0,13.08,912.0,32.5,0.0
101,2023,65,1250.0,13.07,798.0,32.19,0.0
101,2023,65,1251.0,13.08,955.0,31.79,0.0
101,2023,65,1252.0,13.08,993.0,31.87,0.0
101,2023,65,1253.0,13.08,430.9,32.19,0.0
101,2023,65,1254.0,13.08,480.4,32.12,0.0
101,2023,65,1255.0,13.07,833.0,31.8,0.0
101,2023,65,1256.0,13.07,610.7,31.8,0.0
101,2023,65,1257.0,13.08,407.9,31.8,0.0
101,2023,65,1258.0,13.07,418.7,31.73,0.0
101,2023,65,1259.0,13.08,533.8,31.54,0.0
101,2023,65,1300.0,13.07,498.7,31.66,0.0
101,2023,65,1301.0,13.07,534.4,31.73,0.0
101,2023,65,1302.0,13.08,519.4,31.52,0.0
101,2023,65,1303.0,13.07,496.5,31.38,0.0
101,2023,65,1304.0,13.07,489.8,31.46,0.0
101,2023,65,1305.0,13.07,505.8,31.32,0.0
101,2023,65,1306.0,13.07,604.0,31.16,0.0
101,2023,65,1307.0,13.08,529.5,31.2,0.0
101,2023,65,1308.0,13.08,718.0,31.1,0.0
101,2023,65,1309.0,13.08,754.0,31.22,0.0
101,2023,65,1310.0,13.08,817.0,31.4,0.0
101,2023,65,1311.0,13.07,916.0,31.26,0.0
101,2023,65,1312.0,13.08,854.0,31.17,0.0
101,2023,65,1313.0,13.08,752.0,31.25,0.0
101,2023,65,1314.0,13.07,919.0,31.12,0.0
101,2023,65,1315.0,13.08,958.0,31.16,0.0
101,2023,65,1316.0,13.08,985.0,31.39,0.0
101,2023,65,1317.0,13.08,971.0,31.62,0.0
101,2023,65,1318.0,13.07,948.0,31.64,0.0
101,2023,65,1319.0,13.07,835.0,31.7,0.0
101,2023,65,1320.0,13.08,671.3,31.49,0.0
101,2023,65,1321.0,13.08,831.0,31.42,0.0
101,2023,65,1322.0,13.08,974.0,31.42,0.0
101,2023,65,1323.0,13.08,948.0,31.53,0.0
101,2023,65,1324.0,13.07,883.0,31.57,0.0
101,2023,65,1325.0,13.08,691.9,31.42,0.0
101,2023,65,1326.0,13.08,512.8,31.29,0.0
101,2023,65,1327.0,13.08,406.3,31.14,0.0
101,2023,65,1328.0,13.08,399.7,31.02,0.0
101,2023,65,1329.0,13.07,362.7,31.03,0.0
101,2023,65,1330.0,13.08,347.3,31.13,0.0
101,2023,65,1331.0,13.08,334.6,31.11,0.0
101,2023,65,1332.0,13.08,398.3,31.07,0.0
101,2023,65,1333.0,13.07,523.5,30.99,0.0
101,2023,65,1334.0,13.08,620.5,31.04,0.0
101,2023,65,1335.0,13.08,566.4,30.87,0.0
101,2023,65,1336.0,13.08,629.5,30.81,0.0
101,2023,65,1337.0,13.08,616.2,30.83,0.0
101,2023,65,1338.0,13.08,615.4,30.9,0.0
101,2023,65,1339.0,13.08,860.0,31.06,0.0
101,2023,65,1340.0,13.08,953.0,31.05,0.0
101,2023,65,1341.0,13.08,886.0,31.29,0.0
101,2023,65,1342.0,13.08,832.0,31.57,0.0
101,2023,65,1343.0,13.08,669.2,31.74,0.0
101,2023,65,1344.0,13.08,481.1,31.38,0.0
101,2023,65,1345.0,13.08,353.0,31.29,0.0
101,2023,65,1346.0,13.08,560.4,31.09,0.0
101,2023,65,1347.0,13.08,662.5,31.18,0.0
101,2023,65,1348.0,13.08,758.0,31.07,0.0
101,2023,65,1349.0,13.08,894.0,31.13,0.0
101,2023,65,1350.0,13.08,904.0,31.16,0.0
101,2023,65,1351.0,13.08,890.0,31.37,0.0
101,2023,65,1352.0,13.08,885.0,31.52,0.0
101,2023,65,1353.0,13.08,874.0,31.55,0.0
101,2023,65,1354.0,13.07,862.0,31.39,0.0
101,2023,65,1355.0,13.08,855.0,31.61,0.0
101,2023,65,1356.0,13.08,703.0,31.63,0.0
101,2023,65,1357.0,13.08,747.0,31.73,0.0
101,2023,65,1358.0,13.08,807.0,31.64,0.0
101,2023,65,1359.0,13.08,780.0,31.45,0.0
101,2023,65,1400.0,13.08,791.0,31.39,0.0
101,2023,65,1401.0,13.07,781.0,31.36,0.0
101,2023,65,1402.0,13.08,758.0,31.31,0.0
101,2023,65,1403.0,13.08,743.0,31.38,0.0
101,2023,65,1404.0,13.08,749.0,31.51,0.0
101,2023,65,1405.0,13.08,755.0,31.82,0.0
101,2023,65,1406.0,13.08,752.0,31.83,0.0
101,2023,65,1407.0,13.07,752.0,31.63,0.0
101,2023,65,1408.0,13.07,741.0,31.39,0.0
101,2023,65,1409.0,13.08,732.0,31.28,0.0
101,2023,65,1410.0,13.08,722.0,31.13,0.0
101,2023,65,1411.0,13.08,718.0,31.18,0.0
101,2023,65,1412.0,13.08,710.0,31.4,0.0
101,2023,65,1413.0,13.08,710.0,31.47,0.0
101,2023,65,1414.0,13.08,710.0,31.19,0.0
101,2023,65,0.0,13.08,675.5,31.14,0.0
101,2023,65,1416.0,13.08,694.1,31.23,0.0
101,2023,65,1417.0,13.08,666.1,31.31,0.0
101,2023,65,1418.0,13.08,287.0,31.52,0.0
101,2023,65,1419.0,13.08,607.6,31.08,0.0
101,2023,65,1420.0,13.08,701.0,31.02,0.0
101,2023,65,1421.0,13.08,688.2,31.13,0.0
101,2023,65,1422.0,13.08,674.6,31.18,0.0
101,2023,65,1423.0,13.08,664.7,31.17,0.0
101,2023,65,1424.0,13.08,675.6,30.88,0.0
101,2023,65,1425.0,13.08,687.4,30.95,0.0
101,2023,65,1426.0,13.08,610.7,31.02,0.0
101,2023,65,1427.0,13.08,634.0,31.05,0.0
101,2023,65,1428.0,13.08,662.8,30.98,0.0
101,2023,65,1429.0,13.08,656.2,31.12,0.0
101,2023,65,1430.0,13.08,651.4,31.2,0.0
101,2023,65,1431.0,13.08,655.3,31.22,0.0
101,2023,65,1432.0,13.08,667.6,31.21,0.0
101,2023,65,1433.0,13.08,680.1,31.33,0.0
101,2023,65,1434.0,13.08,587.9,31.32,0.0
101,2023,65,1435.0,13.07,180.0,31.17,0.0
101,2023,65,1436.0,13.08,374.8,31.02,0.0
101,2023,65,1437.0,13.08,644.2,30.96,0.0
101,2023,65,1438.0,13.08,663.8,31.03,0.0
101,2023,65,1439.0,13.08,631.2,30.87,0.0
101,2023,65,1440.0,13.08,663.5,30.79,0.0
101,2023,65,1441.0,13.08,257.9,30.81,0.0
101,2023,65,1442.0,13.08,231.7,30.81,0.0
101,2023,65,1443.0,13.08,357.6,30.6,0.0
101,2023,65,1444.0,13.08,421.2,30.61,0.0
101,2023,65,1445.0,13.08,412.5,30.66,0.0
101,2023,65,1446.0,13.08,617.1,30.35,0.0
101,2023,65,1447.0,13.08,617.7,30.4,0.0
101,2023,65,1448.0,13.08,604.5,30.59,0.0
101,2023,65,1449.0,13.08,581.7,30.74,0.0
101,2023,65,1450.0,13.08,593.6,30.6,0.0
101,2023,65,1451.0,13.08,591.1,30.74,0.0
101,2023,65,1452.0,13.08,592.0,30.68,0.0
101,2023,65,1453.0,13.08,589.6,30.64,0.0
101,2023,65,1454.0,13.07,585.6,30.58,0.0
101,2023,65,1455.0,13.08,582.5,30.71,0.0
101,2023,65,1456.0,13.07,577.8,30.64,0.0
101,2023,65,1457.0,13.07,572.2,30.45,0.0
101,2023,65,1458.0,13.07,540.0,30.51,0.0
101,2023,65,1459.0,13.07,508.9,30.42,0.0
101,2023,65,1500.0,13.07,575.0,30.57,0.0
101,2023,65,1501.0,13.07,414.6,30.49,0.0
101,2023,65,1502.0,13.07,420.5,30.33,0.0
101,2023,65,1503.0,13.07,476.4,30.32,0.0
101,2023,65,1504.0,13.07,535.6,30.36,0.0
101,2023,65,1505.0,13.07,527.7,30.39,0.0
101,2023,65,1506.0,13.07,525.1,30.26,0.0
101,2023,65,1507.0,13.07,525.3,30.27,0.0
101,2023,65,1508.0,13.08,522.6,30.33,0.0
101,2023,65,1509.0,13.07,519.5,30.48,0.0
101,2023,65,1510.0,13.07,469.9,30.53,0.0
101,2023,65,1511.0,13.07,514.3,30.44,0.0
101,2023,65,1512.0,13.07,517.4,30.22,0.0
101,2023,65,1513.0,13.07,519.7,30.34,0.0
101,2023,65,1514.0,13.07,527.1,30.4,0.0
101,2023,65,1515.0,13.07,543.2,30.42,0.0
101,2023,65,1516.0,13.07,571.5,30.38,0.0
101,2023,65,1517.0,13.07,599.2,30.26,0.0
101,2023,65,1518.0,13.07,583.0,30.47,0.0
101,2023,65,1519.0,13.08,417.6,30.46,0.0
101,2023,65,1520.0,13.07,196.4,30.4,0.0
101,2023,65,1521.0,13.07,166.5,30.01,0.0
101,2023,65,1522.0,13.07,167.8,29.59,0.0
101,2023,65,1523.0,13.08,291.4,29.4,0.0
101,2023,65,1524.0,13.07,440.3,29.47,0.0
101,2023,65,1525.0,13.08,478.9,29.45,0.0
101,2023,65,1526.0,13.08,487.0,29.47,0.0
101,2023,65,1527.0,13.08,480.1,29.43,0.0
101,2023,65,1528.0,13.08,475.4,29.44,0.0
101,2023,65,1529.0,13.08,474.0,29.46,0.0
101,2023,65,1530.0,13.08,458.3,29.42,0.0
101,2023,65,1531.0,13.08,438.7,29.45,0.0
101,2023,65,1532.0,13.08,444.0,29.44,0.0
101,2023,65,1533.0,13.08,454.9,29.48,0.0
101,2023,65,1534.0,13.08,455.2,29.73,0.0
101,2023,65,1535.0,13.08,460.3,29.63,0.0
101,2023,65,1536.0,13.08,462.6,29.68,0.0
101,2023,65,1537.0,13.08,442.9,29.94,0.0
101,2023,65,1538.0,13.08,410.7,29.98,0.0
101,2023,65,1539.0,13.08,449.9,30.02,0.0
101,2023,65,1540.0,13.08,464.5,30.11,0.0
101,2023,65,1541.0,13.08,360.2,29.99,0.0
101,2023,65,1542.0,13.08,229.3,29.97,0.0
101,2023,65,1543.0,13.08,231.4,29.99,0.0
101,2023,65,1544.0,13.08,435.9,29.85,0.0
101,2023,65,1545.0,13.08,448.2,29.86,0.0
101,2023,65,1546.0,13.08,441.8,29.84,0.0
101,2023,65,1547.0,13.08,421.9,29.79,0.0
101,2023,65,1548.0,13.08,320.7,29.85,0.0
101,2023,65,1549.0,13.08,221.0,29.65,0.0
101,2023,65,1550.0,13.08,176.7,29.41,0.0
101,2023,65,1551.0,13.08,182.9,29.22,0.0
101,2023,65,1552.0,13.08,281.2,29.12,0.0
101,2023,65,1553.0,13.08,419.7,29.16,0.0
101,2023,65,1554.0,13.08,409.3,29.36,0.0
101,2023,65,1555.0,13.08,400.1,29.53,0.0
101,2023,65,1556.0,13.08,400.8,29.55,0.0
101,2023,65,1557.0,13.08,403.0,29.68,0.0
101,2023,65,1558.0,13.08,416.9,29.71,0.0
101,2023,65,1559.0,13.08,427.5,29.55,0.0
101,2023,65,1600.0,13.08,435.6,29.51,0.0
101,2023,65,1601.0,13.08,410.3,29.53,0.0
101,2023,65,1602.0,13.08,279.1,29.55,0.0
101,2023,65,1603.0,13.08,192.7,29.58,0.0
101,2023,65,1604.0,13.08,163.5,29.49,0.0
101,2023,65,1605.0,13.08,153.3,29.39,0.0
101,2023,65,1606.0,13.08,152.4,29.24,0.0
101,2023,65,1607.0,13.08,157.0,29.1,0.0
101,2023,65,1608.0,13.09,161.2,29.05,0.0
101,2023,65,1609.0,13.08,165.9,28.93,0.0
101,2023,65,1610.0,13.08,178.5,28.91,0.0
101,2023,65,1611.0,13.09,188.7,28.88,0.0
101,2023,65,1612.0,13.09,230.6,28.89,0.0
101,2023,65,1613.0,13.09,262.0,28.87,0.0
101,2023,65,1614.0,13.09,255.7,28.92,0.0
101,2023,65,1615.0,13.09,244.2,28.9,0.0
101,2023,65,1616.0,13.09,266.8,28.91,0.0
101,2023,65,1617.0,13.09,302.3,28.9,0.0
101,2023,65,1618.0,13.09,326.8,28.96,0.0
101,2023,65,1619.0,13.09,319.0,28.97,0.0
101,2023,65,1620.0,13.09,312.7,29.01,0.0
101,2023,65,1621.0,13.09,303.6,29.1,0.0
101,2023,65,1622.0,13.09,326.1,29.12,0.0
101,2023,65,1623.0,13.09,318.4,28.98,0.0
101,2023,65,1624.0,13.09,315.5,28.89,0.0
101,2023,65,1625.0,13.09,315.7,28.95,0.0
101,2023,65,1626.0,13.09,291.3,28.97,0.0
101,2023,65,1627.0,13.08,177.8,28.98,0.0
101,2023,65,1628.0,13.08,189.5,28.92,0.0
101,2023,65,1629.0,13.07,184.1,28.9,0.0
101,2023,65,1630.0,13.06,166.9,28.8,0.0
101,2023,65,1631.0,13.06,184.9,28.69,0.0
101,2023,65,1632.0,13.06,191.9,28.64,0.0
101,2023,65,1633.0,13.07,249.0,28.66,0.0
101,2023,65,1634.0,13.07,251.0,28.63,0.0
101,2023,65,1635.0,13.07,260.2,28.66,0.0
101,2023,65,1636.0,13.07,267.0,28.63,0.0
101,2023,65,1637.0,13.06,249.8,28.67,0.0
101,2023,65,1638.0,13.06,223.3,28.68,0.0
101,2023,65,1639.0,13.05,204.8,28.62,0.0
101,2023,65,1640.0,13.04,205.4,28.59,0.0
101,2023,65,1641.0,13.04,204.3,28.66,0.0
101,2023,65,1642.0,13.04,204.9,28.55,0.0
101,2023,65,1643.0,13.03,192.0,28.44,0.0
101,2023,65,1644.0,13.02,173.5,28.43,0.0
101,2023,65,1645.0,13.02,183.2,28.42,0.0
101,2023,65,1646.0,13.01,184.3,28.39,0.0
101,2023,65,1647.0,13.01,174.7,28.41,0.0
101,2023,65,1648.0,13.01,196.7,28.39,0.0
101,2023,65,1649.0,13.01,202.2,28.39,0.0
101,2023,65,1650.0,13.01,199.1,28.39,0.0
101,2023,65,1651.0,13.01,188.4,28.37,0.0
101,2023,65,1652.0,13.0,161.3,28.32,0.0
101,2023,65,1653.0,12.99,136.0,28.36,0.0
101,2023,65,1654.0,12.99,135.9,28.34,0.0
101,2023,65,1655.0,12.98,121.4,28.32,0.0
101,2023,65,1656.0,12.97,95.5,28.27,0.0
101,2023,65,1657.0,12.96,74.1,28.23,0.0
101,2023,65,1658.0,12.95,66.75,28.16,0.0
101,2023,65,1659.0,12.94,62.92,28.1,0.0
101,2023,65,1700.0,12.93,59.68,28.01,0.0
101,2023,65,1701.0,12.92,57.71,27.96,0.0
101,2023,65,1702.0,12.92,56.58,27.9,0.0
101,2023,65,1703.0,12.91,54.44,27.83,0.0
101,2023,65,1704.0,12.9,52.64,27.77,0.0
101,2023,65,1705.0,12.9,52.89,27.73,0.0
101,2023,65,1706.0,12.89,60.41,27.7,0.0
101,2023,65,1707.0,12.89,72.1,27.67,0.0
101,2023,65,1708.0,12.89,85.7,27.65,0.0
101,2023,65,1709.0,12.89,78.7,27.63,0.0
101,2023,65,1710.0,12.88,59.23,27.59,0.0
101,2023,65,1711.0,12.88,57.91,27.57,0.0
101,2023,65,1712.0,12.87,64.05,27.55,0.0
101,2023,65,1713.0,12.87,53.9,27.53,0.0
101,2023,65,1714.0,12.86,45.0,27.51,0.0
101,2023,65,1715.0,12.85,42.63,27.49,0.0
101,2023,65,1716.0,12.85,42.91,27.46,0.0
101,2023,65,1717.0,12.85,42.8,27.44,0.0
101,2023,65,1718.0,12.84,51.85,27.42,0.0
101,2023,65,1719.0,12.84,64.02,27.39,0.0
101,2023,65,1720.0,12.84,65.01,27.38,0.0
101,2023,65,1721.0,12.84,60.44,27.38,0.0
101,2023,65,1722.0,12.83,50.33,27.36,0.0
101,2023,65,1723.0,12.83,44.77,27.33,0.0
101,2023,65,1724.0,12.82,44.61,27.32,0.0
101,2023,65,1725.0,12.82,42.18,27.29,0.0
101,2023,65,1726.0,12.82,39.51,27.27,0.0
101,2023,65,1727.0,12.81,33.05,27.25,0.0
101,2023,65,1728.0,12.81,25.13,27.22,0.0
101,2023,65,1729.0,12.81,20.51,27.18,0.0
101,2023,65,1730.0,12.8,17.78,27.16,0.0
101,2023,65,1731.0,12.8,15.78,27.16,0.0
101,2023,65,1732.0,12.8,14.2,27.13,0.0
101,2023,65,1733.0,12.8,12.79,27.09,0.0
101,2023,65,1734.0,12.79,11.61,27.04,0.0
101,2023,65,1735.0,12.79,10.48,27.01,0.0
101,2023,65,1736.0,12.79,9.33,27.0,0.0
101,2023,65,1737.0,12.79,8.43,26.98,0.0
101,2023,65,1738.0,12.79,7.52,26.95,0.0
101,2023,65,1739.0,12.79,6.961,26.94,0.0
101,2023,65,1740.0,12.79,6.369,26.93,0.0
101,2023,65,1741.0,12.79,5.664,26.91,0.0
101,2023,65,1742.0,12.78,4.932,26.88,0.0
101,2023,65,1743.0,12.78,4.283,26.86,0.0
101,2023,65,1744.0,12.78,3.833,26.86,0.0
101,2023,65,1745.0,12.78,3.635,26.84,0.0
101,2023,65,1746.0,12.78,3.382,26.82,0.0
101,2023,65,1747.0,12.77,3.438,26.8,0.0
101,2023,65,1748.0,12.77,3.354,26.78,0.0
101,2023,65,1749.0,12.77,3.015,26.74,0.0
101,2023,65,1750.0,12.77,2.452,26.71,0.0
101,2023,65,1751.0,12.77,1.775,26.7,0.0
101,2023,65,1752.0,12.77,1.409,26.68,0.0
101,2023,65,1753.0,12.77,1.015,26.67,0.0
101,2023,65,1754.0,12.76,1.015,26.64,0.0
101,2023,65,1755.0,12.76,0.0,26.63,0.0
101,2023,65,1756.0,12.76,0.0,26.61,0.0
101,2023,65,1757.0,12.76,0.0,26.59,0.0
101,2023,65,1758.0,12.76,0.0,26.56,0.0
101,2023,65,1759.0,12.76,0.0,26.56,0.0
101,2023,65,1800.0,12.76,0.0,26.54,0.0
101,2023,65,1801.0,12.76,0.0,26.51,0.0
101,2023,65,1802.0,12.76,0.0,26.51,0.0
101,2023,65,1803.0,12.76,0.0,26.48,0.0
101,2023,65,1804.0,12.76,0.0,26.48,0.0
101,2023,65,1805.0,12.75,0.0,26.47,0.0
101,2023,65,1806.0,12.75,0.0,26.46,0.0
101,2023,65,1807.0,12.75,0.0,26.44,0.0
101,2023,65,1808.0,12.75,0.0,26.41,0.0
101,2023,65,1809.0,12.75,0.0,26.38,0.0
101,2023,65,1810.0,12.75,0.0,26.37,0.0
101,2023,65,1811.0,12.75,0.0,26.36,0.0
101,2023,65,1812.0,12.75,0.0,26.34,0.0
101,2023,65,1813.0,12.75,0.0,26.3,0.0
101,2023,65,1814.0,12.74,0.0,26.28,0.0
101,2023,65,1815.0,12.74,0.0,26.26,0.0
101,2023,65,1816.0,12.74,0.0,26.24,0.0
101,2023,65,1817.0,12.74,0.0,26.23,0.0
101,2023,65,1818.0,12.74,0.0,26.22,0.0
101,2023,65,1819.0,12.74,0.0,26.21,0.0
101,2023,65,1820.0,12.74,0.0,26.19,0.0
101,2023,65,1821.0,12.74,0.0,26.2,0.0
101,2023,65,1822.0,12.74,0.0,26.2,0.0
101,2023,65,1823.0,12.74,0.0,26.18,0.0
101,2023,65,1824.0,12.74,0.0,26.15,0.0
101,2023,65,1825.0,12.73,0.0,26.14,0.0
101,2023,65,1826.0,12.73,0.0,26.13,0.0
101,2023,65,1827.0,12.73,0.0,26.11,0.0
101,2023,65,1828.0,12.73,0.0,26.09,0.0
101,2023,65,1829.0,12.73,0.0,26.08,0.0
101,2023,65,1830.0,12.73,0.0,26.06,0.0
101,2023,65,1831.0,12.73,0.0,26.03,0.0
101,2023,65,1832.0,12.73,0.0,26.0,0.0
101,2023,65,1833.0,12.73,0.0,25.98,0.0
101,2023,65,1834.0,12.73,0.0,25.98,0.0
101,2023,65,1835.0,12.73,0.0,25.96,0.0
101,2023,65,1836.0,12.72,0.0,25.94,0.0
101,2023,65,1837.0,12.72,0.0,25.92,0.0
101,2023,65,1838.0,12.73,0.0,25.91,0.0
101,2023,65,1839.0,12.72,0.0,25.88,0.0
101,2023,65,1840.0,12.72,0.0,25.86,0.0
101,2023,65,1841.0,12.72,0.0,25.84,0.0
101,2023,65,1842.0,12.72,0.0,25.83,0.0
101,2023,65,1843.0,12.72,0.0,25.81,0.0
101,2023,65,1844.0,12.72,0.0,25.8,0.0
101,2023,65,1845.0,12.72,0.0,25.77,0.0
101,2023,65,1846.0,12.72,0.0,25.75,0.0
101,2023,65,1847.0,12.71,0.0,25.74,0.0
101,2023,65,1848.0,12.72,0.0,25.72,0.0
101,2023,65,1849.0,12.72,0.0,25.7,0.0
101,2023,65,1850.0,12.72,0.0,25.69,0.0
101,2023,65,1851.0,12.71,0.0,25.69,0.0
101,2023,65,1852.0,12.72,0.0,25.68,0.0
101,2023,65,1853.0,12.71,0.0,25.66,0.0
101,2023,65,1854.0,12.71,0.0,25.65,0.0
101,2023,65,1855.0,12.71,0.0,25.63,0.0
101,2023,65,1856.0,12.71,0.0,25.62,0.0
101,2023,65,1857.0,12.71,0.0,25.61,0.0
101,2023,65,1858.0,12.71,0.0,25.6,0.0
101,2023,65,1859.0,12.71,0.0,25.59,0.0
101,2023,65,1900.0,12.71,0.0,25.6,0.0
101,2023,65,1901.0,12.71,0.0,25.59,0.0
101,2023,65,1902.0,12.7,0.0,25.59,0.0
101,2023,65,1903.0,12.71,0.0,25.59,0.0
101,2023,65,1904.0,12.71,0.0,25.57,0.0
101,2023,65,1905.0,12.71,0.0,25.57,0.0
101,2023,65,1906.0,12.71,0.0,25.56,0.0
101,2023,65,1907.0,12.7,0.0,25.55,0.0
101,2023,65,1908.0,12.7,0.0,25.53,0.0
101,2023,65,1909.0,12.7,0.0,25.51,0.0
101,2023,65,1910.0,12.7,0.0,25.49,0.0
101,2023,65,1911.0,12.7,0.0,25.46,0.0
101,2023,65,1912.0,12.7,0.0,25.41,0.0
101,2023,65,1913.0,12.7,0.0,25.4,0.0
101,2023,65,1914.0,12.7,0.0,25.4,0.0
101,2023,65,1915.0,12.7,0.0,25.39,0.0
101,2023,65,1916.0,12.7,0.0,25.38,0.0
101,2023,65,1917.0,12.7,0.0,25.37,0.0
101,2023,65,1918.0,12.7,0.0,25.34,0.0
101,2023,65,1919.0,12.7,0.0,25.32,0.0
101,2023,65,1920.0,12.7,0.0,25.3,0.0
101,2023,65,1921.0,12.7,0.0,25.28,0.0
101,2023,65,1922.0,12.7,0.0,25.28,0.0
101,2023,65,1923.0,12.7,0.0,25.28,0.0
101,2023,65,1924.0,12.7,0.0,25.28,0.0
101,2023,65,1925.0,12.69,0.0,25.28,0.0
101,2023,65,1926.0,12.7,0.0,25.28,0.0
101,2023,65,1927.0,12.69,0.0,25.28,0.0
101,2023,65,1928.0,12.69,0.0,25.27,0.0
101,2023,65,1929.0,12.69,0.0,25.27,0.0
101,2023,65,1930.0,12.69,0.0,25.27,0.0
101,2023,65,1931.0,12.69,0.0,25.28,0.0
101,2023,65,1932.0,12.69,0.0,25.28,0.0
101,2023,65,1933.0,12.69,0.0,25.28,0.0
101,2023,65,1934.0,12.69,0.0,25.28,0.0
101,2023,65,1935.0,12.69,0.0,25.25,0.0
101,2023,65,1936.0,12.69,0.0,25.25,0.0
101,2023,65,1937.0,12.69,0.0,25.23,0.0
101,2023,65,1938.0,12.69,0.0,25.22,0.0
101,2023,65,1939.0,12.68,0.0,25.2,0.0
101,2023,65,1940.0,12.68,0.0,25.17,0.0
101,2023,65,1941.0,12.69,0.0,25.17,0.0
101,2023,65,1942.0,12.68,0.0,25.14,0.0
101,2023,65,1943.0,12.69,0.0,25.12,0.0
101,2023,65,1944.0,12.68,0.0,25.09,0.0
101,2023,65,1945.0,12.68,0.0,25.09,0.0
101,2023,65,1946.0,12.69,0.0,25.09,0.0
101,2023,65,1947.0,12.68,0.0,25.09,0.0
101,2023,65,1948.0,12.68,0.0,25.07,0.0
101,2023,65,1949.0,12.68,0.0,25.06,0.0
101,2023,65,1950.0,12.68,0.0,25.05,0.0
101,2023,65,1951.0,12.68,0.0,25.04,0.0
101,2023,65,1952.0,12.68,0.0,25.04,0.0
101,2023,65,1953.0,12.68,0.0,25.02,0.0
101,2023,65,1954.0,12.68,0.0,24.98,0.0
101,2023,65,1955.0,12.68,0.0,24.97,0.0
101,2023,65,1956.0,12.68,0.0,24.96,0.0
101,2023,65,1957.0,12.68,0.0,24.96,0.0
101,2023,65,1958.0,12.68,0.0,24.95,0.0
101,2023,65,1959.0,12.68,0.0,24.94,0.0
101,2023,65,2000.0,12.68,0.0,24.91,0.0
101,2023,65,2001.0,12.68,0.0,24.9,0.0
101,2023,65,2002.0,12.68,0.0,24.89,0.0
101,2023,65,2003.0,12.68,0.0,24.87,0.0
101,2023,65,2004.0,12.68,0.0,24.86,0.0
101,2023,65,2005.0,12.68,0.0,24.85,0.0
101,2023,65,2006.0,12.67,0.0,24.85,0.0
101,2023,65,2007.0,12.67,0.0,24.84,0.0
101,2023,65,2008.0,12.67,0.0,24.84,0.0
101,2023,65,2009.0,12.67,0.0,24.83,0.0
101,2023,65,2010.0,12.67,0.0,24.84,0.0
101,2023,65,2011.0,12.67,0.0,24.83,0.0
101,2023,65,2012.0,12.67,0.0,24.84,0.0
101,2023,65,2013.0,12.67,0.0,24.85,0.0
101,2023,65,2014.0,12.67,0.0,24.83,0.0
101,2023,65,2015.0,12.67,0.0,24.83,0.0
101,2023,65,2016.0,12.67,0.0,24.82,0.0
101,2023,65,2017.0,12.67,0.0,24.83,0.0
101,2023,65,2018.0,12.67,0.0,24.82,0.0
101,2023,65,2019.0,12.67,0.0,24.81,0.0
101,2023,65,2020.0,12.67,0.0,24.81,0.0
101,2023,65,2021.0,12.67,0.0,24.8,0.0
101,2023,65,2022.0,12.67,0.0,24.8,0.0
101,2023,65,2023.0,12.66,0.0,24.81,0.0
101,2023,65,2024.0,12.67,0.0,24.79,0.0
101,2023,65,2025.0,12.67,0.0,24.78,0.0
101,2023,65,2026.0,12.67,0.0,24.77,0.0
101,2023,65,2027.0,12.66,0.0,24.76,0.0
101,2023,65,2028.0,12.67,0.0,24.75,0.0
101,2023,65,2029.0,12.66,0.0,24.74,0.0
101,2023,65,2030.0,12.67,0.0,24.71,0.0
101,2023,65,2031.0,12.66,0.0,24.7,0.0
101,2023,65,2032.0,12.66,0.0,24.7,0.0
101,2023,65,2033.0,12.66,0.0,24.71,0.0
101,2023,65,2034.0,12.66,0.0,24.71,0.0
101,2023,65,2035.0,12.66,0.0,24.7,0.0
101,2023,65,2036.0,12.66,0.0,24.7,0.0
101,2023,65,2037.0,12.66,0.0,24.72,0.0
101,2023,65,2038.0,12.66,0.0,24.72,0.0
101,2023,65,2039.0,12.66,0.0,24.73,0.0
101,2023,65,2040.0,12.66,0.0,24.74,0.0
101,2023,65,2041.0,12.66,0.0,24.76,0.0
101,2023,65,2042.0,12.66,0.0,24.77,0.0
101,2023,65,2043.0,12.66,0.0,24.78,0.0
101,2023,65,2044.0,12.66,0.0,24.79,0.0
101,2023,65,2045.0,12.66,0.0,24.78,0.0
101,2023,65,2046.0,12.66,0.0,24.79,0.0
101,2023,65,2047.0,12.66,0.0,24.8,0.0
101,2023,65,2048.0,12.66,0.0,24.81,0.0
101,2023,65,2049.0,12.65,0.0,24.8,0.0
101,2023,65,2050.0,12.66,0.0,24.78,0.0
101,2023,65,2051.0,12.66,0.0,24.79,0.0
101,2023,65,2052.0,12.65,0.0,24.79,0.0
101,2023,65,2053.0,12.65,0.0,24.78,0.0
101,2023,65,2054.0,12.65,0.0,24.77,0.0
101,2023,65,2055.0,12.65,0.0,24.78,0.0
101,2023,65,2056.0,12.65,0.0,24.79,0.0
101,2023,65,2057.0,12.65,0.0,24.79,0.0
101,2023,65,2058.0,12.65,0.0,24.79,0.0
101,2023,65,2059.0,12.65,0.0,24.81,0.0
101,2023,65,2100.0,12.65,0.0,24.82,0.0
101,2023,65,2101.0,12.65,0.0,24.81,0.0
101,2023,65,2102.0,12.65,0.0,24.81,0.0
101,2023,65,2103.0,12.65,0.0,24.82,0.0
101,2023,65,2104.0,12.65,0.0,24.85,0.0
101,2023,65,2105.0,12.65,0.0,24.87,0.0
101,2023,65,2106.0,12.65,0.0,24.89,0.0
101,2023,65,2107.0,12.65,0.0,24.88,0.0
101,2023,65,2108.0,12.65,0.0,24.87,0.0
101,2023,65,2109.0,12.64,0.0,24.86,0.0
101,2023,65,2110.0,12.65,0.0,24.85,0.0
101,2023,65,2111.0,12.65,0.0,24.84,0.0
101,2023,65,2112.0,12.65,0.0,24.83,0.0
101,2023,65,2113.0,12.65,0.0,24.82,0.0
101,2023,65,2114.0,12.65,0.0,24.8,0.0
101,2023,65,2115.0,12.65,0.0,24.79,0.0
101,2023,65,2116.0,12.65,0.0,24.79,0.0
101,2023,65,2117.0,12.64,0.0,24.78,0.0
101,2023,65,2118.0,12.64,0.0,24.77,0.0
101,2023,65,2119.0,12.65,0.0,24.76,0.0
101,2023,65,2120.0,12.65,0.0,24.76,0.0
101,2023,65,2121.0,12.64,0.0,24.76,0.0
101,2023,65,2122.0,12.64,0.0,24.74,0.0
101,2023,65,2123.0,12.64,0.0,24.71,0.0
101,2023,65,2124.0,12.64,0.0,24.7,0.0
101,2023,65,2125.0,12.64,0.0,24.69,0.0
101,2023,65,2126.0,12.64,0.0,24.68,0.0
101,2023,65,2127.0,12.64,0.0,24.68,0.0
101,2023,65,2128.0,12.64,0.0,24.68,0.0
101,2023,65,2129.0,12.64,0.0,24.68,0.0
101,2023,65,2130.0,12.64,0.0,24.68,0.0
101,2023,65,2131.0,12.64,0.0,24.68,0.0
101,2023,65,2132.0,12.64,0.0,24.66,0.0
101,2023,65,2133.0,12.64,0.0,24.66,0.0
101,2023,65,2134.0,12.63,0.0,24.64,0.0
101,2023,65,2135.0,12.64,0.0,24.63,0.0
101,2023,65,2136.0,12.64,0.0,24.63,0.0
101,2023,65,2137.0,12.64,0.0,24.61,0.0
101,2023,65,2138.0,12.64,0.0,24.61,0.0
101,2023,65,2139.0,12.63,0.0,24.6,0.0
101,2023,65,2140.0,12.63,0.0,24.58,0.0
101,2023,65,2141.0,12.63,0.0,24.56,0.0
101,2023,65,2142.0,12.63,0.0,24.56,0.0
101,2023,65,2143.0,12.63,0.0,24.55,0.0
101,2023,65,2144.0,12.63,0.0,24.52,0.0
101,2023,65,2145.0,12.63,0.0,24.5,0.0
101,2023,65,2146.0,12.63,0.0,24.48,0.0
101,2023,65,2147.0,12.63,0.0,24.48,0.0
101,2023,65,2148.0,12.63,0.0,24.46,0.0
101,2023,65,2149.0,12.63,0.0,24.45,0.0
101,2023,65,2150.0,12.63,0.0,24.42,0.0
101,2023,65,2151.0,12.63,0.0,24.4,0.0
101,2023,65,2152.0,12.63,0.0,24.38,0.0
101,2023,65,2153.0,12.62,0.0,24.35,0.0
101,2023,65,2154.0,12.63,0.0,24.35,0.0
101,2023,65,2155.0,12.63,0.0,24.33,0.0
101,2023,65,2156.0,12.63,0.0,24.31,0.0
101,2023,65,2157.0,12.63,0.0,24.32,0.0
101,2023,65,2158.0,12.62,0.0,24.32,0.0
101,2023,65,2159.0,12.62,0.0,24.3,0.0
101,2023,65,2200.0,12.62,0.0,24.3,0.0
101,2023,65,2201.0,12.62,0.0,24.27,0.0
101,2023,65,2202.0,12.62,0.0,24.27,0.0
101,2023,65,2203.0,12.62,0.0,24.26,0.0
101,2023,65,2204.0,12.62,0.0,24.25,0.0
101,2023,65,2205.0,12.62,0.0,24.27,0.0
101,2023,65,2206.0,12.62,0.0,24.27,0.0
101,2023,65,2207.0,12.62,0.0,24.27,0.0
101,2023,65,2208.0,12.62,0.0,24.26,0.0
101,2023,65,2209.0,12.62,0.0,24.27,0.0
101,2023,65,2210.0,12.62,0.0,24.26,0.0
101,2023,65,2211.0,12.62,0.0,24.25,0.0
101,2023,65,2212.0,12.62,0.0,24.25,0.0
101,2023,65,2213.0,12.62,0.0,24.25,0.0
101,2023,65,2214.0,12.62,0.0,24.24,0.0
101,2023,65,2215.0,12.61,0.0,24.23,0.0
101,2023,65,2216.0,12.62,0.0,24.23,0.0
101,2023,65,2217.0,12.61,0.0,24.22,0.0
101,2023,65,2218.0,12.61,0.0,24.18,0.0
101,2023,65,2219.0,12.61,0.0,24.12,0.0
101,2023,65,2220.0,12.61,0.0,24.07,0.0
101,2023,65,2221.0,12.61,0.0,24.02,0.0
101,2023,65,2222.0,12.61,0.0,24.0,0.0
101,2023,65,2223.0,12.61,0.0,23.98,0.0
101,2023,65,2224.0,12.61,0.0,23.97,0.0
101,2023,65,2225.0,12.61,0.0,23.95,0.0
101,2023,65,2226.0,12.61,0.0,23.94,0.0
101,2023,65,2227.0,12.61,0.0,23.92,0.0
101,2023,65,2228.0,12.61,0.0,23.9,0.0
101,2023,65,2229.0,12.61,0.0,23.89,0.0
101,2023,65,2230.0,12.61,0.0,23.88,0.0
101,2023,65,2231.0,12.6,0.0,23.86,0.0
101,2023,65,2232.0,12.6,0.0,23.84,0.0
101,2023,65,2233.0,12.61,0.0,23.82,0.0
101,2023,65,2234.0,12.6,0.0,23.8,0.0
101,2023,65,2235.0,12.6,0.0,23.79,0.0
101,2023,65,2236.0,12.6,0.0,23.77,0.0
101,2023,65,2237.0,12.6,0.0,23.77,0.0
101,2023,65,2238.0,12.6,0.0,23.77,0.0
101,2023,65,2239.0,12.6,0.0,23.77,0.0
101,2023,65,2240.0,12.6,0.0,23.75,0.0
101,2023,65,2241.0,12.6,0.0,23.74,0.0
101,2023,65,2242.0,12.6,0.0,23.72,0.0
101,2023,65,2243.0,12.6,0.0,23.71,0.0
101,2023,65,2244.0,12.6,0.0,23.69,0.0
101,2023,65,2245.0,12.6,0.0,23.69,0.0
101,2023,65,2246.0,12.6,0.0,23.73,0.0
101,2023,65,2247.0,12.6,0.0,23.74,0.0
101,2023,65,2248.0,12.6,0.0,23.72,0.0
101,2023,65,2249.0,12.6,0.0,23.7,0.0
101,2023,65,2250.0,12.6,0.0,23.68,0.0
101,2023,65,2251.0,12.59,0.0,23.66,0.0
101,2023,65,2252.0,12.6,0.0,23.66,0.0
101,2023,65,2253.0,12.59,0.0,23.67,0.0
101,2023,65,2254.0,12.59,0.0,23.66,0.0
101,2023,65,2255.0,12.59,0.0,23.65,0.0
101,2023,65,2256.0,12.59,0.0,23.61,0.0
101,2023,65,2257.0,12.59,0.0,23.64,0.0
101,2023,65,2258.0,12.59,0.0,23.68,0.0
101,2023,65,2259.0,12.59,0.0,23.66,0.0
101,2023,65,2300.0,12.59,0.0,23.66,0.0
101,2023,65,2301.0,12.59,0.0,23.66,0.0
101,2023,65,2302.0,12.59,0.0,23.66,0.0
101,2023,65,2303.0,12.59,0.0,23.74,0.0
101,2023,65,2304.0,12.59,0.0,23.78,0.0
101,2023,65,2305.0,12.59,0.0,23.81,0.0
101,2023,65,2306.0,12.59,0.0,23.81,0.0
101,2023,65,2307.0,12.59,0.0,23.81,0.0
101,2023,65,2308.0,12.59,0.0,23.8,0.0
101,2023,65,2309.0,12.58,0.0,23.8,0.0
101,2023,65,2310.0,12.58,0.0,23.82,0.0
101,2023,65,2311.0,12.58,0.0,23.86,0.0
101,2023,65,2312.0,12.58,0.0,23.92,0.0
101,2023,65,2313.0,12.58,0.0,23.92,0.0
101,2023,65,2314.0,12.58,0.0,23.92,0.0
101,2023,65,2315.0,12.58,0.0,23.91,0.0
101,2023,65,2316.0,12.58,0.0,23.9,0.0
101,2023,65,2317.0,12.58,0.0,23.88,0.0
101,2023,65,2318.0,12.58,0.0,23.87,0.0
101,2023,65,2319.0,12.58,0.0,23.88,0.0
101,2023,65,2320.0,12.58,0.0,23.9,0.0
101,2023,65,2321.0,12.58,0.0,23.93,0.0
101,2023,65,2322.0,12.58,0.0,23.95,0.0
101,2023,65,2323.0,12.58,0.0,23.93,0.0
101,2023,65,2324.0,12.58,0.0,23.9,0.0
101,2023,65,2325.0,12.58,0.0,23.92,0.0
101,2023,65,2326.0,12.58,0.0,23.93,0.0
101,2023,65,2327.0,12.58,0.0,23.91,0.0
101,2023,65,2328.0,12.57,0.0,23.9,0.0
101,2023,65,2329.0,12.57,0.0,23.9,0.0
101,2023,65,2330.0,12.57,0.0,23.9,0.0
101,2023,65,2331.0,12.58,0.0,23.9,0.0
101,2023,65,2332.0,12.57,0.0,23.93,0.0
101,2023,65,2333.0,12.57,0.0,23.96,0.0
101,2023,65,2334.0,12.57,0.0,24.02,0.0
101,2023,65,2335.0,12.57,0.0,24.01,0.0
101,2023,65,2336.0,12.57,0.0,24.0,0.0
101,2023,65,2337.0,12.57,0.0,24.02,0.0
101,2023,65,2338.0,12.57,0.0,24.01,0.0
101,2023,65,2339.0,12.57,0.0,23.99,0.0
101,2023,65,2340.0,12.57,0.0,23.95,0.0
101,2023,65,2341.0,12.57,0.0,23.93,0.0
101,2023,65,2342.0,12.57,0.0,23.94,0.0
101,2023,65,2343.0,12.57,0.0,23.95,0.0
101,2023,65,2344.0,12.57,0.0,23.93,0.0
101,2023,65,2345.0,12.57,0.0,23.9,0.0
101,2023,65,2346.0,12.57,0.0,23.89,0.0
101,2023,65,2347.0,12.57,0.0,23.86,0.0
101,2023,65,2348.0,12.57,0.0,23.85,0.0
101,2023,65,2349.0,12.57,0.0,23.87,0.0
101,2023,65,2350.0,12.56,0.0,23.9,0.0
101,2023,65,2351.0,12.57,0.0,23.95,0.0
101,2023,65,2352.0,12.56,0.0,23.98,0.0
101,2023,65,2353.0,12.56,0.0,24.02,0.0
101,2023,65,2354.0,12.56,0.0,24.08,0.0
101,2023,65,2355.0,12.56,0.0,24.08,0.0
101,2023,65,2356.0,12.56,0.0,24.05,0.0
101,2023,65,2357.0,12.56,0.0,24.03,0.0
101,2023,65,2358.0,12.56,0.0,24.0,0.0
101,2023,65,2359.0,12.56,0.0,24.0,0.0
