a,b,dia_juliano,d,e,f,g,h
101,2023,5,2400,12.71,0,22.5,0
101,2023,5,1,12.71,0,22.5,0
101,2023,5,2,12.71,0,22.48,0
101,2023,5,3,12.71,0,22.49,0
101,2023,5,4,12.71,0,22.48,0
101,2023,5,5,12.71,0,22.48,0
101,2023,5,6,12.71,0,22.48,0
101,2023,5,7,12.71,0,22.48,0
101,2023,5,8,12.71,0,22.47,0
101,2023,5,9,12.71,0,22.46,0
101,2023,5,10,12.71,0,22.45,0
101,2023,5,11,12.71,0,22.44,0
101,2023,5,12,12.71,0,22.43,0
101,2023,5,13,12.71,0,22.43,0
101,2023,5,14,12.71,0,22.43,0
101,2023,5,15,12.71,0,22.43,0
101,2023,5,16,12.71,0,22.44,0
101,2023,5,17,12.71,0,22.44,0
101,2023,5,18,12.71,0,22.45,0
101,2023,5,19,12.71,0,22.48,0
101,2023,5,20,12.71,0,22.49,0
101,2023,5,21,12.71,0,22.49,0
101,2023,5,22,12.71,0,22.5,0
101,2023,5,23,12.71,0,22.5,0
101,2023,5,24,12.71,0,22.48,0
101,2023,5,25,12.71,0,22.46,0
101,2023,5,26,12.71,0,22.45,0
101,2023,5,27,12.71,0,22.44,0
101,2023,5,28,12.71,0,22.42,0
101,2023,5,29,12.71,0,22.4,0
101,2023,5,30,12.71,0,22.39,0
101,2023,5,31,12.71,0,22.41,0
101,2023,5,32,12.71,0,22.4,0
101,2023,5,33,12.71,0,22.38,0
101,2023,5,34,12.71,0,22.36,0
101,2023,5,35,12.71,0,22.39,0
101,2023,5,36,12.71,0,22.37,0
101,2023,5,37,12.71,0,22.38,0
101,2023,5,38,12.71,0,22.41,0
101,2023,5,39,12.71,0,22.37,0
101,2023,5,40,12.7,0,22.34,0
101,2023,5,41,12.71,0,22.32,0
101,2023,5,42,12.7,0,22.31,0
101,2023,5,43,12.7,0,22.3,0
101,2023,5,44,12.7,0,22.3,0
101,2023,5,45,12.7,0,22.29,0
101,2023,5,46,12.7,0,22.27,0
101,2023,5,47,12.7,0,22.23,0
101,2023,5,48,12.7,0,22.22,0
101,2023,5,49,12.7,0,22.25,0
101,2023,5,50,12.7,0,22.24,0
101,2023,5,51,12.7,0,22.21,0
101,2023,5,52,12.7,0,22.14,0
101,2023,5,53,12.7,0,22.09,0
101,2023,5,54,12.7,0,22.08,0
101,2023,5,55,12.7,0,22.08,0
101,2023,5,56,12.7,0,22.07,0
101,2023,5,57,12.7,0,22.06,0
101,2023,5,58,12.7,0,22.03,0
101,2023,5,59,12.7,0,22.01,0
101,2023,5,100,12.7,0,22,0
101,2023,5,101,12.7,0,21.99,0
101,2023,5,102,12.7,0,21.97,0
101,2023,5,103,12.7,0,21.99,0
101,2023,5,104,12.7,0,22.01,0
101,2023,5,105,12.7,0,21.99,0
101,2023,5,106,12.7,0,21.98,0
101,2023,5,107,12.7,0,21.98,0
101,2023,5,108,12.7,0,22.01,0
101,2023,5,109,12.7,0,22.06,0
101,2023,5,110,12.7,0,22.09,0
101,2023,5,111,12.7,0,22.08,0
101,2023,5,112,12.7,0,22.11,0
101,2023,5,113,12.7,0,22.14,0
101,2023,5,114,12.7,0,22.13,0
101,2023,5,115,12.69,0,22.11,0
101,2023,5,116,12.7,0,22.15,0
101,2023,5,117,12.7,0,22.13,0
101,2023,5,118,12.7,0,22.11,0
101,2023,5,119,12.7,0,22.1,0
101,2023,5,120,12.7,0,22.07,0
101,2023,5,121,12.7,0,22.04,0
101,2023,5,122,12.69,0,22.03,0
101,2023,5,123,12.7,0,22.02,0
101,2023,5,124,12.69,0,22.03,0
101,2023,5,125,12.69,0,22.02,0
101,2023,5,126,12.69,0,22.01,0
101,2023,5,127,12.69,0,22.01,0
101,2023,5,128,12.69,0,22.03,0
101,2023,5,129,12.69,0,22.05,0
101,2023,5,130,12.69,0,22.07,0
101,2023,5,131,12.69,0,22.06,0
101,2023,5,132,12.69,0,22.06,0
101,2023,5,133,12.69,0,22.07,0
101,2023,5,134,12.69,0,22.09,0
101,2023,5,135,12.69,0,22.08,0
101,2023,5,136,12.69,0,22.1,0
101,2023,5,137,12.69,0,22.14,0
101,2023,5,138,12.69,0,22.17,0
101,2023,5,139,12.69,0,22.17,0
101,2023,5,140,12.69,0.028,22.18,0
101,2023,5,141,12.69,0,22.19,0
101,2023,5,142,12.69,0.028,22.19,0
101,2023,5,143,12.69,0,22.19,0
101,2023,5,144,12.69,0,22.18,0
101,2023,5,145,12.69,0,22.17,0
101,2023,5,146,12.69,0,22.18,0
101,2023,5,147,12.69,0,22.2,0
101,2023,5,148,12.69,0,22.22,0
101,2023,5,149,12.69,0,22.24,0
101,2023,5,150,12.69,0,22.27,0
101,2023,5,151,12.69,0,22.27,0
101,2023,5,152,12.69,0,22.25,0
101,2023,5,153,12.68,0,22.26,0
101,2023,5,154,12.68,0,22.27,0
101,2023,5,155,12.68,0,22.27,0
101,2023,5,156,12.68,0,22.25,0
101,2023,5,157,12.68,0,22.24,0
101,2023,5,158,12.68,0,22.23,0
101,2023,5,159,12.68,0,22.26,0
101,2023,5,200,12.68,0,22.28,0
101,2023,5,201,12.68,0,22.29,0
101,2023,5,202,12.68,0,22.33,0
101,2023,5,203,12.68,0,22.34,0
101,2023,5,204,12.68,0,22.32,0
101,2023,5,205,12.68,0,22.28,0
101,2023,5,206,12.68,0,22.27,0
101,2023,5,207,12.68,0,22.26,0
101,2023,5,208,12.68,0,22.28,0
101,2023,5,209,12.68,0,22.27,0
101,2023,5,210,12.68,0,22.26,0
101,2023,5,211,12.68,0,22.28,0
101,2023,5,212,12.68,0,22.27,0
101,2023,5,213,12.68,0,22.27,0
101,2023,5,214,12.68,0,22.25,0
101,2023,5,215,12.68,0,22.24,0
101,2023,5,216,12.68,0,22.21,0
101,2023,5,217,12.68,0,22.2,0
101,2023,5,218,12.68,0,22.18,0
101,2023,5,219,12.68,0,22.17,0
101,2023,5,220,12.68,0,22.17,0
101,2023,5,221,12.68,0,22.17,0
101,2023,5,222,12.68,0,22.16,0
101,2023,5,223,12.68,0,22.17,0
101,2023,5,224,12.68,0,22.14,0
101,2023,5,225,12.68,0,22.12,0
101,2023,5,226,12.68,0,22.12,0
101,2023,5,227,12.68,0,22.12,0
101,2023,5,228,12.68,0,22.11,0
101,2023,5,229,12.68,0.028,22.02,0
101,2023,5,230,12.68,0.028,21.96,0
101,2023,5,231,12.68,0,21.93,0
101,2023,5,232,12.68,0,21.93,0
101,2023,5,233,12.68,0,21.89,0
101,2023,5,234,12.68,0,21.88,0
101,2023,5,235,12.67,0.028,21.9,0
101,2023,5,236,12.67,0,21.94,0
101,2023,5,237,12.68,0,21.91,0
101,2023,5,238,12.67,0,21.85,0
101,2023,5,239,12.67,0,21.82,0
101,2023,5,240,12.67,0,21.77,0
101,2023,5,241,12.67,0,21.75,0
101,2023,5,242,12.67,0,21.74,0
101,2023,5,243,12.67,0,21.75,0
101,2023,5,244,12.67,0,21.79,0
101,2023,5,245,12.67,0,21.81,0
101,2023,5,246,12.67,0,21.78,0
101,2023,5,247,12.67,0,21.78,0
101,2023,5,248,12.67,0,21.8,0
101,2023,5,249,12.67,0,21.82,0
101,2023,5,250,12.67,0,21.82,0
101,2023,5,251,12.67,0,21.86,0
101,2023,5,252,12.67,0,21.87,0
101,2023,5,253,12.67,0,21.86,0
101,2023,5,254,12.67,0,21.85,0
101,2023,5,255,12.67,0,21.83,0
101,2023,5,256,12.67,0,21.84,0
101,2023,5,257,12.67,0,21.84,0
101,2023,5,258,12.67,0,21.88,0
101,2023,5,259,12.66,0,21.89,0
101,2023,5,300,12.66,0,21.88,0
101,2023,5,301,12.66,0,21.86,0
101,2023,5,302,12.66,0,21.85,0
101,2023,5,303,12.66,0,21.84,0
101,2023,5,304,12.66,0,21.83,0
101,2023,5,305,12.66,0,21.84,0
101,2023,5,306,12.66,0,21.87,0
101,2023,5,307,12.66,0,21.91,0
101,2023,5,308,12.66,0,21.88,0
101,2023,5,309,12.66,0,21.94,0
101,2023,5,310,12.66,0,22,0
101,2023,5,311,12.66,0,22.06,0
101,2023,5,312,12.66,0,22.08,0
101,2023,5,313,12.66,0,22.05,0
101,2023,5,314,12.66,0,22.01,0
101,2023,5,315,12.66,0.028,21.98,0
101,2023,5,316,12.66,0,21.93,0
101,2023,5,317,12.66,0,21.96,0
101,2023,5,318,12.66,0.028,21.98,0
101,2023,5,319,12.66,0,21.98,0
101,2023,5,320,12.66,0,21.97,0
101,2023,5,321,12.66,0,21.94,0
101,2023,5,322,12.66,0.028,21.93,0
101,2023,5,323,12.66,0,21.93,0
101,2023,5,324,12.66,0,21.93,0
101,2023,5,325,12.66,0,21.9,0
101,2023,5,326,12.66,0,21.81,0
101,2023,5,327,12.66,0,21.75,0
101,2023,5,328,12.65,0,21.79,0
101,2023,5,329,12.66,0,21.81,0
101,2023,5,330,12.65,0,21.8,0
101,2023,5,331,12.66,0,21.79,0
101,2023,5,332,12.65,0,21.77,0
101,2023,5,333,12.66,0,21.77,0
101,2023,5,334,12.65,0.028,21.77,0
101,2023,5,335,12.65,0.028,21.76,0
101,2023,5,336,12.65,0.028,21.73,0
101,2023,5,337,12.65,0,21.72,0
101,2023,5,338,12.65,0.028,21.78,0
101,2023,5,339,12.65,0.028,21.83,0
101,2023,5,340,12.65,0,21.87,0
101,2023,5,341,12.65,0,21.89,0
101,2023,5,342,12.65,0,21.91,0
101,2023,5,343,12.65,0,21.92,0
101,2023,5,344,12.65,0,21.91,0
101,2023,5,345,12.65,0,21.89,0
101,2023,5,346,12.65,0,21.88,0
101,2023,5,347,12.65,0,21.88,0
101,2023,5,348,12.65,0.028,21.92,0
101,2023,5,349,12.65,0,21.9,0
101,2023,5,350,12.65,0,21.88,0
101,2023,5,351,12.65,0,21.91,0
101,2023,5,352,12.65,0,21.98,0
101,2023,5,353,12.65,0,21.96,0
101,2023,5,354,12.65,0,21.95,0
101,2023,5,355,12.64,0,21.95,0
101,2023,5,356,12.65,0,21.96,0
101,2023,5,357,12.64,0.028,21.95,0
101,2023,5,358,12.64,0,21.92,0
101,2023,5,359,12.64,0.028,21.97,0
101,2023,5,400,12.64,0.028,22.06,0
101,2023,5,401,12.64,0,22.09,0
101,2023,5,402,12.64,0,22.08,0
101,2023,5,403,12.64,0.028,22.08,0
101,2023,5,404,12.64,0,22.06,0
101,2023,5,405,12.64,0,22.05,0
101,2023,5,406,12.64,0,21.99,0
101,2023,5,407,12.64,0,21.93,0
101,2023,5,408,12.64,0,21.9,0
101,2023,5,409,12.64,0,21.89,0
101,2023,5,410,12.64,0,21.9,0
101,2023,5,411,12.64,0,21.92,0
101,2023,5,412,12.64,0,21.93,0
101,2023,5,413,12.64,0,21.94,0
101,2023,5,414,12.64,0,21.96,0
101,2023,5,415,12.64,0,21.98,0
101,2023,5,416,12.64,0,21.98,0
101,2023,5,417,12.64,0,21.97,0
101,2023,5,418,12.64,0,21.95,0
101,2023,5,419,12.64,0,21.92,0
101,2023,5,420,12.64,0,21.95,0
101,2023,5,421,12.64,0,21.96,0
101,2023,5,422,12.64,0,21.97,0
101,2023,5,423,12.64,0,21.96,0
101,2023,5,424,12.64,0,21.93,0
101,2023,5,425,12.64,0,21.9,0
101,2023,5,426,12.64,0,21.89,0
101,2023,5,427,12.64,0,21.88,0
101,2023,5,428,12.64,0,21.87,0
101,2023,5,429,12.64,0,21.92,0
101,2023,5,430,12.63,0,21.92,0
101,2023,5,431,12.63,0,21.96,0
101,2023,5,432,12.63,0,21.99,0
101,2023,5,433,12.63,0,22.02,0
101,2023,5,434,12.63,0,22.01,0
101,2023,5,435,12.63,0.056,21.99,0
101,2023,5,436,12.63,0,21.95,0
101,2023,5,437,12.63,0,21.88,0
101,2023,5,438,12.63,0.056,21.84,0
101,2023,5,439,12.63,0.056,21.8,0
101,2023,5,440,12.63,0.113,21.76,0
101,2023,5,441,12.63,0.085,21.73,0
101,2023,5,442,12.63,0.028,21.67,0
101,2023,5,443,12.63,0,21.63,0
101,2023,5,444,12.63,0.056,21.64,0
101,2023,5,445,12.63,0.028,21.7,0
101,2023,5,446,12.63,0,21.75,0
101,2023,5,447,12.63,0.085,21.81,0
101,2023,5,448,12.63,0.141,21.78,0
101,2023,5,449,12.63,0.113,21.77,0
101,2023,5,450,12.63,0.282,21.84,0
101,2023,5,451,12.63,0.367,21.86,0
101,2023,5,452,12.63,0.479,21.88,0
101,2023,5,453,12.63,0.649,21.92,0
101,2023,5,454,12.63,0.677,21.93,0
101,2023,5,455,12.63,0.677,21.93,0
101,2023,5,456,12.62,0.79,21.81,0
101,2023,5,457,12.62,1.128,21.73,0
101,2023,5,458,12.62,1.353,21.67,0
101,2023,5,459,12.62,1.353,21.7,0
101,2023,5,500,12.62,1.664,21.77,0
101,2023,5,501,12.62,2.03,21.77,0
101,2023,5,502,12.62,2.058,21.83,0
101,2023,5,503,12.62,2.566,21.81,0
101,2023,5,504,12.62,2.735,21.82,0
101,2023,5,505,12.62,3.158,21.78,0
101,2023,5,506,12.62,3.468,21.74,0
101,2023,5,507,12.62,4.032,21.71,0
101,2023,5,508,12.62,4.258,21.66,0
101,2023,5,509,12.62,4.483,21.68,0
101,2023,5,510,12.62,4.991,21.69,0
101,2023,5,511,12.62,5.555,21.69,0
101,2023,5,512,12.62,6.062,21.53,0
101,2023,5,513,12.62,6.598,21.35,0
101,2023,5,514,12.62,7.25,21.29,0
101,2023,5,515,12.62,7.78,21.36,0
101,2023,5,516,12.63,8.52,21.33,0
101,2023,5,517,12.63,9.14,21.26,0
101,2023,5,518,12.63,9.87,21.24,0
101,2023,5,519,12.64,10.66,21.29,0
101,2023,5,520,12.65,11.48,21.25,0
101,2023,5,521,12.65,12.24,21.26,0
101,2023,5,522,12.66,13.06,21.43,0
101,2023,5,523,12.67,14.16,21.45,0
101,2023,5,524,12.69,15.45,21.45,0
101,2023,5,525,12.7,17.09,21.47,0
101,2023,5,526,12.72,18.5,21.5,0
101,2023,5,527,12.74,19.6,21.5,0
101,2023,5,528,12.76,20.75,21.5,0
101,2023,5,529,12.79,21.8,21.51,0
101,2023,5,530,12.81,22.9,21.55,0
101,2023,5,531,12.84,23.85,21.53,0
101,2023,5,532,12.87,24.95,21.53,0
101,2023,5,533,12.9,26.14,21.51,0
101,2023,5,534,12.93,27.38,21.53,0
101,2023,5,535,12.96,28.42,21.55,0
101,2023,5,536,13,30,21.57,0
101,2023,5,537,13.03,31.13,21.61,0
101,2023,5,538,13.07,33.5,21.64,0
101,2023,5,539,13.11,42.97,21.65,0
101,2023,5,540,13.15,53.66,21.67,0
101,2023,5,541,13.19,57.52,21.69,0
101,2023,5,542,13.24,59.86,21.72,0
101,2023,5,543,13.26,62.17,21.75,0
101,2023,5,544,13.26,64.32,21.77,0
101,2023,5,545,13.27,66.55,21.81,0
101,2023,5,546,13.27,68.66,21.84,0
101,2023,5,547,13.27,70.9,21.87,0
101,2023,5,548,13.27,73.5,21.91,0
101,2023,5,549,13.27,75.9,21.97,0
101,2023,5,550,13.27,78.3,22,0
101,2023,5,551,13.27,81,22.03,0
101,2023,5,552,13.27,83.5,22,0
101,2023,5,553,13.27,86.3,22.01,0
101,2023,5,554,13.27,88.6,22.06,0
101,2023,5,555,13.27,90.6,22.13,0
101,2023,5,556,13.27,93,22.2,0
101,2023,5,557,13.27,94.7,22.27,0
101,2023,5,558,13.27,96.7,22.32,0
101,2023,5,559,13.27,99.2,22.35,0
101,2023,5,600,13.27,102.8,22.38,0
101,2023,5,601,13.27,106.4,22.43,0
101,2023,5,602,13.27,109.4,22.49,0
101,2023,5,603,13.26,112.2,22.57,0
101,2023,5,604,13.27,115.2,22.62,0
101,2023,5,605,13.26,118,22.69,0
101,2023,5,606,13.26,120.5,22.75,0
101,2023,5,607,13.26,123.8,22.88,0
101,2023,5,608,13.26,126.6,22.95,0
101,2023,5,609,13.26,129.4,23.05,0
101,2023,5,610,13.26,132.8,23.16,0
101,2023,5,611,13.26,136.2,23.21,0
101,2023,5,612,13.26,139.2,23.21,0
101,2023,5,613,13.26,142.1,23.22,0
101,2023,5,614,13.25,145,23.31,0
101,2023,5,615,13.25,148.4,23.43,0
101,2023,5,616,13.25,151.5,23.5,0
101,2023,5,617,13.25,154.7,23.61,0
101,2023,5,618,13.25,157.8,23.58,0
101,2023,5,619,13.25,160.9,23.65,0
101,2023,5,620,13.24,163.5,23.74,0
101,2023,5,621,13.24,166.8,23.69,0
101,2023,5,622,13.24,170.6,23.71,0
101,2023,5,623,13.24,173.6,23.75,0
101,2023,5,624,13.24,176.7,23.8,0
101,2023,5,625,13.24,179.9,23.84,0
101,2023,5,626,13.24,184.1,23.94,0
101,2023,5,627,13.24,188.2,23.94,0
101,2023,5,628,13.24,192.1,24.07,0
101,2023,5,629,13.24,196.2,24.16,0
101,2023,5,630,13.24,201.1,24.15,0
101,2023,5,631,13.24,205.2,24.15,0
101,2023,5,632,13.23,208.5,24.17,0
101,2023,5,633,13.23,212,24.23,0
101,2023,5,634,13.23,216.5,24.26,0
101,2023,5,635,13.23,222.2,24.28,0
101,2023,5,636,13.23,227.9,24.45,0
101,2023,5,637,13.23,232.1,24.58,0
101,2023,5,638,13.23,236.7,24.68,0
101,2023,5,639,13.22,241.4,24.7,0
101,2023,5,640,13.22,244.7,24.77,0
101,2023,5,641,13.22,247.8,24.81,0
101,2023,5,642,13.22,252.7,24.92,0
101,2023,5,643,13.22,257.2,24.86,0
101,2023,5,644,13.22,260,24.93,0
101,2023,5,645,13.22,262.7,24.82,0
101,2023,5,646,13.22,266.7,24.69,0
101,2023,5,647,13.22,269.5,24.68,0
101,2023,5,648,13.21,272.8,24.68,0
101,2023,5,649,13.21,276.2,24.73,0
101,2023,5,650,13.21,280.1,24.77,0
101,2023,5,651,13.21,283.6,24.85,0
101,2023,5,652,13.21,284,24.73,0
101,2023,5,653,13.21,288.9,24.75,0
101,2023,5,654,13.2,292.9,24.76,0
101,2023,5,655,13.2,296,24.78,0
101,2023,5,656,13.2,298.2,24.95,0
101,2023,5,657,13.2,302.9,25.07,0
101,2023,5,658,13.2,306.4,25.05,0
101,2023,5,659,13.2,308.7,25.07,0
101,2023,5,700,13.2,311.8,25.04,0
101,2023,5,701,13.2,317.5,25.09,0
101,2023,5,702,13.2,322.6,25.06,0
101,2023,5,703,13.2,325.9,25.08,0
101,2023,5,704,13.2,329.5,25.14,0
101,2023,5,705,13.2,334.5,25.26,0
101,2023,5,706,13.19,339.2,25.31,0
101,2023,5,707,13.19,344.5,25.41,0
101,2023,5,708,13.19,349.8,25.53,0
101,2023,5,709,13.19,354.5,25.58,0
101,2023,5,710,13.19,359,25.68,0
101,2023,5,711,13.19,363.8,25.7,0
101,2023,5,712,13.18,369.8,25.69,0
101,2023,5,713,13.18,374.1,25.61,0
101,2023,5,714,13.18,379.1,25.66,0
101,2023,5,715,13.18,384.5,25.77,0
101,2023,5,716,13.18,389,25.78,0
101,2023,5,717,13.18,391.8,25.86,0
101,2023,5,718,13.18,394,25.96,0
101,2023,5,719,13.18,393.4,25.99,0
101,2023,5,720,13.18,393.2,25.88,0
101,2023,5,721,13.18,394.2,26.06,0
101,2023,5,722,13.17,394.8,26.11,0
101,2023,5,723,13.17,396.5,26.22,0
101,2023,5,724,13.17,398.1,26.15,0
101,2023,5,725,13.17,403.5,26.14,0
101,2023,5,726,13.17,409.7,26.26,0
101,2023,5,727,13.17,414.9,26.14,0
101,2023,5,728,13.16,413.6,26.05,0
101,2023,5,729,13.16,423.8,26.06,0
101,2023,5,730,13.16,425.3,26.1,0
101,2023,5,731,13.16,433.9,26.12,0
101,2023,5,732,13.16,444.2,26.19,0
101,2023,5,733,13.16,448.9,26.26,0
101,2023,5,734,13.16,450.3,26.21,0
101,2023,5,735,13.15,451.4,26.25,0
101,2023,5,736,13.16,410.3,26.33,0
101,2023,5,737,13.16,460.4,26.52,0
101,2023,5,738,13.15,479,26.6,0
101,2023,5,739,13.15,389,26.46,0
101,2023,5,740,13.15,440.8,26.55,0
101,2023,5,741,13.15,502.9,26.5,0
101,2023,5,742,13.15,423.2,26.48,0
101,2023,5,743,13.14,303.7,26.62,0
101,2023,5,744,13.15,335.9,26.62,0
101,2023,5,745,13.15,391.9,26.68,0
101,2023,5,746,13.14,611.4,26.55,0
101,2023,5,747,13.15,584.2,26.58,0
101,2023,5,748,13.14,466.6,26.66,0
101,2023,5,749,13.14,209.3,26.72,0
101,2023,5,750,13.14,211.3,26.65,0
101,2023,5,751,13.14,244.3,26.47,0
101,2023,5,752,13.14,290.2,26.44,0
101,2023,5,753,13.14,282.1,26.52,0
101,2023,5,754,13.14,248.4,26.41,0
101,2023,5,755,13.14,224.4,26.39,0
101,2023,5,756,13.14,223.5,26.38,0
101,2023,5,757,13.14,225.9,26.38,0
101,2023,5,758,13.14,212.6,26.39,0
101,2023,5,759,13.14,195,26.4,0
101,2023,5,800,13.15,190,26.47,0
101,2023,5,801,13.14,499.5,26.49,0
101,2023,5,802,13.15,612.4,26.55,0
101,2023,5,803,13.15,666.6,26.75,0
101,2023,5,804,13.15,657.9,26.9,0
101,2023,5,805,13.15,647.3,27.08,0
101,2023,5,806,13.15,642,27.13,0
101,2023,5,807,13.15,643.6,27.16,0
101,2023,5,808,13.14,650.2,27.34,0
101,2023,5,809,13.14,658.9,27.47,0
101,2023,5,810,13.14,674.1,27.42,0
101,2023,5,811,13.14,688.9,27.45,0
101,2023,5,812,13.14,667.3,27.52,0
101,2023,5,813,13.13,479.7,27.53,0
101,2023,5,814,13.13,471.6,27.48,0
101,2023,5,815,13.13,714,27.61,0
101,2023,5,816,13.13,387,27.59,0
101,2023,5,817,13.13,740,27.59,0
101,2023,5,818,13.13,714,27.81,0
101,2023,5,819,13.13,308.5,27.93,0
101,2023,5,820,13.13,328.2,27.76,0
101,2023,5,821,13.13,285.5,27.66,0
101,2023,5,822,13.13,459.3,27.68,0
101,2023,5,823,13.12,353.2,27.73,0
101,2023,5,824,13.12,326.6,27.7,0
101,2023,5,825,13.13,777,27.56,0
101,2023,5,826,13.12,839,27.71,0
101,2023,5,827,13.13,811,27.65,0
101,2023,5,828,13.13,615.1,27.86,0
101,2023,5,829,13.12,551,27.86,0
101,2023,5,830,13.12,734,27.82,0
101,2023,5,831,13.12,746,27.9,0
101,2023,5,832,13.12,751,27.94,0
101,2023,5,833,13.12,726,28.04,0
101,2023,5,834,13.12,666.2,28.28,0
101,2023,5,835,13.12,485.5,28.3,0
101,2023,5,836,13.12,750,28.55,0
101,2023,5,837,13.12,289.4,28.54,0
101,2023,5,838,13.11,330.8,28.27,0
101,2023,5,839,13.11,220.8,27.98,0
101,2023,5,840,13.11,225.2,27.86,0
101,2023,5,841,13.11,627.8,27.87,0
101,2023,5,842,13.12,619.7,27.96,0
101,2023,5,843,13.12,287.9,28.02,0
101,2023,5,844,13.12,298.9,27.79,0
101,2023,5,845,13.11,616.8,27.86,0
101,2023,5,846,13.11,558,27.99,0
101,2023,5,847,13.11,487.6,28.02,0
101,2023,5,848,13.12,729,27.94,0
101,2023,5,849,13.12,721,28.07,0
101,2023,5,850,13.12,709,28.32,0
101,2023,5,851,13.11,364.6,28.28,0
101,2023,5,852,13.11,629.7,28.08,0
101,2023,5,853,13.11,418,28.09,0
101,2023,5,854,13.11,526.7,28.09,0
101,2023,5,855,13.11,882,28.15,0
101,2023,5,856,13.11,876,28.26,0
101,2023,5,857,13.11,863,28.41,0
101,2023,5,858,13.11,852,28.47,0
101,2023,5,859,13.11,756,28.38,0
101,2023,5,900,13.11,660.8,28.27,0
101,2023,5,901,13.11,659.2,28.34,0
101,2023,5,902,13.11,239.6,28.34,0
101,2023,5,903,13.1,408.1,28.15,0
101,2023,5,904,13.1,272.3,28.11,0
101,2023,5,905,13.1,477.3,28.05,0
101,2023,5,906,13.1,281.9,28.11,0
101,2023,5,907,13.11,267.4,28.17,0
101,2023,5,908,13.11,381.5,28.05,0
101,2023,5,909,13.1,854,28.04,0
101,2023,5,910,13.11,886,28.19,0
101,2023,5,911,13.11,903,28.52,0
101,2023,5,912,13.11,905,28.47,0
101,2023,5,913,13.1,916,28.49,0
101,2023,5,914,13.11,933,28.56,0
101,2023,5,915,13.11,938,28.56,0
101,2023,5,916,13.11,946,28.7,0
101,2023,5,917,13.1,963,28.9,0
101,2023,5,918,13.1,972,29.28,0
101,2023,5,919,13.1,986,29.56,0
101,2023,5,920,13.1,978,29.62,0
101,2023,5,921,13.1,977,29.64,0
101,2023,5,922,13.1,975,29.76,0
101,2023,5,923,13.1,972,29.72,0
101,2023,5,924,13.09,970,29.32,0
101,2023,5,925,13.09,960,29.24,0
101,2023,5,926,13.09,992,29.56,0
101,2023,5,927,13.09,994,29.51,0
101,2023,5,928,13.09,984,29.39,0
101,2023,5,929,13.09,1004,29.34,0
101,2023,5,930,13.09,1020,29.26,0
101,2023,5,931,13.08,1025,29.47,0
101,2023,5,932,13.09,408.6,29.65,0
101,2023,5,933,13.09,302.1,29.64,0
101,2023,5,934,13.09,274.7,29.29,0
101,2023,5,935,13.08,273.3,29.06,0
101,2023,5,936,13.08,291.7,28.88,0
101,2023,5,937,13.09,307.9,28.71,0
101,2023,5,938,13.09,331,28.52,0
101,2023,5,939,13.09,307.7,28.42,0
101,2023,5,940,13.08,279,28.43,0
101,2023,5,941,13.08,271.4,28.49,0
101,2023,5,942,13.08,267.7,28.52,0
101,2023,5,943,13.09,277.4,28.48,0
101,2023,5,944,13.09,272.5,28.54,0
101,2023,5,945,13.09,253.9,28.51,0
101,2023,5,946,13.09,250.8,28.44,0
101,2023,5,947,13.09,302.5,28.45,0
101,2023,5,948,13.1,881,28.48,0
101,2023,5,949,13.1,1050,28.65,0
101,2023,5,950,13.1,881,28.97,0
101,2023,5,951,13.09,333.9,28.97,0
101,2023,5,952,13.1,288.9,28.85,0
101,2023,5,953,13.09,274.5,28.75,0
101,2023,5,954,13.1,268.7,28.65,0
101,2023,5,955,13.1,261.8,28.56,0
101,2023,5,956,13.09,262.1,28.55,0
101,2023,5,957,13.1,561.7,28.56,0
101,2023,5,958,13.1,1033,28.7,0
101,2023,5,959,13.1,920,28.89,0
101,2023,5,1000,13.1,561.5,29,0
101,2023,5,1001,13.1,309.2,28.85,0
101,2023,5,1002,13.1,250.1,28.69,0
101,2023,5,1003,13.1,376.5,28.7,0
101,2023,5,1004,13.1,994,28.8,0
101,2023,5,1005,13.1,994,28.94,0
101,2023,5,1006,13.1,957,29.08,0
101,2023,5,1007,13.1,985,29.09,0
101,2023,5,1008,13.1,1003,29.25,0
101,2023,5,1009,13.1,1022,29.5,0
101,2023,5,1010,13.1,1039,29.66,0
101,2023,5,1011,13.1,1050,29.9,0
101,2023,5,1012,13.1,1059,30.03,0
101,2023,5,1013,13.09,1064,30.03,0
101,2023,5,1014,13.1,1074,30.08,0
101,2023,5,1015,13.1,1085,30.13,0
101,2023,5,1016,13.1,1068,30.15,0
101,2023,5,1017,13.1,1049,30.24,0
101,2023,5,1018,13.1,1042,30.2,0
101,2023,5,1019,13.1,1032,30.32,0
101,2023,5,1020,13.1,1032,30.53,0
101,2023,5,1021,13.09,1055,30.25,0
101,2023,5,1022,13.1,825,30.15,0
101,2023,5,1023,13.1,667.6,30.29,0
101,2023,5,1024,13.09,527.6,30.17,0
101,2023,5,1025,13.09,413.5,30.21,0
101,2023,5,1026,13.09,358.4,29.97,0
101,2023,5,1027,13.09,341.2,29.67,0
101,2023,5,1028,13.1,808,29.53,0
101,2023,5,1029,13.09,487.6,29.57,0
101,2023,5,1030,13.09,707,29.64,0
101,2023,5,1031,13.1,1154,29.83,0
101,2023,5,1032,13.09,1160,30.05,0
101,2023,5,1033,13.09,853,30.18,0
101,2023,5,1034,13.09,461.1,30.28,0
101,2023,5,1035,13.09,664.2,30.03,0
101,2023,5,1036,13.09,1062,30.1,0
101,2023,5,1037,13.09,850,30.1,0
101,2023,5,1038,13.09,461,30.2,0
101,2023,5,1039,13.09,302.6,30.24,0
101,2023,5,1040,13.09,300.4,30.13,0
101,2023,5,1041,13.09,373.6,29.8,0
101,2023,5,1042,13.09,281.6,29.66,0
101,2023,5,1043,13.09,300.4,29.64,0
101,2023,5,1044,13.09,349.8,29.54,0
101,2023,5,1045,13.09,393.6,29.4,0
101,2023,5,1046,13.09,761,29.42,0
101,2023,5,1047,13.09,1077,29.61,0
101,2023,5,1048,13.09,773,30,0
101,2023,5,1049,13.09,328.7,29.89,0
101,2023,5,1050,13.09,298,29.66,0
101,2023,5,1051,13.1,299.6,29.48,0
101,2023,5,1052,13.09,401.7,29.26,0
101,2023,5,1053,13.09,577.1,29.11,0
101,2023,5,1054,13.1,1092,29.23,0
101,2023,5,1055,13.1,960,29.49,0
101,2023,5,1056,13.1,988,29.53,0
101,2023,5,1057,13.1,1122,29.74,0
101,2023,5,1058,13.1,611.2,29.72,0
101,2023,5,1059,13.1,217.3,29.5,0
101,2023,5,1100,13.1,189.9,29.35,0
101,2023,5,1101,13.09,182,29.16,0
101,2023,5,1102,13.1,188.8,29.18,0
101,2023,5,1103,13.1,203.2,29.18,0
101,2023,5,1104,13.1,448.2,29.32,0
101,2023,5,1105,13.1,1068,29.53,0
101,2023,5,1106,13.1,1083,29.87,0
101,2023,5,1107,13.09,1087,29.99,0
101,2023,5,1108,13.1,1107,30.05,0
101,2023,5,1109,13.1,921,30.11,0
101,2023,5,1110,13.1,310.3,30.2,0
101,2023,5,1111,13.1,307.3,30.18,0
101,2023,5,1112,13.1,352,30.08,0
101,2023,5,1113,13.1,472,29.94,0
101,2023,5,1114,13.1,1149,29.91,0
101,2023,5,1115,13.1,1116,30.09,0
101,2023,5,1116,13.1,1099,30.37,0
101,2023,5,1117,13.1,1110,30.39,0
101,2023,5,1118,13.1,1102,30.38,0
101,2023,5,1119,13.1,1076,30.27,0
101,2023,5,1120,13.1,1137,30.51,0
101,2023,5,1121,13.09,1145,30.9,0
101,2023,5,1122,13.1,1157,30.99,0
101,2023,5,1123,13.09,1055,30.87,0
101,2023,5,1124,13.09,789,31.08,0
101,2023,5,1125,13.09,1059,30.95,0
101,2023,5,1126,13.09,1127,30.94,0
101,2023,5,1127,13.09,1147,31.15,0
101,2023,5,1128,13.09,1191,31.19,0
101,2023,5,1129,13.09,590.6,30.84,0
101,2023,5,1130,13.09,342.4,30.9,0
101,2023,5,1131,13.09,345.1,30.54,0
101,2023,5,1132,13.09,849,30.46,0
101,2023,5,1133,13.09,560.4,30.67,0
101,2023,5,1134,13.09,972,30.71,0
101,2023,5,1135,13.09,1188,30.59,0
101,2023,5,1136,13.09,1087,30.76,0
101,2023,5,1137,13.09,1167,30.65,0
101,2023,5,1138,13.09,1164,30.77,0
101,2023,5,1139,13.09,970,30.85,0
101,2023,5,1140,13.09,700,30.84,0
101,2023,5,1141,13.09,1172,30.87,0
101,2023,5,1142,13.09,1039,31.33,0
101,2023,5,1143,13.09,1071,30.9,0
101,2023,5,1144,13.09,1157,30.72,0
101,2023,5,1145,13.09,1121,30.83,0
101,2023,5,1146,13.09,1095,31.09,0
101,2023,5,1147,13.09,1072,31.14,0
101,2023,5,1148,13.09,1097,31.19,0
101,2023,5,1149,13.09,936,31.21,0
101,2023,5,1150,13.09,844,31.25,0
101,2023,5,1151,13.08,1093,30.9,0
101,2023,5,1152,13.09,1094,31.06,0
101,2023,5,1153,13.08,1095,31.41,0
101,2023,5,1154,13.08,1102,31.32,0
101,2023,5,1155,13.08,1114,31.18,0
101,2023,5,1156,13.09,1127,31.13,0
101,2023,5,1157,13.08,1135,31.33,0
101,2023,5,1158,13.08,1129,31.39,0
101,2023,5,1159,13.08,1119,31.71,0
101,2023,5,1200,13.09,1103,31.75,0
101,2023,5,1201,13.08,1092,31.48,0
101,2023,5,1202,13.08,1093,30.93,0
101,2023,5,1203,13.08,1097,30.85,0
101,2023,5,1204,13.08,1112,31.2,0
101,2023,5,1205,13.08,1122,31.34,0
101,2023,5,1206,13.09,1126,31.43,0
101,2023,5,1207,13.08,1150,31.62,0
101,2023,5,1208,13.08,1164,31.56,0
101,2023,5,1209,13.08,1155,31.8,0
101,2023,5,1210,13.08,1164,31.51,0
101,2023,5,1211,13.08,1161,31.41,0
101,2023,5,1212,13.08,1135,31.34,0
101,2023,5,1213,13.08,1134,31.36,0
101,2023,5,1214,13.08,1096,31.62,0
101,2023,5,1215,13.08,1108,31.48,0
101,2023,5,1216,13.08,1104,31.39,0
101,2023,5,1217,13.08,1097,31.55,0
101,2023,5,1218,13.08,1110,31.49,0
101,2023,5,1219,13.08,1136,31.31,0
101,2023,5,1220,13.08,630.2,31.48,0
101,2023,5,1221,13.08,370.8,31.47,0
101,2023,5,1222,13.08,334.6,31.46,0
101,2023,5,1223,13.08,303.8,31.42,0
101,2023,5,1224,13.08,292.5,31.23,0
101,2023,5,1225,13.08,306.6,31.05,0
101,2023,5,1226,13.08,479.5,30.94,0
101,2023,5,1227,13.08,763,30.81,0
101,2023,5,1228,13.08,1162,31.01,0
101,2023,5,1229,13.08,1137,31.27,0
101,2023,5,1230,13.08,902,31.46,0
101,2023,5,1231,13.08,879,31.23,0
101,2023,5,1232,13.08,844,31.01,0
101,2023,5,1233,13.08,1166,31.31,0
101,2023,5,1234,13.08,1110,31.17,0
101,2023,5,1235,13.08,1047,31.43,0
101,2023,5,1236,13.08,1075,31.67,0
101,2023,5,1237,13.08,416,31.8,0
101,2023,5,1238,13.08,296.3,31.64,0
101,2023,5,1239,13.08,258.4,31.35,0
101,2023,5,1240,13.08,246.9,31.15,0
101,2023,5,1241,13.08,251,30.99,0
101,2023,5,1242,13.08,272.3,30.83,0
101,2023,5,1243,13.08,718,30.65,0
101,2023,5,1244,13.08,1106,30.84,0
101,2023,5,1245,13.08,1137,31.01,0
101,2023,5,1246,13.09,913,31.14,0
101,2023,5,1247,13.08,534.9,31.32,0
101,2023,5,1248,13.08,389.9,31.41,0
101,2023,5,1249,13.08,375,31.12,0
101,2023,5,1250,13.08,558.1,30.97,0
101,2023,5,1251,13.08,617.8,30.66,0
101,2023,5,1252,13.08,327,30.63,0
101,2023,5,1253,13.08,326.8,30.7,0
101,2023,5,1254,13.09,328.1,30.52,0
101,2023,5,1255,13.08,642.4,30.44,0
101,2023,5,1256,13.08,984,30.48,0
101,2023,5,1257,13.08,1040,30.53,0
101,2023,5,1258,13.08,1043,30.62,0
101,2023,5,1259,13.08,992,30.84,0
101,2023,5,1300,13.08,881,31.03,0
101,2023,5,1301,13.09,1084,31.1,0
101,2023,5,1302,13.08,458.4,31.17,0
101,2023,5,1303,13.08,272.1,31.08,0
101,2023,5,1304,13.08,243.1,30.81,0
101,2023,5,1305,13.08,688.4,30.79,0
101,2023,5,1306,13.08,965,30.8,0
101,2023,5,1307,13.08,956,30.93,0
101,2023,5,1308,13.08,944,30.99,0
101,2023,5,1309,13.08,931,30.86,0
101,2023,5,1310,13.08,929,30.95,0
101,2023,5,1311,13.08,919,31.02,0
101,2023,5,1312,13.08,907,31.02,0
101,2023,5,1313,13.08,934,31.14,0
101,2023,5,1314,13.08,943,31.29,0
101,2023,5,1315,13.08,964,31.26,0
101,2023,5,1316,13.08,990,31.4,0
101,2023,5,1317,13.08,1015,31.33,0
101,2023,5,1318,13.08,919,31.49,0
101,2023,5,1319,13.08,945,31.62,0
101,2023,5,1320,13.08,931,31.58,0
101,2023,5,1321,13.08,918,31.51,0
101,2023,5,1322,13.08,911,31.61,0
101,2023,5,1323,13.08,908,31.69,0
101,2023,5,1324,13.08,911,31.75,0
101,2023,5,1325,13.08,917,31.92,0
101,2023,5,1326,13.09,924,32.03,0
101,2023,5,1327,13.08,933,31.85,0
101,2023,5,1328,13.08,902,31.52,0
101,2023,5,1329,13.08,796,31.44,0
101,2023,5,1330,13.09,811,31.52,0
101,2023,5,1331,13.08,871,31.39,0
101,2023,5,1332,13.08,863,31.34,0
101,2023,5,1333,13.08,864,31.48,0
101,2023,5,1334,13.09,863,31.45,0
101,2023,5,1335,13.08,859,31.3,0
101,2023,5,1336,13.08,860,31.29,0
101,2023,5,1337,13.08,858,31.4,0
101,2023,5,1338,13.08,852,31.68,0
101,2023,5,1339,13.08,849,31.32,0
101,2023,5,1340,13.08,847,31.22,0
101,2023,5,1341,13.08,846,31.19,0
101,2023,5,1342,13.08,846,31.23,0
101,2023,5,1343,13.08,850,31.28,0
101,2023,5,1344,13.08,859,31.42,0
101,2023,5,1345,13.08,867,31.56,0
101,2023,5,1346,13.08,679.3,31.67,0
101,2023,5,1347,13.08,779,31.65,0
101,2023,5,1348,13.08,851,31.73,0
101,2023,5,1349,13.08,844,31.37,0
101,2023,5,1350,13.08,833,31,0
101,2023,5,1351,13.08,830,30.71,0
101,2023,5,1352,13.08,827,30.71,0
101,2023,5,1353,13.09,827,31.07,0
101,2023,5,1354,13.08,831,31.26,0
101,2023,5,1355,13.08,843,31.13,0
101,2023,5,1356,13.08,836,31.17,0
101,2023,5,1357,13.08,397.7,31.14,0
101,2023,5,1358,13.08,485.2,30.99,0
101,2023,5,1359,13.08,799,30.98,0
101,2023,5,1400,13.08,819,31.02,0
101,2023,5,1401,13.09,807,31.01,0
101,2023,5,1402,13.08,800,31.18,0
101,2023,5,1403,13.08,799,30.98,0
101,2023,5,1404,13.09,796,30.94,0
101,2023,5,1405,13.09,792,31.03,0
101,2023,5,1406,13.08,788,31.06,0
101,2023,5,1407,13.09,784,30.84,0
101,2023,5,1408,13.08,786,31.2,0
101,2023,5,1409,13.09,787,31.19,0
101,2023,5,1410,13.09,784,31.18,0
101,2023,5,1411,13.09,782,31.21,0
101,2023,5,1412,13.09,779,31.4,0
101,2023,5,1413,13.09,779,31.4,0
101,2023,5,1414,13.09,779,31.13,0
101,2023,5,1415,13.08,768,31.2,0
101,2023,5,1416,13.08,758,31.31,0
101,2023,5,1417,13.09,754,31.22,0
101,2023,5,1418,13.09,749,30.98,0
101,2023,5,1419,13.09,747,30.86,0
101,2023,5,1420,13.09,745,31.04,0
101,2023,5,1421,13.09,744,31.27,0
101,2023,5,1422,13.08,742,31.28,0
101,2023,5,1423,13.08,738,31.3,0
101,2023,5,1424,13.09,734,31.21,0
101,2023,5,1425,13.09,733,31.04,0
101,2023,5,1426,13.09,730,30.99,0
101,2023,5,1427,13.09,725,31.03,0
101,2023,5,1428,13.09,722,31,0
101,2023,5,1429,13.09,719,30.96,0
101,2023,5,1430,13.09,719,30.82,0
101,2023,5,1431,13.09,712,30.8,0
101,2023,5,1432,13.09,610.2,30.97,0
101,2023,5,1433,13.09,699.6,31.06,0
101,2023,5,1434,13.09,692.9,31.06,0
101,2023,5,1435,13.09,689.9,31.17,0
101,2023,5,1436,13.09,687.9,31.33,0
101,2023,5,1437,13.09,686,31.19,0
101,2023,5,1438,13.09,684,31.21,0
101,2023,5,1439,13.09,682.1,31.07,0
101,2023,5,1440,13.09,678.8,31.04,0
101,2023,5,1441,13.09,675.4,30.97,0
101,2023,5,1442,13.09,672.6,31.05,0
101,2023,5,1443,13.09,669.5,31.15,0
101,2023,5,1444,13.09,664.5,31.07,0
101,2023,5,1445,13.09,658.9,30.96,0
101,2023,5,1446,13.09,654.6,30.91,0
101,2023,5,1447,13.09,652,31.02,0
101,2023,5,1448,13.09,648.2,31.07,0
101,2023,5,1449,13.09,645,30.87,0
101,2023,5,1450,13.09,641.8,30.87,0
101,2023,5,1451,13.09,638.5,30.92,0
101,2023,5,1452,13.09,634.6,30.83,0
101,2023,5,1453,13.09,631.3,30.92,0
101,2023,5,1454,13.09,626.1,30.89,0
101,2023,5,1455,13.09,622.3,30.71,0
101,2023,5,1456,13.09,618.9,30.6,0
101,2023,5,1457,13.09,614.9,30.62,0
101,2023,5,1458,13.09,610.2,30.58,0
101,2023,5,1459,13.09,606.7,30.43,0
101,2023,5,1500,13.09,603.1,30.46,0
101,2023,5,1501,13.09,598.6,30.48,0
101,2023,5,1502,13.09,594.9,30.5,0
101,2023,5,1503,13.09,590.8,30.55,0
101,2023,5,1504,13.09,587.3,30.39,0
101,2023,5,1505,13.09,584.2,30.54,0
101,2023,5,1506,13.09,580.1,30.57,0
101,2023,5,1507,13.09,575.9,30.58,0
101,2023,5,1508,13.09,572.7,30.52,0
101,2023,5,1509,13.09,569.9,30.4,0
101,2023,5,1510,13.09,565.5,30.42,0
101,2023,5,1511,13.09,560.9,30.33,0
101,2023,5,1512,13.09,556.5,30.4,0
101,2023,5,1513,13.09,553.3,30.3,0
101,2023,5,1514,13.09,550,30.33,0
101,2023,5,1515,13.09,546.6,30.38,0
101,2023,5,1516,13.09,542.9,30.31,0
101,2023,5,1517,13.09,539.9,30.25,0
101,2023,5,1518,13.1,536.3,30.17,0
101,2023,5,1519,13.09,532.7,30.21,0
101,2023,5,1520,13.1,529.7,30.24,0
101,2023,5,1521,13.09,526.4,30.19,0
101,2023,5,1522,13.1,522.1,30.18,0
101,2023,5,1523,13.1,518.2,30.27,0
101,2023,5,1524,13.09,514.6,30.16,0
101,2023,5,1525,13.1,511.3,30.03,0
101,2023,5,1526,13.1,508,29.91,0
101,2023,5,1527,13.09,504,29.84,0
101,2023,5,1528,13.1,500.3,29.93,0
101,2023,5,1529,13.1,497.3,29.96,0
101,2023,5,1530,13.1,493.8,30.07,0
101,2023,5,1531,13.1,490,30.12,0
101,2023,5,1532,13.1,485.9,30.13,0
101,2023,5,1533,13.1,481.7,30.09,0
101,2023,5,1534,13.1,477.1,30.17,0
101,2023,5,1535,13.1,472.4,30.26,0
101,2023,5,1536,13.1,469.5,30.08,0
101,2023,5,1537,13.1,466.1,30.03,0
101,2023,5,1538,13.1,462.3,29.92,0
101,2023,5,1539,13.1,458.5,29.87,0
101,2023,5,1540,13.1,453.5,29.84,0
101,2023,5,1541,13.09,449.9,29.91,0
101,2023,5,1542,13.1,445.5,29.9,0
101,2023,5,1543,13.1,442.5,29.92,0
101,2023,5,1544,13.1,439.1,29.74,0
101,2023,5,1545,13.1,435,29.63,0
101,2023,5,1546,13.1,430.1,29.67,0
101,2023,5,1547,13.1,426.4,29.56,0
101,2023,5,1548,13.1,423.7,29.51,0
101,2023,5,1549,13.1,420.2,29.51,0
101,2023,5,1550,13.1,415.8,29.53,0
101,2023,5,1551,13.1,411.3,29.61,0
101,2023,5,1552,13.1,407.2,29.62,0
101,2023,5,1553,13.1,403.4,29.65,0
101,2023,5,1554,13.1,398.4,29.71,0
101,2023,5,1555,13.1,394.7,29.68,0
101,2023,5,1556,13.1,388.9,29.5,0
101,2023,5,1557,13.1,382.3,29.42,0
101,2023,5,1558,13.1,381.7,29.31,0
101,2023,5,1559,13.1,379,29.31,0
101,2023,5,1600,13.1,376.1,29.37,0
101,2023,5,1601,13.1,371,29.42,0
101,2023,5,1602,13.1,365.1,29.27,0
101,2023,5,1603,13.1,362.4,29.15,0
101,2023,5,1604,13.11,359.1,29.07,0
101,2023,5,1605,13.1,355.5,29.05,0
101,2023,5,1606,13.11,346.6,29.09,0
101,2023,5,1607,13.1,346.9,29.19,0
101,2023,5,1608,13.11,345.5,29.12,0
101,2023,5,1609,13.1,339.5,29.08,0
101,2023,5,1610,13.11,332,28.99,0
101,2023,5,1611,13.1,327.1,29.03,0
101,2023,5,1612,13.1,322.4,29.03,0
101,2023,5,1613,13.1,321,29.02,0
101,2023,5,1614,13.11,314.9,28.92,0
101,2023,5,1615,13.11,311.3,28.78,0
101,2023,5,1616,13.11,304.1,28.74,0
101,2023,5,1617,13.11,298.4,28.76,0
101,2023,5,1618,13.11,299.2,28.75,0
101,2023,5,1619,13.11,296.5,28.71,0
101,2023,5,1620,13.11,293.7,28.68,0
101,2023,5,1621,13.11,289.1,28.68,0
101,2023,5,1622,13.11,287.2,28.68,0
101,2023,5,1623,13.11,273.7,28.72,0
101,2023,5,1624,13.11,272.1,28.78,0
101,2023,5,1625,13.11,273.9,28.86,0
101,2023,5,1626,13.11,274.7,28.93,0
101,2023,5,1627,13.11,270.6,28.89,0
101,2023,5,1628,13.11,265.1,28.9,0
101,2023,5,1629,13.11,259.2,28.89,0
101,2023,5,1630,13.11,246.2,28.89,0
101,2023,5,1631,13.11,241.9,28.82,0
101,2023,5,1632,13.11,240.7,28.76,0
101,2023,5,1633,13.11,235.2,28.73,0
101,2023,5,1634,13.11,228.6,28.72,0
101,2023,5,1635,13.11,228.8,28.65,0
101,2023,5,1636,13.11,228.8,28.6,0
101,2023,5,1637,13.11,224.5,28.59,0
101,2023,5,1638,13.11,223.7,28.54,0
101,2023,5,1639,13.11,220.9,28.43,0
101,2023,5,1640,13.11,217.5,28.42,0
101,2023,5,1641,13.11,214,28.39,0
101,2023,5,1642,13.11,210.7,28.37,0
101,2023,5,1643,13.11,206.7,28.36,0
101,2023,5,1644,13.11,202.5,28.36,0
101,2023,5,1645,13.11,195.5,28.36,0
101,2023,5,1646,13.11,191.3,28.4,0
101,2023,5,1647,13.11,188.5,28.38,0
101,2023,5,1648,13.11,184.2,28.29,0
101,2023,5,1649,13.11,182.3,28.22,0
101,2023,5,1650,13.11,179.4,28.17,0
101,2023,5,1651,13.12,173.1,28.18,0
101,2023,5,1652,13.11,169.4,28.15,0
101,2023,5,1653,13.12,163.9,28.1,0
101,2023,5,1654,13.12,159.8,28.08,0
101,2023,5,1655,13.12,157.2,28.07,0
101,2023,5,1656,13.12,153.7,28.01,0
101,2023,5,1657,13.12,150.3,27.94,0
101,2023,5,1658,13.12,145.8,27.89,0
101,2023,5,1659,13.12,143.2,27.83,0
101,2023,5,1700,13.12,139.7,27.8,0
101,2023,5,1701,13.12,135.5,27.83,0
101,2023,5,1702,13.12,133.4,27.8,0
101,2023,5,1703,13.12,130.2,27.77,0
101,2023,5,1704,13.12,126.6,27.77,0
101,2023,5,1705,13.12,121.6,27.75,0
101,2023,5,1706,13.12,116.7,27.75,0
101,2023,5,1707,13.12,113.1,27.68,0
101,2023,5,1708,13.12,110.2,27.62,0
101,2023,5,1709,13.12,107.5,27.58,0
101,2023,5,1710,13.12,104.2,27.51,0
101,2023,5,1711,13.12,100.7,27.47,0
101,2023,5,1712,13.12,97.1,27.47,0
101,2023,5,1713,13.12,93.4,27.42,0
101,2023,5,1714,13.13,89.6,27.4,0
101,2023,5,1715,13.12,84.8,27.33,0
101,2023,5,1716,13.13,79.7,27.27,0
101,2023,5,1717,13.13,75.8,27.26,0
101,2023,5,1718,13.12,72.2,27.22,0
101,2023,5,1719,13.12,69.39,27.18,0
101,2023,5,1720,13.12,66.91,27.14,0
101,2023,5,1721,13.11,63.75,27.11,0
101,2023,5,1722,13.1,57.39,27.07,0
101,2023,5,1723,13.1,52.77,27.03,0
101,2023,5,1724,13.09,48.01,27.01,0
101,2023,5,1725,13.08,41.92,26.99,0
101,2023,5,1726,13.08,39.72,26.93,0
101,2023,5,1727,13.07,41.05,26.9,0
101,2023,5,1728,13.06,41.67,26.88,0
101,2023,5,1729,13.05,37.13,26.84,0
101,2023,5,1730,13.04,32.57,26.8,0
101,2023,5,1731,13.04,27.64,26.75,0
101,2023,5,1732,13.03,24.2,26.7,0
101,2023,5,1733,13.02,22.37,26.66,0
101,2023,5,1734,13.02,22.34,26.63,0
101,2023,5,1735,13.01,23.44,26.59,0
101,2023,5,1736,13,23.04,26.57,0
101,2023,5,1737,13,21.3,26.53,0
101,2023,5,1738,12.99,18.88,26.49,0
101,2023,5,1739,12.99,15.49,26.46,0
101,2023,5,1740,12.98,12.85,26.45,0
101,2023,5,1741,12.98,12.11,26.42,0
101,2023,5,1742,12.97,11.58,26.36,0
101,2023,5,1743,12.97,10.59,26.33,0
101,2023,5,1744,12.96,9.44,26.29,0
101,2023,5,1745,12.96,8.56,26.24,0
101,2023,5,1746,12.95,7.78,26.2,0
101,2023,5,1747,12.95,6.903,26.16,0
101,2023,5,1748,12.94,6.142,26.13,0
101,2023,5,1749,12.94,5.494,26.11,0
101,2023,5,1750,12.94,4.846,26.07,0
101,2023,5,1751,12.93,4.198,26.05,0
101,2023,5,1752,12.93,3.945,26.01,0
101,2023,5,1753,12.93,3.606,25.99,0
101,2023,5,1754,12.92,3.099,25.97,0
101,2023,5,1755,12.92,2.592,25.94,0
101,2023,5,1756,12.92,2.367,25.92,0
101,2023,5,1757,12.91,1.972,25.9,0
101,2023,5,1758,12.91,1.691,25.88,0
101,2023,5,1759,12.91,1.465,25.86,0
101,2023,5,1800,12.9,1.014,25.83,0
101,2023,5,1801,12.9,0.986,25.79,0
101,2023,5,1802,12.9,0.62,25.77,0
101,2023,5,1803,12.9,0.338,25.77,0
101,2023,5,1804,12.89,0.338,25.76,0
101,2023,5,1805,12.89,0.338,25.73,0
101,2023,5,1806,12.89,0.338,25.7,0
101,2023,5,1807,12.89,0.338,25.67,0
101,2023,5,1808,12.88,0.338,25.65,0
101,2023,5,1809,12.88,0.31,25.63,0
101,2023,5,1810,12.88,0.254,25.61,0
101,2023,5,1811,12.88,0.338,25.59,0
101,2023,5,1812,12.88,0.197,25.56,0
101,2023,5,1813,12.87,0.254,25.54,0
101,2023,5,1814,12.87,0.254,25.52,0
101,2023,5,1815,12.87,0.225,25.5,0
101,2023,5,1816,12.87,0.225,25.49,0
101,2023,5,1817,12.86,0.113,25.48,0
101,2023,5,1818,12.86,0.169,25.46,0
101,2023,5,1819,12.86,0.113,25.45,0
101,2023,5,1820,12.86,0.141,25.42,0
101,2023,5,1821,12.86,0.085,25.41,0
101,2023,5,1822,12.85,0.028,25.4,0
101,2023,5,1823,12.85,0,25.4,0
101,2023,5,1824,12.85,0.085,25.38,0
101,2023,5,1825,12.85,0.113,25.38,0
101,2023,5,1826,12.85,0.028,25.37,0
101,2023,5,1827,12.85,0.028,25.36,0
101,2023,5,1828,12.85,0,25.35,0
101,2023,5,1829,12.84,0.028,25.33,0
101,2023,5,1830,12.84,0.056,25.3,0
101,2023,5,1831,12.84,0,25.28,0
101,2023,5,1832,12.84,0.028,25.26,0
101,2023,5,1833,12.84,0,25.24,0
101,2023,5,1834,12.84,0.028,25.22,0
101,2023,5,1835,12.84,0,25.2,0
101,2023,5,1836,12.84,0,25.18,0
101,2023,5,1837,12.83,0,25.16,0
101,2023,5,1838,12.83,0,25.15,0
101,2023,5,1839,12.83,0.028,25.14,0
101,2023,5,1840,12.83,0,25.12,0
101,2023,5,1841,12.83,0.028,25.1,0
101,2023,5,1842,12.83,0,25.1,0
101,2023,5,1843,12.83,0,25.09,0
101,2023,5,1844,12.82,0,25.08,0
101,2023,5,1845,12.82,0,25.07,0
101,2023,5,1846,12.82,0,25.05,0
101,2023,5,1847,12.82,0.028,25.04,0
101,2023,5,1848,12.82,0,25.03,0
101,2023,5,1849,12.82,0,25.01,0
101,2023,5,1850,12.82,0,25.01,0
101,2023,5,1851,12.82,0,24.99,0
101,2023,5,1852,12.82,0,24.99,0
101,2023,5,1853,12.82,0,24.99,0
101,2023,5,1854,12.82,0,24.96,0
101,2023,5,1855,12.82,0,24.95,0
101,2023,5,1856,12.81,0.028,24.93,0
101,2023,5,1857,12.81,0,24.92,0
101,2023,5,1858,12.81,0,24.91,0
101,2023,5,1859,12.81,0.028,24.9,0
101,2023,5,1900,12.81,0,24.89,0
101,2023,5,1901,12.81,0,24.88,0
101,2023,5,1902,12.81,0,24.86,0
101,2023,5,1903,12.81,0.028,24.84,0
101,2023,5,1904,12.81,0,24.83,0
101,2023,5,1905,12.8,0,24.81,0
101,2023,5,1906,12.81,0,24.79,0
101,2023,5,1907,12.8,0,24.76,0
101,2023,5,1908,12.8,0,24.75,0
101,2023,5,1909,12.8,0,24.73,0
101,2023,5,1910,12.8,0,24.74,0
101,2023,5,1911,12.8,0,24.73,0
101,2023,5,1912,12.8,0,24.73,0
101,2023,5,1913,12.8,0,24.71,0
101,2023,5,1914,12.8,0,24.69,0
101,2023,5,1915,12.8,0,24.67,0
101,2023,5,1916,12.8,0,24.67,0
101,2023,5,1917,12.8,0,24.65,0
101,2023,5,1918,12.8,0,24.64,0
101,2023,5,1919,12.8,0,24.64,0
101,2023,5,1920,12.79,0,24.62,0
101,2023,5,1921,12.8,0,24.62,0
101,2023,5,1922,12.79,0,24.61,0
101,2023,5,1923,12.79,0,24.6,0
101,2023,5,1924,12.79,0,24.6,0
101,2023,5,1925,12.79,0,24.58,0
101,2023,5,1926,12.79,0,24.57,0
101,2023,5,1927,12.79,0,24.57,0
101,2023,5,1928,12.79,0,24.56,0
101,2023,5,1929,12.79,0,24.55,0
101,2023,5,1930,12.79,0,24.55,0
101,2023,5,1931,12.79,0,24.53,0
101,2023,5,1932,12.79,0,24.51,0
101,2023,5,1933,12.78,0,24.5,0
101,2023,5,1934,12.79,0,24.5,0
101,2023,5,1935,12.79,0,24.49,0
101,2023,5,1936,12.79,0,24.49,0
101,2023,5,1937,12.79,0,24.48,0
101,2023,5,1938,12.79,0,24.49,0
101,2023,5,1939,12.79,0,24.47,0
101,2023,5,1940,12.79,0,24.48,0
101,2023,5,1941,12.78,0,24.48,0
101,2023,5,1942,12.78,0,24.48,0
101,2023,5,1943,12.78,0,24.47,0
101,2023,5,1944,12.78,0,24.46,0
101,2023,5,1945,12.78,0,24.45,0
101,2023,5,1946,12.78,0,24.45,0
101,2023,5,1947,12.78,0,24.43,0
101,2023,5,1948,12.78,0,24.42,0
101,2023,5,1949,12.78,0,24.42,0
101,2023,5,1950,12.78,0,24.41,0
101,2023,5,1951,12.78,0,24.42,0
101,2023,5,1952,12.78,0,24.42,0
101,2023,5,1953,12.78,0,24.43,0
101,2023,5,1954,12.78,0,24.43,0
101,2023,5,1955,12.78,0,24.42,0
101,2023,5,1956,12.78,0,24.4,0
101,2023,5,1957,12.77,0,24.4,0
101,2023,5,1958,12.77,0,24.38,0
101,2023,5,1959,12.77,0,24.37,0
101,2023,5,2000,12.77,0,24.37,0
101,2023,5,2001,12.77,0,24.38,0
101,2023,5,2002,12.77,0,24.36,0
101,2023,5,2003,12.77,0,24.35,0
101,2023,5,2004,12.77,0,24.34,0
101,2023,5,2005,12.77,0,24.33,0
101,2023,5,2006,12.77,0,24.32,0
101,2023,5,2007,12.77,0,24.31,0
101,2023,5,2008,12.77,0,24.31,0
101,2023,5,2009,12.77,0,24.3,0
101,2023,5,2010,12.77,0,24.31,0
101,2023,5,2011,12.77,0,24.29,0
101,2023,5,2012,12.77,0,24.28,0
101,2023,5,2013,12.76,0,24.26,0
101,2023,5,2014,12.77,0,24.27,0
101,2023,5,2015,12.77,0,24.26,0
101,2023,5,2016,12.77,0,24.24,0
101,2023,5,2017,12.77,0,24.23,0
101,2023,5,2018,12.77,0,24.22,0
101,2023,5,2019,12.77,0,24.2,0
101,2023,5,2020,12.77,0,24.2,0
101,2023,5,2021,12.77,0,24.2,0
101,2023,5,2022,12.76,0,24.19,0
101,2023,5,2023,12.76,0,24.18,0
101,2023,5,2024,12.77,0,24.17,0
101,2023,5,2025,12.76,0,24.15,0
101,2023,5,2026,12.76,0,24.15,0
101,2023,5,2027,12.76,0,24.13,0
101,2023,5,2028,12.76,0,24.13,0
101,2023,5,2029,12.76,0,24.13,0
101,2023,5,2030,12.76,0,24.14,0
101,2023,5,2031,12.76,0,24.13,0
101,2023,5,2032,12.76,0,24.13,0
101,2023,5,2033,12.76,0,24.12,0
101,2023,5,2034,12.76,0,24.11,0
101,2023,5,2035,12.76,0,24.12,0
101,2023,5,2036,12.76,0,24.11,0
101,2023,5,2037,12.76,0,24.1,0
101,2023,5,2038,12.76,0,24.1,0
101,2023,5,2039,12.76,0,24.1,0
101,2023,5,2040,12.76,0,24.1,0
101,2023,5,2041,12.76,0,24.12,0
101,2023,5,2042,12.76,0,24.13,0
101,2023,5,2043,12.76,0,24.14,0
101,2023,5,2044,12.76,0,24.15,0
101,2023,5,2045,12.76,0,24.14,0
101,2023,5,2046,12.76,0,24.13,0
101,2023,5,2047,12.75,0,24.13,0
101,2023,5,2048,12.76,0,24.13,0
101,2023,5,2049,12.76,0,24.1,0
101,2023,5,2050,12.75,0,24.08,0
101,2023,5,2051,12.75,0,24.07,0
101,2023,5,2052,12.75,0,24.06,0
101,2023,5,2053,12.75,0,24.09,0
101,2023,5,2054,12.75,0,24.09,0
101,2023,5,2055,12.75,0,24.08,0
101,2023,5,2056,12.75,0,24.06,0
101,2023,5,2057,12.75,0,24.06,0
101,2023,5,2058,12.75,0,24.06,0
101,2023,5,2059,12.75,0,24.06,0
101,2023,5,2100,12.75,0,24.06,0
101,2023,5,2101,12.75,0,24.05,0
101,2023,5,2102,12.75,0,24.05,0
101,2023,5,2103,12.75,0,24.05,0
101,2023,5,2104,12.75,0,24.03,0
101,2023,5,2105,12.75,0,24.05,0
101,2023,5,2106,12.75,0,24.04,0
101,2023,5,2107,12.75,0,24.03,0
101,2023,5,2108,12.75,0,24.03,0
101,2023,5,2109,12.75,0,24.01,0
101,2023,5,2110,12.75,0,24,0
101,2023,5,2111,12.75,0,24,0
101,2023,5,2112,12.75,0,24,0
101,2023,5,2113,12.75,0,24,0
101,2023,5,2114,12.75,0,24,0
101,2023,5,2115,12.75,0,23.98,0
101,2023,5,2116,12.75,0,23.97,0
101,2023,5,2117,12.74,0,23.94,0
101,2023,5,2118,12.75,0,23.91,0
101,2023,5,2119,12.75,0,23.89,0
101,2023,5,2120,12.75,0,23.87,0
101,2023,5,2121,12.75,0,23.88,0
101,2023,5,2122,12.75,0,23.88,0
101,2023,5,2123,12.75,0,23.86,0
101,2023,5,2124,12.75,0,23.84,0
101,2023,5,2125,12.75,0,23.83,0
101,2023,5,2126,12.75,0,23.83,0
101,2023,5,2127,12.75,0,23.81,0
101,2023,5,2128,12.75,0,23.79,0
101,2023,5,2129,12.75,0,23.77,0
101,2023,5,2130,12.75,0,23.74,0
101,2023,5,2131,12.75,0,23.71,0
101,2023,5,2132,12.75,0,23.69,0
101,2023,5,2133,12.75,0,23.67,0
101,2023,5,2134,12.75,0,23.64,0
101,2023,5,2135,12.74,0,23.63,0
101,2023,5,2136,12.74,0,23.61,0
101,2023,5,2137,12.74,0,23.6,0
101,2023,5,2138,12.75,0,23.59,0
101,2023,5,2139,12.74,0,23.58,0
101,2023,5,2140,12.74,0,23.58,0
101,2023,5,2141,12.74,0,23.58,0
101,2023,5,2142,12.74,0,23.57,0
101,2023,5,2143,12.74,0,23.57,0
101,2023,5,2144,12.74,0,23.57,0
101,2023,5,2145,12.74,0,23.55,0
101,2023,5,2146,12.74,0,23.55,0
101,2023,5,2147,12.74,0,23.54,0
101,2023,5,2148,12.74,0,23.54,0
101,2023,5,2149,12.74,0,23.53,0
101,2023,5,2150,12.74,0,23.53,0
101,2023,5,2151,12.74,0,23.5,0
101,2023,5,2152,12.74,0,23.5,0
101,2023,5,2153,12.74,0,23.5,0
101,2023,5,2154,12.74,0,23.49,0
101,2023,5,2155,12.74,0,23.49,0
101,2023,5,2156,12.74,0,23.5,0
101,2023,5,2157,12.74,0,23.51,0
101,2023,5,2158,12.74,0,23.51,0
101,2023,5,2159,12.74,0,23.51,0
101,2023,5,2200,12.74,0,23.5,0
101,2023,5,2201,12.74,0,23.49,0
101,2023,5,2202,12.74,0,23.5,0
101,2023,5,2203,12.74,0,23.5,0
101,2023,5,2204,12.74,0,23.5,0
101,2023,5,2205,12.74,0,23.49,0
101,2023,5,2206,12.74,0,23.47,0
101,2023,5,2207,12.74,0,23.45,0
101,2023,5,2208,12.74,0,23.44,0
101,2023,5,2209,12.74,0,23.44,0
101,2023,5,2210,12.73,0,23.44,0
101,2023,5,2211,12.73,0,23.44,0
101,2023,5,2212,12.73,0,23.43,0
101,2023,5,2213,12.73,0,23.43,0
101,2023,5,2214,12.73,0,23.41,0
101,2023,5,2215,12.73,0,23.41,0
101,2023,5,2216,12.73,0,23.4,0
101,2023,5,2217,12.73,0,23.4,0
101,2023,5,2218,12.73,0,23.38,0
101,2023,5,2219,12.73,0,23.36,0
101,2023,5,2220,12.73,0,23.33,0
101,2023,5,2221,12.73,0,23.32,0
101,2023,5,2222,12.73,0,23.32,0
101,2023,5,2223,12.73,0,23.3,0
101,2023,5,2224,12.73,0,23.28,0
101,2023,5,2225,12.73,0,23.26,0
101,2023,5,2226,12.73,0,23.23,0
101,2023,5,2227,12.73,0,23.2,0
101,2023,5,2228,12.73,0,23.19,0
101,2023,5,2229,12.73,0,23.17,0
101,2023,5,2230,12.73,0,23.15,0
101,2023,5,2231,12.73,0,23.14,0
101,2023,5,2232,12.73,0,23.12,0
101,2023,5,2233,12.73,0,23.08,0
101,2023,5,2234,12.73,0,23.06,0
101,2023,5,2235,12.73,0,23.03,0
101,2023,5,2236,12.73,0,23.02,0
101,2023,5,2237,12.73,0,22.99,0
101,2023,5,2238,12.73,0,22.99,0
101,2023,5,2239,12.73,0,22.96,0
101,2023,5,2240,12.73,0,22.93,0
101,2023,5,2241,12.73,0,22.88,0
101,2023,5,2242,12.73,0,22.88,0
101,2023,5,2243,12.73,0,22.87,0
101,2023,5,2244,12.73,0,22.87,0
101,2023,5,2245,12.73,0,22.88,0
101,2023,5,2246,12.73,0,22.88,0
101,2023,5,2247,12.73,0,22.89,0
101,2023,5,2248,12.73,0,22.88,0
101,2023,5,2249,12.73,0,22.88,0
101,2023,5,2250,12.73,0,22.88,0
101,2023,5,2251,12.73,0,22.87,0
101,2023,5,2252,12.73,0,22.88,0
101,2023,5,2253,12.73,0,22.87,0
101,2023,5,2254,12.73,0,22.85,0
101,2023,5,2255,12.73,0,22.85,0
101,2023,5,2256,12.73,0,22.83,0
101,2023,5,2257,12.73,0,22.82,0
101,2023,5,2258,12.73,0,22.82,0
101,2023,5,2259,12.73,0,22.81,0
101,2023,5,2300,12.73,0,22.78,0
101,2023,5,2301,12.73,0,22.73,0
101,2023,5,2302,12.73,0,22.68,0
101,2023,5,2303,12.73,0,22.65,0
101,2023,5,2304,12.73,0,22.62,0
101,2023,5,2305,12.73,0,22.61,0
101,2023,5,2306,12.73,0,22.6,0
101,2023,5,2307,12.73,0,22.62,0
101,2023,5,2308,12.73,0,22.64,0
101,2023,5,2309,12.73,0,22.66,0
101,2023,5,2310,12.72,0,22.66,0
101,2023,5,2311,12.72,0,22.66,0
101,2023,5,2312,12.72,0,22.66,0
101,2023,5,2313,12.72,0,22.69,0
101,2023,5,2314,12.72,0,22.7,0
101,2023,5,2315,12.72,0,22.71,0
101,2023,5,2316,12.72,0,22.73,0
101,2023,5,2317,12.72,0,22.73,0
101,2023,5,2318,12.72,0,22.77,0
101,2023,5,2319,12.72,0,22.76,0
101,2023,5,2320,12.72,0,22.75,0
101,2023,5,2321,12.72,0,22.75,0
101,2023,5,2322,12.72,0,22.76,0
101,2023,5,2323,12.72,0,22.76,0
101,2023,5,2324,12.72,0,22.77,0
101,2023,5,2325,12.72,0,22.78,0
101,2023,5,2326,12.72,0,22.76,0
101,2023,5,2327,12.72,0,22.77,0
101,2023,5,2328,12.72,0,22.75,0
101,2023,5,2329,12.72,0,22.73,0
101,2023,5,2330,12.72,0,22.73,0
101,2023,5,2331,12.72,0,22.72,0
101,2023,5,2332,12.72,0,22.73,0
101,2023,5,2333,12.72,0,22.71,0
101,2023,5,2334,12.72,0,22.7,0
101,2023,5,2335,12.72,0,22.7,0
101,2023,5,2336,12.72,0,22.68,0
101,2023,5,2337,12.72,0,22.66,0
101,2023,5,2338,12.72,0,22.64,0
101,2023,5,2339,12.72,0,22.64,0
101,2023,5,2340,12.72,0,22.61,0
101,2023,5,2341,12.72,0,22.59,0
101,2023,5,2342,12.72,0,22.56,0
101,2023,5,2343,12.72,0,22.55,0
101,2023,5,2344,12.72,0,22.54,0
101,2023,5,2345,12.72,0,22.51,0
101,2023,5,2346,12.71,0,22.51,0
101,2023,5,2347,12.72,0,22.52,0
101,2023,5,2348,12.71,0,22.51,0
101,2023,5,2349,12.71,0,22.49,0
101,2023,5,2350,12.71,0,22.49,0
101,2023,5,2351,12.71,0,22.48,0
101,2023,5,2352,12.71,0,22.48,0
101,2023,5,2353,12.71,0,22.5,0
101,2023,5,2354,12.71,0,22.49,0
101,2023,5,2355,12.71,0,22.47,0
101,2023,5,2356,12.71,0,22.48,0
101,2023,5,2357,12.71,0,22.47,0
101,2023,5,2358,12.71,0,22.45,0
101,2023,5,2359,12.71,0,22.44,0
