a,b,dia_juliano,d,e,f,g,h
101,2023,105,2400.0,12.6,0.0,22.07,0.0
101,2023,105,1.0,12.6,0.0,22.04,0.0
101,2023,105,2.0,12.59,0.0,22.04,0.0
101,2023,105,3.0,12.59,0.0,22.09,0.0
101,2023,105,4.0,12.59,0.0,22.16,0.0
101,2023,105,5.0,12.59,0.0,22.17,0.0
101,2023,105,6.0,12.59,0.0,22.11,0.0
101,2023,105,7.0,12.6,0.0,22.08,0.0
101,2023,105,8.0,12.59,0.0,22.05,0.0
101,2023,105,9.0,12.59,0.0,22.03,0.0
101,2023,105,10.0,12.59,0.0,22.03,0.0
101,2023,105,11.0,12.6,0.0,22.04,0.0
101,2023,105,12.0,12.59,0.0,22.05,0.0
101,2023,105,13.0,12.59,0.0,22.03,0.0
101,2023,105,14.0,12.59,0.0,22.03,0.0
101,2023,105,15.0,12.59,0.0,22.07,0.0
101,2023,105,16.0,12.59,0.0,22.08,0.0
101,2023,105,17.0,12.59,0.0,22.05,0.0
101,2023,105,18.0,12.59,0.0,22.02,0.0
101,2023,105,19.0,12.59,0.0,22.0,0.0
101,2023,105,20.0,12.59,0.0,21.98,0.0
101,2023,105,21.0,12.59,0.0,21.99,0.0
101,2023,105,22.0,12.59,0.0,22.03,0.0
101,2023,105,23.0,12.59,0.0,22.06,0.0
101,2023,105,24.0,12.59,0.0,22.04,0.0
101,2023,105,25.0,12.59,0.0,22.03,0.0
101,2023,105,26.0,12.59,0.0,21.99,0.0
101,2023,105,27.0,12.59,0.0,21.96,0.0
101,2023,105,28.0,12.59,0.0,21.94,0.0
101,2023,105,29.0,12.59,0.0,21.92,0.0
101,2023,105,30.0,12.59,0.0,21.91,0.0
101,2023,105,31.0,12.59,0.0,21.95,0.0
101,2023,105,32.0,12.59,0.0,22.0,0.0
101,2023,105,33.0,12.58,0.0,22.01,0.0
101,2023,105,34.0,12.59,0.0,22.0,0.0
101,2023,105,35.0,12.59,0.0,21.98,0.0
101,2023,105,36.0,12.59,0.0,21.98,0.0
101,2023,105,37.0,12.59,0.0,22.0,0.0
101,2023,105,38.0,12.59,0.0,22.0,0.0
101,2023,105,39.0,12.59,0.0,22.02,0.0
101,2023,105,40.0,12.59,0.0,22.05,0.0
101,2023,105,41.0,12.59,0.0,22.05,0.0
101,2023,105,42.0,12.59,0.0,22.0,0.0
101,2023,105,43.0,12.59,0.0,21.99,0.0
101,2023,105,44.0,12.59,0.0,21.99,0.0
101,2023,105,45.0,12.58,0.0,22.03,0.0
101,2023,105,46.0,12.58,0.0,22.03,0.0
101,2023,105,47.0,12.58,0.0,22.05,0.0
101,2023,105,48.0,12.58,0.0,22.05,0.0
101,2023,105,49.0,12.58,0.0,22.06,0.0
101,2023,105,50.0,12.58,0.0,22.07,0.0
101,2023,105,51.0,12.58,0.0,22.09,0.0
101,2023,105,52.0,12.58,0.0,22.09,0.0
101,2023,105,53.0,12.58,0.0,22.12,0.0
101,2023,105,54.0,12.58,0.0,22.14,0.0
101,2023,105,55.0,12.58,0.0,22.13,0.0
101,2023,105,56.0,12.58,0.0,22.13,0.0
101,2023,105,57.0,12.58,0.0,22.15,0.0
101,2023,105,58.0,12.58,0.0,22.14,0.0
101,2023,105,59.0,12.58,0.0,22.17,0.0
101,2023,105,100.0,12.58,0.0,22.21,0.0
101,2023,105,101.0,12.58,0.0,22.23,0.0
101,2023,105,102.0,12.58,0.0,22.24,0.0
101,2023,105,103.0,12.58,0.0,22.26,0.0
101,2023,105,104.0,12.58,0.0,22.25,0.0
101,2023,105,105.0,12.58,0.0,22.26,0.0
101,2023,105,106.0,12.58,0.0,22.27,0.0
101,2023,105,107.0,12.58,0.0,22.26,0.0
101,2023,105,108.0,12.58,0.0,22.25,0.0
101,2023,105,109.0,12.58,0.0,22.24,0.0
101,2023,105,110.0,12.58,0.0,22.23,0.0
101,2023,105,111.0,12.58,0.0,22.23,0.0
101,2023,105,112.0,12.58,0.0,22.18,0.0
101,2023,105,113.0,12.58,0.0,22.17,0.0
101,2023,105,114.0,12.58,0.0,22.16,0.0
101,2023,105,115.0,12.58,0.0,22.21,0.0
101,2023,105,116.0,12.58,0.0,22.2,0.0
101,2023,105,117.0,12.58,0.0,22.21,0.0
101,2023,105,118.0,12.58,0.0,22.26,0.0
101,2023,105,119.0,12.58,0.0,22.32,0.0
101,2023,105,120.0,12.58,0.0,22.27,0.0
101,2023,105,121.0,12.58,0.0,22.24,0.0
101,2023,105,122.0,12.58,0.0,22.21,0.0
101,2023,105,123.0,12.58,0.0,22.18,0.0
101,2023,105,124.0,12.58,0.0,22.2,0.0
101,2023,105,125.0,12.58,0.0,22.18,0.0
101,2023,105,126.0,12.57,0.0,22.19,0.0
101,2023,105,127.0,12.58,0.0,22.23,0.0
101,2023,105,128.0,12.57,0.0,22.24,0.0
101,2023,105,129.0,12.57,0.0,22.22,0.0
101,2023,105,130.0,12.58,0.0,22.2,0.0
101,2023,105,131.0,12.58,0.0,22.18,0.0
101,2023,105,132.0,12.57,0.0,22.17,0.0
101,2023,105,133.0,12.57,0.0,22.15,0.0
101,2023,105,134.0,12.57,0.0,22.15,0.0
101,2023,105,135.0,12.57,0.0,22.15,0.0
101,2023,105,136.0,12.57,0.0,22.15,0.0
101,2023,105,137.0,12.57,0.0,22.16,0.0
101,2023,105,138.0,12.57,0.0,22.15,0.0
101,2023,105,139.0,12.57,0.0,22.14,0.0
101,2023,105,140.0,12.57,0.0,22.15,0.0
101,2023,105,141.0,12.57,0.0,22.17,0.0
101,2023,105,142.0,12.57,0.0,22.14,0.0
101,2023,105,143.0,12.57,0.0,22.16,0.0
101,2023,105,144.0,12.57,0.0,22.16,0.0
101,2023,105,145.0,12.57,0.0,22.14,0.0
101,2023,105,146.0,12.57,0.0,22.13,0.0
101,2023,105,147.0,12.57,0.0,22.12,0.0
101,2023,105,148.0,12.57,0.0,22.08,0.0
101,2023,105,149.0,12.57,0.0,22.09,0.0
101,2023,105,150.0,12.57,0.0,22.11,0.0
101,2023,105,151.0,12.57,0.0,22.16,0.0
101,2023,105,152.0,12.57,0.0,22.11,0.0
101,2023,105,153.0,12.57,0.0,22.11,0.0
101,2023,105,154.0,12.57,0.0,22.17,0.0
101,2023,105,155.0,12.56,0.0,22.15,0.0
101,2023,105,156.0,12.56,0.0,22.13,0.0
101,2023,105,157.0,12.56,0.0,22.12,0.0
101,2023,105,158.0,12.57,0.0,22.12,0.0
101,2023,105,159.0,12.57,0.0,22.1,0.0
101,2023,105,200.0,12.56,0.0,22.08,0.0
101,2023,105,201.0,12.56,0.0,22.06,0.0
101,2023,105,202.0,12.56,0.0,22.06,0.0
101,2023,105,203.0,12.56,0.0,22.05,0.0
101,2023,105,204.0,12.56,0.0,22.03,0.0
101,2023,105,205.0,12.56,0.0,22.02,0.0
101,2023,105,206.0,12.56,0.0,22.04,0.0
101,2023,105,207.0,12.56,0.0,22.09,0.0
101,2023,105,208.0,12.56,0.0,22.03,0.0
101,2023,105,209.0,12.56,0.0,22.03,0.0
101,2023,105,210.0,12.56,0.0,22.02,0.0
101,2023,105,211.0,12.56,0.0,21.98,0.0
101,2023,105,212.0,12.56,0.0,21.98,0.0
101,2023,105,213.0,12.56,0.0,21.99,0.0
101,2023,105,214.0,12.56,0.0,21.97,0.0
101,2023,105,215.0,12.56,0.0,22.0,0.0
101,2023,105,216.0,12.56,0.0,22.0,0.0
101,2023,105,217.0,12.56,0.0,21.99,0.0
101,2023,105,218.0,12.56,0.0,21.98,0.0
101,2023,105,219.0,12.56,0.0,21.98,0.0
101,2023,105,220.0,12.56,0.0,21.99,0.0
101,2023,105,221.0,12.56,0.0,21.99,0.0
101,2023,105,222.0,12.56,0.0,21.98,0.0
101,2023,105,223.0,12.56,0.0,21.98,0.0
101,2023,105,224.0,12.56,0.0,22.0,0.0
101,2023,105,225.0,12.56,0.0,22.0,0.0
101,2023,105,226.0,12.56,0.0,22.01,0.0
101,2023,105,227.0,12.56,0.0,21.99,0.0
101,2023,105,228.0,12.56,0.0,21.98,0.0
101,2023,105,229.0,12.56,0.0,21.96,0.0
101,2023,105,230.0,12.56,0.0,21.94,0.0
101,2023,105,231.0,12.56,0.0,21.96,0.0
101,2023,105,232.0,12.55,0.0,21.96,0.0
101,2023,105,233.0,12.55,0.0,22.0,0.0
101,2023,105,234.0,12.55,0.0,21.98,0.0
101,2023,105,235.0,12.55,0.0,21.96,0.0
101,2023,105,236.0,12.55,0.0,21.96,0.0
101,2023,105,237.0,12.55,0.0,21.96,0.0
101,2023,105,238.0,12.55,0.0,21.97,0.0
101,2023,105,239.0,12.55,0.0,22.0,0.0
101,2023,105,240.0,12.55,0.0,22.03,0.0
101,2023,105,241.0,12.55,0.0,22.0,0.0
101,2023,105,242.0,12.55,0.0,22.01,0.0
101,2023,105,243.0,12.55,0.0,22.03,0.0
101,2023,105,244.0,12.55,0.0,22.01,0.0
101,2023,105,245.0,12.55,0.0,22.01,0.0
101,2023,105,246.0,12.55,0.0,22.02,0.0
101,2023,105,247.0,12.55,0.0,22.01,0.0
101,2023,105,248.0,12.55,0.0,22.01,0.0
101,2023,105,249.0,12.55,0.0,22.0,0.0
101,2023,105,250.0,12.55,0.0,21.99,0.0
101,2023,105,251.0,12.55,0.0,21.98,0.0
101,2023,105,252.0,12.54,0.0,21.98,0.0
101,2023,105,253.0,12.54,0.0,21.97,0.0
101,2023,105,254.0,12.55,0.0,21.96,0.0
101,2023,105,255.0,12.54,0.0,21.96,0.0
101,2023,105,256.0,12.54,0.0,21.98,0.0
101,2023,105,257.0,12.54,0.0,22.0,0.0
101,2023,105,258.0,12.54,0.0,22.01,0.0
101,2023,105,259.0,12.54,0.0,22.04,0.0
101,2023,105,300.0,12.54,0.0,22.05,0.0
101,2023,105,301.0,12.54,0.0,22.03,0.0
101,2023,105,302.0,12.54,0.0,22.03,0.0
101,2023,105,303.0,12.54,0.0,22.03,0.0
101,2023,105,304.0,12.54,0.0,22.03,0.0
101,2023,105,305.0,12.54,0.0,22.03,0.0
101,2023,105,306.0,12.54,0.0,22.02,0.0
101,2023,105,307.0,12.54,0.0,22.04,0.0
101,2023,105,308.0,12.54,0.0,22.06,0.0
101,2023,105,309.0,12.54,0.0,22.06,0.0
101,2023,105,310.0,12.54,0.0,22.05,0.0
101,2023,105,311.0,12.54,0.0,22.01,0.0
101,2023,105,312.0,12.54,0.0,21.96,0.0
101,2023,105,313.0,12.54,0.0,21.89,0.0
101,2023,105,314.0,12.54,0.0,21.85,0.0
101,2023,105,315.0,12.53,0.0,21.82,0.0
101,2023,105,316.0,12.54,0.0,21.8,0.0
101,2023,105,317.0,12.54,0.0,21.78,0.0
101,2023,105,318.0,12.54,0.0,21.78,0.0
101,2023,105,319.0,12.54,0.0,21.76,0.0
101,2023,105,320.0,12.53,0.0,21.73,0.0
101,2023,105,321.0,12.54,0.0,21.74,0.0
101,2023,105,322.0,12.54,0.0,21.72,0.0
101,2023,105,323.0,12.54,0.0,21.72,0.0
101,2023,105,324.0,12.54,0.0,21.69,0.0
101,2023,105,325.0,12.53,0.0,21.67,0.0
101,2023,105,326.0,12.53,0.0,21.69,0.0
101,2023,105,327.0,12.53,0.0,21.71,0.0
101,2023,105,328.0,12.54,0.0,21.74,0.0
101,2023,105,329.0,12.53,0.0,21.76,0.0
101,2023,105,330.0,12.53,0.0,21.76,0.0
101,2023,105,331.0,12.53,0.0,21.76,0.0
101,2023,105,332.0,12.53,0.0,21.74,0.0
101,2023,105,333.0,12.53,0.0,21.72,0.0
101,2023,105,334.0,12.53,0.0,21.74,0.0
101,2023,105,335.0,12.53,0.0,21.79,0.0
101,2023,105,336.0,12.53,0.0,21.8,0.0
101,2023,105,337.0,12.53,0.0,21.82,0.0
101,2023,105,338.0,12.53,0.0,21.84,0.0
101,2023,105,339.0,12.53,0.0,21.86,0.0
101,2023,105,340.0,12.53,0.0,21.86,0.0
101,2023,105,341.0,12.53,0.0,21.86,0.0
101,2023,105,342.0,12.53,0.0,21.84,0.0
101,2023,105,343.0,12.53,0.0,21.86,0.0
101,2023,105,344.0,12.53,0.0,21.86,0.0
101,2023,105,345.0,12.53,0.0,21.86,0.0
101,2023,105,346.0,12.53,0.0,21.89,0.0
101,2023,105,347.0,12.53,0.0,21.94,0.0
101,2023,105,348.0,12.52,0.0,21.94,0.0
101,2023,105,349.0,12.52,0.0,21.96,0.0
101,2023,105,350.0,12.52,0.0,21.96,0.0
101,2023,105,351.0,12.52,0.0,21.96,0.0
101,2023,105,352.0,12.52,0.0,21.99,0.0
101,2023,105,353.0,12.52,0.0,22.0,0.0
101,2023,105,354.0,12.52,0.0,22.01,0.0
101,2023,105,355.0,12.52,0.0,22.01,0.0
101,2023,105,356.0,12.52,0.0,22.03,0.0
101,2023,105,357.0,12.52,0.0,22.03,0.0
101,2023,105,358.0,12.53,0.0,22.05,0.0
101,2023,105,359.0,12.52,0.0,22.07,0.0
101,2023,105,400.0,12.52,0.0,22.09,0.0
101,2023,105,401.0,12.52,0.0,22.11,0.0
101,2023,105,402.0,12.52,0.0,22.14,0.0
101,2023,105,403.0,12.52,0.0,22.15,0.0
101,2023,105,404.0,12.52,0.0,22.16,0.0
101,2023,105,405.0,12.52,0.0,22.17,0.0
101,2023,105,406.0,12.52,0.0,22.17,0.0
101,2023,105,407.0,12.52,0.0,22.16,0.0
101,2023,105,408.0,12.52,0.0,22.15,0.0
101,2023,105,409.0,12.52,0.0,22.15,0.0
101,2023,105,410.0,12.52,0.0,22.15,0.0
101,2023,105,411.0,12.52,0.0,22.15,0.0
101,2023,105,412.0,12.52,0.0,22.15,0.0
101,2023,105,413.0,12.52,0.0,22.15,0.0
101,2023,105,414.0,12.52,0.0,22.15,0.0
101,2023,105,415.0,12.52,0.0,22.13,0.0
101,2023,105,416.0,12.52,0.0,22.13,0.0
101,2023,105,417.0,12.52,0.0,22.11,0.0
101,2023,105,418.0,12.52,0.0,22.1,0.0
101,2023,105,419.0,12.52,0.0,22.1,0.0
101,2023,105,420.0,12.52,0.0,22.09,0.0
101,2023,105,421.0,12.52,0.0,22.08,0.0
101,2023,105,422.0,12.52,0.0,22.06,0.0
101,2023,105,423.0,12.52,0.0,22.03,0.0
101,2023,105,424.0,12.52,0.0,22.02,0.0
101,2023,105,425.0,12.52,0.0,22.0,0.0
101,2023,105,426.0,12.52,0.0,21.98,0.0
101,2023,105,427.0,12.51,0.0,21.98,0.0
101,2023,105,428.0,12.51,0.0,21.96,0.0
101,2023,105,429.0,12.51,0.0,21.95,0.0
101,2023,105,430.0,12.52,0.0,21.94,0.0
101,2023,105,431.0,12.52,0.0,21.92,0.0
101,2023,105,432.0,12.52,0.0,21.92,0.0
101,2023,105,433.0,12.51,0.0,21.91,0.0
101,2023,105,434.0,12.51,0.0,21.9,0.0
101,2023,105,435.0,12.51,0.0,21.89,0.0
101,2023,105,436.0,12.51,0.0,21.87,0.0
101,2023,105,437.0,12.51,0.0,21.85,0.0
101,2023,105,438.0,12.51,0.0,21.84,0.0
101,2023,105,439.0,12.51,0.0,21.84,0.0
101,2023,105,440.0,12.51,0.0,21.82,0.0
101,2023,105,441.0,12.51,0.0,21.81,0.0
101,2023,105,442.0,12.51,0.0,21.79,0.0
101,2023,105,443.0,12.51,0.0,21.77,0.0
101,2023,105,444.0,12.51,0.0,21.77,0.0
101,2023,105,445.0,12.51,0.0,21.77,0.0
101,2023,105,446.0,12.51,0.0,21.75,0.0
101,2023,105,447.0,12.51,0.0,21.73,0.0
101,2023,105,448.0,12.51,0.0,21.74,0.0
101,2023,105,449.0,12.51,0.0,21.72,0.0
101,2023,105,450.0,12.51,0.0,21.7,0.0
101,2023,105,451.0,12.51,0.0,21.7,0.0
101,2023,105,452.0,12.51,0.0,21.69,0.0
101,2023,105,453.0,12.51,0.0,21.67,0.0
101,2023,105,454.0,12.51,0.0,21.65,0.0
101,2023,105,455.0,12.5,0.0,21.63,0.0
101,2023,105,456.0,12.5,0.0,21.62,0.0
101,2023,105,457.0,12.51,0.0,21.63,0.0
101,2023,105,458.0,12.51,0.0,21.62,0.0
101,2023,105,459.0,12.5,0.0,21.6,0.0
101,2023,105,500.0,12.5,0.0,21.58,0.0
101,2023,105,501.0,12.5,0.0,21.58,0.0
101,2023,105,502.0,12.5,0.0,21.57,0.0
101,2023,105,503.0,12.5,0.0,21.57,0.0
101,2023,105,504.0,12.5,0.0,21.58,0.0
101,2023,105,505.0,12.5,0.0,21.61,0.0
101,2023,105,506.0,12.5,0.0,21.63,0.0
101,2023,105,507.0,12.5,0.0,21.61,0.0
101,2023,105,508.0,12.5,0.0,21.57,0.0
101,2023,105,509.0,12.5,0.0,21.56,0.0
101,2023,105,510.0,12.5,0.0,21.55,0.0
101,2023,105,511.0,12.5,0.0,21.56,0.0
101,2023,105,512.0,12.5,0.0,21.6,0.0
101,2023,105,513.0,12.5,0.0,21.53,0.0
101,2023,105,514.0,12.5,0.0,21.48,0.0
101,2023,105,515.0,12.5,0.0,21.48,0.0
101,2023,105,516.0,12.5,0.0,21.47,0.0
101,2023,105,517.0,12.5,1.015,21.5,0.0
101,2023,105,518.0,12.5,1.269,21.53,0.0
101,2023,105,519.0,12.5,1.354,21.48,0.0
101,2023,105,520.0,12.5,1.608,21.46,0.0
101,2023,105,521.0,12.5,1.833,21.46,0.0
101,2023,105,522.0,12.5,2.031,21.43,0.0
101,2023,105,523.0,12.5,2.313,21.43,0.0
101,2023,105,524.0,12.5,2.708,21.4,0.0
101,2023,105,525.0,12.49,3.187,21.4,0.0
101,2023,105,526.0,12.5,3.554,21.4,0.0
101,2023,105,527.0,12.49,4.062,21.41,0.0
101,2023,105,528.0,12.5,4.316,21.41,0.0
101,2023,105,529.0,12.5,4.852,21.44,0.0
101,2023,105,530.0,12.5,5.331,21.44,0.0
101,2023,105,531.0,12.5,5.923,21.49,0.0
101,2023,105,532.0,12.51,6.544,21.5,0.0
101,2023,105,533.0,12.51,7.25,21.52,0.0
101,2023,105,534.0,12.51,7.87,21.53,0.0
101,2023,105,535.0,12.52,8.77,21.53,0.0
101,2023,105,536.0,12.53,9.7,21.56,0.0
101,2023,105,537.0,12.54,11.31,21.6,0.0
101,2023,105,538.0,12.56,14.44,21.6,0.0
101,2023,105,539.0,12.57,18.36,21.61,0.0
101,2023,105,540.0,12.6,22.03,21.63,0.0
101,2023,105,541.0,12.64,26.37,21.65,0.0
101,2023,105,542.0,12.71,29.7,21.66,0.0
101,2023,105,543.0,12.74,31.76,21.65,0.0
101,2023,105,544.0,12.76,34.19,21.67,0.0
101,2023,105,545.0,12.78,36.98,21.76,0.0
101,2023,105,546.0,12.83,37.29,21.81,0.0
101,2023,105,547.0,12.98,38.59,21.84,0.0
101,2023,105,548.0,13.23,43.02,21.84,0.0
101,2023,105,549.0,13.27,46.94,21.86,0.0
101,2023,105,550.0,13.27,49.28,21.9,0.0
101,2023,105,551.0,13.27,51.99,21.95,0.0
101,2023,105,552.0,13.26,55.91,22.0,0.0
101,2023,105,553.0,13.27,59.12,22.03,0.0
101,2023,105,554.0,13.26,62.06,22.09,0.0
101,2023,105,555.0,13.26,65.05,22.14,0.0
101,2023,105,556.0,13.26,68.04,22.18,0.0
101,2023,105,557.0,13.26,70.4,22.26,0.0
101,2023,105,558.0,13.26,72.2,22.3,0.0
101,2023,105,559.0,13.26,73.6,22.38,0.0
101,2023,105,600.0,13.26,74.9,22.46,0.0
101,2023,105,601.0,13.26,78.2,22.5,0.0
101,2023,105,602.0,13.26,81.7,22.56,0.0
101,2023,105,603.0,13.26,84.7,22.7,0.0
101,2023,105,604.0,13.26,87.4,22.72,0.0
101,2023,105,605.0,13.26,88.7,22.81,0.0
101,2023,105,606.0,13.26,89.2,22.97,0.0
101,2023,105,607.0,13.26,90.9,22.92,0.0
101,2023,105,608.0,13.26,91.1,22.95,0.0
101,2023,105,609.0,13.26,90.8,22.95,0.0
101,2023,105,610.0,13.25,93.5,22.96,0.0
101,2023,105,611.0,13.25,100.6,23.03,0.0
101,2023,105,612.0,13.25,106.3,23.13,0.0
101,2023,105,613.0,13.25,109.0,23.17,0.0
101,2023,105,614.0,13.25,113.4,23.28,0.0
101,2023,105,615.0,13.25,117.3,23.36,0.0
101,2023,105,616.0,13.25,120.8,23.49,0.0
101,2023,105,617.0,13.25,124.3,23.6,0.0
101,2023,105,618.0,13.25,127.7,23.64,0.0
101,2023,105,619.0,13.25,131.3,23.7,0.0
101,2023,105,620.0,13.25,134.3,23.76,0.0
101,2023,105,621.0,13.25,137.6,23.79,0.0
101,2023,105,622.0,13.25,140.5,23.89,0.0
101,2023,105,623.0,13.25,142.7,23.98,0.0
101,2023,105,624.0,13.25,145.4,24.03,0.0
101,2023,105,625.0,13.25,149.6,24.04,0.0
101,2023,105,626.0,13.24,154.0,24.13,0.0
101,2023,105,627.0,13.25,157.2,24.31,0.0
101,2023,105,628.0,13.25,160.1,24.43,0.0
101,2023,105,629.0,13.24,163.5,24.46,0.0
101,2023,105,630.0,13.24,167.3,24.56,0.0
101,2023,105,631.0,13.24,168.6,24.59,0.0
101,2023,105,632.0,13.24,169.1,24.66,0.0
101,2023,105,633.0,13.24,172.3,24.69,0.0
101,2023,105,634.0,13.24,180.0,24.69,0.0
101,2023,105,635.0,13.24,188.0,24.77,0.0
101,2023,105,636.0,13.24,192.3,24.85,0.0
101,2023,105,637.0,13.24,194.5,25.03,0.0
101,2023,105,638.0,13.24,198.0,25.0,0.0
101,2023,105,639.0,13.23,201.5,24.98,0.0
101,2023,105,640.0,13.24,204.4,25.0,0.0
101,2023,105,641.0,13.24,208.0,25.11,0.0
101,2023,105,642.0,13.24,213.3,24.95,0.0
101,2023,105,643.0,13.23,218.9,24.97,0.0
101,2023,105,644.0,13.23,223.2,24.9,0.0
101,2023,105,645.0,13.23,228.0,25.03,0.0
101,2023,105,646.0,13.23,232.9,25.11,0.0
101,2023,105,647.0,13.23,164.9,24.98,0.0
101,2023,105,648.0,13.23,167.8,25.06,0.0
101,2023,105,649.0,13.23,130.0,25.02,0.0
101,2023,105,650.0,13.23,258.0,25.0,0.0
101,2023,105,651.0,13.23,270.3,24.94,0.0
101,2023,105,652.0,13.23,275.7,24.96,0.0
101,2023,105,653.0,13.23,207.8,25.12,0.0
101,2023,105,654.0,13.23,200.3,25.13,0.0
101,2023,105,655.0,13.22,183.9,25.12,0.0
101,2023,105,656.0,13.23,279.8,25.12,0.0
101,2023,105,657.0,13.22,277.1,25.13,0.0
101,2023,105,658.0,13.22,289.1,25.18,0.0
101,2023,105,659.0,13.22,291.2,25.2,0.0
101,2023,105,700.0,13.22,290.8,25.27,0.0
101,2023,105,701.0,13.22,259.2,25.25,0.0
101,2023,105,702.0,13.22,298.0,25.32,0.0
101,2023,105,703.0,13.22,302.5,25.42,0.0
101,2023,105,704.0,13.22,304.2,25.53,0.0
101,2023,105,705.0,13.22,304.0,25.64,0.0
101,2023,105,706.0,13.21,304.7,25.65,0.0
101,2023,105,707.0,13.22,308.0,25.9,0.0
101,2023,105,708.0,13.21,309.7,25.93,0.0
101,2023,105,709.0,13.21,311.8,26.01,0.0
101,2023,105,710.0,13.21,316.6,25.99,0.0
101,2023,105,711.0,13.21,321.3,25.91,0.0
101,2023,105,712.0,13.21,323.1,25.81,0.0
101,2023,105,713.0,13.21,326.6,25.85,0.0
101,2023,105,714.0,13.21,332.9,26.09,0.0
101,2023,105,715.0,13.21,339.2,26.08,0.0
101,2023,105,716.0,13.2,345.6,26.12,0.0
101,2023,105,717.0,13.2,351.1,26.13,0.0
101,2023,105,718.0,13.2,355.6,26.24,0.0
101,2023,105,719.0,13.2,361.8,26.26,0.0
101,2023,105,720.0,13.2,367.9,26.29,0.0
101,2023,105,721.0,13.19,373.0,26.29,0.0
101,2023,105,722.0,13.2,377.2,26.25,0.0
101,2023,105,723.0,13.19,381.7,26.36,0.0
101,2023,105,724.0,13.19,386.8,26.33,0.0
101,2023,105,725.0,13.19,391.8,26.34,0.0
101,2023,105,726.0,13.18,398.5,26.26,0.0
101,2023,105,727.0,13.19,403.4,26.47,0.0
101,2023,105,728.0,13.19,407.4,26.35,0.0
101,2023,105,729.0,13.18,410.9,26.3,0.0
101,2023,105,730.0,13.18,411.0,26.18,0.0
101,2023,105,731.0,13.18,412.2,26.34,0.0
101,2023,105,732.0,13.18,415.3,26.53,0.0
101,2023,105,733.0,13.18,416.4,26.62,0.0
101,2023,105,734.0,13.18,416.6,26.72,0.0
101,2023,105,735.0,13.18,418.8,26.69,0.0
101,2023,105,736.0,13.17,422.7,26.7,0.0
101,2023,105,737.0,13.17,425.1,26.62,0.0
101,2023,105,738.0,13.17,428.8,26.72,0.0
101,2023,105,739.0,13.17,433.8,26.92,0.0
101,2023,105,740.0,13.17,438.4,27.02,0.0
101,2023,105,741.0,13.17,443.2,27.14,0.0
101,2023,105,742.0,13.16,447.3,27.11,0.0
101,2023,105,743.0,13.17,451.4,27.13,0.0
101,2023,105,744.0,13.16,456.7,27.29,0.0
101,2023,105,745.0,13.16,461.3,27.33,0.0
101,2023,105,746.0,13.16,466.3,27.43,0.0
101,2023,105,747.0,13.16,471.4,27.45,0.0
101,2023,105,748.0,13.16,474.8,27.39,0.0
101,2023,105,749.0,13.15,477.1,27.19,0.0
101,2023,105,750.0,13.15,480.2,27.09,0.0
101,2023,105,751.0,13.15,484.5,27.25,0.0
101,2023,105,752.0,13.15,489.4,27.24,0.0
101,2023,105,753.0,13.15,493.7,27.42,0.0
101,2023,105,754.0,13.14,498.7,27.43,0.0
101,2023,105,755.0,13.14,502.9,27.46,0.0
101,2023,105,756.0,13.14,508.4,27.4,0.0
101,2023,105,757.0,13.14,513.1,27.44,0.0
101,2023,105,758.0,13.14,517.4,27.56,0.0
101,2023,105,759.0,13.14,522.5,27.54,0.0
101,2023,105,800.0,13.13,526.6,27.6,0.0
101,2023,105,801.0,13.14,529.6,27.56,0.0
101,2023,105,802.0,13.13,536.5,27.47,0.0
101,2023,105,803.0,13.13,219.2,27.53,0.0
101,2023,105,804.0,13.13,392.1,27.48,0.0
101,2023,105,805.0,13.13,577.2,27.48,0.0
101,2023,105,806.0,13.13,586.7,27.42,0.0
101,2023,105,807.0,13.13,573.2,27.33,0.0
101,2023,105,808.0,13.13,576.9,27.36,0.0
101,2023,105,809.0,13.13,576.1,27.4,0.0
101,2023,105,810.0,13.13,581.6,27.42,0.0
101,2023,105,811.0,13.12,588.3,27.54,0.0
101,2023,105,812.0,13.12,606.0,27.61,0.0
101,2023,105,813.0,13.12,602.2,27.68,0.0
101,2023,105,814.0,13.12,601.5,27.69,0.0
101,2023,105,815.0,13.12,646.1,27.88,0.0
101,2023,105,816.0,13.12,618.0,27.89,0.0
101,2023,105,817.0,13.12,292.6,27.89,0.0
101,2023,105,818.0,13.11,260.9,27.92,0.0
101,2023,105,819.0,13.12,586.2,27.91,0.0
101,2023,105,820.0,13.12,592.8,28.01,0.0
101,2023,105,821.0,13.11,499.7,28.16,0.0
101,2023,105,822.0,13.11,499.9,28.25,0.0
101,2023,105,823.0,13.11,610.9,28.22,0.0
101,2023,105,824.0,13.12,621.8,28.34,0.0
101,2023,105,825.0,13.11,550.2,28.51,0.0
101,2023,105,826.0,13.11,601.2,28.46,0.0
101,2023,105,827.0,13.11,695.7,28.36,0.0
101,2023,105,828.0,13.11,369.6,28.47,0.0
101,2023,105,829.0,13.11,442.3,28.38,0.0
101,2023,105,830.0,13.11,456.5,28.36,0.0
101,2023,105,831.0,13.1,301.8,28.38,0.0
101,2023,105,832.0,13.1,458.4,28.23,0.0
101,2023,105,833.0,13.11,248.5,28.04,0.0
101,2023,105,834.0,13.11,528.1,28.07,0.0
101,2023,105,835.0,13.11,782.0,28.21,0.0
101,2023,105,836.0,13.11,789.0,28.27,0.0
101,2023,105,837.0,13.11,786.0,28.21,0.0
101,2023,105,838.0,13.11,771.0,28.19,0.0
101,2023,105,839.0,13.11,780.0,28.38,0.0
101,2023,105,840.0,13.1,742.0,28.39,0.0
101,2023,105,841.0,13.1,389.2,28.42,0.0
101,2023,105,842.0,13.1,297.3,28.4,0.0
101,2023,105,843.0,13.1,361.1,28.36,0.0
101,2023,105,844.0,13.1,428.0,28.3,0.0
101,2023,105,845.0,13.1,825.0,28.31,0.0
101,2023,105,846.0,13.1,888.0,28.43,0.0
101,2023,105,847.0,13.1,897.0,28.6,0.0
101,2023,105,848.0,13.1,666.7,28.72,0.0
101,2023,105,849.0,13.1,323.1,28.69,0.0
101,2023,105,850.0,13.1,300.1,28.6,0.0
101,2023,105,851.0,13.1,639.1,28.6,0.0
101,2023,105,852.0,13.09,645.6,28.61,0.0
101,2023,105,853.0,13.1,816.0,28.63,0.0
101,2023,105,854.0,13.1,843.0,28.62,0.0
101,2023,105,855.0,13.09,836.0,28.6,0.0
101,2023,105,856.0,13.09,831.0,28.66,0.0
101,2023,105,857.0,13.09,779.0,28.67,0.0
101,2023,105,858.0,13.09,350.4,28.76,0.0
101,2023,105,859.0,13.09,410.0,28.78,0.0
101,2023,105,900.0,13.09,318.1,28.51,0.0
101,2023,105,901.0,13.09,188.4,28.36,0.0
101,2023,105,902.0,13.09,176.4,28.34,0.0
101,2023,105,903.0,13.09,182.4,28.23,0.0
101,2023,105,904.0,13.09,198.8,28.2,0.0
101,2023,105,905.0,13.09,405.7,28.15,0.0
101,2023,105,906.0,13.09,860.0,28.18,0.0
101,2023,105,907.0,13.09,886.0,28.36,0.0
101,2023,105,908.0,13.1,886.0,28.74,0.0
101,2023,105,909.0,13.09,879.0,28.75,0.0
101,2023,105,910.0,13.09,810.0,28.79,0.0
101,2023,105,911.0,13.09,659.1,28.82,0.0
101,2023,105,912.0,13.09,552.5,28.84,0.0
101,2023,105,913.0,13.09,299.8,28.82,0.0
101,2023,105,914.0,13.09,489.1,28.77,0.0
101,2023,105,915.0,13.09,915.0,28.72,0.0
101,2023,105,916.0,13.09,920.0,28.65,0.0
101,2023,105,917.0,13.09,908.0,28.63,0.0
101,2023,105,918.0,13.09,901.0,28.76,0.0
101,2023,105,919.0,13.09,863.0,29.01,0.0
101,2023,105,920.0,13.08,561.6,29.11,0.0
101,2023,105,921.0,13.08,420.2,28.86,0.0
101,2023,105,922.0,13.08,397.5,28.85,0.0
101,2023,105,923.0,13.08,853.0,28.85,0.0
101,2023,105,924.0,13.08,910.0,28.96,0.0
101,2023,105,925.0,13.08,909.0,29.05,0.0
101,2023,105,926.0,13.07,610.6,29.14,0.0
101,2023,105,927.0,13.07,911.0,29.02,0.0
101,2023,105,928.0,13.08,870.0,28.95,0.0
101,2023,105,929.0,13.07,309.3,29.01,0.0
101,2023,105,930.0,13.07,288.9,28.83,0.0
101,2023,105,931.0,13.07,297.1,28.71,0.0
101,2023,105,932.0,13.07,301.8,28.71,0.0
101,2023,105,933.0,13.08,355.8,28.65,0.0
101,2023,105,934.0,13.07,520.9,28.56,0.0
101,2023,105,935.0,13.07,440.5,28.65,0.0
101,2023,105,936.0,13.07,528.3,28.59,0.0
101,2023,105,937.0,13.08,468.7,28.5,0.0
101,2023,105,938.0,13.08,469.3,28.54,0.0
101,2023,105,939.0,13.08,829.0,28.58,0.0
101,2023,105,940.0,13.08,597.4,28.65,0.0
101,2023,105,941.0,13.08,410.3,28.68,0.0
101,2023,105,942.0,13.08,427.6,28.6,0.0
101,2023,105,943.0,13.08,555.1,28.54,0.0
101,2023,105,944.0,13.08,429.7,28.41,0.0
101,2023,105,945.0,13.08,429.4,28.46,0.0
101,2023,105,946.0,13.08,435.8,28.45,0.0
101,2023,105,947.0,13.08,427.9,28.46,0.0
101,2023,105,948.0,13.09,416.4,28.58,0.0
101,2023,105,949.0,13.08,394.3,28.66,0.0
101,2023,105,950.0,13.09,380.1,28.71,0.0
101,2023,105,951.0,13.08,376.9,28.76,0.0
101,2023,105,952.0,13.09,387.1,28.77,0.0
101,2023,105,953.0,13.09,411.1,28.79,0.0
101,2023,105,954.0,13.09,590.4,28.76,0.0
101,2023,105,955.0,13.09,842.0,28.77,0.0
101,2023,105,956.0,13.09,576.0,28.89,0.0
101,2023,105,957.0,13.09,453.0,29.0,0.0
101,2023,105,958.0,13.09,434.3,29.1,0.0
101,2023,105,959.0,13.09,426.3,28.96,0.0
101,2023,105,1000.0,13.09,428.6,28.82,0.0
101,2023,105,1001.0,13.09,437.4,28.66,0.0
101,2023,105,1002.0,13.09,436.6,28.61,0.0
101,2023,105,1003.0,13.09,439.6,28.62,0.0
101,2023,105,1004.0,13.09,432.4,28.55,0.0
101,2023,105,1005.0,13.09,423.2,28.57,0.0
101,2023,105,1006.0,13.09,425.2,28.55,0.0
101,2023,105,1007.0,13.09,444.1,28.42,0.0
101,2023,105,1008.0,13.09,792.0,28.45,0.0
101,2023,105,1009.0,13.09,1114.0,28.56,0.0
101,2023,105,1010.0,13.09,1121.0,28.81,0.0
101,2023,105,1011.0,13.09,769.0,29.15,0.0
101,2023,105,1012.0,13.09,1141.0,29.22,0.0
101,2023,105,1013.0,13.09,1197.0,29.26,0.0
101,2023,105,1014.0,13.09,808.0,29.27,0.0
101,2023,105,1015.0,13.09,472.9,29.19,0.0
101,2023,105,1016.0,13.09,429.9,29.18,0.0
101,2023,105,1017.0,13.09,416.5,28.94,0.0
101,2023,105,1018.0,13.09,421.2,28.68,0.0
101,2023,105,1019.0,13.09,427.1,28.57,0.0
101,2023,105,1020.0,13.09,443.9,28.62,0.0
101,2023,105,1021.0,13.09,473.3,28.27,0.0
101,2023,105,1022.0,13.09,556.8,28.11,0.0
101,2023,105,1023.0,13.09,797.0,28.2,0.0
101,2023,105,1024.0,13.09,1042.0,28.29,0.0
101,2023,105,1025.0,13.09,1143.0,28.39,0.0
101,2023,105,1026.0,13.09,1019.0,28.6,0.0
101,2023,105,1027.0,13.09,717.0,28.67,0.0
101,2023,105,1028.0,13.09,691.6,28.67,0.0
101,2023,105,1029.0,13.08,815.0,28.68,0.0
101,2023,105,1030.0,13.08,767.0,28.71,0.0
101,2023,105,1031.0,13.08,664.0,29.0,0.0
101,2023,105,1032.0,13.09,517.7,29.05,0.0
101,2023,105,1033.0,13.09,542.9,29.12,0.0
101,2023,105,1034.0,13.09,734.0,29.06,0.0
101,2023,105,1035.0,13.09,746.0,29.0,0.0
101,2023,105,1036.0,13.09,735.0,29.01,0.0
101,2023,105,1037.0,13.09,805.0,29.23,0.0
101,2023,105,1038.0,13.09,890.0,29.3,0.0
101,2023,105,1039.0,13.08,826.0,29.39,0.0
101,2023,105,1040.0,13.09,827.0,29.39,0.0
101,2023,105,1041.0,13.08,608.2,29.22,0.0
101,2023,105,1042.0,13.09,769.0,29.42,0.0
101,2023,105,1043.0,13.08,632.7,29.64,0.0
101,2023,105,1044.0,13.08,651.5,29.58,0.0
101,2023,105,1045.0,13.08,741.0,29.61,0.0
101,2023,105,1046.0,13.08,931.0,29.59,0.0
101,2023,105,1047.0,13.09,1142.0,29.52,0.0
101,2023,105,1048.0,13.08,1048.0,29.54,0.0
101,2023,105,1049.0,13.08,940.0,29.57,0.0
101,2023,105,1050.0,13.08,842.0,29.66,0.0
101,2023,105,1051.0,13.08,966.0,29.94,0.0
101,2023,105,1052.0,13.08,1040.0,29.86,0.0
101,2023,105,1053.0,13.08,1060.0,29.89,0.0
101,2023,105,1054.0,13.08,1063.0,30.18,0.0
101,2023,105,1055.0,13.09,1062.0,30.07,0.0
101,2023,105,1056.0,13.08,1064.0,29.98,0.0
101,2023,105,1057.0,13.08,1066.0,29.92,0.0
101,2023,105,1058.0,13.09,1082.0,29.77,0.0
101,2023,105,1059.0,13.08,1102.0,29.57,0.0
101,2023,105,1100.0,13.08,1118.0,29.82,0.0
101,2023,105,1101.0,13.08,1139.0,29.93,0.0
101,2023,105,1102.0,13.08,741.0,30.2,0.0
101,2023,105,1103.0,13.08,738.0,30.17,0.0
101,2023,105,1104.0,13.08,716.0,29.74,0.0
101,2023,105,1105.0,13.08,785.0,29.73,0.0
101,2023,105,1106.0,13.08,586.3,29.85,0.0
101,2023,105,1107.0,13.08,363.7,29.89,0.0
101,2023,105,1108.0,13.08,335.2,29.77,0.0
101,2023,105,1109.0,13.08,297.4,29.66,0.0
101,2023,105,1110.0,13.08,261.1,29.41,0.0
101,2023,105,1111.0,13.08,237.9,29.13,0.0
101,2023,105,1112.0,13.09,217.1,28.85,0.0
101,2023,105,1113.0,13.08,200.1,28.62,0.0
101,2023,105,1114.0,13.09,194.3,28.43,0.0
101,2023,105,1115.0,13.08,191.5,28.21,0.0
101,2023,105,1116.0,13.08,191.2,28.15,0.0
101,2023,105,1117.0,13.09,194.1,28.02,0.0
101,2023,105,1118.0,13.09,205.7,27.89,0.0
101,2023,105,1119.0,13.09,223.3,27.76,0.0
101,2023,105,1120.0,13.09,243.8,27.74,0.0
101,2023,105,1121.0,13.09,267.5,27.74,0.0
101,2023,105,1122.0,13.09,286.6,27.59,0.0
101,2023,105,1123.0,13.09,301.6,27.38,0.0
101,2023,105,1124.0,13.09,313.0,27.2,0.0
101,2023,105,1125.0,13.09,322.5,26.98,0.0
101,2023,105,1126.0,13.09,330.0,26.84,0.0
101,2023,105,1127.0,13.1,335.6,26.72,0.0
101,2023,105,1128.0,13.1,341.8,26.57,0.0
101,2023,105,1129.0,13.1,347.4,26.53,0.0
101,2023,105,1130.0,13.1,351.8,26.52,0.0
101,2023,105,1131.0,13.11,356.3,26.47,0.0
101,2023,105,1132.0,13.1,358.2,26.45,0.0
101,2023,105,1133.0,13.11,361.0,26.42,0.0
101,2023,105,1134.0,13.11,365.6,26.47,0.0
101,2023,105,1135.0,13.11,371.0,26.45,0.0
101,2023,105,1136.0,13.11,376.7,26.31,0.0
101,2023,105,1137.0,13.11,382.4,26.29,0.0
101,2023,105,1138.0,13.11,387.4,26.25,0.0
101,2023,105,1139.0,13.11,392.0,26.24,0.0
101,2023,105,1140.0,13.11,398.1,26.27,0.0
101,2023,105,1141.0,13.11,407.7,26.31,0.0
101,2023,105,1142.0,13.11,421.1,26.35,0.0
101,2023,105,1143.0,13.11,437.6,26.51,0.0
101,2023,105,1144.0,13.11,456.4,26.54,0.0
101,2023,105,1145.0,13.12,474.8,26.61,0.0
101,2023,105,1146.0,13.11,491.8,26.62,0.0
101,2023,105,1147.0,13.11,504.3,26.62,0.0
101,2023,105,1148.0,13.11,513.1,26.6,0.0
101,2023,105,1149.0,13.11,518.2,26.6,0.0
101,2023,105,1150.0,13.11,519.1,26.74,0.0
101,2023,105,1151.0,13.11,521.8,26.73,0.0
101,2023,105,1152.0,13.11,529.0,26.63,0.0
101,2023,105,1153.0,13.12,540.7,26.59,0.0
101,2023,105,1154.0,13.12,558.5,26.65,0.0
101,2023,105,1155.0,13.11,586.2,26.71,0.0
101,2023,105,1156.0,13.12,622.4,26.72,0.0
101,2023,105,1157.0,13.11,638.5,26.8,0.0
101,2023,105,1158.0,13.11,636.5,26.82,0.0
101,2023,105,1159.0,13.11,628.1,26.83,0.0
101,2023,105,1200.0,13.11,623.0,26.82,0.0
101,2023,105,1201.0,13.11,630.3,26.93,0.0
101,2023,105,1202.0,13.11,637.6,27.05,0.0
101,2023,105,1203.0,13.11,643.4,27.07,0.0
101,2023,105,1204.0,13.11,628.6,27.08,0.0
101,2023,105,1205.0,13.11,611.2,27.18,0.0
101,2023,105,1206.0,13.11,594.9,27.01,0.0
101,2023,105,1207.0,13.11,575.6,27.01,0.0
101,2023,105,1208.0,13.11,558.1,26.94,0.0
101,2023,105,1209.0,13.11,546.5,26.97,0.0
101,2023,105,1210.0,13.11,537.4,27.09,0.0
101,2023,105,1211.0,13.11,527.6,27.11,0.0
101,2023,105,1212.0,13.1,517.7,27.19,0.0
101,2023,105,1213.0,13.11,509.6,27.17,0.0
101,2023,105,1214.0,13.11,501.3,27.2,0.0
101,2023,105,1215.0,13.11,487.2,27.33,0.0
101,2023,105,1216.0,13.1,477.0,27.44,0.0
101,2023,105,1217.0,13.11,466.7,27.47,0.0
101,2023,105,1218.0,13.1,459.4,27.58,0.0
101,2023,105,1219.0,13.1,460.9,27.7,0.0
101,2023,105,1220.0,13.1,479.3,27.81,0.0
101,2023,105,1221.0,13.1,515.3,27.87,0.0
101,2023,105,1222.0,13.11,558.9,27.95,0.0
101,2023,105,1223.0,13.11,600.5,28.07,0.0
101,2023,105,1224.0,13.11,496.6,28.07,0.0
101,2023,105,1225.0,13.1,465.2,27.92,0.0
101,2023,105,1226.0,13.1,448.3,28.01,0.0
101,2023,105,1227.0,13.1,436.8,28.12,0.0
101,2023,105,1228.0,13.1,425.7,28.25,0.0
101,2023,105,1229.0,13.1,410.7,28.31,0.0
101,2023,105,1230.0,13.1,394.1,28.28,0.0
101,2023,105,1231.0,13.1,388.2,28.29,0.0
101,2023,105,1232.0,13.1,386.6,28.24,0.0
101,2023,105,1233.0,13.1,387.6,28.23,0.0
101,2023,105,1234.0,13.1,391.7,28.2,0.0
101,2023,105,1235.0,13.1,393.8,28.21,0.0
101,2023,105,1236.0,13.1,395.7,28.12,0.0
101,2023,105,1237.0,13.1,396.8,28.14,0.0
101,2023,105,1238.0,13.1,396.9,28.22,0.0
101,2023,105,1239.0,13.1,396.0,28.18,0.0
101,2023,105,1240.0,13.1,395.7,28.23,0.0
101,2023,105,1241.0,13.1,401.6,28.28,0.0
101,2023,105,1242.0,13.11,398.8,28.21,0.0
101,2023,105,1243.0,13.1,403.6,28.16,0.0
101,2023,105,1244.0,13.11,412.9,28.19,0.0
101,2023,105,1245.0,13.1,422.7,28.28,0.0
101,2023,105,1246.0,13.1,442.6,28.37,0.0
101,2023,105,1247.0,13.1,990.0,28.25,0.0
101,2023,105,1248.0,13.1,1122.0,28.35,0.0
101,2023,105,1249.0,13.1,1105.0,28.65,0.0
101,2023,105,1250.0,13.1,1085.0,28.8,0.0
101,2023,105,1251.0,13.1,1070.0,28.89,0.0
101,2023,105,1252.0,13.1,1065.0,28.93,0.0
101,2023,105,1253.0,13.1,1057.0,28.88,0.0
101,2023,105,1254.0,13.09,1051.0,28.97,0.0
101,2023,105,1255.0,13.09,1045.0,29.17,0.0
101,2023,105,1256.0,13.09,1026.0,29.19,0.0
101,2023,105,1257.0,13.09,996.0,29.29,0.0
101,2023,105,1258.0,13.09,926.0,29.25,0.0
101,2023,105,1259.0,13.08,967.0,29.22,0.0
101,2023,105,1300.0,13.08,958.0,29.12,0.0
101,2023,105,1301.0,13.08,946.0,29.06,0.0
101,2023,105,1302.0,13.08,932.0,29.17,0.0
101,2023,105,1303.0,13.08,920.0,29.32,0.0
101,2023,105,1304.0,13.08,917.0,29.41,0.0
101,2023,105,1305.0,13.08,915.0,29.17,0.0
101,2023,105,1306.0,13.08,913.0,29.11,0.0
101,2023,105,1307.0,13.08,921.0,29.12,0.0
101,2023,105,1308.0,13.07,781.0,29.2,0.0
101,2023,105,1309.0,13.07,915.0,29.18,0.0
101,2023,105,1310.0,13.07,907.0,29.22,0.0
101,2023,105,1311.0,13.07,901.0,29.41,0.0
101,2023,105,1312.0,13.07,895.0,29.36,0.0
101,2023,105,1313.0,13.07,892.0,29.23,0.0
101,2023,105,1314.0,13.07,893.0,29.06,0.0
101,2023,105,1315.0,13.07,889.0,29.16,0.0
101,2023,105,1316.0,13.07,882.0,29.4,0.0
101,2023,105,1317.0,13.07,884.0,29.42,0.0
101,2023,105,1318.0,13.07,878.0,29.51,0.0
101,2023,105,1319.0,13.07,877.0,29.29,0.0
101,2023,105,1320.0,13.06,875.0,29.27,0.0
101,2023,105,1321.0,13.07,874.0,29.18,0.0
101,2023,105,1322.0,13.06,872.0,29.38,0.0
101,2023,105,1323.0,13.06,871.0,29.48,0.0
101,2023,105,1324.0,13.07,869.0,29.55,0.0
101,2023,105,1325.0,13.06,868.0,29.59,0.0
101,2023,105,1326.0,13.06,863.0,29.66,0.0
101,2023,105,1327.0,13.06,859.0,29.62,0.0
101,2023,105,1328.0,13.06,856.0,29.55,0.0
101,2023,105,1329.0,13.06,849.0,29.59,0.0
101,2023,105,1330.0,13.06,863.0,29.53,0.0
101,2023,105,1331.0,13.06,881.0,29.7,0.0
101,2023,105,1332.0,13.06,902.0,29.82,0.0
101,2023,105,1333.0,13.06,799.0,29.97,0.0
101,2023,105,1334.0,13.06,828.0,29.98,0.0
101,2023,105,1335.0,13.06,883.0,29.85,0.0
101,2023,105,1336.0,13.06,885.0,29.87,0.0
101,2023,105,1337.0,13.06,780.0,29.85,0.0
101,2023,105,1338.0,13.06,685.1,29.86,0.0
101,2023,105,1339.0,13.06,738.0,29.82,0.0
101,2023,105,1340.0,13.06,863.0,29.79,0.0
101,2023,105,1341.0,13.06,665.2,29.89,0.0
101,2023,105,1342.0,13.06,668.6,29.97,0.0
101,2023,105,1343.0,13.06,743.0,29.9,0.0
101,2023,105,1344.0,13.06,845.0,29.97,0.0
101,2023,105,1345.0,13.06,952.0,29.98,0.0
101,2023,105,1346.0,13.06,979.0,29.93,0.0
101,2023,105,1347.0,13.06,871.0,30.01,0.0
101,2023,105,1348.0,13.06,711.0,30.0,0.0
101,2023,105,1349.0,13.06,779.0,30.05,0.0
101,2023,105,1350.0,13.06,762.0,30.18,0.0
101,2023,105,1351.0,13.06,747.0,30.24,0.0
101,2023,105,1352.0,13.06,898.0,30.3,0.0
101,2023,105,1353.0,13.05,890.0,30.34,0.0
101,2023,105,1354.0,13.06,887.0,30.33,0.0
101,2023,105,1355.0,13.06,912.0,30.27,0.0
101,2023,105,1356.0,13.06,911.0,30.22,0.0
101,2023,105,1357.0,13.06,907.0,29.93,0.0
101,2023,105,1358.0,13.06,906.0,30.04,0.0
101,2023,105,1359.0,13.06,905.0,30.26,0.0
101,2023,105,1400.0,13.05,912.0,30.38,0.0
101,2023,105,1401.0,13.05,917.0,30.51,0.0
101,2023,105,1402.0,13.06,921.0,30.49,0.0
101,2023,105,1403.0,13.06,758.0,30.45,0.0
101,2023,105,1404.0,13.05,635.3,30.44,0.0
101,2023,105,1405.0,13.05,402.9,30.34,0.0
101,2023,105,1406.0,13.05,280.8,30.15,0.0
101,2023,105,1407.0,13.05,233.6,30.13,0.0
101,2023,105,1408.0,13.06,278.5,30.01,0.0
101,2023,105,1409.0,13.06,307.3,29.93,0.0
101,2023,105,1410.0,13.06,738.0,29.91,0.0
101,2023,105,1411.0,13.06,791.0,30.03,0.0
101,2023,105,1412.0,13.06,798.0,30.18,0.0
101,2023,105,1413.0,13.06,780.0,30.28,0.0
101,2023,105,1414.0,13.05,789.0,30.39,0.0
101,2023,105,0.0,13.06,827.0,30.37,0.0
101,2023,105,1416.0,13.06,841.0,30.36,0.0
101,2023,105,1417.0,13.05,870.0,30.2,0.0
101,2023,105,1418.0,13.05,889.0,30.21,0.0
101,2023,105,1419.0,13.06,902.0,30.45,0.0
101,2023,105,1420.0,13.05,914.0,30.43,0.0
101,2023,105,1421.0,13.05,735.0,30.39,0.0
101,2023,105,1422.0,13.05,756.0,30.45,0.0
101,2023,105,1423.0,13.05,317.9,30.36,0.0
101,2023,105,1424.0,13.05,254.8,30.18,0.0
101,2023,105,1425.0,13.05,229.1,30.08,0.0
101,2023,105,1426.0,13.06,218.3,29.94,0.0
101,2023,105,1427.0,13.06,219.0,29.86,0.0
101,2023,105,1428.0,13.06,233.4,29.75,0.0
101,2023,105,1429.0,13.05,263.2,29.6,0.0
101,2023,105,1430.0,13.06,318.5,29.5,0.0
101,2023,105,1431.0,13.06,381.3,29.58,0.0
101,2023,105,1432.0,13.06,363.9,29.49,0.0
101,2023,105,1433.0,13.06,293.4,29.39,0.0
101,2023,105,1434.0,13.06,237.5,29.32,0.0
101,2023,105,1435.0,13.06,223.2,29.31,0.0
101,2023,105,1436.0,13.06,228.2,29.29,0.0
101,2023,105,1437.0,13.06,226.3,29.28,0.0
101,2023,105,1438.0,13.06,238.6,29.27,0.0
101,2023,105,1439.0,13.07,248.8,29.24,0.0
101,2023,105,1440.0,13.07,238.2,29.19,0.0
101,2023,105,1441.0,13.07,255.7,29.08,0.0
101,2023,105,1442.0,13.07,722.0,29.05,0.0
101,2023,105,1443.0,13.07,732.0,29.15,0.0
101,2023,105,1444.0,13.07,726.0,29.28,0.0
101,2023,105,1445.0,13.07,597.9,29.46,0.0
101,2023,105,1446.0,13.07,310.8,29.51,0.0
101,2023,105,1447.0,13.07,677.2,29.46,0.0
101,2023,105,1448.0,13.07,681.7,29.51,0.0
101,2023,105,1449.0,13.07,675.0,29.61,0.0
101,2023,105,1450.0,13.07,675.7,29.67,0.0
101,2023,105,1451.0,13.07,655.2,29.76,0.0
101,2023,105,1452.0,13.07,675.7,29.73,0.0
101,2023,105,1453.0,13.07,691.9,29.74,0.0
101,2023,105,1454.0,13.07,703.0,29.79,0.0
101,2023,105,1455.0,13.06,709.0,29.9,0.0
101,2023,105,1456.0,13.07,699.8,30.02,0.0
101,2023,105,1457.0,13.06,689.7,29.99,0.0
101,2023,105,1458.0,13.07,601.2,29.95,0.0
101,2023,105,1459.0,13.06,566.4,29.89,0.0
101,2023,105,1500.0,13.06,452.1,29.86,0.0
101,2023,105,1501.0,13.07,273.3,29.75,0.0
101,2023,105,1502.0,13.06,281.1,29.63,0.0
101,2023,105,1503.0,13.07,251.8,29.54,0.0
101,2023,105,1504.0,13.07,190.4,29.58,0.0
101,2023,105,1505.0,13.06,203.2,29.56,0.0
101,2023,105,1506.0,13.07,353.2,29.38,0.0
101,2023,105,1507.0,13.07,202.1,29.3,0.0
101,2023,105,1508.0,13.06,141.2,29.22,0.0
101,2023,105,1509.0,13.05,123.7,29.1,0.0
101,2023,105,1510.0,13.06,115.5,29.04,0.0
101,2023,105,1511.0,13.07,116.5,28.96,0.0
101,2023,105,1512.0,13.07,122.3,28.93,0.0
101,2023,105,1513.0,13.07,128.7,28.82,0.0
101,2023,105,1514.0,13.07,133.3,28.74,0.0
101,2023,105,1515.0,13.08,138.4,28.72,0.0
101,2023,105,1516.0,13.08,146.1,28.73,0.0
101,2023,105,1517.0,13.08,164.1,28.74,0.0
101,2023,105,1518.0,13.08,223.8,28.69,0.0
101,2023,105,1519.0,13.08,262.3,28.7,0.0
101,2023,105,1520.0,13.08,241.7,28.72,0.0
101,2023,105,1521.0,13.08,330.8,28.76,0.0
101,2023,105,1522.0,13.08,372.4,28.85,0.0
101,2023,105,1523.0,13.09,203.5,28.92,0.0
101,2023,105,1524.0,13.08,144.9,28.85,0.0
101,2023,105,1525.0,13.08,138.8,28.7,0.0
101,2023,105,1526.0,13.09,137.2,28.6,0.0
101,2023,105,1527.0,13.09,134.7,28.54,0.0
101,2023,105,1528.0,13.08,132.7,28.48,0.0
101,2023,105,1529.0,13.08,131.4,28.43,0.0
101,2023,105,1530.0,13.09,131.3,28.39,0.0
101,2023,105,1531.0,13.09,132.4,28.41,0.0
101,2023,105,1532.0,13.08,133.1,28.4,0.0
101,2023,105,1533.0,13.09,133.8,28.41,0.0
101,2023,105,1534.0,13.09,132.9,28.41,0.0
101,2023,105,1535.0,13.09,131.6,28.35,0.0
101,2023,105,1536.0,13.09,132.6,28.34,0.0
101,2023,105,1537.0,13.09,135.5,28.36,0.0
101,2023,105,1538.0,13.09,139.3,28.33,0.0
101,2023,105,1539.0,13.09,143.6,28.33,0.0
101,2023,105,1540.0,13.09,147.6,28.32,0.0
101,2023,105,1541.0,13.09,150.2,28.33,0.0
101,2023,105,1542.0,13.09,151.8,28.35,0.0
101,2023,105,1543.0,13.1,153.0,28.32,0.0
101,2023,105,1544.0,13.09,153.5,28.28,0.0
101,2023,105,1545.0,13.09,153.3,28.26,0.0
101,2023,105,1546.0,13.1,153.1,28.26,0.0
101,2023,105,1547.0,13.1,153.3,28.27,0.0
101,2023,105,1548.0,13.1,158.1,28.27,0.0
101,2023,105,1549.0,13.1,165.7,28.27,0.0
101,2023,105,1550.0,13.1,156.1,28.25,0.0
101,2023,105,1551.0,13.1,148.4,28.24,0.0
101,2023,105,1552.0,13.1,144.5,28.18,0.0
101,2023,105,1553.0,13.1,139.3,28.16,0.0
101,2023,105,1554.0,13.1,131.3,28.14,0.0
101,2023,105,1555.0,13.1,122.7,28.14,0.0
101,2023,105,1556.0,13.1,116.0,28.12,0.0
101,2023,105,1557.0,13.1,111.0,28.12,0.0
101,2023,105,1558.0,13.1,107.1,28.08,0.0
101,2023,105,1559.0,13.1,102.7,28.04,0.0
101,2023,105,1600.0,13.1,98.1,28.0,0.0
101,2023,105,1601.0,13.1,94.7,27.97,0.0
101,2023,105,1602.0,13.1,93.0,27.96,0.0
101,2023,105,1603.0,13.1,92.4,27.92,0.0
101,2023,105,1604.0,13.1,91.8,27.88,0.0
101,2023,105,1605.0,13.1,91.1,27.86,0.0
101,2023,105,1606.0,13.1,90.5,27.86,0.0
101,2023,105,1607.0,13.1,90.1,27.84,0.0
101,2023,105,1608.0,13.1,89.6,27.83,0.0
101,2023,105,1609.0,13.11,89.4,27.81,0.0
101,2023,105,1610.0,13.11,90.6,27.81,0.0
101,2023,105,1611.0,13.1,92.2,27.81,0.0
101,2023,105,1612.0,13.1,94.2,27.78,0.0
101,2023,105,1613.0,13.11,96.8,27.81,0.0
101,2023,105,1614.0,13.11,99.5,27.81,0.0
101,2023,105,1615.0,13.11,101.8,27.81,0.0
101,2023,105,1616.0,13.11,102.9,27.79,0.0
101,2023,105,1617.0,13.11,102.7,27.77,0.0
101,2023,105,1618.0,13.11,102.7,27.76,0.0
101,2023,105,1619.0,13.11,103.0,27.76,0.0
101,2023,105,1620.0,13.1,103.4,27.78,0.0
101,2023,105,1621.0,13.11,103.3,27.76,0.0
101,2023,105,1622.0,13.11,103.3,27.7,0.0
101,2023,105,1623.0,13.11,104.0,27.67,0.0
101,2023,105,1624.0,13.11,103.9,27.66,0.0
101,2023,105,1625.0,13.1,101.8,27.65,0.0
101,2023,105,1626.0,13.09,97.8,27.67,0.0
101,2023,105,1627.0,13.08,93.5,27.65,0.0
101,2023,105,1628.0,13.08,90.0,27.64,0.0
101,2023,105,1629.0,13.07,87.8,27.63,0.0
101,2023,105,1630.0,13.06,84.0,27.64,0.0
101,2023,105,1631.0,13.06,79.7,27.63,0.0
101,2023,105,1632.0,13.05,74.4,27.6,0.0
101,2023,105,1633.0,13.04,68.57,27.61,0.0
101,2023,105,1634.0,13.03,63.92,27.6,0.0
101,2023,105,1635.0,13.02,60.45,27.57,0.0
101,2023,105,1636.0,13.01,58.2,27.5,0.0
101,2023,105,1637.0,13.0,57.1,27.5,0.0
101,2023,105,1638.0,12.99,56.03,27.48,0.0
101,2023,105,1639.0,12.99,54.81,27.45,0.0
101,2023,105,1640.0,12.98,52.9,27.43,0.0
101,2023,105,1641.0,12.97,50.22,27.39,0.0
101,2023,105,1642.0,12.96,47.63,27.36,0.0
101,2023,105,1643.0,12.95,45.52,27.34,0.0
101,2023,105,1644.0,12.94,43.68,27.32,0.0
101,2023,105,1645.0,12.93,41.88,27.27,0.0
101,2023,105,1646.0,12.93,40.39,27.23,0.0
101,2023,105,1647.0,12.92,39.09,27.24,0.0
101,2023,105,1648.0,12.91,38.39,27.21,0.0
101,2023,105,1649.0,12.9,37.8,27.18,0.0
101,2023,105,1650.0,12.9,37.06,27.17,0.0
101,2023,105,1651.0,12.88,35.85,27.17,0.0
101,2023,105,1652.0,12.88,34.05,27.17,0.0
101,2023,105,1653.0,12.87,32.36,27.16,0.0
101,2023,105,1654.0,12.86,30.98,27.13,0.0
101,2023,105,1655.0,12.85,29.88,27.14,0.0
101,2023,105,1656.0,12.85,28.92,27.1,0.0
101,2023,105,1657.0,12.84,27.71,27.1,0.0
101,2023,105,1658.0,12.84,26.21,27.05,0.0
101,2023,105,1659.0,12.83,24.27,27.02,0.0
101,2023,105,1700.0,12.83,22.38,27.0,0.0
101,2023,105,1701.0,12.82,20.63,26.96,0.0
101,2023,105,1702.0,12.81,19.42,26.93,0.0
101,2023,105,1703.0,12.81,18.72,26.91,0.0
101,2023,105,1704.0,12.8,18.21,26.9,0.0
101,2023,105,1705.0,12.8,17.53,26.88,0.0
101,2023,105,1706.0,12.79,16.86,26.86,0.0
101,2023,105,1707.0,12.79,15.93,26.81,0.0
101,2023,105,1708.0,12.79,14.8,26.77,0.0
101,2023,105,1709.0,12.79,13.7,26.74,0.0
101,2023,105,1710.0,12.78,12.46,26.72,0.0
101,2023,105,1711.0,12.78,11.25,26.71,0.0
101,2023,105,1712.0,12.78,10.09,26.68,0.0
101,2023,105,1713.0,12.77,9.05,26.66,0.0
101,2023,105,1714.0,12.78,8.26,26.66,0.0
101,2023,105,1715.0,12.77,7.41,26.64,0.0
101,2023,105,1716.0,12.77,6.652,26.6,0.0
101,2023,105,1717.0,12.77,6.004,26.59,0.0
101,2023,105,1718.0,12.77,5.496,26.57,0.0
101,2023,105,1719.0,12.77,4.933,26.57,0.0
101,2023,105,1720.0,12.77,4.369,26.55,0.0
101,2023,105,1721.0,12.77,3.974,26.53,0.0
101,2023,105,1722.0,12.76,3.721,26.51,0.0
101,2023,105,1723.0,12.76,3.326,26.48,0.0
101,2023,105,1724.0,12.76,3.044,26.46,0.0
101,2023,105,1725.0,12.76,2.48,26.44,0.0
101,2023,105,1726.0,12.76,2.368,26.43,0.0
101,2023,105,1727.0,12.76,1.86,26.43,0.0
101,2023,105,1728.0,12.76,1.691,26.4,0.0
101,2023,105,1729.0,12.75,1.55,26.38,0.0
101,2023,105,1730.0,12.75,1.099,26.38,0.0
101,2023,105,1731.0,12.75,1.015,26.38,0.0
101,2023,105,1732.0,12.75,1.015,26.38,0.0
101,2023,105,1733.0,12.75,0.958,26.37,0.0
101,2023,105,1734.0,12.75,0.0,26.34,0.0
101,2023,105,1735.0,12.75,0.0,26.33,0.0
101,2023,105,1736.0,12.75,0.0,26.31,0.0
101,2023,105,1737.0,12.74,0.0,26.29,0.0
101,2023,105,1738.0,12.74,0.0,26.28,0.0
101,2023,105,1739.0,12.74,0.0,26.28,0.0
101,2023,105,1740.0,12.74,0.0,26.27,0.0
101,2023,105,1741.0,12.74,0.0,26.26,0.0
101,2023,105,1742.0,12.74,0.0,26.24,0.0
101,2023,105,1743.0,12.74,0.0,26.24,0.0
101,2023,105,1744.0,12.74,0.0,26.24,0.0
101,2023,105,1745.0,12.74,0.0,26.21,0.0
101,2023,105,1746.0,12.73,0.0,26.2,0.0
101,2023,105,1747.0,12.73,0.0,26.19,0.0
101,2023,105,1748.0,12.73,0.0,26.18,0.0
101,2023,105,1749.0,12.73,0.0,26.17,0.0
101,2023,105,1750.0,12.73,0.0,26.16,0.0
101,2023,105,1751.0,12.73,0.0,26.15,0.0
101,2023,105,1752.0,12.73,0.0,26.14,0.0
101,2023,105,1753.0,12.73,0.0,26.13,0.0
101,2023,105,1754.0,12.73,0.0,26.12,0.0
101,2023,105,1755.0,12.73,0.0,26.11,0.0
101,2023,105,1756.0,12.72,0.0,26.1,0.0
101,2023,105,1757.0,12.72,0.0,26.08,0.0
101,2023,105,1758.0,12.72,0.0,26.07,0.0
101,2023,105,1759.0,12.72,0.0,26.05,0.0
101,2023,105,1800.0,12.72,0.0,26.04,0.0
101,2023,105,1801.0,12.72,0.0,26.03,0.0
101,2023,105,1802.0,12.72,0.0,26.02,0.0
101,2023,105,1803.0,12.72,0.0,26.01,0.0
101,2023,105,1804.0,12.72,0.0,26.01,0.0
101,2023,105,1805.0,12.72,0.0,25.99,0.0
101,2023,105,1806.0,12.72,0.0,25.99,0.0
101,2023,105,1807.0,12.72,0.0,25.97,0.0
101,2023,105,1808.0,12.72,0.0,25.96,0.0
101,2023,105,1809.0,12.72,0.0,25.96,0.0
101,2023,105,1810.0,12.72,0.0,25.94,0.0
101,2023,105,1811.0,12.71,0.0,25.94,0.0
101,2023,105,1812.0,12.72,0.0,25.93,0.0
101,2023,105,1813.0,12.71,0.0,25.93,0.0
101,2023,105,1814.0,12.71,0.0,25.92,0.0
101,2023,105,1815.0,12.71,0.0,25.9,0.0
101,2023,105,1816.0,12.71,0.0,25.89,0.0
101,2023,105,1817.0,12.71,0.0,25.88,0.0
101,2023,105,1818.0,12.71,0.0,25.86,0.0
101,2023,105,1819.0,12.71,0.0,25.84,0.0
101,2023,105,1820.0,12.71,0.0,25.84,0.0
101,2023,105,1821.0,12.71,0.0,25.82,0.0
101,2023,105,1822.0,12.71,0.0,25.81,0.0
101,2023,105,1823.0,12.7,0.0,25.81,0.0
101,2023,105,1824.0,12.71,0.0,25.81,0.0
101,2023,105,1825.0,12.7,0.0,25.8,0.0
101,2023,105,1826.0,12.7,0.0,25.78,0.0
101,2023,105,1827.0,12.71,0.0,25.78,0.0
101,2023,105,1828.0,12.71,0.0,25.77,0.0
101,2023,105,1829.0,12.7,0.0,25.76,0.0
101,2023,105,1830.0,12.7,0.0,25.75,0.0
101,2023,105,1831.0,12.7,0.0,25.74,0.0
101,2023,105,1832.0,12.7,0.0,25.73,0.0
101,2023,105,1833.0,12.7,0.0,25.7,0.0
101,2023,105,1834.0,12.7,0.0,25.7,0.0
101,2023,105,1835.0,12.7,0.0,25.68,0.0
101,2023,105,1836.0,12.7,0.0,25.66,0.0
101,2023,105,1837.0,12.7,0.0,25.65,0.0
101,2023,105,1838.0,12.7,0.0,25.64,0.0
101,2023,105,1839.0,12.7,0.0,25.61,0.0
101,2023,105,1840.0,12.7,0.0,25.6,0.0
101,2023,105,1841.0,12.7,0.0,25.59,0.0
101,2023,105,1842.0,12.7,0.0,25.58,0.0
101,2023,105,1843.0,12.7,0.0,25.57,0.0
101,2023,105,1844.0,12.7,0.0,25.56,0.0
101,2023,105,1845.0,12.7,0.0,25.54,0.0
101,2023,105,1846.0,12.7,0.0,25.54,0.0
101,2023,105,1847.0,12.69,0.0,25.52,0.0
101,2023,105,1848.0,12.7,0.0,25.51,0.0
101,2023,105,1849.0,12.69,0.0,25.49,0.0
101,2023,105,1850.0,12.7,0.0,25.47,0.0
101,2023,105,1851.0,12.69,0.0,25.46,0.0
101,2023,105,1852.0,12.69,0.0,25.44,0.0
101,2023,105,1853.0,12.69,0.0,25.42,0.0
101,2023,105,1854.0,12.69,0.0,25.41,0.0
101,2023,105,1855.0,12.69,0.0,25.39,0.0
101,2023,105,1856.0,12.69,0.0,25.38,0.0
101,2023,105,1857.0,12.69,0.0,25.38,0.0
101,2023,105,1858.0,12.69,0.0,25.36,0.0
101,2023,105,1859.0,12.69,0.0,25.36,0.0
101,2023,105,1900.0,12.68,0.0,25.34,0.0
101,2023,105,1901.0,12.69,0.0,25.33,0.0
101,2023,105,1902.0,12.69,0.0,25.32,0.0
101,2023,105,1903.0,12.69,0.0,25.3,0.0
101,2023,105,1904.0,12.69,0.0,25.3,0.0
101,2023,105,1905.0,12.68,0.0,25.28,0.0
101,2023,105,1906.0,12.69,0.0,25.27,0.0
101,2023,105,1907.0,12.69,0.0,25.25,0.0
101,2023,105,1908.0,12.69,0.0,25.23,0.0
101,2023,105,1909.0,12.68,0.0,25.22,0.0
101,2023,105,1910.0,12.68,0.0,25.2,0.0
101,2023,105,1911.0,12.68,0.0,25.18,0.0
101,2023,105,1912.0,12.68,0.0,25.17,0.0
101,2023,105,1913.0,12.68,0.0,25.16,0.0
101,2023,105,1914.0,12.68,0.0,25.14,0.0
101,2023,105,1915.0,12.68,0.0,25.12,0.0
101,2023,105,1916.0,12.68,0.0,25.11,0.0
101,2023,105,1917.0,12.68,0.0,25.09,0.0
101,2023,105,1918.0,12.68,0.0,25.08,0.0
101,2023,105,1919.0,12.68,0.0,25.07,0.0
101,2023,105,1920.0,12.68,0.0,25.07,0.0
101,2023,105,1921.0,12.68,0.0,25.07,0.0
101,2023,105,1922.0,12.68,0.0,25.07,0.0
101,2023,105,1923.0,12.68,0.0,25.05,0.0
101,2023,105,1924.0,12.68,0.0,25.03,0.0
101,2023,105,1925.0,12.68,0.0,25.02,0.0
101,2023,105,1926.0,12.68,0.0,25.01,0.0
101,2023,105,1927.0,12.68,0.0,24.99,0.0
101,2023,105,1928.0,12.68,0.0,24.98,0.0
101,2023,105,1929.0,12.68,0.0,24.97,0.0
101,2023,105,1930.0,12.68,0.0,24.95,0.0
101,2023,105,1931.0,12.68,0.0,24.96,0.0
101,2023,105,1932.0,12.68,0.0,24.97,0.0
101,2023,105,1933.0,12.68,0.0,24.95,0.0
101,2023,105,1934.0,12.68,0.0,24.95,0.0
101,2023,105,1935.0,12.68,0.0,24.93,0.0
101,2023,105,1936.0,12.67,0.0,24.92,0.0
101,2023,105,1937.0,12.67,0.0,24.9,0.0
101,2023,105,1938.0,12.67,0.0,24.89,0.0
101,2023,105,1939.0,12.67,0.0,24.87,0.0
101,2023,105,1940.0,12.67,0.0,24.87,0.0
101,2023,105,1941.0,12.68,0.0,24.85,0.0
101,2023,105,1942.0,12.67,0.0,24.84,0.0
101,2023,105,1943.0,12.67,0.0,24.82,0.0
101,2023,105,1944.0,12.67,0.0,24.79,0.0
101,2023,105,1945.0,12.67,0.0,24.79,0.0
101,2023,105,1946.0,12.67,0.0,24.77,0.0
101,2023,105,1947.0,12.67,0.0,24.76,0.0
101,2023,105,1948.0,12.67,0.0,24.77,0.0
101,2023,105,1949.0,12.67,0.0,24.77,0.0
101,2023,105,1950.0,12.67,0.0,24.77,0.0
101,2023,105,1951.0,12.67,0.0,24.77,0.0
101,2023,105,1952.0,12.67,0.0,24.75,0.0
101,2023,105,1953.0,12.66,0.0,24.72,0.0
101,2023,105,1954.0,12.67,0.0,24.71,0.0
101,2023,105,1955.0,12.67,0.0,24.68,0.0
101,2023,105,1956.0,12.67,0.0,24.66,0.0
101,2023,105,1957.0,12.66,0.0,24.65,0.0
101,2023,105,1958.0,12.66,0.0,24.63,0.0
101,2023,105,1959.0,12.66,0.0,24.64,0.0
101,2023,105,2000.0,12.66,0.0,24.63,0.0
101,2023,105,2001.0,12.66,0.0,24.62,0.0
101,2023,105,2002.0,12.66,0.0,24.62,0.0
101,2023,105,2003.0,12.66,0.0,24.64,0.0
101,2023,105,2004.0,12.66,0.0,24.64,0.0
101,2023,105,2005.0,12.66,0.0,24.63,0.0
101,2023,105,2006.0,12.66,0.0,24.63,0.0
101,2023,105,2007.0,12.66,0.0,24.61,0.0
101,2023,105,2008.0,12.66,0.0,24.63,0.0
101,2023,105,2009.0,12.66,0.0,24.62,0.0
101,2023,105,2010.0,12.66,0.0,24.63,0.0
101,2023,105,2011.0,12.66,0.0,24.64,0.0
101,2023,105,2012.0,12.66,0.0,24.64,0.0
101,2023,105,2013.0,12.66,0.0,24.63,0.0
101,2023,105,2014.0,12.66,0.0,24.63,0.0
101,2023,105,2015.0,12.66,0.0,24.61,0.0
101,2023,105,2016.0,12.66,0.0,24.61,0.0
101,2023,105,2017.0,12.66,0.0,24.6,0.0
101,2023,105,2018.0,12.65,0.0,24.59,0.0
101,2023,105,2019.0,12.65,0.0,24.57,0.0
101,2023,105,2020.0,12.65,0.0,24.56,0.0
101,2023,105,2021.0,12.65,0.0,24.55,0.0
101,2023,105,2022.0,12.66,0.0,24.55,0.0
101,2023,105,2023.0,12.65,0.0,24.54,0.0
101,2023,105,2024.0,12.65,0.0,24.54,0.0
101,2023,105,2025.0,12.66,0.0,24.52,0.0
101,2023,105,2026.0,12.65,0.0,24.51,0.0
101,2023,105,2027.0,12.65,0.0,24.51,0.0
101,2023,105,2028.0,12.65,0.0,24.51,0.0
101,2023,105,2029.0,12.65,0.0,24.51,0.0
101,2023,105,2030.0,12.65,0.0,24.51,0.0
101,2023,105,2031.0,12.65,0.0,24.51,0.0
101,2023,105,2032.0,12.65,0.0,24.51,0.0
101,2023,105,2033.0,12.65,0.0,24.51,0.0
101,2023,105,2034.0,12.65,0.0,24.51,0.0
101,2023,105,2035.0,12.65,0.0,24.5,0.0
101,2023,105,2036.0,12.65,0.0,24.48,0.0
101,2023,105,2037.0,12.65,0.0,24.47,0.0
101,2023,105,2038.0,12.65,0.0,24.46,0.0
101,2023,105,2039.0,12.65,0.0,24.44,0.0
101,2023,105,2040.0,12.65,0.0,24.45,0.0
101,2023,105,2041.0,12.65,0.0,24.45,0.0
101,2023,105,2042.0,12.65,0.0,24.42,0.0
101,2023,105,2043.0,12.65,0.0,24.41,0.0
101,2023,105,2044.0,12.65,0.0,24.39,0.0
101,2023,105,2045.0,12.65,0.0,24.38,0.0
101,2023,105,2046.0,12.65,0.0,24.37,0.0
101,2023,105,2047.0,12.64,0.0,24.37,0.0
101,2023,105,2048.0,12.65,0.0,24.36,0.0
101,2023,105,2049.0,12.64,0.0,24.36,0.0
101,2023,105,2050.0,12.64,0.0,24.37,0.0
101,2023,105,2051.0,12.64,0.0,24.38,0.0
101,2023,105,2052.0,12.64,0.0,24.38,0.0
101,2023,105,2053.0,12.64,0.0,24.41,0.0
101,2023,105,2054.0,12.64,0.0,24.42,0.0
101,2023,105,2055.0,12.64,0.0,24.44,0.0
101,2023,105,2056.0,12.64,0.0,24.46,0.0
101,2023,105,2057.0,12.64,0.0,24.46,0.0
101,2023,105,2058.0,12.64,0.0,24.46,0.0
101,2023,105,2059.0,12.64,0.0,24.46,0.0
101,2023,105,2100.0,12.64,0.0,24.45,0.0
101,2023,105,2101.0,12.64,0.0,24.44,0.0
101,2023,105,2102.0,12.64,0.0,24.42,0.0
101,2023,105,2103.0,12.64,0.0,24.41,0.0
101,2023,105,2104.0,12.64,0.0,24.39,0.0
101,2023,105,2105.0,12.64,0.0,24.4,0.0
101,2023,105,2106.0,12.64,0.0,24.39,0.0
101,2023,105,2107.0,12.64,0.0,24.4,0.0
101,2023,105,2108.0,12.64,0.0,24.4,0.0
101,2023,105,2109.0,12.64,0.0,24.39,0.0
101,2023,105,2110.0,12.64,0.0,24.4,0.0
101,2023,105,2111.0,12.64,0.0,24.4,0.0
101,2023,105,2112.0,12.64,0.0,24.4,0.0
101,2023,105,2113.0,12.63,0.0,24.43,0.0
101,2023,105,2114.0,12.63,0.0,24.44,0.0
101,2023,105,2115.0,12.64,0.0,24.46,0.0
101,2023,105,2116.0,12.63,0.0,24.44,0.0
101,2023,105,2117.0,12.63,0.0,24.43,0.0
101,2023,105,2118.0,12.63,0.0,24.43,0.0
101,2023,105,2119.0,12.63,0.0,24.42,0.0
101,2023,105,2120.0,12.63,0.0,24.4,0.0
101,2023,105,2121.0,12.63,0.0,24.39,0.0
101,2023,105,2122.0,12.63,0.0,24.39,0.0
101,2023,105,2123.0,12.63,0.0,24.38,0.0
101,2023,105,2124.0,12.63,0.0,24.37,0.0
101,2023,105,2125.0,12.63,0.0,24.36,0.0
101,2023,105,2126.0,12.63,0.0,24.34,0.0
101,2023,105,2127.0,12.63,0.0,24.34,0.0
101,2023,105,2128.0,12.63,0.0,24.34,0.0
101,2023,105,2129.0,12.63,0.0,24.34,0.0
101,2023,105,2130.0,12.63,0.0,24.34,0.0
101,2023,105,2131.0,12.63,0.0,24.32,0.0
101,2023,105,2132.0,12.63,0.0,24.3,0.0
101,2023,105,2133.0,12.63,0.0,24.3,0.0
101,2023,105,2134.0,12.63,0.0,24.31,0.0
101,2023,105,2135.0,12.63,0.0,24.32,0.0
101,2023,105,2136.0,12.63,0.0,24.28,0.0
101,2023,105,2137.0,12.63,0.0,24.25,0.0
101,2023,105,2138.0,12.63,0.0,24.22,0.0
101,2023,105,2139.0,12.63,0.0,24.21,0.0
101,2023,105,2140.0,12.63,0.0,24.19,0.0
101,2023,105,2141.0,12.63,0.0,24.11,0.0
101,2023,105,2142.0,12.62,0.0,24.05,0.0
101,2023,105,2143.0,12.62,0.0,23.99,0.0
101,2023,105,2144.0,12.62,0.0,23.97,0.0
101,2023,105,2145.0,12.63,0.0,23.94,0.0
101,2023,105,2146.0,12.62,0.0,23.9,0.0
101,2023,105,2147.0,12.63,0.0,23.88,0.0
101,2023,105,2148.0,12.62,0.0,23.86,0.0
101,2023,105,2149.0,12.62,0.0,23.87,0.0
101,2023,105,2150.0,12.62,0.0,23.84,0.0
101,2023,105,2151.0,12.62,0.0,23.81,0.0
101,2023,105,2152.0,12.62,0.0,23.79,0.0
101,2023,105,2153.0,12.62,0.0,23.78,0.0
101,2023,105,2154.0,12.62,0.0,23.76,0.0
101,2023,105,2155.0,12.62,0.0,23.75,0.0
101,2023,105,2156.0,12.62,0.0,23.74,0.0
101,2023,105,2157.0,12.62,0.0,23.74,0.0
101,2023,105,2158.0,12.62,0.0,23.72,0.0
101,2023,105,2159.0,12.62,0.0,23.69,0.0
101,2023,105,2200.0,12.62,0.0,23.68,0.0
101,2023,105,2201.0,12.62,0.0,23.69,0.0
101,2023,105,2202.0,12.62,0.0,23.69,0.0
101,2023,105,2203.0,12.62,0.0,23.71,0.0
101,2023,105,2204.0,12.62,0.0,23.73,0.0
101,2023,105,2205.0,12.62,0.0,23.75,0.0
101,2023,105,2206.0,12.62,0.0,23.76,0.0
101,2023,105,2207.0,12.62,0.0,23.75,0.0
101,2023,105,2208.0,12.62,0.0,23.76,0.0
101,2023,105,2209.0,12.62,0.0,23.77,0.0
101,2023,105,2210.0,12.62,0.0,23.77,0.0
101,2023,105,2211.0,12.62,0.0,23.77,0.0
101,2023,105,2212.0,12.62,0.0,23.78,0.0
101,2023,105,2213.0,12.62,0.0,23.78,0.0
101,2023,105,2214.0,12.62,0.0,23.78,0.0
101,2023,105,2215.0,12.61,0.0,23.79,0.0
101,2023,105,2216.0,12.61,0.0,23.79,0.0
101,2023,105,2217.0,12.62,0.0,23.79,0.0
101,2023,105,2218.0,12.61,0.0,23.78,0.0
101,2023,105,2219.0,12.61,0.0,23.78,0.0
101,2023,105,2220.0,12.61,0.0,23.78,0.0
101,2023,105,2221.0,12.61,0.0,23.78,0.0
101,2023,105,2222.0,12.61,0.0,23.77,0.0
101,2023,105,2223.0,12.61,0.0,23.77,0.0
101,2023,105,2224.0,12.61,0.0,23.76,0.0
101,2023,105,2225.0,12.61,0.0,23.75,0.0
101,2023,105,2226.0,12.61,0.0,23.74,0.0
101,2023,105,2227.0,12.61,0.0,23.72,0.0
101,2023,105,2228.0,12.61,0.0,23.71,0.0
101,2023,105,2229.0,12.61,0.0,23.66,0.0
101,2023,105,2230.0,12.61,0.0,23.56,0.0
101,2023,105,2231.0,12.61,0.0,23.52,0.0
101,2023,105,2232.0,12.61,0.0,23.49,0.0
101,2023,105,2233.0,12.61,0.0,23.47,0.0
101,2023,105,2234.0,12.61,0.0,23.45,0.0
101,2023,105,2235.0,12.61,0.0,23.43,0.0
101,2023,105,2236.0,12.61,0.0,23.42,0.0
101,2023,105,2237.0,12.61,0.0,23.43,0.0
101,2023,105,2238.0,12.61,0.0,23.45,0.0
101,2023,105,2239.0,12.61,0.0,23.46,0.0
101,2023,105,2240.0,12.61,0.0,23.44,0.0
101,2023,105,2241.0,12.61,0.0,23.43,0.0
101,2023,105,2242.0,12.61,0.0,23.43,0.0
101,2023,105,2243.0,12.61,0.0,23.44,0.0
101,2023,105,2244.0,12.61,0.0,23.44,0.0
101,2023,105,2245.0,12.61,0.0,23.42,0.0
101,2023,105,2246.0,12.61,0.0,23.4,0.0
101,2023,105,2247.0,12.61,0.0,23.38,0.0
101,2023,105,2248.0,12.61,0.0,23.37,0.0
101,2023,105,2249.0,12.61,0.0,23.35,0.0
101,2023,105,2250.0,12.61,0.0,23.33,0.0
101,2023,105,2251.0,12.61,0.0,23.31,0.0
101,2023,105,2252.0,12.61,0.0,23.32,0.0
101,2023,105,2253.0,12.61,0.0,23.37,0.0
101,2023,105,2254.0,12.6,0.0,23.39,0.0
101,2023,105,2255.0,12.61,0.0,23.37,0.0
101,2023,105,2256.0,12.6,0.0,23.35,0.0
101,2023,105,2257.0,12.6,0.0,23.34,0.0
101,2023,105,2258.0,12.6,0.0,23.3,0.0
101,2023,105,2259.0,12.6,0.0,23.26,0.0
101,2023,105,2300.0,12.61,0.0,23.22,0.0
101,2023,105,2301.0,12.61,0.0,23.25,0.0
101,2023,105,2302.0,12.6,0.0,23.27,0.0
101,2023,105,2303.0,12.6,0.0,23.29,0.0
101,2023,105,2304.0,12.6,0.0,23.27,0.0
101,2023,105,2305.0,12.6,0.0,23.26,0.0
101,2023,105,2306.0,12.6,0.0,23.24,0.0
101,2023,105,2307.0,12.6,0.0,23.21,0.0
101,2023,105,2308.0,12.6,0.0,23.2,0.0
101,2023,105,2309.0,12.6,0.0,23.21,0.0
101,2023,105,2310.0,12.6,0.0,23.21,0.0
101,2023,105,2311.0,12.6,0.0,23.21,0.0
101,2023,105,2312.0,12.6,0.0,23.22,0.0
101,2023,105,2313.0,12.6,0.0,23.22,0.0
101,2023,105,2314.0,12.6,0.0,23.19,0.0
101,2023,105,2315.0,12.6,0.0,23.16,0.0
101,2023,105,2316.0,12.6,0.0,23.16,0.0
101,2023,105,2317.0,12.6,0.0,23.18,0.0
101,2023,105,2318.0,12.6,0.0,23.2,0.0
101,2023,105,2319.0,12.6,0.0,23.24,0.0
101,2023,105,2320.0,12.6,0.0,23.25,0.0
101,2023,105,2321.0,12.6,0.0,23.26,0.0
101,2023,105,2322.0,12.6,0.0,23.26,0.0
101,2023,105,2323.0,12.6,0.0,23.28,0.0
101,2023,105,2324.0,12.6,0.0,23.27,0.0
101,2023,105,2325.0,12.6,0.0,23.25,0.0
101,2023,105,2326.0,12.6,0.0,23.27,0.0
101,2023,105,2327.0,12.6,0.0,23.27,0.0
101,2023,105,2328.0,12.6,0.0,23.27,0.0
101,2023,105,2329.0,12.6,0.0,23.26,0.0
101,2023,105,2330.0,12.6,0.0,23.27,0.0
101,2023,105,2331.0,12.6,0.0,23.25,0.0
101,2023,105,2332.0,12.6,0.0,23.23,0.0
101,2023,105,2333.0,12.6,0.0,23.21,0.0
101,2023,105,2334.0,12.59,0.0,23.19,0.0
101,2023,105,2335.0,12.6,0.0,23.17,0.0
101,2023,105,2336.0,12.59,0.0,23.14,0.0
101,2023,105,2337.0,12.59,0.0,23.12,0.0
101,2023,105,2338.0,12.6,0.0,23.09,0.0
101,2023,105,2339.0,12.6,0.0,23.06,0.0
101,2023,105,2340.0,12.59,0.0,23.06,0.0
101,2023,105,2341.0,12.59,0.0,23.1,0.0
101,2023,105,2342.0,12.6,0.0,23.08,0.0
101,2023,105,2343.0,12.59,0.0,23.07,0.0
101,2023,105,2344.0,12.59,0.0,23.12,0.0
101,2023,105,2345.0,12.6,0.0,23.11,0.0
101,2023,105,2346.0,12.6,0.0,23.1,0.0
101,2023,105,2347.0,12.59,0.0,23.14,0.0
101,2023,105,2348.0,12.59,0.0,23.16,0.0
101,2023,105,2349.0,12.59,0.0,23.19,0.0
101,2023,105,2350.0,12.59,0.0,23.24,0.0
101,2023,105,2351.0,12.59,0.0,23.29,0.0
101,2023,105,2352.0,12.59,0.0,23.25,0.0
101,2023,105,2353.0,12.59,0.0,23.26,0.0
101,2023,105,2354.0,12.59,0.0,23.28,0.0
101,2023,105,2355.0,12.59,0.0,23.28,0.0
101,2023,105,2356.0,12.59,0.0,23.28,0.0
101,2023,105,2357.0,12.59,0.0,23.28,0.0
101,2023,105,2358.0,12.59,0.0,23.33,0.0
101,2023,105,2359.0,12.59,0.0,23.38,0.0
