a,b,dia_juliano,d,e,f,g,h
101,2023,121,530.0,12.53,5.414,22.78,0.0
101,2023,121,531.0,12.53,5.499,22.77,0.0
101,2023,121,532.0,12.53,6.232,22.78,0.0
101,2023,121,533.0,12.53,7.11,22.79,0.0
101,2023,121,534.0,12.53,7.9,22.81,0.0
101,2023,121,535.0,12.54,9.05,22.8,0.0
101,2023,121,536.0,12.55,10.35,22.8,0.0
101,2023,121,537.0,12.56,11.42,22.8,0.0
101,2023,121,538.0,12.57,12.63,22.8,0.0
101,2023,121,539.0,12.58,14.16,22.82,0.0
101,2023,121,540.0,12.6,15.82,22.82,0.0
101,2023,121,541.0,12.63,17.54,22.81,0.0
101,2023,121,542.0,12.66,18.78,22.81,0.0
101,2023,121,543.0,12.67,19.8,22.82,0.0
101,2023,121,544.0,12.68,20.81,22.82,0.0
101,2023,121,545.0,12.69,21.55,22.82,0.0
101,2023,121,546.0,12.7,22.56,22.82,0.0
101,2023,121,547.0,12.71,23.52,22.82,0.0
101,2023,121,548.0,12.73,24.73,22.84,0.0
101,2023,121,549.0,12.74,25.94,22.87,0.0
101,2023,121,550.0,12.76,26.99,22.88,0.0
101,2023,121,551.0,12.78,28.17,22.89,0.0
101,2023,121,552.0,12.8,29.33,22.89,0.0
101,2023,121,553.0,12.81,30.43,22.9,0.0
101,2023,121,554.0,12.83,31.59,22.92,0.0
101,2023,121,555.0,12.85,33.08,22.92,0.0
101,2023,121,556.0,12.87,34.6,22.91,0.0
101,2023,121,557.0,12.89,36.46,22.92,0.0
101,2023,121,558.0,12.92,38.3,22.95,0.0
101,2023,121,559.0,12.95,40.3,22.96,0.0
101,2023,121,600.0,12.99,43.15,22.98,0.0
101,2023,121,601.0,13.06,47.07,23.0,0.0
101,2023,121,602.0,13.13,50.93,23.03,0.0
101,2023,121,603.0,13.19,53.27,23.05,0.0
101,2023,121,604.0,13.22,55.22,23.07,0.0
101,2023,121,605.0,13.25,59.28,23.09,0.0
101,2023,121,606.0,13.25,64.89,23.09,0.0
101,2023,121,607.0,13.25,67.88,23.11,0.0
101,2023,121,608.0,13.25,69.18,23.13,0.0
101,2023,121,609.0,13.25,68.48,23.15,0.0
101,2023,121,610.0,13.24,67.21,23.17,0.0
101,2023,121,611.0,13.24,69.1,23.18,0.0
101,2023,121,612.0,13.24,71.0,23.2,0.0
101,2023,121,613.0,13.24,74.7,23.19,0.0
101,2023,121,614.0,13.24,76.6,23.19,0.0
101,2023,121,615.0,13.24,75.5,23.22,0.0
101,2023,121,616.0,13.24,75.7,23.26,0.0
101,2023,121,617.0,13.24,77.4,23.29,0.0
101,2023,121,618.0,13.24,79.8,23.31,0.0
101,2023,121,619.0,13.24,82.6,23.29,0.0
101,2023,121,620.0,13.24,85.9,23.31,0.0
101,2023,121,621.0,13.24,89.7,23.31,0.0
101,2023,121,622.0,13.24,93.7,23.31,0.0
101,2023,121,623.0,13.24,98.3,23.36,0.0
101,2023,121,624.0,13.24,102.8,23.37,0.0
101,2023,121,625.0,13.24,107.3,23.4,0.0
101,2023,121,626.0,13.24,110.9,23.46,0.0
101,2023,121,627.0,13.24,114.2,23.52,0.0
101,2023,121,628.0,13.24,117.2,23.59,0.0
101,2023,121,629.0,13.24,120.4,23.65,0.0
101,2023,121,630.0,13.24,123.9,23.67,0.0
101,2023,121,631.0,13.24,129.4,23.64,0.0
101,2023,121,632.0,13.23,136.9,23.68,0.0
101,2023,121,633.0,13.24,149.6,23.74,0.0
101,2023,121,634.0,13.23,173.6,23.85,0.0
101,2023,121,635.0,13.24,191.1,23.94,0.0
101,2023,121,636.0,13.23,197.4,24.09,0.0
101,2023,121,637.0,13.23,204.8,24.23,0.0
101,2023,121,638.0,13.23,200.4,24.28,0.0
101,2023,121,639.0,13.23,188.1,24.36,0.0
101,2023,121,640.0,13.23,168.8,24.41,0.0
101,2023,121,641.0,13.23,161.4,24.43,0.0
101,2023,121,642.0,13.23,161.6,24.44,0.0
101,2023,121,643.0,13.23,168.2,24.41,0.0
101,2023,121,644.0,13.23,170.0,24.41,0.0
101,2023,121,645.0,13.23,174.8,24.41,0.0
101,2023,121,646.0,13.23,173.4,24.29,0.0
101,2023,121,647.0,13.23,176.7,24.23,0.0
101,2023,121,648.0,13.23,189.2,24.27,0.0
101,2023,121,649.0,13.23,197.8,24.31,0.0
101,2023,121,650.0,13.23,204.6,24.35,0.0
101,2023,121,651.0,13.23,216.6,24.45,0.0
101,2023,121,652.0,13.23,241.7,24.45,0.0
101,2023,121,653.0,13.23,243.4,24.48,0.0
101,2023,121,654.0,13.23,231.6,24.58,0.0
101,2023,121,655.0,13.23,236.8,24.63,0.0
101,2023,121,656.0,13.23,237.7,24.64,0.0
101,2023,121,657.0,13.22,219.5,24.62,0.0
101,2023,121,658.0,13.23,227.0,24.71,0.0
101,2023,121,659.0,13.22,242.5,24.79,0.0
101,2023,121,700.0,13.22,266.4,24.8,0.0
101,2023,121,701.0,13.22,261.8,24.83,0.0
101,2023,121,702.0,13.22,219.4,24.85,0.0
101,2023,121,703.0,13.22,207.7,24.85,0.0
101,2023,121,704.0,13.22,201.3,24.87,0.0
101,2023,121,705.0,13.22,192.1,24.88,0.0
101,2023,121,706.0,13.22,189.0,24.78,0.0
101,2023,121,707.0,13.22,189.6,24.71,0.0
101,2023,121,708.0,13.22,192.8,24.78,0.0
101,2023,121,709.0,13.22,199.6,24.83,0.0
101,2023,121,710.0,13.22,207.3,24.8,0.0
101,2023,121,711.0,13.22,208.6,24.8,0.0
101,2023,121,712.0,13.22,204.1,24.73,0.0
101,2023,121,713.0,13.22,199.5,24.77,0.0
101,2023,121,714.0,13.22,195.2,24.8,0.0
101,2023,121,715.0,13.22,194.7,24.81,0.0
101,2023,121,716.0,13.22,197.3,24.64,0.0
101,2023,121,717.0,13.21,202.4,24.69,0.0
101,2023,121,718.0,13.22,210.1,24.77,0.0
101,2023,121,719.0,13.21,220.6,24.82,0.0
101,2023,121,720.0,13.22,228.3,24.84,0.0
101,2023,121,721.0,13.21,238.4,24.83,0.0
101,2023,121,722.0,13.21,240.7,24.9,0.0
101,2023,121,723.0,13.21,243.5,24.96,0.0
101,2023,121,724.0,13.22,240.3,24.9,0.0
101,2023,121,725.0,13.21,251.6,24.91,0.0
101,2023,121,726.0,13.21,243.5,25.05,0.0
101,2023,121,727.0,13.21,242.8,25.09,0.0
101,2023,121,728.0,13.21,244.9,25.14,0.0
101,2023,121,729.0,13.21,250.2,25.09,0.0
101,2023,121,730.0,13.21,250.9,25.07,0.0
101,2023,121,731.0,13.21,254.0,25.08,0.0
101,2023,121,732.0,13.21,260.6,25.14,0.0
101,2023,121,733.0,13.21,262.1,25.23,0.0
101,2023,121,734.0,13.21,268.5,25.35,0.0
101,2023,121,735.0,13.2,283.5,25.38,0.0
101,2023,121,736.0,13.21,291.8,25.29,0.0
101,2023,121,737.0,13.21,317.7,25.35,0.0
101,2023,121,738.0,13.2,349.2,25.4,0.0
101,2023,121,739.0,13.2,394.2,25.42,0.0
101,2023,121,740.0,13.2,390.8,25.5,0.0
101,2023,121,741.0,13.2,360.0,25.66,0.0
101,2023,121,742.0,13.2,403.3,25.78,0.0
101,2023,121,743.0,13.2,415.9,25.87,0.0
101,2023,121,744.0,13.2,405.2,25.87,0.0
101,2023,121,745.0,13.2,429.5,25.96,0.0
101,2023,121,746.0,13.2,478.0,26.19,0.0
101,2023,121,747.0,13.2,478.4,26.29,0.0
101,2023,121,748.0,13.19,461.4,26.42,0.0
101,2023,121,749.0,13.19,365.6,26.38,0.0
101,2023,121,750.0,13.19,421.3,26.39,0.0
101,2023,121,751.0,13.19,429.5,26.54,0.0
101,2023,121,752.0,13.19,416.9,26.73,0.0
101,2023,121,753.0,13.19,432.7,26.81,0.0
101,2023,121,754.0,13.19,479.6,26.99,0.0
101,2023,121,755.0,13.19,518.2,27.12,0.0
101,2023,121,756.0,13.19,510.3,27.2,0.0
101,2023,121,757.0,13.19,503.7,27.38,0.0
101,2023,121,758.0,13.18,441.7,27.27,0.0
101,2023,121,759.0,13.18,364.6,27.05,0.0
101,2023,121,800.0,13.18,376.0,26.85,0.0
101,2023,121,801.0,13.18,451.5,26.66,0.0
101,2023,121,802.0,13.18,437.2,26.55,0.0
101,2023,121,803.0,13.18,509.4,26.65,0.0
101,2023,121,804.0,13.18,550.9,26.82,0.0
101,2023,121,805.0,13.18,511.7,26.94,0.0
101,2023,121,806.0,13.18,499.3,26.96,0.0
101,2023,121,807.0,13.18,468.4,27.05,0.0
101,2023,121,808.0,13.18,522.2,27.13,0.0
101,2023,121,809.0,13.18,601.0,27.18,0.0
101,2023,121,810.0,13.17,577.9,27.13,0.0
101,2023,121,811.0,13.17,606.1,27.19,0.0
101,2023,121,812.0,13.17,590.0,27.24,0.0
101,2023,121,813.0,13.17,572.0,27.57,0.0
101,2023,121,814.0,13.16,568.1,27.37,0.0
101,2023,121,815.0,13.17,584.9,27.28,0.0
101,2023,121,816.0,13.16,602.2,27.35,0.0
101,2023,121,817.0,13.16,608.6,27.63,0.0
101,2023,121,818.0,13.16,558.7,27.67,0.0
101,2023,121,819.0,13.16,446.2,27.6,0.0
101,2023,121,820.0,13.16,241.5,27.41,0.0
101,2023,121,821.0,13.16,369.2,27.38,0.0
101,2023,121,822.0,13.16,564.4,27.27,0.0
101,2023,121,823.0,13.16,634.8,27.29,0.0
101,2023,121,824.0,13.16,640.3,27.46,0.0
101,2023,121,825.0,13.16,642.1,27.58,0.0
101,2023,121,826.0,13.15,468.1,27.55,0.0
101,2023,121,827.0,13.15,446.8,27.56,0.0
101,2023,121,828.0,13.15,547.1,27.51,0.0
101,2023,121,829.0,13.15,483.5,27.58,0.0
101,2023,121,830.0,13.15,665.3,27.67,0.0
101,2023,121,831.0,13.15,593.1,27.66,0.0
101,2023,121,832.0,13.15,460.8,27.88,0.0
101,2023,121,833.0,13.15,309.7,27.92,0.0
101,2023,121,834.0,13.15,359.0,27.97,0.0
101,2023,121,835.0,13.15,425.4,28.09,0.0
101,2023,121,836.0,13.14,777.0,28.16,0.0
101,2023,121,837.0,13.15,808.0,28.34,0.0
101,2023,121,838.0,13.14,771.0,28.32,0.0
101,2023,121,839.0,13.14,608.7,28.12,0.0
101,2023,121,840.0,13.14,547.1,27.97,0.0
101,2023,121,841.0,13.14,547.3,27.89,0.0
101,2023,121,842.0,13.14,501.3,28.0,0.0
101,2023,121,843.0,13.14,556.2,27.91,0.0
101,2023,121,844.0,13.14,684.6,27.84,0.0
101,2023,121,845.0,13.14,421.8,27.78,0.0
101,2023,121,846.0,13.13,267.7,27.8,0.0
101,2023,121,847.0,13.14,432.3,27.73,0.0
101,2023,121,848.0,13.14,782.0,27.68,0.0
101,2023,121,849.0,13.14,821.0,27.76,0.0
101,2023,121,850.0,13.14,791.0,27.88,0.0
101,2023,121,851.0,13.14,788.0,28.04,0.0
101,2023,121,852.0,13.14,804.0,28.17,0.0
101,2023,121,853.0,13.14,816.0,28.03,0.0
101,2023,121,854.0,13.13,768.0,28.11,0.0
101,2023,121,855.0,13.13,837.0,28.14,0.0
101,2023,121,856.0,13.13,841.0,28.18,0.0
101,2023,121,857.0,13.13,841.0,28.21,0.0
101,2023,121,858.0,13.13,812.0,28.25,0.0
101,2023,121,859.0,13.12,783.0,28.35,0.0
101,2023,121,900.0,13.12,777.0,28.33,0.0
101,2023,121,901.0,13.12,792.0,28.45,0.0
101,2023,121,902.0,13.12,813.0,28.57,0.0
101,2023,121,903.0,13.12,721.0,28.46,0.0
101,2023,121,904.0,13.12,679.7,28.37,0.0
101,2023,121,905.0,13.12,772.0,28.33,0.0
101,2023,121,906.0,13.12,764.0,28.47,0.0
101,2023,121,907.0,13.12,558.7,28.36,0.0
101,2023,121,908.0,13.12,371.4,28.32,0.0
101,2023,121,909.0,13.12,233.7,28.11,0.0
101,2023,121,910.0,13.12,377.9,28.05,0.0
101,2023,121,911.0,13.12,313.5,28.05,0.0
101,2023,121,912.0,13.11,748.0,28.02,0.0
101,2023,121,913.0,13.12,792.0,28.03,0.0
101,2023,121,914.0,13.12,807.0,28.06,0.0
101,2023,121,915.0,13.12,666.6,28.1,0.0
101,2023,121,916.0,13.12,464.8,28.12,0.0
101,2023,121,917.0,13.12,460.5,28.07,0.0
101,2023,121,918.0,13.12,763.0,28.02,0.0
101,2023,121,919.0,13.12,824.0,28.22,0.0
101,2023,121,920.0,13.12,808.0,28.34,0.0
101,2023,121,921.0,13.12,791.0,28.43,0.0
101,2023,121,922.0,13.11,788.0,28.52,0.0
101,2023,121,923.0,13.12,795.0,28.56,0.0
101,2023,121,924.0,13.11,808.0,28.69,0.0
101,2023,121,925.0,13.11,813.0,28.74,0.0
101,2023,121,926.0,13.11,814.0,28.6,0.0
101,2023,121,927.0,13.11,818.0,28.61,0.0
101,2023,121,928.0,13.11,833.0,28.65,0.0
101,2023,121,929.0,13.11,830.0,28.81,0.0
101,2023,121,930.0,13.11,867.0,29.03,0.0
101,2023,121,931.0,13.11,872.0,28.81,0.0
101,2023,121,932.0,13.1,880.0,28.65,0.0
101,2023,121,933.0,13.1,770.0,28.65,0.0
101,2023,121,934.0,13.1,848.0,28.74,0.0
101,2023,121,935.0,13.1,803.0,28.85,0.0
101,2023,121,936.0,13.1,977.0,28.96,0.0
101,2023,121,937.0,13.1,830.0,29.06,0.0
101,2023,121,938.0,13.1,704.0,28.91,0.0
101,2023,121,939.0,13.1,851.0,28.9,0.0
101,2023,121,940.0,13.1,676.9,28.94,0.0
101,2023,121,941.0,13.1,268.5,28.88,0.0
101,2023,121,942.0,13.1,322.8,28.7,0.0
101,2023,121,943.0,13.1,305.9,28.61,0.0
101,2023,121,944.0,13.1,251.6,28.54,0.0
101,2023,121,945.0,13.1,230.5,28.4,0.0
101,2023,121,946.0,13.1,361.6,28.38,0.0
101,2023,121,947.0,13.1,547.4,28.28,0.0
101,2023,121,948.0,13.1,907.0,28.23,0.0
101,2023,121,949.0,13.11,668.9,28.51,0.0
101,2023,121,950.0,13.1,341.6,28.81,0.0
101,2023,121,951.0,13.1,496.4,28.77,0.0
101,2023,121,952.0,13.1,917.0,28.81,0.0
101,2023,121,953.0,13.11,896.0,28.79,0.0
101,2023,121,954.0,13.11,881.0,28.88,0.0
101,2023,121,955.0,13.11,879.0,28.88,0.0
101,2023,121,956.0,13.11,880.0,28.95,0.0
101,2023,121,957.0,13.11,880.0,29.05,0.0
101,2023,121,958.0,13.11,870.0,29.08,0.0
101,2023,121,959.0,13.11,860.0,29.16,0.0
101,2023,121,1000.0,13.11,861.0,29.09,0.0
101,2023,121,1001.0,13.11,865.0,29.07,0.0
101,2023,121,1002.0,13.11,867.0,29.1,0.0
101,2023,121,1003.0,13.11,862.0,29.04,0.0
101,2023,121,1004.0,13.11,862.0,29.26,0.0
101,2023,121,1005.0,13.11,870.0,29.31,0.0
101,2023,121,1006.0,13.11,881.0,29.1,0.0
101,2023,121,1007.0,13.11,811.0,28.98,0.0
101,2023,121,1008.0,13.11,906.0,29.09,0.0
101,2023,121,1009.0,13.11,749.0,29.2,0.0
101,2023,121,1010.0,13.11,942.0,29.33,0.0
101,2023,121,1011.0,13.11,933.0,29.55,0.0
101,2023,121,1012.0,13.11,517.2,29.45,0.0
101,2023,121,1013.0,13.11,868.0,29.43,0.0
101,2023,121,1014.0,13.11,958.0,29.42,0.0
101,2023,121,1015.0,13.11,962.0,29.29,0.0
101,2023,121,1016.0,13.11,949.0,29.13,0.0
101,2023,121,1017.0,13.11,943.0,29.31,0.0
101,2023,121,1018.0,13.11,939.0,29.32,0.0
101,2023,121,1019.0,13.11,950.0,29.43,0.0
101,2023,121,1020.0,13.11,973.0,29.43,0.0
101,2023,121,1021.0,13.11,999.0,29.43,0.0
101,2023,121,1022.0,13.11,653.9,29.46,0.0
101,2023,121,1023.0,13.11,746.0,29.51,0.0
101,2023,121,1024.0,13.11,435.3,29.53,0.0
101,2023,121,1025.0,13.11,385.6,29.4,0.0
101,2023,121,1026.0,13.11,911.0,29.15,0.0
101,2023,121,1027.0,13.11,1038.0,29.16,0.0
101,2023,121,1028.0,13.11,1041.0,29.27,0.0
101,2023,121,1029.0,13.11,1035.0,29.25,0.0
101,2023,121,1030.0,13.11,1045.0,29.45,0.0
101,2023,121,1031.0,13.11,982.0,29.75,0.0
101,2023,121,1032.0,13.11,1028.0,29.56,0.0
101,2023,121,1033.0,13.11,1027.0,29.6,0.0
101,2023,121,1034.0,13.11,1036.0,29.74,0.0
101,2023,121,1035.0,13.11,1035.0,29.78,0.0
101,2023,121,1036.0,13.11,1024.0,29.65,0.0
101,2023,121,1037.0,13.11,1015.0,29.57,0.0
101,2023,121,1038.0,13.1,1000.0,29.5,0.0
101,2023,121,1039.0,13.11,998.0,29.64,0.0
101,2023,121,1040.0,13.11,1020.0,29.78,0.0
101,2023,121,1041.0,13.1,1047.0,30.02,0.0
101,2023,121,1042.0,13.1,1072.0,29.95,0.0
101,2023,121,1043.0,13.11,1068.0,29.63,0.0
101,2023,121,1044.0,13.1,1064.0,29.55,0.0
101,2023,121,1045.0,13.11,1074.0,29.75,0.0
101,2023,121,1046.0,13.1,1089.0,29.87,0.0
101,2023,121,1047.0,13.1,1097.0,29.9,0.0
101,2023,121,1048.0,13.1,1098.0,30.04,0.0
101,2023,121,1049.0,13.1,1097.0,30.02,0.0
101,2023,121,1050.0,13.1,1083.0,30.0,0.0
101,2023,121,1051.0,13.1,1048.0,30.18,0.0
101,2023,121,1052.0,13.1,1079.0,30.04,0.0
101,2023,121,1053.0,13.1,1079.0,29.91,0.0
101,2023,121,1054.0,13.1,1089.0,30.27,0.0
101,2023,121,1055.0,13.1,1093.0,30.42,0.0
101,2023,121,1056.0,13.1,1093.0,30.4,0.0
101,2023,121,1057.0,13.09,1081.0,30.15,0.0
101,2023,121,1058.0,13.1,1089.0,30.11,0.0
101,2023,121,1059.0,13.1,1100.0,30.16,0.0
101,2023,121,1100.0,13.09,1102.0,30.31,0.0
101,2023,121,1101.0,13.09,1081.0,30.03,0.0
101,2023,121,1102.0,13.09,1074.0,29.97,0.0
101,2023,121,1103.0,13.09,1073.0,30.08,0.0
101,2023,121,1104.0,13.09,1079.0,30.1,0.0
101,2023,121,1105.0,13.09,1077.0,30.22,0.0
101,2023,121,1106.0,13.09,1066.0,30.31,0.0
101,2023,121,1107.0,13.09,1055.0,30.22,0.0
101,2023,121,1108.0,13.09,1050.0,30.06,0.0
101,2023,121,1109.0,13.09,1060.0,30.21,0.0
101,2023,121,1110.0,13.09,1073.0,30.36,0.0
101,2023,121,1111.0,13.08,1029.0,30.33,0.0
101,2023,121,1112.0,13.09,972.0,30.35,0.0
101,2023,121,1113.0,13.08,1023.0,30.21,0.0
101,2023,121,1114.0,13.08,747.0,30.16,0.0
101,2023,121,1115.0,13.08,311.1,30.06,0.0
101,2023,121,1116.0,13.08,282.8,29.84,0.0
101,2023,121,1117.0,13.08,280.0,29.72,0.0
101,2023,121,1118.0,13.08,288.5,29.56,0.0
101,2023,121,1119.0,13.08,311.7,29.52,0.0
101,2023,121,1120.0,13.08,538.1,29.41,0.0
101,2023,121,1121.0,13.09,992.0,29.4,0.0
101,2023,121,1122.0,13.08,1076.0,29.51,0.0
101,2023,121,1123.0,13.09,1091.0,29.81,0.0
101,2023,121,1124.0,13.09,1097.0,29.88,0.0
101,2023,121,1125.0,13.08,852.0,29.94,0.0
101,2023,121,1126.0,13.08,503.3,29.78,0.0
101,2023,121,1127.0,13.08,960.0,29.67,0.0
101,2023,121,1128.0,13.08,762.0,29.72,0.0
101,2023,121,1129.0,13.08,880.0,29.74,0.0
101,2023,121,1130.0,13.08,1072.0,29.8,0.0
101,2023,121,1131.0,13.08,698.2,29.86,0.0
101,2023,121,1132.0,13.08,444.4,29.89,0.0
101,2023,121,1133.0,13.08,360.3,29.82,0.0
101,2023,121,1134.0,13.08,364.0,29.6,0.0
101,2023,121,1135.0,13.08,356.9,29.45,0.0
101,2023,121,1136.0,13.08,338.3,29.37,0.0
101,2023,121,1137.0,13.08,332.8,29.35,0.0
101,2023,121,1138.0,13.08,353.3,29.36,0.0
101,2023,121,1139.0,13.08,373.6,29.39,0.0
101,2023,121,1140.0,13.08,546.9,29.39,0.0
101,2023,121,1141.0,13.08,552.4,29.42,0.0
101,2023,121,1142.0,13.09,525.2,29.48,0.0
101,2023,121,1143.0,13.09,974.0,29.59,0.0
101,2023,121,1144.0,13.08,1087.0,29.78,0.0
101,2023,121,1145.0,13.08,1056.0,30.01,0.0
101,2023,121,1146.0,13.08,1055.0,30.13,0.0
101,2023,121,1147.0,13.08,1020.0,30.13,0.0
101,2023,121,1148.0,13.09,816.0,30.1,0.0
101,2023,121,1149.0,13.08,466.4,30.16,0.0
101,2023,121,1150.0,13.08,352.3,29.89,0.0
101,2023,121,1151.0,13.08,341.0,29.75,0.0
101,2023,121,1152.0,13.08,827.0,29.71,0.0
101,2023,121,1153.0,13.08,917.0,29.75,0.0
101,2023,121,1154.0,13.08,923.0,29.91,0.0
101,2023,121,1155.0,13.08,920.0,30.11,0.0
101,2023,121,1156.0,13.08,922.0,30.26,0.0
101,2023,121,1157.0,13.08,921.0,30.14,0.0
101,2023,121,1158.0,13.08,920.0,30.1,0.0
101,2023,121,1159.0,13.08,921.0,30.03,0.0
101,2023,121,1200.0,13.07,919.0,30.13,0.0
101,2023,121,1201.0,13.07,918.0,30.14,0.0
101,2023,121,1202.0,13.08,917.0,30.19,0.0
101,2023,121,1203.0,13.07,913.0,30.22,0.0
101,2023,121,1204.0,13.08,920.0,30.24,0.0
101,2023,121,1205.0,13.07,925.0,30.12,0.0
101,2023,121,1206.0,13.07,922.0,30.21,0.0
101,2023,121,1207.0,13.07,921.0,30.14,0.0
101,2023,121,1208.0,13.07,917.0,30.21,0.0
101,2023,121,1209.0,13.07,918.0,30.11,0.0
101,2023,121,1210.0,13.07,917.0,30.06,0.0
101,2023,121,1211.0,13.07,920.0,30.17,0.0
101,2023,121,1212.0,13.07,918.0,30.28,0.0
101,2023,121,1213.0,13.07,918.0,30.4,0.0
101,2023,121,1214.0,13.07,931.0,30.38,0.0
101,2023,121,1215.0,13.07,959.0,30.4,0.0
101,2023,121,1216.0,13.07,907.0,30.43,0.0
101,2023,121,1217.0,13.06,782.0,30.47,0.0
101,2023,121,1218.0,13.06,834.0,30.46,0.0
101,2023,121,1219.0,13.06,1000.0,30.51,0.0
101,2023,121,1220.0,13.06,995.0,30.59,0.0
101,2023,121,1221.0,13.06,994.0,30.7,0.0
101,2023,121,1222.0,13.06,993.0,30.82,0.0
101,2023,121,1223.0,13.06,998.0,30.62,0.0
101,2023,121,1224.0,13.06,992.0,30.49,0.0
101,2023,121,1225.0,13.06,955.0,30.56,0.0
101,2023,121,1226.0,13.06,971.0,30.51,0.0
101,2023,121,1227.0,13.06,977.0,30.55,0.0
101,2023,121,1228.0,13.06,982.0,30.64,0.0
101,2023,121,1229.0,13.06,992.0,30.67,0.0
101,2023,121,1230.0,13.06,1009.0,30.67,0.0
101,2023,121,1231.0,13.06,577.3,30.5,0.0
101,2023,121,1232.0,13.06,374.7,30.48,0.0
101,2023,121,1233.0,13.06,306.9,30.47,0.0
101,2023,121,1234.0,13.06,368.9,30.35,0.0
101,2023,121,1235.0,13.05,345.4,30.11,0.0
101,2023,121,1236.0,13.06,292.7,30.0,0.0
101,2023,121,1237.0,13.06,658.7,29.86,0.0
101,2023,121,1238.0,13.06,961.0,29.83,0.0
101,2023,121,1239.0,13.06,1005.0,29.84,0.0
101,2023,121,1240.0,13.06,1015.0,29.96,0.0
101,2023,121,1241.0,13.06,1007.0,30.13,0.0
101,2023,121,1242.0,13.06,994.0,30.13,0.0
101,2023,121,1243.0,13.06,976.0,30.15,0.0
101,2023,121,1244.0,13.06,951.0,30.14,0.0
101,2023,121,1245.0,13.06,942.0,30.26,0.0
101,2023,121,1246.0,13.07,955.0,30.31,0.0
101,2023,121,1247.0,13.06,978.0,30.45,0.0
101,2023,121,1248.0,13.06,1004.0,30.62,0.0
101,2023,121,1249.0,13.06,1033.0,30.62,0.0
101,2023,121,1250.0,13.06,1047.0,30.65,0.0
101,2023,121,1251.0,13.06,997.0,30.49,0.0
101,2023,121,1252.0,13.06,572.7,30.38,0.0
101,2023,121,1253.0,13.05,487.3,30.2,0.0
101,2023,121,1254.0,13.06,455.7,30.06,0.0
101,2023,121,1255.0,13.06,419.8,29.96,0.0
101,2023,121,1256.0,13.06,384.8,29.99,0.0
101,2023,121,1257.0,13.06,470.3,29.9,0.0
101,2023,121,1258.0,13.06,855.0,29.87,0.0
101,2023,121,1259.0,13.06,741.0,29.94,0.0
101,2023,121,1300.0,13.06,934.0,30.08,0.0
101,2023,121,1301.0,13.06,959.0,30.06,0.0
101,2023,121,1302.0,13.06,773.0,29.97,0.0
101,2023,121,1303.0,13.06,258.9,29.95,0.0
101,2023,121,1304.0,13.06,300.4,29.76,0.0
101,2023,121,1305.0,13.06,255.5,29.67,0.0
101,2023,121,1306.0,13.06,238.4,29.61,0.0
101,2023,121,1307.0,13.06,237.4,29.53,0.0
101,2023,121,1308.0,13.07,228.9,29.43,0.0
101,2023,121,1309.0,13.06,232.2,29.26,0.0
101,2023,121,1310.0,13.07,279.0,29.16,0.0
101,2023,121,1311.0,13.07,479.4,29.19,0.0
101,2023,121,1312.0,13.07,988.0,29.32,0.0
101,2023,121,1313.0,13.07,515.1,29.52,0.0
101,2023,121,1314.0,13.07,442.5,29.64,0.0
101,2023,121,1315.0,13.07,776.0,29.56,0.0
101,2023,121,1316.0,13.07,961.0,29.66,0.0
101,2023,121,1317.0,13.07,923.0,29.73,0.0
101,2023,121,1318.0,13.07,966.0,29.74,0.0
101,2023,121,1319.0,13.07,984.0,29.9,0.0
101,2023,121,1320.0,13.07,961.0,29.99,0.0
101,2023,121,1321.0,13.07,931.0,30.12,0.0
101,2023,121,1322.0,13.07,894.0,30.2,0.0
101,2023,121,1323.0,13.07,865.0,30.16,0.0
101,2023,121,1324.0,13.07,848.0,30.19,0.0
101,2023,121,1325.0,13.07,840.0,30.19,0.0
101,2023,121,1326.0,13.07,834.0,30.02,0.0
101,2023,121,1327.0,13.06,833.0,30.14,0.0
101,2023,121,1328.0,13.07,834.0,30.25,0.0
101,2023,121,1329.0,13.07,834.0,30.31,0.0
101,2023,121,1330.0,13.06,835.0,30.36,0.0
101,2023,121,1331.0,13.06,840.0,30.19,0.0
101,2023,121,1332.0,13.06,854.0,30.19,0.0
101,2023,121,1333.0,13.06,878.0,30.2,0.0
101,2023,121,1334.0,13.06,896.0,30.13,0.0
101,2023,121,1335.0,13.06,774.0,30.07,0.0
101,2023,121,1336.0,13.06,536.9,30.1,0.0
101,2023,121,1337.0,13.06,701.0,30.02,0.0
101,2023,121,1338.0,13.06,836.0,29.9,0.0
101,2023,121,1339.0,13.06,824.0,29.92,0.0
101,2023,121,1340.0,13.06,817.0,29.97,0.0
101,2023,121,1341.0,13.06,814.0,29.94,0.0
101,2023,121,1342.0,13.06,815.0,29.89,0.0
101,2023,121,1343.0,13.07,817.0,29.94,0.0
101,2023,121,1344.0,13.06,822.0,29.98,0.0
101,2023,121,1345.0,13.06,830.0,29.99,0.0
101,2023,121,1346.0,13.06,840.0,30.07,0.0
101,2023,121,1347.0,13.06,851.0,29.96,0.0
101,2023,121,1348.0,13.06,804.0,29.93,0.0
101,2023,121,1349.0,13.06,315.4,30.0,0.0
101,2023,121,1350.0,13.06,294.4,29.9,0.0
101,2023,121,1351.0,13.06,748.0,29.82,0.0
101,2023,121,1352.0,13.06,777.0,29.88,0.0
101,2023,121,1353.0,13.06,787.0,29.92,0.0
101,2023,121,1354.0,13.06,777.0,29.9,0.0
101,2023,121,1355.0,13.07,765.0,30.0,0.0
101,2023,121,1356.0,13.07,761.0,30.02,0.0
101,2023,121,1357.0,13.06,759.0,30.13,0.0
101,2023,121,1358.0,13.06,757.0,30.18,0.0
101,2023,121,1359.0,13.06,761.0,30.21,0.0
101,2023,121,1400.0,13.07,766.0,30.14,0.0
101,2023,121,1401.0,13.06,770.0,29.92,0.0
101,2023,121,1402.0,13.06,775.0,29.93,0.0
101,2023,121,1403.0,13.06,778.0,29.79,0.0
101,2023,121,1404.0,13.06,780.0,29.77,0.0
101,2023,121,1405.0,13.06,775.0,29.79,0.0
101,2023,121,1406.0,13.06,760.0,29.77,0.0
101,2023,121,1407.0,13.06,738.0,29.69,0.0
101,2023,121,1408.0,13.07,780.0,29.8,0.0
101,2023,121,1409.0,13.07,587.2,29.81,0.0
101,2023,121,1410.0,13.07,564.9,29.81,0.0
101,2023,121,1411.0,13.06,451.4,29.78,0.0
101,2023,121,1412.0,13.06,297.8,29.63,0.0
101,2023,121,1413.0,13.06,259.9,29.59,0.0
101,2023,121,1414.0,13.07,428.0,29.52,0.0
101,2023,121,0.0,13.07,835.0,29.41,0.0
101,2023,121,1416.0,13.07,834.0,29.51,0.0
101,2023,121,1417.0,13.06,698.7,29.64,0.0
101,2023,121,1418.0,13.07,811.0,29.66,0.0
101,2023,121,1419.0,13.07,749.0,29.64,0.0
101,2023,121,1420.0,13.07,723.0,29.61,0.0
101,2023,121,1421.0,13.07,498.2,29.59,0.0
101,2023,121,1422.0,13.07,260.4,29.44,0.0
101,2023,121,1423.0,13.07,206.3,29.18,0.0
101,2023,121,1424.0,13.07,207.8,29.0,0.0
101,2023,121,1425.0,13.07,363.8,28.86,0.0
101,2023,121,1426.0,13.07,462.9,28.84,0.0
101,2023,121,1427.0,13.07,315.5,28.86,0.0
101,2023,121,1428.0,13.07,313.0,28.93,0.0
101,2023,121,1429.0,13.08,534.8,29.02,0.0
101,2023,121,1430.0,13.07,681.2,29.14,0.0
101,2023,121,1431.0,13.08,691.3,29.16,0.0
101,2023,121,1432.0,13.08,692.2,29.2,0.0
101,2023,121,1433.0,13.07,687.8,29.29,0.0
101,2023,121,1434.0,13.08,684.9,29.22,0.0
101,2023,121,1435.0,13.08,691.2,29.22,0.0
101,2023,121,1436.0,13.08,688.7,29.22,0.0
101,2023,121,1437.0,13.08,684.0,29.18,0.0
101,2023,121,1438.0,13.08,675.0,29.31,0.0
101,2023,121,1439.0,13.08,655.9,29.27,0.0
101,2023,121,1440.0,13.08,646.9,29.26,0.0
101,2023,121,1441.0,13.08,637.9,29.13,0.0
101,2023,121,1442.0,13.08,628.4,29.12,0.0
101,2023,121,1443.0,13.08,621.5,29.22,0.0
101,2023,121,1444.0,13.08,610.9,29.24,0.0
101,2023,121,1445.0,13.08,603.1,29.2,0.0
101,2023,121,1446.0,13.08,600.0,29.2,0.0
101,2023,121,1447.0,13.08,596.4,29.13,0.0
101,2023,121,1448.0,13.08,600.1,29.08,0.0
101,2023,121,1449.0,13.09,606.9,29.1,0.0
101,2023,121,1450.0,13.08,606.7,29.14,0.0
101,2023,121,1451.0,13.08,603.0,29.14,0.0
101,2023,121,1452.0,13.08,601.0,29.24,0.0
101,2023,121,1453.0,13.08,597.2,29.22,0.0
101,2023,121,1454.0,13.09,592.1,29.18,0.0
101,2023,121,1455.0,13.08,593.1,29.29,0.0
101,2023,121,1456.0,13.08,550.8,29.27,0.0
101,2023,121,1457.0,13.08,308.6,29.2,0.0
101,2023,121,1458.0,13.08,493.6,29.02,0.0
101,2023,121,1459.0,13.09,591.5,29.0,0.0
101,2023,121,1500.0,13.09,587.4,29.03,0.0
101,2023,121,1501.0,13.08,566.0,29.07,0.0
101,2023,121,1502.0,13.08,536.8,29.09,0.0
101,2023,121,1503.0,13.09,523.7,29.04,0.0
101,2023,121,1504.0,13.09,514.7,28.98,0.0
101,2023,121,1505.0,13.08,510.2,29.01,0.0
101,2023,121,1506.0,13.09,507.7,29.05,0.0
101,2023,121,1507.0,13.08,507.1,29.0,0.0
101,2023,121,1508.0,13.09,505.1,28.95,0.0
101,2023,121,1509.0,13.09,501.4,28.99,0.0
101,2023,121,1510.0,13.09,496.6,29.03,0.0
101,2023,121,1511.0,13.09,497.0,29.03,0.0
101,2023,121,1512.0,13.09,505.5,29.06,0.0
101,2023,121,1513.0,13.09,512.0,29.12,0.0
101,2023,121,1514.0,13.09,516.0,29.0,0.0
101,2023,121,1515.0,13.09,511.3,28.96,0.0
101,2023,121,1516.0,13.09,500.3,28.91,0.0
101,2023,121,1517.0,13.09,491.6,28.92,0.0
101,2023,121,1518.0,13.09,482.2,28.97,0.0
101,2023,121,1519.0,13.09,466.7,29.06,0.0
101,2023,121,1520.0,13.09,468.1,28.95,0.0
101,2023,121,1521.0,13.09,464.3,28.83,0.0
101,2023,121,1522.0,13.09,457.8,28.82,0.0
101,2023,121,1523.0,13.09,441.8,28.82,0.0
101,2023,121,1524.0,13.1,439.9,28.81,0.0
101,2023,121,1525.0,13.1,436.3,28.79,0.0
101,2023,121,1526.0,13.1,431.5,28.83,0.0
101,2023,121,1527.0,13.1,424.4,28.74,0.0
101,2023,121,1528.0,13.09,421.2,28.72,0.0
101,2023,121,1529.0,13.1,423.8,28.66,0.0
101,2023,121,1530.0,13.1,419.5,28.58,0.0
101,2023,121,1531.0,13.1,414.6,28.62,0.0
101,2023,121,1532.0,13.1,409.1,28.67,0.0
101,2023,121,1533.0,13.1,403.0,28.7,0.0
101,2023,121,1534.0,13.1,401.5,28.75,0.0
101,2023,121,1535.0,13.1,395.5,28.66,0.0
101,2023,121,1536.0,13.1,392.7,28.48,0.0
101,2023,121,1537.0,13.1,390.5,28.52,0.0
101,2023,121,1538.0,13.1,387.3,28.49,0.0
101,2023,121,1539.0,13.1,383.4,28.45,0.0
101,2023,121,1540.0,13.1,378.2,28.46,0.0
101,2023,121,1541.0,13.11,369.6,28.52,0.0
101,2023,121,1542.0,13.1,366.3,28.52,0.0
101,2023,121,1543.0,13.1,361.6,28.46,0.0
101,2023,121,1544.0,13.1,356.9,28.38,0.0
101,2023,121,1545.0,13.1,356.3,28.29,0.0
101,2023,121,1546.0,13.11,353.9,28.2,0.0
101,2023,121,1547.0,13.11,352.7,28.16,0.0
101,2023,121,1548.0,13.1,348.7,28.12,0.0
101,2023,121,1549.0,13.1,344.1,28.12,0.0
101,2023,121,1550.0,13.1,340.8,28.14,0.0
101,2023,121,1551.0,13.1,336.3,28.15,0.0
101,2023,121,1552.0,13.1,331.4,28.17,0.0
101,2023,121,1553.0,13.09,323.6,28.16,0.0
101,2023,121,1554.0,13.09,319.5,28.18,0.0
101,2023,121,1555.0,13.09,316.4,28.18,0.0
101,2023,121,1556.0,13.09,311.3,28.19,0.0
101,2023,121,1557.0,13.09,308.0,28.17,0.0
101,2023,121,1558.0,13.09,302.3,28.22,0.0
101,2023,121,1559.0,13.08,298.2,28.24,0.0
101,2023,121,1600.0,13.08,295.9,28.22,0.0
101,2023,121,1601.0,13.08,293.3,28.25,0.0
101,2023,121,1602.0,13.08,289.8,28.32,0.0
101,2023,121,1603.0,13.08,285.6,28.37,0.0
101,2023,121,1604.0,13.07,280.8,28.24,0.0
101,2023,121,1605.0,13.07,275.9,28.17,0.0
101,2023,121,1606.0,13.07,268.9,28.14,0.0
101,2023,121,1607.0,13.07,266.8,28.1,0.0
101,2023,121,1608.0,13.07,261.9,28.12,0.0
101,2023,121,1609.0,13.07,256.3,28.12,0.0
101,2023,121,1610.0,13.07,251.1,28.09,0.0
101,2023,121,1611.0,13.06,248.0,28.05,0.0
101,2023,121,1612.0,13.06,245.7,28.03,0.0
101,2023,121,1613.0,13.06,242.3,28.02,0.0
101,2023,121,1614.0,13.05,238.0,28.02,0.0
101,2023,121,1615.0,13.05,235.6,27.98,0.0
101,2023,121,1616.0,13.05,230.0,27.95,0.0
101,2023,121,1617.0,13.05,225.2,27.91,0.0
101,2023,121,1618.0,13.05,222.5,27.91,0.0
101,2023,121,1619.0,13.04,217.4,27.96,0.0
101,2023,121,1620.0,13.05,212.8,27.96,0.0
101,2023,121,1621.0,13.04,210.9,28.0,0.0
101,2023,121,1622.0,13.04,206.3,27.99,0.0
101,2023,121,1623.0,13.04,200.8,27.96,0.0
101,2023,121,1624.0,13.04,195.2,27.93,0.0
101,2023,121,1625.0,13.03,189.9,27.95,0.0
101,2023,121,1626.0,13.03,184.1,27.93,0.0
101,2023,121,1627.0,13.03,178.0,27.91,0.0
101,2023,121,1628.0,13.02,171.9,27.88,0.0
101,2023,121,1629.0,13.02,165.5,27.88,0.0
101,2023,121,1630.0,13.02,157.1,27.79,0.0
101,2023,121,1631.0,13.01,146.3,27.7,0.0
101,2023,121,1632.0,13.0,145.7,27.65,0.0
101,2023,121,1633.0,13.0,147.3,27.68,0.0
101,2023,121,1634.0,12.99,144.3,27.71,0.0
101,2023,121,1635.0,12.99,139.1,27.69,0.0
101,2023,121,1636.0,12.99,135.2,27.7,0.0
101,2023,121,1637.0,12.98,130.8,27.6,0.0
101,2023,121,1638.0,12.97,127.2,27.59,0.0
101,2023,121,1639.0,12.97,123.6,27.55,0.0
101,2023,121,1640.0,12.96,120.8,27.47,0.0
101,2023,121,1641.0,12.96,118.0,27.45,0.0
101,2023,121,1642.0,12.95,112.0,27.42,0.0
101,2023,121,1643.0,12.95,104.8,27.43,0.0
101,2023,121,1644.0,12.93,98.0,27.36,0.0
101,2023,121,1645.0,12.93,96.3,27.29,0.0
101,2023,121,1646.0,12.92,94.3,27.24,0.0
101,2023,121,1647.0,12.92,90.7,27.22,0.0
101,2023,121,1648.0,12.91,87.4,27.22,0.0
101,2023,121,1649.0,12.91,84.6,27.2,0.0
101,2023,121,1650.0,12.9,81.2,27.14,0.0
101,2023,121,1651.0,12.9,77.4,27.09,0.0
101,2023,121,1652.0,12.89,73.7,27.07,0.0
101,2023,121,1653.0,12.88,70.5,27.03,0.0
101,2023,121,1654.0,12.87,63.0,27.0,0.0
101,2023,121,1655.0,12.87,54.46,26.97,0.0
101,2023,121,1656.0,12.86,51.07,26.94,0.0
101,2023,121,1657.0,12.85,47.21,26.92,0.0
101,2023,121,1658.0,12.85,40.56,26.89,0.0
101,2023,121,1659.0,12.84,37.88,26.85,0.0
101,2023,121,1700.0,12.83,35.23,26.81,0.0
101,2023,121,1701.0,12.83,30.58,26.75,0.0
101,2023,121,1702.0,12.82,23.45,26.72,0.0
101,2023,121,1703.0,12.82,19.17,26.68,0.0
101,2023,121,1704.0,12.82,16.88,26.66,0.0
101,2023,121,1705.0,12.81,15.19,26.59,0.0
101,2023,121,1706.0,12.81,13.95,26.56,0.0
101,2023,121,1707.0,12.81,12.57,26.51,0.0
101,2023,121,1708.0,12.81,11.13,26.47,0.0
101,2023,121,1709.0,12.81,9.89,26.41,0.0
101,2023,121,1710.0,12.8,8.63,26.38,0.0
101,2023,121,1711.0,12.8,7.58,26.35,0.0
101,2023,121,1712.0,12.8,6.483,26.32,0.0
101,2023,121,1713.0,12.8,5.581,26.28,0.0
101,2023,121,1714.0,12.8,4.735,26.26,0.0
101,2023,121,1715.0,12.79,4.087,26.22,0.0
101,2023,121,1716.0,12.8,3.777,26.2,0.0
101,2023,121,1717.0,12.8,3.467,26.16,0.0
101,2023,121,1718.0,12.79,3.044,26.12,0.0
101,2023,121,1719.0,12.79,2.593,26.08,0.0
101,2023,121,1720.0,12.79,2.368,26.06,0.0
101,2023,121,1721.0,12.79,2.142,26.04,0.0
101,2023,121,1722.0,12.79,1.691,26.01,0.0
101,2023,121,1723.0,12.78,1.607,25.97,0.0
101,2023,121,1724.0,12.78,1.099,25.95,0.0
101,2023,121,1725.0,12.78,1.015,25.92,0.0
101,2023,121,1726.0,12.78,0.902,25.9,0.0
101,2023,121,1727.0,12.78,0.0,25.87,0.0
101,2023,121,1728.0,12.78,0.0,25.84,0.0
101,2023,121,1729.0,12.78,0.0,25.83,0.0
101,2023,121,1730.0,12.77,0.0,25.8,0.0
101,2023,121,1731.0,12.77,0.0,25.75,0.0
101,2023,121,1732.0,12.77,0.0,25.72,0.0
101,2023,121,1733.0,12.77,0.0,25.69,0.0
101,2023,121,1734.0,12.77,0.0,25.66,0.0
101,2023,121,1735.0,12.77,0.0,25.62,0.0
101,2023,121,1736.0,12.77,0.0,25.6,0.0
101,2023,121,1737.0,12.77,0.0,25.57,0.0
101,2023,121,1738.0,12.77,0.0,25.55,0.0
101,2023,121,1739.0,12.76,0.0,25.55,0.0
101,2023,121,1740.0,12.76,0.0,25.53,0.0
101,2023,121,1741.0,12.76,0.0,25.51,0.0
101,2023,121,1742.0,12.76,0.0,25.49,0.0
101,2023,121,1743.0,12.76,0.0,25.47,0.0
101,2023,121,1744.0,12.76,0.0,25.45,0.0
101,2023,121,1745.0,12.76,0.0,25.44,0.0
101,2023,121,1746.0,12.76,0.0,25.42,0.0
101,2023,121,1747.0,12.76,0.0,25.38,0.0
101,2023,121,1748.0,12.75,0.0,25.36,0.0
101,2023,121,1749.0,12.76,0.0,25.35,0.0
101,2023,121,1750.0,12.75,0.0,25.34,0.0
101,2023,121,1751.0,12.76,0.0,25.31,0.0
101,2023,121,1752.0,12.75,0.0,25.28,0.0
101,2023,121,1753.0,12.75,0.0,25.28,0.0
101,2023,121,1754.0,12.75,0.0,25.26,0.0
101,2023,121,1755.0,12.75,0.0,25.25,0.0
101,2023,121,1756.0,12.75,0.0,25.23,0.0
101,2023,121,1757.0,12.75,0.0,25.21,0.0
101,2023,121,1758.0,12.75,0.0,25.2,0.0
101,2023,121,1759.0,12.75,0.0,25.18,0.0
