a,b,dia_juliano,d,e,f,g,h
101,2023,101,530.0,12.51,8.01,22.13,0.0
101,2023,101,531.0,12.52,8.74,22.13,0.0
101,2023,101,532.0,12.52,9.45,22.13,0.0
101,2023,101,533.0,12.53,10.32,22.11,0.0
101,2023,101,534.0,12.54,11.31,22.1,0.0
101,2023,101,535.0,12.54,12.21,22.11,0.0
101,2023,101,536.0,12.55,13.34,22.08,0.0
101,2023,101,537.0,12.55,14.39,22.07,0.0
101,2023,101,538.0,12.56,15.43,22.08,0.0
101,2023,101,539.0,12.57,16.36,22.07,0.0
101,2023,101,540.0,12.58,17.43,22.12,0.0
101,2023,101,541.0,12.59,18.59,22.21,0.0
101,2023,101,542.0,12.59,19.55,22.24,0.0
101,2023,101,543.0,12.6,20.45,22.26,0.0
101,2023,101,544.0,12.61,21.49,22.2,0.0
101,2023,101,545.0,12.62,22.42,22.04,0.0
101,2023,101,546.0,12.63,23.5,22.02,0.0
101,2023,101,547.0,12.64,24.31,22.05,0.0
101,2023,101,548.0,12.65,25.13,21.97,0.0
101,2023,101,549.0,12.66,25.92,21.93,0.0
101,2023,101,550.0,12.67,26.88,21.93,0.0
101,2023,101,551.0,12.69,27.78,21.93,0.0
101,2023,101,552.0,12.7,28.97,21.97,0.0
101,2023,101,553.0,12.72,29.96,21.99,0.0
101,2023,101,554.0,12.74,31.08,21.97,0.0
101,2023,101,555.0,12.75,32.07,21.97,0.0
101,2023,101,556.0,12.77,32.92,22.01,0.0
101,2023,101,557.0,12.79,33.57,22.04,0.0
101,2023,101,558.0,12.81,34.55,22.12,0.0
101,2023,101,559.0,12.85,36.47,22.12,0.0
101,2023,101,600.0,12.96,42.0,22.1,0.0
101,2023,101,601.0,13.11,47.05,22.12,0.0
101,2023,101,602.0,13.26,57.03,22.15,0.0
101,2023,101,603.0,13.27,67.56,22.21,0.0
101,2023,101,604.0,13.27,73.8,22.24,0.0
101,2023,101,605.0,13.27,80.6,22.28,0.0
101,2023,101,606.0,13.27,88.2,22.32,0.0
101,2023,101,607.0,13.27,107.8,22.37,0.0
101,2023,101,608.0,13.26,139.3,22.45,0.0
101,2023,101,609.0,13.26,158.4,22.55,0.0
101,2023,101,610.0,13.26,166.0,22.7,0.0
101,2023,101,611.0,13.26,161.6,22.85,0.0
101,2023,101,612.0,13.26,129.9,23.04,0.0
101,2023,101,613.0,13.26,120.2,23.05,0.0
101,2023,101,614.0,13.25,119.3,23.08,0.0
101,2023,101,615.0,13.26,155.7,23.09,0.0
101,2023,101,616.0,13.25,175.8,23.18,0.0
101,2023,101,617.0,13.25,149.2,23.24,0.0
101,2023,101,618.0,13.25,121.4,23.29,0.0
101,2023,101,619.0,13.25,132.5,23.19,0.0
101,2023,101,620.0,13.25,177.0,23.2,0.0
101,2023,101,621.0,13.25,192.3,23.26,0.0
101,2023,101,622.0,13.25,189.0,23.4,0.0
101,2023,101,623.0,13.25,176.5,23.51,0.0
101,2023,101,624.0,13.24,115.9,23.7,0.0
101,2023,101,625.0,13.25,100.2,23.75,0.0
101,2023,101,626.0,13.24,90.7,23.73,0.0
101,2023,101,627.0,13.24,85.8,23.59,0.0
101,2023,101,628.0,13.24,83.2,23.65,0.0
101,2023,101,629.0,13.24,83.1,23.71,0.0
101,2023,101,630.0,13.24,83.5,23.62,0.0
101,2023,101,631.0,13.24,85.1,23.55,0.0
101,2023,101,632.0,13.24,91.2,23.56,0.0
101,2023,101,633.0,13.24,146.8,23.58,0.0
101,2023,101,634.0,13.24,226.6,23.66,0.0
101,2023,101,635.0,13.24,243.1,23.77,0.0
101,2023,101,636.0,13.24,252.2,23.98,0.0
101,2023,101,637.0,13.24,265.0,23.84,0.0
101,2023,101,638.0,13.24,277.6,23.79,0.0
101,2023,101,639.0,13.23,274.4,23.89,0.0
101,2023,101,640.0,13.23,264.5,24.11,0.0
101,2023,101,641.0,13.23,255.5,24.32,0.0
101,2023,101,642.0,13.23,237.9,24.47,0.0
101,2023,101,643.0,13.23,226.9,24.61,0.0
101,2023,101,644.0,13.23,234.7,24.68,0.0
101,2023,101,645.0,13.22,241.2,24.85,0.0
101,2023,101,646.0,13.23,244.0,25.04,0.0
101,2023,101,647.0,13.23,245.0,25.08,0.0
101,2023,101,648.0,13.23,244.3,25.09,0.0
101,2023,101,649.0,13.22,241.5,25.1,0.0
101,2023,101,650.0,13.22,245.6,25.15,0.0
101,2023,101,651.0,13.22,243.8,25.29,0.0
101,2023,101,652.0,13.22,243.0,25.37,0.0
101,2023,101,653.0,13.22,247.8,25.37,0.0
101,2023,101,654.0,13.22,253.8,25.41,0.0
101,2023,101,655.0,13.22,231.1,25.39,0.0
101,2023,101,656.0,13.22,258.7,25.35,0.0
101,2023,101,657.0,13.21,257.8,25.27,0.0
101,2023,101,658.0,13.21,259.9,25.34,0.0
101,2023,101,659.0,13.21,262.1,25.28,0.0
101,2023,101,700.0,13.21,141.1,25.31,0.0
101,2023,101,701.0,13.21,162.2,25.35,0.0
101,2023,101,702.0,13.21,252.3,25.34,0.0
101,2023,101,703.0,13.21,260.7,25.33,0.0
101,2023,101,704.0,13.21,261.9,25.39,0.0
101,2023,101,705.0,13.21,267.3,25.58,0.0
101,2023,101,706.0,13.21,273.9,25.68,0.0
101,2023,101,707.0,13.21,274.5,25.76,0.0
101,2023,101,708.0,13.21,276.0,25.94,0.0
101,2023,101,709.0,13.21,286.9,25.94,0.0
101,2023,101,710.0,13.21,295.9,25.89,0.0
101,2023,101,711.0,13.21,300.9,26.1,0.0
101,2023,101,712.0,13.2,283.0,25.95,0.0
101,2023,101,713.0,13.2,235.8,25.61,0.0
101,2023,101,714.0,13.2,290.2,25.56,0.0
101,2023,101,715.0,13.2,301.1,25.68,0.0
101,2023,101,716.0,13.2,311.4,25.78,0.0
101,2023,101,717.0,13.2,319.4,26.04,0.0
101,2023,101,718.0,13.2,325.8,26.03,0.0
101,2023,101,719.0,13.2,333.5,25.82,0.0
101,2023,101,720.0,13.2,338.1,25.8,0.0
101,2023,101,721.0,13.2,345.6,25.82,0.0
101,2023,101,722.0,13.19,353.2,25.82,0.0
101,2023,101,723.0,13.2,361.5,25.69,0.0
101,2023,101,724.0,13.19,365.8,25.71,0.0
101,2023,101,725.0,13.19,375.9,25.75,0.0
101,2023,101,726.0,13.19,382.2,25.72,0.0
101,2023,101,727.0,13.19,380.1,25.9,0.0
101,2023,101,728.0,13.19,382.4,25.91,0.0
101,2023,101,729.0,13.19,388.5,25.84,0.0
101,2023,101,730.0,13.19,400.5,25.85,0.0
101,2023,101,731.0,13.18,408.6,25.81,0.0
101,2023,101,732.0,13.18,416.2,25.88,0.0
101,2023,101,733.0,13.18,428.5,25.88,0.0
101,2023,101,734.0,13.18,435.4,25.97,0.0
101,2023,101,735.0,13.18,438.4,26.12,0.0
101,2023,101,736.0,13.18,444.2,26.06,0.0
101,2023,101,737.0,13.18,453.3,26.02,0.0
101,2023,101,738.0,13.18,457.6,26.09,0.0
101,2023,101,739.0,13.18,459.3,26.07,0.0
101,2023,101,740.0,13.18,465.3,26.1,0.0
101,2023,101,741.0,13.17,473.5,26.25,0.0
101,2023,101,742.0,13.17,478.2,26.26,0.0
101,2023,101,743.0,13.17,483.8,26.3,0.0
101,2023,101,744.0,13.17,489.6,26.3,0.0
101,2023,101,745.0,13.17,493.5,26.4,0.0
101,2023,101,746.0,13.17,496.2,26.58,0.0
101,2023,101,747.0,13.17,494.4,26.7,0.0
101,2023,101,748.0,13.17,496.8,26.55,0.0
101,2023,101,749.0,13.17,504.9,26.51,0.0
101,2023,101,750.0,13.16,509.9,26.51,0.0
101,2023,101,751.0,13.16,518.7,26.59,0.0
101,2023,101,752.0,13.16,526.0,26.65,0.0
101,2023,101,753.0,13.16,529.4,26.7,0.0
101,2023,101,754.0,13.16,534.2,26.73,0.0
101,2023,101,755.0,13.16,535.1,26.74,0.0
101,2023,101,756.0,13.16,536.8,26.86,0.0
101,2023,101,757.0,13.16,532.5,27.02,0.0
101,2023,101,758.0,13.16,531.5,27.2,0.0
101,2023,101,759.0,13.15,534.2,27.18,0.0
101,2023,101,800.0,13.15,527.0,27.19,0.0
101,2023,101,801.0,13.15,367.2,27.24,0.0
101,2023,101,802.0,13.15,181.6,27.05,0.0
101,2023,101,803.0,13.14,310.1,26.88,0.0
101,2023,101,804.0,13.15,543.0,26.92,0.0
101,2023,101,805.0,13.15,485.3,27.03,0.0
101,2023,101,806.0,13.15,468.9,27.15,0.0
101,2023,101,807.0,13.15,381.8,27.24,0.0
101,2023,101,808.0,13.14,337.2,27.29,0.0
101,2023,101,809.0,13.15,477.6,27.18,0.0
101,2023,101,810.0,13.14,645.0,27.08,0.0
101,2023,101,811.0,13.14,642.0,27.21,0.0
101,2023,101,812.0,13.14,496.7,27.35,0.0
101,2023,101,813.0,13.14,485.0,27.35,0.0
101,2023,101,814.0,13.14,432.3,27.37,0.0
101,2023,101,815.0,13.14,207.8,27.34,0.0
101,2023,101,816.0,13.14,191.2,27.22,0.0
101,2023,101,817.0,13.14,342.0,27.08,0.0
101,2023,101,818.0,13.14,310.2,27.06,0.0
101,2023,101,819.0,13.14,564.4,27.04,0.0
101,2023,101,820.0,13.14,692.7,27.11,0.0
101,2023,101,821.0,13.14,674.5,27.17,0.0
101,2023,101,822.0,13.14,541.1,27.25,0.0
101,2023,101,823.0,13.14,568.4,27.4,0.0
101,2023,101,824.0,13.14,617.9,27.5,0.0
101,2023,101,825.0,13.13,555.5,27.42,0.0
101,2023,101,826.0,13.13,554.6,27.41,0.0
101,2023,101,827.0,13.13,590.0,27.57,0.0
101,2023,101,828.0,13.13,448.5,27.64,0.0
101,2023,101,829.0,13.13,248.2,27.61,0.0
101,2023,101,830.0,13.13,266.5,27.6,0.0
101,2023,101,831.0,13.13,277.3,27.52,0.0
101,2023,101,832.0,13.13,592.1,27.5,0.0
101,2023,101,833.0,13.13,755.0,27.45,0.0
101,2023,101,834.0,13.13,709.0,27.6,0.0
101,2023,101,835.0,13.13,532.9,27.72,0.0
101,2023,101,836.0,13.12,243.6,27.76,0.0
101,2023,101,837.0,13.12,225.3,27.75,0.0
101,2023,101,838.0,13.13,241.7,27.56,0.0
101,2023,101,839.0,13.12,330.8,27.48,0.0
101,2023,101,840.0,13.12,785.0,27.51,0.0
101,2023,101,841.0,13.13,631.8,27.76,0.0
101,2023,101,842.0,13.13,801.0,27.87,0.0
101,2023,101,843.0,13.12,781.0,27.92,0.0
101,2023,101,844.0,13.12,751.0,27.92,0.0
101,2023,101,845.0,13.12,661.8,27.98,0.0
101,2023,101,846.0,13.12,468.1,28.02,0.0
101,2023,101,847.0,13.12,701.0,27.94,0.0
101,2023,101,848.0,13.12,655.1,27.96,0.0
101,2023,101,849.0,13.12,758.0,28.08,0.0
101,2023,101,850.0,13.12,790.0,28.05,0.0
101,2023,101,851.0,13.11,801.0,27.95,0.0
101,2023,101,852.0,13.11,790.0,27.93,0.0
101,2023,101,853.0,13.11,779.0,28.11,0.0
101,2023,101,854.0,13.11,768.0,28.23,0.0
101,2023,101,855.0,13.11,761.0,28.34,0.0
101,2023,101,856.0,13.11,753.0,28.35,0.0
101,2023,101,857.0,13.11,760.0,28.52,0.0
101,2023,101,858.0,13.1,637.6,28.4,0.0
101,2023,101,859.0,13.1,688.1,28.34,0.0
101,2023,101,900.0,13.1,257.4,28.34,0.0
101,2023,101,901.0,13.1,267.8,28.25,0.0
101,2023,101,902.0,13.1,259.4,28.11,0.0
101,2023,101,903.0,13.1,279.5,28.09,0.0
101,2023,101,904.0,13.1,332.8,28.06,0.0
101,2023,101,905.0,13.1,763.0,28.06,0.0
101,2023,101,906.0,13.1,832.0,28.19,0.0
101,2023,101,907.0,13.1,846.0,28.36,0.0
101,2023,101,908.0,13.1,818.0,28.53,0.0
101,2023,101,909.0,13.1,804.0,28.66,0.0
101,2023,101,910.0,13.1,405.2,28.7,0.0
101,2023,101,911.0,13.1,292.1,28.62,0.0
101,2023,101,912.0,13.1,438.4,28.32,0.0
101,2023,101,913.0,13.1,533.7,28.26,0.0
101,2023,101,914.0,13.1,877.0,28.35,0.0
101,2023,101,915.0,13.1,644.2,28.42,0.0
101,2023,101,916.0,13.1,748.0,28.42,0.0
101,2023,101,917.0,13.1,442.1,28.56,0.0
101,2023,101,918.0,13.1,452.6,28.51,0.0
101,2023,101,919.0,13.1,481.3,28.36,0.0
101,2023,101,920.0,13.09,820.0,28.23,0.0
101,2023,101,921.0,13.1,915.0,28.4,0.0
101,2023,101,922.0,13.09,634.4,28.69,0.0
101,2023,101,923.0,13.09,696.9,28.73,0.0
101,2023,101,924.0,13.09,879.0,28.75,0.0
101,2023,101,925.0,13.09,677.5,28.93,0.0
101,2023,101,926.0,13.09,879.0,28.82,0.0
101,2023,101,927.0,13.09,944.0,28.85,0.0
101,2023,101,928.0,13.09,952.0,29.1,0.0
101,2023,101,929.0,13.09,975.0,29.1,0.0
101,2023,101,930.0,13.09,860.0,28.96,0.0
101,2023,101,931.0,13.09,940.0,28.95,0.0
101,2023,101,932.0,13.09,491.1,29.01,0.0
101,2023,101,933.0,13.09,827.0,28.87,0.0
101,2023,101,934.0,13.09,916.0,29.01,0.0
101,2023,101,935.0,13.09,743.0,29.09,0.0
101,2023,101,936.0,13.09,250.0,29.06,0.0
101,2023,101,937.0,13.09,406.5,28.87,0.0
101,2023,101,938.0,13.09,754.0,28.78,0.0
101,2023,101,939.0,13.09,902.0,28.86,0.0
101,2023,101,940.0,13.09,587.1,29.09,0.0
101,2023,101,941.0,13.09,272.8,29.08,0.0
101,2023,101,942.0,13.09,538.9,28.81,0.0
101,2023,101,943.0,13.09,913.0,28.73,0.0
101,2023,101,944.0,13.09,938.0,28.76,0.0
101,2023,101,945.0,13.09,725.0,28.82,0.0
101,2023,101,946.0,13.09,782.0,28.81,0.0
101,2023,101,947.0,13.09,842.0,28.99,0.0
101,2023,101,948.0,13.09,614.9,29.09,0.0
101,2023,101,949.0,13.09,847.0,29.06,0.0
101,2023,101,950.0,13.09,931.0,28.96,0.0
101,2023,101,951.0,13.09,508.8,28.87,0.0
101,2023,101,952.0,13.1,891.0,28.71,0.0
101,2023,101,953.0,13.1,961.0,28.61,0.0
101,2023,101,954.0,13.1,938.0,28.94,0.0
101,2023,101,955.0,13.1,876.0,29.07,0.0
101,2023,101,956.0,13.1,532.5,29.06,0.0
101,2023,101,957.0,13.1,939.0,29.1,0.0
101,2023,101,958.0,13.1,511.1,29.07,0.0
101,2023,101,959.0,13.1,968.0,29.02,0.0
101,2023,101,1000.0,13.1,1002.0,29.11,0.0
101,2023,101,1001.0,13.1,951.0,29.24,0.0
101,2023,101,1002.0,13.1,617.1,29.22,0.0
101,2023,101,1003.0,13.1,828.0,29.13,0.0
101,2023,101,1004.0,13.1,298.7,29.12,0.0
101,2023,101,1005.0,13.1,458.5,28.92,0.0
101,2023,101,1006.0,13.1,342.5,28.78,0.0
101,2023,101,1007.0,13.1,268.0,28.6,0.0
101,2023,101,1008.0,13.1,284.2,28.55,0.0
101,2023,101,1009.0,13.1,653.4,28.55,0.0
101,2023,101,1010.0,13.1,902.0,28.65,0.0
101,2023,101,1011.0,13.1,1005.0,28.92,0.0
101,2023,101,1012.0,13.1,997.0,29.04,0.0
101,2023,101,1013.0,13.1,1009.0,29.2,0.0
101,2023,101,1014.0,13.1,803.0,29.16,0.0
101,2023,101,1015.0,13.1,1010.0,29.19,0.0
101,2023,101,1016.0,13.1,1014.0,29.32,0.0
101,2023,101,1017.0,13.1,1013.0,29.36,0.0
101,2023,101,1018.0,13.1,1015.0,29.3,0.0
101,2023,101,1019.0,13.1,1018.0,29.35,0.0
101,2023,101,1020.0,13.1,1023.0,29.48,0.0
101,2023,101,1021.0,13.1,1042.0,29.6,0.0
101,2023,101,1022.0,13.1,1058.0,29.64,0.0
101,2023,101,1023.0,13.1,1068.0,29.69,0.0
101,2023,101,1024.0,13.1,721.0,29.86,0.0
101,2023,101,1025.0,13.1,298.9,29.83,0.0
101,2023,101,1026.0,13.1,275.5,29.78,0.0
101,2023,101,1027.0,13.1,312.4,29.53,0.0
101,2023,101,1028.0,13.1,606.9,29.17,0.0
101,2023,101,1029.0,13.1,378.8,29.11,0.0
101,2023,101,1030.0,13.1,1005.0,29.17,0.0
101,2023,101,1031.0,13.1,1058.0,29.19,0.0
101,2023,101,1032.0,13.1,1052.0,29.33,0.0
101,2023,101,1033.0,13.1,1023.0,29.63,0.0
101,2023,101,1034.0,13.1,1044.0,29.75,0.0
101,2023,101,1035.0,13.1,1048.0,29.87,0.0
101,2023,101,1036.0,13.1,974.0,29.8,0.0
101,2023,101,1037.0,13.1,665.5,29.82,0.0
101,2023,101,1038.0,13.1,997.0,29.82,0.0
101,2023,101,1039.0,13.1,1010.0,29.68,0.0
101,2023,101,1040.0,13.1,1020.0,29.89,0.0
101,2023,101,1041.0,13.1,1012.0,30.14,0.0
101,2023,101,1042.0,13.1,972.0,30.29,0.0
101,2023,101,1043.0,13.1,1033.0,30.35,0.0
101,2023,101,1044.0,13.1,1038.0,30.28,0.0
101,2023,101,1045.0,13.1,1033.0,30.26,0.0
101,2023,101,1046.0,13.1,852.0,30.18,0.0
101,2023,101,1047.0,13.1,206.7,29.9,0.0
101,2023,101,1048.0,13.1,183.4,29.71,0.0
101,2023,101,1049.0,13.1,203.1,29.56,0.0
101,2023,101,1050.0,13.1,637.6,29.4,0.0
101,2023,101,1051.0,13.1,1036.0,29.47,0.0
101,2023,101,1052.0,13.1,1029.0,29.72,0.0
101,2023,101,1053.0,13.1,1037.0,30.07,0.0
101,2023,101,1054.0,13.1,1045.0,30.15,0.0
101,2023,101,1055.0,13.1,1045.0,29.89,0.0
101,2023,101,1056.0,13.1,1037.0,29.97,0.0
101,2023,101,1057.0,13.1,1037.0,30.06,0.0
101,2023,101,1058.0,13.1,1031.0,30.02,0.0
101,2023,101,1059.0,13.1,918.0,30.08,0.0
101,2023,101,1100.0,13.1,1051.0,29.89,0.0
101,2023,101,1101.0,13.1,950.0,29.86,0.0
101,2023,101,1102.0,13.1,1003.0,29.92,0.0
101,2023,101,1103.0,13.1,969.0,29.85,0.0
101,2023,101,1104.0,13.1,842.0,29.78,0.0
101,2023,101,1105.0,13.1,916.0,29.86,0.0
101,2023,101,1106.0,13.1,1060.0,29.93,0.0
101,2023,101,1107.0,13.1,1066.0,30.12,0.0
101,2023,101,1108.0,13.1,1072.0,30.0,0.0
101,2023,101,1109.0,13.1,1066.0,30.04,0.0
101,2023,101,1110.0,13.1,1046.0,30.25,0.0
101,2023,101,1111.0,13.1,1046.0,30.4,0.0
101,2023,101,1112.0,13.09,1051.0,30.34,0.0
101,2023,101,1113.0,13.09,1056.0,30.25,0.0
101,2023,101,1114.0,13.1,1052.0,30.12,0.0
101,2023,101,1115.0,13.09,1043.0,29.94,0.0
101,2023,101,1116.0,13.09,1041.0,30.1,0.0
101,2023,101,1117.0,13.1,1054.0,30.28,0.0
101,2023,101,1118.0,13.1,1054.0,30.22,0.0
101,2023,101,1119.0,13.1,1096.0,30.28,0.0
101,2023,101,1120.0,13.1,886.0,30.28,0.0
101,2023,101,1121.0,13.09,284.3,30.14,0.0
101,2023,101,1122.0,13.1,380.8,30.1,0.0
101,2023,101,1123.0,13.1,909.0,30.11,0.0
101,2023,101,1124.0,13.09,362.4,30.0,0.0
101,2023,101,1125.0,13.09,843.0,29.87,0.0
101,2023,101,1126.0,13.1,1028.0,29.82,0.0
101,2023,101,1127.0,13.1,1020.0,29.85,0.0
101,2023,101,1128.0,13.09,1023.0,30.0,0.0
101,2023,101,1129.0,13.09,1037.0,30.04,0.0
101,2023,101,1130.0,13.1,1055.0,29.95,0.0
101,2023,101,1131.0,13.1,1069.0,29.96,0.0
101,2023,101,1132.0,13.1,1076.0,29.92,0.0
101,2023,101,1133.0,13.1,1066.0,30.05,0.0
101,2023,101,1134.0,13.1,1048.0,30.22,0.0
101,2023,101,1135.0,13.1,1028.0,30.37,0.0
101,2023,101,1136.0,13.1,1025.0,30.36,0.0
101,2023,101,1137.0,13.1,1023.0,30.35,0.0
101,2023,101,1138.0,13.1,1032.0,30.5,0.0
101,2023,101,1139.0,13.1,1056.0,30.51,0.0
101,2023,101,1140.0,13.09,753.0,30.48,0.0
101,2023,101,1141.0,13.1,321.1,30.23,0.0
101,2023,101,1142.0,13.09,444.3,29.98,0.0
101,2023,101,1143.0,13.09,889.0,29.85,0.0
101,2023,101,1144.0,13.09,738.0,29.84,0.0
101,2023,101,1145.0,13.09,1010.0,29.87,0.0
101,2023,101,1146.0,13.09,1021.0,30.1,0.0
101,2023,101,1147.0,13.1,1022.0,30.37,0.0
101,2023,101,1148.0,13.1,1013.0,30.58,0.0
101,2023,101,1149.0,13.1,1012.0,30.67,0.0
101,2023,101,1150.0,13.1,959.0,30.59,0.0
101,2023,101,1151.0,13.1,1023.0,30.74,0.0
101,2023,101,1152.0,13.09,1032.0,30.79,0.0
101,2023,101,1153.0,13.09,1048.0,30.77,0.0
101,2023,101,1154.0,13.1,1054.0,30.77,0.0
101,2023,101,1155.0,13.09,1083.0,30.62,0.0
101,2023,101,1156.0,13.09,664.7,30.58,0.0
101,2023,101,1157.0,13.09,351.0,30.62,0.0
101,2023,101,1158.0,13.09,574.0,30.26,0.0
101,2023,101,1159.0,13.09,1061.0,30.05,0.0
101,2023,101,1200.0,13.09,428.8,30.05,0.0
101,2023,101,1201.0,13.09,276.5,29.87,0.0
101,2023,101,1202.0,13.09,270.2,29.91,0.0
101,2023,101,1203.0,13.09,393.1,29.74,0.0
101,2023,101,1204.0,13.09,839.0,29.76,0.0
101,2023,101,1205.0,13.09,1047.0,29.99,0.0
101,2023,101,1206.0,13.09,1025.0,30.31,0.0
101,2023,101,1207.0,13.1,1023.0,30.47,0.0
101,2023,101,1208.0,13.09,1028.0,30.57,0.0
101,2023,101,1209.0,13.09,1022.0,30.77,0.0
101,2023,101,1210.0,13.09,1019.0,30.69,0.0
101,2023,101,1211.0,13.09,1023.0,30.66,0.0
101,2023,101,1212.0,13.09,1033.0,30.67,0.0
101,2023,101,1213.0,13.09,1045.0,30.72,0.0
101,2023,101,1214.0,13.09,1048.0,30.6,0.0
101,2023,101,1215.0,13.09,1031.0,30.51,0.0
101,2023,101,1216.0,13.09,1016.0,30.45,0.0
101,2023,101,1217.0,13.09,1006.0,30.54,0.0
101,2023,101,1218.0,13.09,1005.0,30.58,0.0
101,2023,101,1219.0,13.09,1010.0,30.48,0.0
101,2023,101,1220.0,13.09,1022.0,30.48,0.0
101,2023,101,1221.0,13.09,1040.0,30.34,0.0
101,2023,101,1222.0,13.08,724.0,30.36,0.0
101,2023,101,1223.0,13.08,372.4,30.39,0.0
101,2023,101,1224.0,13.09,267.2,30.17,0.0
101,2023,101,1225.0,13.08,495.5,30.02,0.0
101,2023,101,1226.0,13.08,998.0,29.99,0.0
101,2023,101,1227.0,13.08,989.0,30.01,0.0
101,2023,101,1228.0,13.08,981.0,30.07,0.0
101,2023,101,1229.0,13.08,981.0,30.32,0.0
101,2023,101,1230.0,13.08,804.0,30.38,0.0
101,2023,101,1231.0,13.08,982.0,30.38,0.0
101,2023,101,1232.0,13.08,988.0,30.53,0.0
101,2023,101,1233.0,13.08,990.0,30.59,0.0
101,2023,101,1234.0,13.08,991.0,30.62,0.0
101,2023,101,1235.0,13.08,995.0,30.65,0.0
101,2023,101,1236.0,13.08,995.0,30.55,0.0
101,2023,101,1237.0,13.07,991.0,30.53,0.0
101,2023,101,1238.0,13.07,992.0,30.67,0.0
101,2023,101,1239.0,13.07,995.0,30.64,0.0
101,2023,101,1240.0,13.07,998.0,30.44,0.0
101,2023,101,1241.0,13.07,1004.0,30.3,0.0
101,2023,101,1242.0,13.07,1009.0,30.46,0.0
101,2023,101,1243.0,13.07,1013.0,30.55,0.0
101,2023,101,1244.0,13.07,1006.0,30.61,0.0
101,2023,101,1245.0,13.07,995.0,30.59,0.0
101,2023,101,1246.0,13.07,1013.0,30.75,0.0
101,2023,101,1247.0,13.07,996.0,30.97,0.0
101,2023,101,1248.0,13.06,785.0,30.92,0.0
101,2023,101,1249.0,13.06,1050.0,30.82,0.0
101,2023,101,1250.0,13.06,1060.0,30.72,0.0
101,2023,101,1251.0,13.06,1031.0,30.7,0.0
101,2023,101,1252.0,13.07,1019.0,30.98,0.0
101,2023,101,1253.0,13.06,1007.0,30.88,0.0
101,2023,101,1254.0,13.06,995.0,30.89,0.0
101,2023,101,1255.0,13.06,997.0,31.15,0.0
101,2023,101,1256.0,13.06,983.0,31.17,0.0
101,2023,101,1257.0,13.06,894.0,30.92,0.0
101,2023,101,1258.0,13.06,1008.0,30.95,0.0
101,2023,101,1259.0,13.06,1006.0,31.02,0.0
101,2023,101,1300.0,13.06,995.0,30.97,0.0
101,2023,101,1301.0,13.05,991.0,30.93,0.0
101,2023,101,1302.0,13.05,988.0,30.76,0.0
101,2023,101,1303.0,13.05,993.0,30.65,0.0
101,2023,101,1304.0,13.06,996.0,30.7,0.0
101,2023,101,1305.0,13.05,939.0,30.73,0.0
101,2023,101,1306.0,13.05,984.0,30.61,0.0
101,2023,101,1307.0,13.05,979.0,30.66,0.0
101,2023,101,1308.0,13.05,964.0,30.88,0.0
101,2023,101,1309.0,13.05,958.0,30.81,0.0
101,2023,101,1310.0,13.05,956.0,30.68,0.0
101,2023,101,1311.0,13.06,951.0,30.68,0.0
101,2023,101,1312.0,13.05,952.0,30.52,0.0
101,2023,101,1313.0,13.05,953.0,30.53,0.0
101,2023,101,1314.0,13.06,951.0,30.48,0.0
101,2023,101,1315.0,13.05,945.0,30.55,0.0
101,2023,101,1316.0,13.05,940.0,30.52,0.0
101,2023,101,1317.0,13.05,937.0,30.49,0.0
101,2023,101,1318.0,13.05,936.0,30.42,0.0
101,2023,101,1319.0,13.06,932.0,30.46,0.0
101,2023,101,1320.0,13.05,930.0,30.57,0.0
101,2023,101,1321.0,13.05,932.0,30.75,0.0
101,2023,101,1322.0,13.05,935.0,30.78,0.0
101,2023,101,1323.0,13.05,938.0,30.64,0.0
101,2023,101,1324.0,13.05,937.0,30.62,0.0
101,2023,101,1325.0,13.05,935.0,30.44,0.0
101,2023,101,1326.0,13.05,932.0,30.48,0.0
101,2023,101,1327.0,13.05,931.0,30.49,0.0
101,2023,101,1328.0,13.05,928.0,30.63,0.0
101,2023,101,1329.0,13.05,924.0,30.76,0.0
101,2023,101,1330.0,13.05,922.0,30.81,0.0
101,2023,101,1331.0,13.05,919.0,30.62,0.0
101,2023,101,1332.0,13.05,915.0,30.5,0.0
101,2023,101,1333.0,13.05,914.0,30.33,0.0
101,2023,101,1334.0,13.05,904.0,30.51,0.0
101,2023,101,1335.0,13.05,899.0,30.44,0.0
101,2023,101,1336.0,13.05,902.0,30.43,0.0
101,2023,101,1337.0,13.05,913.0,30.52,0.0
101,2023,101,1338.0,13.05,897.0,30.43,0.0
101,2023,101,1339.0,13.05,709.0,30.55,0.0
101,2023,101,1340.0,13.05,943.0,30.52,0.0
101,2023,101,1341.0,13.05,685.7,30.6,0.0
101,2023,101,1342.0,13.05,250.4,30.68,0.0
101,2023,101,1343.0,13.05,397.1,30.48,0.0
101,2023,101,1344.0,13.05,908.0,30.29,0.0
101,2023,101,1345.0,13.05,903.0,30.4,0.0
101,2023,101,1346.0,13.05,873.0,30.5,0.0
101,2023,101,1347.0,13.05,865.0,30.45,0.0
101,2023,101,1348.0,13.05,859.0,30.39,0.0
101,2023,101,1349.0,13.05,854.0,30.38,0.0
101,2023,101,1350.0,13.05,852.0,30.47,0.0
101,2023,101,1351.0,13.05,849.0,30.63,0.0
101,2023,101,1352.0,13.05,844.0,30.64,0.0
101,2023,101,1353.0,13.05,839.0,30.65,0.0
101,2023,101,1354.0,13.05,834.0,30.57,0.0
101,2023,101,1355.0,13.05,832.0,30.56,0.0
101,2023,101,1356.0,13.05,831.0,30.55,0.0
101,2023,101,1357.0,13.05,832.0,30.75,0.0
101,2023,101,1358.0,13.05,836.0,30.62,0.0
101,2023,101,1359.0,13.05,834.0,30.57,0.0
101,2023,101,1400.0,13.05,836.0,30.69,0.0
101,2023,101,1401.0,13.05,832.0,30.72,0.0
101,2023,101,1402.0,13.05,826.0,30.64,0.0
101,2023,101,1403.0,13.05,813.0,30.43,0.0
101,2023,101,1404.0,13.05,808.0,30.37,0.0
101,2023,101,1405.0,13.05,805.0,30.44,0.0
101,2023,101,1406.0,13.05,803.0,30.42,0.0
101,2023,101,1407.0,13.05,803.0,30.45,0.0
101,2023,101,1408.0,13.05,800.0,30.32,0.0
101,2023,101,1409.0,13.05,796.0,30.25,0.0
101,2023,101,1410.0,13.05,793.0,30.19,0.0
101,2023,101,1411.0,13.05,790.0,30.25,0.0
101,2023,101,1412.0,13.05,784.0,30.27,0.0
101,2023,101,1413.0,13.05,778.0,30.29,0.0
101,2023,101,1414.0,13.05,775.0,30.3,0.0
101,2023,101,0.0,13.05,773.0,30.23,0.0
101,2023,101,1416.0,13.05,768.0,30.3,0.0
101,2023,101,1417.0,13.05,764.0,30.22,0.0
101,2023,101,1418.0,13.05,759.0,30.3,0.0
101,2023,101,1419.0,13.05,755.0,30.42,0.0
101,2023,101,1420.0,13.05,752.0,30.31,0.0
101,2023,101,1421.0,13.05,751.0,30.26,0.0
101,2023,101,1422.0,13.05,749.0,30.34,0.0
101,2023,101,1423.0,13.05,747.0,30.26,0.0
101,2023,101,1424.0,13.05,743.0,30.24,0.0
101,2023,101,1425.0,13.05,738.0,30.32,0.0
101,2023,101,1426.0,13.05,731.0,30.31,0.0
101,2023,101,1427.0,13.05,722.0,30.21,0.0
101,2023,101,1428.0,13.05,711.0,30.3,0.0
101,2023,101,1429.0,13.05,713.0,30.47,0.0
101,2023,101,1430.0,13.05,714.0,30.45,0.0
101,2023,101,1431.0,13.05,711.0,30.27,0.0
101,2023,101,1432.0,13.05,708.0,30.32,0.0
101,2023,101,1433.0,13.05,704.0,30.29,0.0
101,2023,101,1434.0,13.05,698.8,30.3,0.0
101,2023,101,1435.0,13.05,693.6,30.17,0.0
101,2023,101,1436.0,13.05,688.2,30.19,0.0
101,2023,101,1437.0,13.05,685.6,30.18,0.0
101,2023,101,1438.0,13.05,683.7,30.16,0.0
101,2023,101,1439.0,13.05,679.4,30.07,0.0
101,2023,101,1440.0,13.05,674.2,30.17,0.0
101,2023,101,1441.0,13.05,671.3,30.23,0.0
101,2023,101,1442.0,13.05,668.7,30.35,0.0
101,2023,101,1443.0,13.05,666.5,30.36,0.0
101,2023,101,1444.0,13.05,664.2,30.24,0.0
101,2023,101,1445.0,13.05,660.9,30.17,0.0
101,2023,101,1446.0,13.05,656.7,30.29,0.0
101,2023,101,1447.0,13.05,651.8,30.16,0.0
101,2023,101,1448.0,13.06,647.3,30.15,0.0
101,2023,101,1449.0,13.05,643.4,30.13,0.0
101,2023,101,1450.0,13.06,640.0,30.13,0.0
101,2023,101,1451.0,13.05,636.0,29.98,0.0
101,2023,101,1452.0,13.05,631.7,29.92,0.0
101,2023,101,1453.0,13.06,628.0,29.9,0.0
101,2023,101,1454.0,13.06,623.9,29.99,0.0
101,2023,101,1455.0,13.05,620.1,29.95,0.0
101,2023,101,1456.0,13.05,616.9,29.8,0.0
101,2023,101,1457.0,13.06,613.7,29.73,0.0
101,2023,101,1458.0,13.05,610.1,29.76,0.0
101,2023,101,1459.0,13.06,607.1,29.87,0.0
101,2023,101,1500.0,13.06,603.6,29.97,0.0
101,2023,101,1501.0,13.06,600.4,29.91,0.0
101,2023,101,1502.0,13.06,597.0,29.77,0.0
101,2023,101,1503.0,13.06,594.0,29.72,0.0
101,2023,101,1504.0,13.06,590.3,29.72,0.0
101,2023,101,1505.0,13.06,586.8,29.74,0.0
101,2023,101,1506.0,13.06,581.9,29.84,0.0
101,2023,101,1507.0,13.06,577.4,29.91,0.0
101,2023,101,1508.0,13.06,572.3,29.8,0.0
101,2023,101,1509.0,13.06,566.9,29.72,0.0
101,2023,101,1510.0,13.06,562.4,29.76,0.0
101,2023,101,1511.0,13.06,558.4,29.78,0.0
101,2023,101,1512.0,13.06,555.0,29.81,0.0
101,2023,101,1513.0,13.06,551.1,29.72,0.0
101,2023,101,1514.0,13.06,546.7,29.68,0.0
101,2023,101,1515.0,13.06,541.7,29.6,0.0
101,2023,101,1516.0,13.06,537.2,29.63,0.0
101,2023,101,1517.0,13.06,531.6,29.65,0.0
101,2023,101,1518.0,13.06,525.4,29.72,0.0
101,2023,101,1519.0,13.06,520.1,29.79,0.0
101,2023,101,1520.0,13.07,515.4,29.8,0.0
101,2023,101,1521.0,13.06,510.5,29.67,0.0
101,2023,101,1522.0,13.07,506.6,29.6,0.0
101,2023,101,1523.0,13.06,502.0,29.61,0.0
101,2023,101,1524.0,13.07,497.2,29.62,0.0
101,2023,101,1525.0,13.07,492.2,29.61,0.0
101,2023,101,1526.0,13.07,486.8,29.62,0.0
101,2023,101,1527.0,13.07,482.1,29.61,0.0
101,2023,101,1528.0,13.07,476.7,29.58,0.0
101,2023,101,1529.0,13.07,471.4,29.6,0.0
101,2023,101,1530.0,13.07,466.9,29.63,0.0
101,2023,101,1531.0,13.07,462.6,29.56,0.0
101,2023,101,1532.0,13.07,457.4,29.52,0.0
101,2023,101,1533.0,13.07,453.2,29.51,0.0
101,2023,101,1534.0,13.07,448.6,29.55,0.0
101,2023,101,1535.0,13.07,444.5,29.49,0.0
101,2023,101,1536.0,13.07,440.8,29.44,0.0
101,2023,101,1537.0,13.07,436.5,29.41,0.0
101,2023,101,1538.0,13.07,432.0,29.37,0.0
101,2023,101,1539.0,13.07,427.8,29.37,0.0
101,2023,101,1540.0,13.08,424.2,29.39,0.0
101,2023,101,1541.0,13.08,419.7,29.5,0.0
101,2023,101,1542.0,13.07,416.4,29.42,0.0
101,2023,101,1543.0,13.07,412.8,29.32,0.0
101,2023,101,1544.0,13.07,409.4,29.32,0.0
101,2023,101,1545.0,13.08,406.2,29.31,0.0
101,2023,101,1546.0,13.08,403.0,29.24,0.0
101,2023,101,1547.0,13.08,399.7,29.19,0.0
101,2023,101,1548.0,13.08,396.6,29.2,0.0
101,2023,101,1549.0,13.08,393.0,29.16,0.0
101,2023,101,1550.0,13.08,389.6,29.13,0.0
101,2023,101,1551.0,13.08,385.5,29.17,0.0
101,2023,101,1552.0,13.08,382.0,29.16,0.0
101,2023,101,1553.0,13.08,378.7,29.12,0.0
101,2023,101,1554.0,13.08,375.1,29.11,0.0
101,2023,101,1555.0,13.08,372.9,29.07,0.0
101,2023,101,1556.0,13.08,368.0,29.06,0.0
101,2023,101,1557.0,13.09,363.9,29.08,0.0
101,2023,101,1558.0,13.08,359.4,29.1,0.0
101,2023,101,1559.0,13.08,355.7,28.99,0.0
101,2023,101,1600.0,13.08,350.7,28.83,0.0
101,2023,101,1601.0,13.08,345.8,28.81,0.0
101,2023,101,1602.0,13.08,341.9,28.74,0.0
101,2023,101,1603.0,13.09,337.1,28.72,0.0
101,2023,101,1604.0,13.09,333.0,28.68,0.0
101,2023,101,1605.0,13.08,328.5,28.67,0.0
101,2023,101,1606.0,13.09,323.5,28.63,0.0
101,2023,101,1607.0,13.09,317.7,28.64,0.0
101,2023,101,1608.0,13.09,312.2,28.66,0.0
101,2023,101,1609.0,13.09,307.7,28.65,0.0
101,2023,101,1610.0,13.09,303.6,28.6,0.0
101,2023,101,1611.0,13.09,299.8,28.57,0.0
101,2023,101,1612.0,13.09,295.9,28.58,0.0
101,2023,101,1613.0,13.09,291.6,28.58,0.0
101,2023,101,1614.0,13.09,288.0,28.56,0.0
101,2023,101,1615.0,13.09,285.4,28.51,0.0
101,2023,101,1616.0,13.09,281.8,28.48,0.0
101,2023,101,1617.0,13.09,277.4,28.48,0.0
101,2023,101,1618.0,13.09,272.7,28.4,0.0
101,2023,101,1619.0,13.09,269.0,28.35,0.0
101,2023,101,1620.0,13.09,264.9,28.37,0.0
101,2023,101,1621.0,13.09,260.3,28.35,0.0
101,2023,101,1622.0,13.09,254.0,28.31,0.0
101,2023,101,1623.0,13.1,246.6,28.38,0.0
101,2023,101,1624.0,13.09,242.8,28.38,0.0
101,2023,101,1625.0,13.1,240.7,28.31,0.0
101,2023,101,1626.0,13.1,236.8,28.25,0.0
101,2023,101,1627.0,13.1,232.7,28.25,0.0
101,2023,101,1628.0,13.1,228.3,28.21,0.0
101,2023,101,1629.0,13.1,223.1,28.18,0.0
101,2023,101,1630.0,13.1,217.7,28.14,0.0
101,2023,101,1631.0,13.1,214.0,28.09,0.0
101,2023,101,1632.0,13.1,209.6,28.09,0.0
101,2023,101,1633.0,13.1,204.1,28.1,0.0
101,2023,101,1634.0,13.1,198.4,28.06,0.0
101,2023,101,1635.0,13.1,193.1,28.05,0.0
101,2023,101,1636.0,13.1,187.9,28.01,0.0
101,2023,101,1637.0,13.1,182.8,28.01,0.0
101,2023,101,1638.0,13.1,177.7,28.01,0.0
101,2023,101,1639.0,13.1,172.3,28.0,0.0
101,2023,101,1640.0,13.1,167.1,27.96,0.0
101,2023,101,1641.0,13.1,162.3,27.92,0.0
101,2023,101,1642.0,13.1,156.9,27.9,0.0
101,2023,101,1643.0,13.1,151.3,27.81,0.0
101,2023,101,1644.0,13.1,146.0,27.8,0.0
101,2023,101,1645.0,13.09,141.2,27.75,0.0
101,2023,101,1646.0,13.09,136.3,27.74,0.0
101,2023,101,1647.0,13.09,131.4,27.74,0.0
101,2023,101,1648.0,13.09,126.3,27.69,0.0
101,2023,101,1649.0,13.08,122.0,27.61,0.0
101,2023,101,1650.0,13.07,117.9,27.6,0.0
101,2023,101,1651.0,13.07,113.3,27.55,0.0
101,2023,101,1652.0,13.06,109.4,27.54,0.0
101,2023,101,1653.0,13.06,105.1,27.51,0.0
101,2023,101,1654.0,13.05,100.3,27.45,0.0
101,2023,101,1655.0,13.04,96.1,27.41,0.0
101,2023,101,1656.0,13.04,92.8,27.38,0.0
101,2023,101,1657.0,13.03,88.6,27.35,0.0
101,2023,101,1658.0,13.02,83.3,27.3,0.0
101,2023,101,1659.0,13.01,77.7,27.27,0.0
101,2023,101,1700.0,13.0,72.1,27.24,0.0
101,2023,101,1701.0,12.99,65.88,27.23,0.0
101,2023,101,1702.0,12.98,58.42,27.2,0.0
101,2023,101,1703.0,12.96,54.22,27.18,0.0
101,2023,101,1704.0,12.95,55.57,27.13,0.0
101,2023,101,1705.0,12.94,54.64,27.07,0.0
101,2023,101,1706.0,12.93,50.5,27.03,0.0
101,2023,101,1707.0,12.92,46.64,26.98,0.0
101,2023,101,1708.0,12.91,42.92,26.96,0.0
101,2023,101,1709.0,12.9,39.0,26.91,0.0
101,2023,101,1710.0,12.89,35.14,26.88,0.0
101,2023,101,1711.0,12.88,31.42,26.84,0.0
101,2023,101,1712.0,12.86,26.91,26.81,0.0
101,2023,101,1713.0,12.85,22.83,26.78,0.0
101,2023,101,1714.0,12.85,20.69,26.74,0.0
101,2023,101,1715.0,12.84,18.99,26.69,0.0
101,2023,101,1716.0,12.84,17.53,26.65,0.0
101,2023,101,1717.0,12.83,16.06,26.62,0.0
101,2023,101,1718.0,12.83,14.77,26.6,0.0
101,2023,101,1719.0,12.82,13.53,26.56,0.0
101,2023,101,1720.0,12.82,12.29,26.51,0.0
101,2023,101,1721.0,12.81,10.99,26.48,0.0
101,2023,101,1722.0,12.81,9.92,26.45,0.0
101,2023,101,1723.0,12.81,9.27,26.41,0.0
101,2023,101,1724.0,12.81,8.77,26.37,0.0
101,2023,101,1725.0,12.8,8.46,26.32,0.0
101,2023,101,1726.0,12.8,7.92,26.28,0.0
101,2023,101,1727.0,12.8,7.16,26.24,0.0
101,2023,101,1728.0,12.8,6.257,26.2,0.0
101,2023,101,1729.0,12.79,4.651,26.19,0.0
101,2023,101,1730.0,12.79,3.58,26.17,0.0
101,2023,101,1731.0,12.79,3.016,26.13,0.0
101,2023,101,1732.0,12.79,2.452,26.1,0.0
101,2023,101,1733.0,12.78,1.832,26.08,0.0
101,2023,101,1734.0,12.78,1.522,26.04,0.0
101,2023,101,1735.0,12.78,1.071,26.02,0.0
101,2023,101,1736.0,12.78,1.015,25.99,0.0
101,2023,101,1737.0,12.78,0.0,25.96,0.0
101,2023,101,1738.0,12.77,0.0,25.92,0.0
101,2023,101,1739.0,12.77,0.0,25.89,0.0
101,2023,101,1740.0,12.77,0.0,25.85,0.0
101,2023,101,1741.0,12.77,0.0,25.83,0.0
101,2023,101,1742.0,12.77,0.0,25.8,0.0
101,2023,101,1743.0,12.77,0.0,25.77,0.0
101,2023,101,1744.0,12.77,0.0,25.75,0.0
101,2023,101,1745.0,12.76,0.0,25.73,0.0
101,2023,101,1746.0,12.76,0.0,25.71,0.0
101,2023,101,1747.0,12.76,0.0,25.69,0.0
101,2023,101,1748.0,12.76,0.0,25.66,0.0
101,2023,101,1749.0,12.76,0.0,25.64,0.0
101,2023,101,1750.0,12.76,0.0,25.62,0.0
101,2023,101,1751.0,12.76,0.0,25.59,0.0
101,2023,101,1752.0,12.76,0.0,25.56,0.0
101,2023,101,1753.0,12.75,0.0,25.52,0.0
101,2023,101,1754.0,12.75,0.0,25.49,0.0
101,2023,101,1755.0,12.75,0.0,25.45,0.0
101,2023,101,1756.0,12.75,0.0,25.43,0.0
101,2023,101,1757.0,12.75,0.0,25.42,0.0
101,2023,101,1758.0,12.75,0.0,25.41,0.0
101,2023,101,1759.0,12.75,0.0,25.41,0.0
