a,b,dia_juliano,d,e,f,g,h
101,2023,48,530,12.59,6.457,22.83,0
101,2023,48,531,12.59,7.53,22.83,0
101,2023,48,532,12.59,8.37,22.83,0
101,2023,48,533,12.6,9.19,22.83,0
101,2023,48,534,12.61,10.15,22.85,0
101,2023,48,535,12.61,11,22.85,0
101,2023,48,536,12.62,11.98,22.86,0
101,2023,48,537,12.63,13.03,22.85,0
101,2023,48,538,12.64,14.21,22.85,0
101,2023,48,539,12.66,16.55,22.83,0
101,2023,48,540,12.67,17.93,22.85,0
101,2023,48,541,12.69,21.94,22.84,0
101,2023,48,542,12.72,24.19,22.83,0
101,2023,48,543,12.77,26.34,22.8,0
101,2023,48,544,12.85,28.93,22.78,0
101,2023,48,545,12.94,32.09,22.83,0
101,2023,48,546,13.05,34.2,22.81,0
101,2023,48,547,13.16,35.5,22.84,0
101,2023,48,548,13.21,37.39,22.84,0
101,2023,48,549,13.22,39.45,22.81,0
101,2023,48,550,13.23,41.62,22.81,0
101,2023,48,551,13.23,43.82,22.81,0
101,2023,48,552,13.23,46.05,22.79,0
101,2023,48,553,13.23,48.36,22.78,0
101,2023,48,554,13.23,50.67,22.81,0
101,2023,48,555,13.23,53.24,22.8,0
101,2023,48,556,13.23,55.69,22.8,0
101,2023,48,557,13.23,58.14,22.81,0
101,2023,48,558,13.23,60.68,22.9,0
101,2023,48,559,13.23,63.45,22.94,0
101,2023,48,600,13.23,65.76,22.97,0
101,2023,48,601,13.23,67.42,22.98,0
101,2023,48,602,13.23,69.28,23.02,0
101,2023,48,603,13.23,71.6,23.06,0
101,2023,48,604,13.23,73.9,23.09,0
101,2023,48,605,13.23,76.6,23.11,0
101,2023,48,606,13.23,79.1,23.11,0
101,2023,48,607,13.23,81.7,23.1,0
101,2023,48,608,13.23,84.3,23.12,0
101,2023,48,609,13.23,86.7,23.16,0
101,2023,48,610,13.22,89.3,23.22,0
101,2023,48,611,13.22,91.6,23.3,0
101,2023,48,612,13.22,93.8,23.29,0
101,2023,48,613,13.22,95.5,23.33,0
101,2023,48,614,13.22,77.3,23.34,0
101,2023,48,615,13.22,78.6,23.33,0
101,2023,48,616,13.22,100.8,23.35,0
101,2023,48,617,13.22,106.4,23.39,0
101,2023,48,618,13.22,113.3,23.43,0
101,2023,48,619,13.22,118,23.46,0
101,2023,48,620,13.22,117.7,23.53,0
101,2023,48,621,13.22,118,23.6,0
101,2023,48,622,13.22,119.7,23.67,0
101,2023,48,623,13.22,122.4,23.75,0
101,2023,48,624,13.22,125.5,23.97,0
101,2023,48,625,13.22,127.8,24.01,0
101,2023,48,626,13.21,130.2,24.05,0
101,2023,48,627,13.21,132.6,24.08,0
101,2023,48,628,13.21,135.5,24.18,0
101,2023,48,629,13.21,138.9,24.21,0
101,2023,48,630,13.21,143.6,24.27,0
101,2023,48,631,13.21,147.7,24.32,0
101,2023,48,632,13.21,151.2,24.37,0
101,2023,48,633,13.21,154.5,24.39,0
101,2023,48,634,13.21,157.9,24.48,0
101,2023,48,635,13.2,162.6,24.56,0
101,2023,48,636,13.2,167.5,24.65,0
101,2023,48,637,13.2,171.6,24.79,0
101,2023,48,638,13.2,175.1,25,0
101,2023,48,639,13.2,179.7,25.17,0
101,2023,48,640,13.2,183,25.18,0
101,2023,48,641,13.2,187,25.21,0
101,2023,48,642,13.2,193.1,25.29,0
101,2023,48,643,13.2,198.7,25.39,0
101,2023,48,644,13.19,203.3,25.34,0
101,2023,48,645,13.19,207.5,25.44,0
101,2023,48,646,13.19,211,25.47,0
101,2023,48,647,13.19,215.7,25.49,0
101,2023,48,648,13.19,220.7,25.49,0
101,2023,48,649,13.18,226.2,25.62,0
101,2023,48,650,13.18,230.4,25.65,0
101,2023,48,651,13.18,234.9,25.64,0
101,2023,48,652,13.18,241.1,25.69,0
101,2023,48,653,13.18,247.3,25.75,0
101,2023,48,654,13.18,251.9,25.8,0
101,2023,48,655,13.18,256.5,25.88,0
101,2023,48,656,13.18,262.3,25.9,0
101,2023,48,657,13.18,267.3,25.95,0
101,2023,48,658,13.18,272.2,25.88,0
101,2023,48,659,13.17,277.6,25.81,0
101,2023,48,700,13.17,281.3,25.79,0
101,2023,48,701,13.17,286.4,25.83,0
101,2023,48,702,13.17,290.4,25.9,0
101,2023,48,703,13.17,294.7,25.96,0
101,2023,48,704,13.17,299.3,25.95,0
101,2023,48,705,13.17,301.8,26,0
101,2023,48,706,13.17,303.3,26.11,0
101,2023,48,707,13.16,306.5,26.18,0
101,2023,48,708,13.16,309.4,26.31,0
101,2023,48,709,13.16,309.8,26.35,0
101,2023,48,710,13.16,313.2,26.44,0
101,2023,48,711,13.16,316.1,26.46,0
101,2023,48,712,13.16,318.7,26.45,0
101,2023,48,713,13.16,319.6,26.46,0
101,2023,48,714,13.16,323.9,26.48,0
101,2023,48,715,13.15,332,26.49,0
101,2023,48,716,13.15,338.2,26.53,0
101,2023,48,717,13.15,341.7,26.55,0
101,2023,48,718,13.15,343.6,26.54,0
101,2023,48,719,13.15,344.5,26.53,0
101,2023,48,720,13.15,344.5,26.53,0
101,2023,48,721,13.14,347,26.6,0
101,2023,48,722,13.14,351.5,26.64,0
101,2023,48,723,13.14,357.1,26.68,0
101,2023,48,724,13.14,361.9,26.73,0
101,2023,48,725,13.14,365.1,26.68,0
101,2023,48,726,13.14,368.8,26.67,0
101,2023,48,727,13.14,374.5,26.69,0
101,2023,48,728,13.14,378.7,26.82,0
101,2023,48,729,13.14,383.4,26.86,0
101,2023,48,730,13.14,388.6,26.94,0
101,2023,48,731,13.13,392.5,26.94,0
101,2023,48,732,13.13,396.5,26.95,0
101,2023,48,733,13.13,402.6,27.04,0
101,2023,48,734,13.13,409.7,27.03,0
101,2023,48,735,13.13,415.4,26.9,0
101,2023,48,736,13.13,422.7,26.92,0
101,2023,48,737,13.12,425,26.93,0
101,2023,48,738,13.12,411.5,26.94,0
101,2023,48,739,13.12,463.2,27.09,0
101,2023,48,740,13.12,462.4,27.17,0
101,2023,48,741,13.12,469.4,27.1,0
101,2023,48,742,13.12,462.9,27.16,0
101,2023,48,743,13.12,468.3,27.22,0
101,2023,48,744,13.12,477.4,27.15,0
101,2023,48,745,13.12,210.8,27.07,0
101,2023,48,746,13.12,402.6,27.03,0
101,2023,48,747,13.12,515.1,27.08,0
101,2023,48,748,13.11,504.2,27.17,0
101,2023,48,749,13.11,365.2,27.3,0
101,2023,48,750,13.11,436.2,27.32,0
101,2023,48,751,13.11,433.8,27.35,0
101,2023,48,752,13.11,408.9,27.32,0
101,2023,48,753,13.11,569.3,27.26,0
101,2023,48,754,13.11,574.8,27.33,0
101,2023,48,755,13.11,519,27.48,0
101,2023,48,756,13.11,604.1,27.55,0
101,2023,48,757,13.11,496.5,27.59,0
101,2023,48,758,13.11,254.9,27.48,0
101,2023,48,759,13.11,343.7,27.38,0
101,2023,48,800,13.11,479.3,27.29,0
101,2023,48,801,13.11,671.8,27.43,0
101,2023,48,802,13.1,644.3,27.58,0
101,2023,48,803,13.11,527.5,27.66,0
101,2023,48,804,13.1,654.9,27.82,0
101,2023,48,805,13.11,671.4,27.88,0
101,2023,48,806,13.1,457.1,27.93,0
101,2023,48,807,13.1,251.3,27.97,0
101,2023,48,808,13.1,386.4,27.95,0
101,2023,48,809,13.1,680.4,28.01,0
101,2023,48,810,13.1,694.9,28.03,0
101,2023,48,811,13.1,670.3,27.95,0
101,2023,48,812,13.1,404.5,28,0
101,2023,48,813,13.1,438.4,28.08,0
101,2023,48,814,13.1,611.6,28.15,0
101,2023,48,815,13.1,578.5,28.17,0
101,2023,48,816,13.1,481.6,28.06,0
101,2023,48,817,13.09,603.9,28.01,0
101,2023,48,818,13.09,568.3,28.04,0
101,2023,48,819,13.09,533.8,28.01,0
101,2023,48,820,13.09,721,28.12,0
101,2023,48,821,13.09,733,28.18,0
101,2023,48,822,13.09,735,28.21,0
101,2023,48,823,13.09,624.6,28.3,0
101,2023,48,824,13.09,656.8,28.28,0
101,2023,48,825,13.09,588.4,28.24,0
101,2023,48,826,13.09,567.5,28.38,0
101,2023,48,827,13.09,217.8,28.41,0
101,2023,48,828,13.08,203.7,28.22,0
101,2023,48,829,13.09,200.1,28.08,0
101,2023,48,830,13.08,216.4,27.93,0
101,2023,48,831,13.09,624.2,27.88,0
101,2023,48,832,13.09,704,27.97,0
101,2023,48,833,13.09,325.3,27.86,0
101,2023,48,834,13.09,324.9,27.89,0
101,2023,48,835,13.09,380.1,27.81,0
101,2023,48,836,13.09,257.7,27.82,0
101,2023,48,837,13.09,398.3,27.85,0
101,2023,48,838,13.09,246,27.83,0
101,2023,48,839,13.09,281.2,27.77,0
101,2023,48,840,13.09,569.7,27.83,0
101,2023,48,841,13.09,276.5,27.89,0
101,2023,48,842,13.09,277.3,27.81,0
101,2023,48,843,13.09,577.8,27.72,0
101,2023,48,844,13.09,808,27.79,0
101,2023,48,845,13.09,788,27.98,0
101,2023,48,846,13.09,781,28.08,0
101,2023,48,847,13.09,715,28.11,0
101,2023,48,848,13.09,429.9,28.19,0
101,2023,48,849,13.09,289,28.29,0
101,2023,48,850,13.09,304.6,28.31,0
101,2023,48,851,13.09,403.2,28.28,0
101,2023,48,852,13.09,404,28.27,0
101,2023,48,853,13.09,333.9,28.27,0
101,2023,48,854,13.09,303.1,28.19,0
101,2023,48,855,13.09,263.6,28.13,0
101,2023,48,856,13.09,310.9,28.03,0
101,2023,48,857,13.09,221.3,27.99,0
101,2023,48,858,13.09,208.5,28.05,0
101,2023,48,859,13.09,197.3,28.05,0
101,2023,48,900,13.09,213.7,27.99,0
101,2023,48,901,13.09,469.7,27.95,0
101,2023,48,902,13.09,845,28.1,0
101,2023,48,903,13.09,826,28.38,0
101,2023,48,904,13.09,280.4,28.56,0
101,2023,48,905,13.09,373.1,28.46,0
101,2023,48,906,13.09,806,28.26,0
101,2023,48,907,13.09,886,28.3,0
101,2023,48,908,13.09,717,28.39,0
101,2023,48,909,13.09,271.3,28.43,0
101,2023,48,910,13.09,225.5,28.44,0
101,2023,48,911,13.08,233.9,28.31,0
101,2023,48,912,13.09,746,28.31,0
101,2023,48,913,13.08,404.1,28.36,0
101,2023,48,914,13.09,675.7,28.36,0
101,2023,48,915,13.09,858,28.44,0
101,2023,48,916,13.08,843,28.55,0
101,2023,48,917,13.08,830,28.55,0
101,2023,48,918,13.08,838,28.44,0
101,2023,48,919,13.08,298,28.47,0
101,2023,48,920,13.08,232.5,28.56,0
101,2023,48,921,13.08,333.1,28.49,0
101,2023,48,922,13.08,657.1,28.56,0
101,2023,48,923,13.08,801,28.62,0
101,2023,48,924,13.08,906,28.79,0
101,2023,48,925,13.08,881,28.89,0
101,2023,48,926,13.08,545.5,28.97,0
101,2023,48,927,13.08,603,29.15,0
101,2023,48,928,13.08,868,29.16,0
101,2023,48,929,13.08,879,29.25,0
101,2023,48,930,13.08,886,29.34,0
101,2023,48,931,13.08,888,29.62,0
101,2023,48,932,13.08,894,29.65,0
101,2023,48,933,13.08,888,29.62,0
101,2023,48,934,13.08,896,29.56,0
101,2023,48,935,13.08,909,29.52,0
101,2023,48,936,13.08,923,29.39,0
101,2023,48,937,13.09,796,29.6,0
101,2023,48,938,13.08,866,29.76,0
101,2023,48,939,13.08,267.4,29.83,0
101,2023,48,940,13.08,306.3,29.67,0
101,2023,48,941,13.08,888,29.58,0
101,2023,48,942,13.08,850,29.47,0
101,2023,48,943,13.08,910,29.4,0
101,2023,48,944,13.08,978,29.48,0
101,2023,48,945,13.08,972,29.68,0
101,2023,48,946,13.08,963,30.06,0
101,2023,48,947,13.09,964,30.23,0
101,2023,48,948,13.08,958,30.15,0
101,2023,48,949,13.08,525.2,29.79,0
101,2023,48,950,13.08,650.4,29.78,0
101,2023,48,951,13.09,267.4,29.75,0
101,2023,48,952,13.08,844,29.49,0
101,2023,48,953,13.08,932,29.42,0
101,2023,48,954,13.08,718,29.64,0
101,2023,48,955,13.08,785,29.64,0
101,2023,48,956,13.08,329.3,29.73,0
101,2023,48,957,13.08,929,29.79,0
101,2023,48,958,13.08,961,29.95,0
101,2023,48,959,13.08,954,30.23,0
101,2023,48,1000,13.08,963,30.26,0
101,2023,48,1001,13.08,807,30.17,0
101,2023,48,1002,13.08,399.4,30.21,0
101,2023,48,1003,13.08,319.7,30.24,0
101,2023,48,1004,13.08,269.2,29.96,0
101,2023,48,1005,13.08,321.9,29.7,0
101,2023,48,1006,13.08,723,29.69,0
101,2023,48,1007,13.08,1016,29.87,0
101,2023,48,1008,13.08,1014,29.99,0
101,2023,48,1009,13.09,1010,30.07,0
101,2023,48,1010,13.08,999,30.3,0
101,2023,48,1011,13.09,997,30.62,0
101,2023,48,1012,13.08,775,30.43,0
101,2023,48,1013,13.08,1014,30.48,0
101,2023,48,1014,13.08,1034,30.23,0
101,2023,48,1015,13.08,859,30.2,0
101,2023,48,1016,13.08,492.6,30.39,0
101,2023,48,1017,13.08,971,30.45,0
101,2023,48,1018,13.08,1011,30.54,0
101,2023,48,1019,13.08,1040,30.45,0
101,2023,48,1020,13.08,1039,30.43,0
101,2023,48,1021,13.08,1047,30.5,0
101,2023,48,1022,13.08,1041,30.71,0
101,2023,48,1023,13.08,1003,30.79,0
101,2023,48,1024,13.08,1029,30.79,0
101,2023,48,1025,13.08,980,30.82,0
101,2023,48,1026,13.07,419.7,30.86,0
101,2023,48,1027,13.08,314.3,30.57,0
101,2023,48,1028,13.08,876,30.37,0
101,2023,48,1029,13.08,873,30.57,0
101,2023,48,1030,13.08,774,30.61,0
101,2023,48,1031,13.08,761,30.36,0
101,2023,48,1032,13.08,504.6,30.45,0
101,2023,48,1033,13.08,278.9,30.29,0
101,2023,48,1034,13.08,401.4,30.27,0
101,2023,48,1035,13.08,538.7,30.27,0
101,2023,48,1036,13.08,571.8,30.23,0
101,2023,48,1037,13.08,633.9,30.29,0
101,2023,48,1038,13.08,657,30.3,0
101,2023,48,1039,13.08,742,30.23,0
101,2023,48,1040,13.08,784,30.21,0
101,2023,48,1041,13.08,773,30.3,0
101,2023,48,1042,13.08,798,30.41,0
101,2023,48,1043,13.08,824,30.37,0
101,2023,48,1044,13.08,855,30.41,0
101,2023,48,1045,13.08,916,30.39,0
101,2023,48,1046,13.08,1058,30.26,0
101,2023,48,1047,13.08,1078,30.37,0
101,2023,48,1048,13.08,1077,30.45,0
101,2023,48,1049,13.08,1068,30.45,0
101,2023,48,1050,13.08,1065,30.44,0
101,2023,48,1051,13.08,1050,30.65,0
101,2023,48,1052,13.08,997,30.52,0
101,2023,48,1053,13.08,969,30.59,0
101,2023,48,1054,13.08,976,30.75,0
101,2023,48,1055,13.08,1016,31.14,0
101,2023,48,1056,13.08,890,30.98,0
101,2023,48,1057,13.08,829,31.06,0
101,2023,48,1058,13.08,665.1,31.05,0
101,2023,48,1059,13.08,936,31.19,0
101,2023,48,1100,13.08,1089,31.42,0
101,2023,48,1101,13.08,1067,31.32,0
101,2023,48,1102,13.07,1044,30.99,0
101,2023,48,1103,13.08,1023,30.67,0
101,2023,48,1104,13.08,1000,30.84,0
101,2023,48,1105,13.08,997,31.01,0
101,2023,48,1106,13.08,999,30.89,0
101,2023,48,1107,13.07,1005,30.84,0
101,2023,48,1108,13.08,1011,30.94,0
101,2023,48,1109,13.07,1023,30.82,0
101,2023,48,1110,13.07,1046,30.71,0
101,2023,48,1111,13.08,1051,30.68,0
101,2023,48,1112,13.08,620.1,30.86,0
101,2023,48,1113,13.08,404.1,30.92,0
101,2023,48,1114,13.08,273.5,30.76,0
101,2023,48,1115,13.08,291.5,30.29,0
101,2023,48,1116,13.08,728,30.17,0
101,2023,48,1117,13.08,1037,30.49,0
101,2023,48,1118,13.07,1036,30.69,0
101,2023,48,1119,13.08,1037,30.72,0
101,2023,48,1120,13.07,1035,30.66,0
101,2023,48,1121,13.08,1038,30.79,0
101,2023,48,1122,13.08,1007,30.87,0
101,2023,48,1123,13.08,1038,30.84,0
101,2023,48,1124,13.08,1047,30.9,0
101,2023,48,1125,13.08,1057,30.97,0
101,2023,48,1126,13.07,1073,30.92,0
101,2023,48,1127,13.08,1080,30.82,0
101,2023,48,1128,13.08,1081,30.87,0
101,2023,48,1129,13.08,1075,30.89,0
101,2023,48,1130,13.08,1070,31.05,0
101,2023,48,1131,13.07,1061,31.18,0
101,2023,48,1132,13.08,1012,31.36,0
101,2023,48,1133,13.08,1113,31.36,0
101,2023,48,1134,13.07,1144,31.24,0
101,2023,48,1135,13.07,1144,31.38,0
101,2023,48,1136,13.07,1050,31.34,0
101,2023,48,1137,13.07,1066,31.11,0
101,2023,48,1138,13.07,1050,31.01,0
101,2023,48,1139,13.07,1040,30.86,0
101,2023,48,1140,13.07,1014,30.74,0
101,2023,48,1141,13.07,1005,30.81,0
101,2023,48,1142,13.07,997,30.8,0
101,2023,48,1143,13.07,999,31.04,0
101,2023,48,1144,13.07,995,31.05,0
101,2023,48,1145,13.07,994,31.18,0
101,2023,48,1146,13.07,994,31.26,0
101,2023,48,1147,13.07,1000,31.03,0
101,2023,48,1148,13.07,1001,31.01,0
101,2023,48,1149,13.07,1003,31.3,0
101,2023,48,1150,13.07,1016,31.3,0
101,2023,48,1151,13.08,751,31.32,0
101,2023,48,1152,13.08,929,31.18,0
101,2023,48,1153,13.07,1015,30.98,0
101,2023,48,1154,13.07,1023,30.95,0
101,2023,48,1155,13.07,1005,31.08,0
101,2023,48,1156,13.07,1005,31.2,0
101,2023,48,1157,13.07,369.1,31.34,0
101,2023,48,1158,13.07,591.8,31.21,0
101,2023,48,1159,13.07,459.6,31.2,0
101,2023,48,1200,13.07,692,31.12,0
101,2023,48,1201,13.07,526.4,30.95,0
101,2023,48,1202,13.07,759,30.78,0
101,2023,48,1203,13.07,1051,30.81,0
101,2023,48,1204,13.07,1051,30.87,0
101,2023,48,1205,13.07,1042,30.8,0
101,2023,48,1206,13.07,1029,30.92,0
101,2023,48,1207,13.07,993,30.99,0
101,2023,48,1208,13.07,895,30.86,0
101,2023,48,1209,13.07,1056,31.07,0
101,2023,48,1210,13.07,1074,31.12,0
101,2023,48,1211,13.07,1050,31.16,0
101,2023,48,1212,13.07,452.7,30.91,0
101,2023,48,1213,13.07,321,30.61,0
101,2023,48,1214,13.07,290,30.48,0
101,2023,48,1215,13.07,299.7,30.35,0
101,2023,48,1216,13.07,774,30.31,0
101,2023,48,1217,13.07,929,30.43,0
101,2023,48,1218,13.08,886,30.49,0
101,2023,48,1219,13.07,803,30.37,0
101,2023,48,1220,13.07,768,30.37,0
101,2023,48,1221,13.07,782,30.62,0
101,2023,48,1222,13.07,549.4,31.07,0
101,2023,48,1223,13.07,255.9,30.9,0
101,2023,48,1224,13.08,239.6,30.48,0
101,2023,48,1225,13.08,269.9,30.22,0
101,2023,48,1226,13.07,617.1,30.19,0
101,2023,48,1227,13.08,655.9,30.35,0
101,2023,48,1228,13.08,657.4,30.4,0
101,2023,48,1229,13.08,872,30.27,0
101,2023,48,1230,13.08,979,30.3,0
101,2023,48,1231,13.07,998,30.78,0
101,2023,48,1232,13.08,953,31.41,0
101,2023,48,1233,13.08,913,31.66,0
101,2023,48,1234,13.07,955,31.35,0
101,2023,48,1235,13.08,966,31.23,0
101,2023,48,1236,13.08,968,31.16,0
101,2023,48,1237,13.08,966,31.19,0
101,2023,48,1238,13.07,964,31.15,0
101,2023,48,1239,13.08,958,30.96,0
101,2023,48,1240,13.08,928,30.96,0
101,2023,48,1241,13.08,798,30.73,0
101,2023,48,1242,13.08,936,30.57,0
101,2023,48,1243,13.08,898,30.64,0
101,2023,48,1244,13.08,910,30.75,0
101,2023,48,1245,13.08,936,31.11,0
101,2023,48,1246,13.08,941,31.06,0
101,2023,48,1247,13.08,942,31.01,0
101,2023,48,1248,13.07,940,31.2,0
101,2023,48,1249,13.08,940,31.46,0
101,2023,48,1250,13.07,942,31.33,0
101,2023,48,1251,13.08,903,31.08,0
101,2023,48,1252,13.08,804,30.88,0
101,2023,48,1253,13.08,872,30.99,0
101,2023,48,1254,13.08,881,31.33,0
101,2023,48,1255,13.08,907,31.43,0
101,2023,48,1256,13.08,911,31.27,0
101,2023,48,1257,13.08,914,31.12,0
101,2023,48,1258,13.08,917,31.25,0
101,2023,48,1259,13.07,910,31.35,0
101,2023,48,1300,13.08,902,31.34,0
101,2023,48,1301,13.08,897,31.16,0
101,2023,48,1302,13.07,896,31.23,0
101,2023,48,1303,13.08,897,31,0
101,2023,48,1304,13.08,899,31.18,0
101,2023,48,1305,13.08,896,31.12,0
101,2023,48,1306,13.08,890,31.35,0
101,2023,48,1307,13.08,889,31.5,0
101,2023,48,1308,13.08,883,31.59,0
101,2023,48,1309,13.08,881,31.57,0
101,2023,48,1310,13.07,878,31.26,0
101,2023,48,1311,13.07,877,31.14,0
101,2023,48,1312,13.07,873,31.18,0
101,2023,48,1313,13.08,866,31.07,0
101,2023,48,1314,13.08,870,30.85,0
101,2023,48,1315,13.08,868,31.11,0
101,2023,48,1316,13.08,863,31.18,0
101,2023,48,1317,13.08,865,30.96,0
101,2023,48,1318,13.08,867,31.08,0
101,2023,48,1319,13.07,855,31.19,0
101,2023,48,1320,13.07,854,31.25,0
101,2023,48,1321,13.08,859,31.36,0
101,2023,48,1322,13.08,855,31.5,0
101,2023,48,1323,13.08,848,31.34,0
101,2023,48,1324,13.07,329.7,31.24,0
101,2023,48,1325,13.08,699,31.21,0
101,2023,48,1326,13.08,872,31.15,0
101,2023,48,1327,13.08,896,31.3,0
101,2023,48,1328,13.08,409.9,31,0
101,2023,48,1329,13.08,183.8,30.65,0
101,2023,48,1330,13.08,393.2,30.41,0
101,2023,48,1331,13.08,875,30.44,0
101,2023,48,1332,13.07,857,30.61,0
101,2023,48,1333,13.08,844,30.73,0
101,2023,48,1334,13.08,832,31.04,0
101,2023,48,1335,13.08,822,31.07,0
101,2023,48,1336,13.08,787,30.97,0
101,2023,48,1337,13.08,822,30.9,0
101,2023,48,1338,13.08,825,30.91,0
101,2023,48,1339,13.08,829,31.04,0
101,2023,48,1340,13.08,824,30.79,0
101,2023,48,1341,13.08,818,30.84,0
101,2023,48,1342,13.08,814,30.73,0
101,2023,48,1343,13.08,814,30.84,0
101,2023,48,1344,13.08,811,30.92,0
101,2023,48,1345,13.08,806,30.81,0
101,2023,48,1346,13.08,801,30.76,0
101,2023,48,1347,13.08,795,30.95,0
101,2023,48,1348,13.08,793,31.04,0
101,2023,48,1349,13.08,793,31.06,0
101,2023,48,1350,13.08,792,30.98,0
101,2023,48,1351,13.08,792,30.87,0
101,2023,48,1352,13.08,791,30.68,0
101,2023,48,1353,13.08,790,30.73,0
101,2023,48,1354,13.08,791,30.82,0
101,2023,48,1355,13.08,792,30.93,0
101,2023,48,1356,13.08,792,30.97,0
101,2023,48,1357,13.08,792,30.94,0
101,2023,48,1358,13.08,768,31.02,0
101,2023,48,1359,13.08,769,31.05,0
101,2023,48,1400,13.08,805,31.04,0
101,2023,48,1401,13.08,784,31.15,0
101,2023,48,1402,13.08,551,31.18,0
101,2023,48,1403,13.08,390.3,30.77,0
101,2023,48,1404,13.08,712,30.55,0
101,2023,48,1405,13.08,774,30.59,0
101,2023,48,1406,13.08,784,30.5,0
101,2023,48,1407,13.08,792,30.34,0
101,2023,48,1408,13.08,782,30.43,0
101,2023,48,1409,13.08,753,30.72,0
101,2023,48,1410,13.08,717,30.85,0
101,2023,48,1411,13.08,776,30.57,0
101,2023,48,1412,13.08,648.1,30.68,0
101,2023,48,1413,13.08,755,30.74,0
101,2023,48,1414,13.08,755,30.75,0
101,2023,48,1415,13.08,754,30.81,0
101,2023,48,1416,13.08,764,30.78,0
101,2023,48,1417,13.08,775,30.88,0
101,2023,48,1418,13.08,622,30.81,0
101,2023,48,1419,13.08,738,30.72,0
101,2023,48,1420,13.08,764,30.87,0
101,2023,48,1421,13.08,764,31.07,0
101,2023,48,1422,13.08,754,31.02,0
101,2023,48,1423,13.08,750,30.86,0
101,2023,48,1424,13.08,740,30.91,0
101,2023,48,1425,13.08,725,30.84,0
101,2023,48,1426,13.08,709,30.68,0
101,2023,48,1427,13.08,703,30.83,0
101,2023,48,1428,13.08,700,31.05,0
101,2023,48,1429,13.08,694,30.83,0
101,2023,48,1430,13.08,689.3,30.79,0
101,2023,48,1431,13.08,683.7,30.74,0
101,2023,48,1432,13.08,683.5,30.68,0
101,2023,48,1433,13.08,683.1,30.58,0
101,2023,48,1434,13.08,681.2,30.38,0
101,2023,48,1435,13.08,677.3,30.44,0
101,2023,48,1436,13.08,672.1,30.45,0
101,2023,48,1437,13.08,668.4,30.39,0
101,2023,48,1438,13.08,665.5,30.39,0
101,2023,48,1439,13.09,661.7,30.48,0
101,2023,48,1440,13.08,666.6,30.6,0
101,2023,48,1441,13.08,673.8,30.64,0
101,2023,48,1442,13.08,678.4,30.48,0
101,2023,48,1443,13.08,677.2,30.53,0
101,2023,48,1444,13.08,671.7,30.36,0
101,2023,48,1445,13.08,663.6,30.47,0
101,2023,48,1446,13.08,655.6,30.58,0
101,2023,48,1447,13.08,653.5,30.58,0
101,2023,48,1448,13.08,631.6,30.44,0
101,2023,48,1449,13.09,574.2,30.42,0
101,2023,48,1450,13.08,580.9,30.35,0
101,2023,48,1451,13.08,593.6,30.52,0
101,2023,48,1452,13.08,506.5,30.74,0
101,2023,48,1453,13.08,423,30.55,0
101,2023,48,1454,13.08,378.6,30.52,0
101,2023,48,1455,13.08,437,30.42,0
101,2023,48,1456,13.08,430.4,30.43,0
101,2023,48,1457,13.08,494.7,30.3,0
101,2023,48,1458,13.08,332.6,30.16,0
101,2023,48,1459,13.08,225.6,29.96,0
101,2023,48,1500,13.08,287,29.8,0
101,2023,48,1501,13.08,619.9,29.88,0
101,2023,48,1502,13.08,630.6,29.88,0
101,2023,48,1503,13.08,626.3,30.03,0
101,2023,48,1504,13.08,626.8,29.97,0
101,2023,48,1505,13.08,622.3,30.08,0
101,2023,48,1506,13.09,620.5,30.07,0
101,2023,48,1507,13.08,617.8,30.01,0
101,2023,48,1508,13.08,590.1,30.04,0
101,2023,48,1509,13.08,242.2,30.03,0
101,2023,48,1510,13.08,193.4,29.85,0
101,2023,48,1511,13.08,225.7,29.73,0
101,2023,48,1512,13.08,575.6,29.66,0
101,2023,48,1513,13.09,593.4,29.63,0
101,2023,48,1514,13.08,589.6,29.73,0
101,2023,48,1515,13.09,587.8,29.88,0
101,2023,48,1516,13.09,586.7,30.06,0
101,2023,48,1517,13.08,579.9,29.95,0
101,2023,48,1518,13.09,572,29.91,0
101,2023,48,1519,13.09,569,29.98,0
101,2023,48,1520,13.09,568.3,30.08,0
101,2023,48,1521,13.08,503.7,30.07,0
101,2023,48,1522,13.09,537.1,29.86,0
101,2023,48,1523,13.09,556.3,29.74,0
101,2023,48,1524,13.09,578.2,29.68,0
101,2023,48,1525,13.09,559.3,29.65,0
101,2023,48,1526,13.08,283.3,29.8,0
101,2023,48,1527,13.09,230.3,29.84,0
101,2023,48,1528,13.08,219.8,29.66,0
101,2023,48,1529,13.09,233.7,29.45,0
101,2023,48,1530,13.08,263.4,29.33,0
101,2023,48,1531,13.09,229.4,29.38,0
101,2023,48,1532,13.09,234.5,29.35,0
101,2023,48,1533,13.09,175.2,29.37,0
101,2023,48,1534,13.09,167.5,29.35,0
101,2023,48,1535,13.09,220.8,29.31,0
101,2023,48,1536,13.09,235.8,29.19,0
101,2023,48,1537,13.09,400.1,29.11,0
101,2023,48,1538,13.09,484.9,29.1,0
101,2023,48,1539,13.09,470.4,29.15,0
101,2023,48,1540,13.09,479.6,29.21,0
101,2023,48,1541,13.09,474.5,29.2,0
101,2023,48,1542,13.09,451.6,29.3,0
101,2023,48,1543,13.09,448.9,29.47,0
101,2023,48,1544,13.09,445.7,29.39,0
101,2023,48,1545,13.09,425.6,29.21,0
101,2023,48,1546,13.09,434.9,29.12,0
101,2023,48,1547,13.09,429,29.14,0
101,2023,48,1548,13.09,462.7,29.1,0
101,2023,48,1549,13.09,468.8,29.05,0
101,2023,48,1550,13.09,269.3,28.99,0
101,2023,48,1551,13.09,178.9,29.02,0
101,2023,48,1552,13.09,169.3,29.02,0
101,2023,48,1553,13.09,152.9,28.95,0
101,2023,48,1554,13.09,316.4,28.77,0
101,2023,48,1555,13.09,406.1,28.72,0
101,2023,48,1556,13.09,409.3,28.78,0
101,2023,48,1557,13.09,394.7,28.8,0
101,2023,48,1558,13.1,160,28.79,0
101,2023,48,1559,13.1,129.6,28.74,0
101,2023,48,1600,13.1,122.1,28.74,0
101,2023,48,1601,13.09,192.9,28.75,0
101,2023,48,1602,13.1,328.9,28.75,0
101,2023,48,1603,13.1,163,28.7,0
101,2023,48,1604,13.1,319.8,28.73,0
101,2023,48,1605,13.1,400.7,28.85,0
101,2023,48,1606,13.1,397.1,28.87,0
101,2023,48,1607,13.1,390.1,28.96,0
101,2023,48,1608,13.1,384.7,29.04,0
101,2023,48,1609,13.1,380.3,29.04,0
101,2023,48,1610,13.1,378.7,29.05,0
101,2023,48,1611,13.1,375.8,28.93,0
101,2023,48,1612,13.09,375,28.89,0
101,2023,48,1613,13.1,374.6,28.87,0
101,2023,48,1614,13.09,371.2,28.77,0
101,2023,48,1615,13.1,365.3,28.84,0
101,2023,48,1616,13.09,358.3,28.85,0
101,2023,48,1617,13.09,288.1,28.76,0
101,2023,48,1618,13.09,342.7,28.7,0
101,2023,48,1619,13.09,341.3,28.68,0
101,2023,48,1620,13.09,337.5,28.74,0
101,2023,48,1621,13.09,334.2,28.8,0
101,2023,48,1622,13.09,332.9,28.78,0
101,2023,48,1623,13.09,331.3,28.76,0
101,2023,48,1624,13.09,326.4,28.74,0
101,2023,48,1625,13.09,319.5,28.67,0
101,2023,48,1626,13.09,312.9,28.79,0
101,2023,48,1627,13.09,305.6,28.78,0
101,2023,48,1628,13.09,296.1,28.8,0
101,2023,48,1629,13.1,289.9,28.72,0
101,2023,48,1630,13.09,266.6,28.69,0
101,2023,48,1631,13.09,275.6,28.64,0
101,2023,48,1632,13.09,275.1,28.67,0
101,2023,48,1633,13.09,234.9,28.67,0
101,2023,48,1634,13.09,177.5,28.66,0
101,2023,48,1635,13.09,171.7,28.52,0
101,2023,48,1636,13.09,145.6,28.43,0
101,2023,48,1637,13.09,138.7,28.38,0
101,2023,48,1638,13.09,128.4,28.33,0
101,2023,48,1639,13.09,123.1,28.24,0
101,2023,48,1640,13.09,132.5,28.18,0
101,2023,48,1641,13.09,102.3,28.06,0
101,2023,48,1642,13.1,81.9,28.03,0
101,2023,48,1643,13.1,93.5,28,0
101,2023,48,1644,13.1,94.9,27.94,0
101,2023,48,1645,13.1,136.1,27.86,0
101,2023,48,1646,13.1,161.7,27.82,0
101,2023,48,1647,13.1,180,27.78,0
101,2023,48,1648,13.1,195.6,27.77,0
101,2023,48,1649,13.1,217.1,27.76,0
101,2023,48,1650,13.1,212,27.75,0
101,2023,48,1651,13.1,205.1,27.74,0
101,2023,48,1652,13.1,194.5,27.74,0
101,2023,48,1653,13.1,181.4,27.68,0
101,2023,48,1654,13.1,181.6,27.65,0
101,2023,48,1655,13.11,183.6,27.65,0
101,2023,48,1656,13.11,181.5,27.64,0
101,2023,48,1657,13.1,179.6,27.62,0
101,2023,48,1658,13.1,175.5,27.61,0
101,2023,48,1659,13.11,172.4,27.6,0
101,2023,48,1700,13.1,168.8,27.61,0
101,2023,48,1701,13.11,165.2,27.66,0
101,2023,48,1702,13.11,161.3,27.68,0
101,2023,48,1703,13.11,157.9,27.65,0
101,2023,48,1704,13.1,153.5,27.59,0
101,2023,48,1705,13.11,149.8,27.56,0
101,2023,48,1706,13.1,146.4,27.56,0
101,2023,48,1707,13.11,142.3,27.56,0
101,2023,48,1708,13.11,138.3,27.59,0
101,2023,48,1709,13.11,134.6,27.58,0
101,2023,48,1710,13.11,130.8,27.55,0
101,2023,48,1711,13.1,126.5,27.56,0
101,2023,48,1712,13.11,120.9,27.54,0
101,2023,48,1713,13.1,111.3,27.51,0
101,2023,48,1714,13.1,77.5,27.45,0
101,2023,48,1715,13.09,50.04,27.38,0
101,2023,48,1716,13.08,47,27.3,0
101,2023,48,1717,13.07,46.07,27.27,0
101,2023,48,1718,13.07,51.62,27.22,0
101,2023,48,1719,13.07,71.4,27.15,0
101,2023,48,1720,13.07,87.4,27.15,0
101,2023,48,1721,13.07,85,27.14,0
101,2023,48,1722,13.07,81.7,27.1,0
101,2023,48,1723,13.07,78.1,27.12,0
101,2023,48,1724,13.06,74.6,27.08,0
101,2023,48,1725,13.05,71.5,27.03,0
101,2023,48,1726,13.05,67.91,26.99,0
101,2023,48,1727,13.05,64.33,26.97,0
101,2023,48,1728,13.04,59.88,26.92,0
101,2023,48,1729,13.03,55.94,26.89,0
101,2023,48,1730,13.03,52.41,26.87,0
101,2023,48,1731,13.02,48.81,26.84,0
101,2023,48,1732,13.01,44.53,26.82,0
101,2023,48,1733,13.01,37.71,26.77,0
101,2023,48,1734,13,33.96,26.73,0
101,2023,48,1735,12.99,33.28,26.68,0
101,2023,48,1736,12.98,29.51,26.65,0
101,2023,48,1737,12.98,24.09,26.61,0
101,2023,48,1738,12.98,18.32,26.58,0
101,2023,48,1739,12.97,14.63,26.55,0
101,2023,48,1740,12.96,12.82,26.52,0
101,2023,48,1741,12.96,11.53,26.5,0
101,2023,48,1742,12.96,10.65,26.46,0
101,2023,48,1743,12.95,10,26.42,0
101,2023,48,1744,12.95,9.1,26.41,0
101,2023,48,1745,12.94,8.26,26.39,0
101,2023,48,1746,12.94,7.52,26.35,0
101,2023,48,1747,12.93,6.876,26.33,0
101,2023,48,1748,12.93,6.031,26.27,0
101,2023,48,1749,12.93,5.298,26.24,0
101,2023,48,1750,12.92,4.622,26.23,0
101,2023,48,1751,12.92,4.114,26.2,0
101,2023,48,1752,12.91,3.776,26.16,0
101,2023,48,1753,12.91,3.438,26.12,0
101,2023,48,1754,12.91,3.015,26.09,0
101,2023,48,1755,12.9,2.48,26.06,0
101,2023,48,1756,12.9,2.367,26.03,0
101,2023,48,1757,12.9,2.255,26.01,0
101,2023,48,1758,12.89,1.691,25.96,0
101,2023,48,1759,12.89,1.691,25.93,0
