a,b,dia_juliano,d,e,f,g,h
101,2023,273,0.0,11.92,0.0,21.39,0.0
101,2023,273,1.0,11.92,0.0,21.39,0.0
101,2023,273,2.0,11.92,0.0,21.4,0.0
101,2023,273,3.0,11.92,0.0,21.4,0.0
101,2023,273,4.0,11.92,0.0,21.36,0.0
101,2023,273,5.0,11.92,0.0,21.33,0.0
101,2023,273,6.0,11.92,0.0,21.33,0.0
101,2023,273,7.0,11.92,0.0,21.32,0.0
101,2023,273,8.0,11.92,0.0,21.32,0.0
101,2023,273,9.0,11.91,0.0,21.33,0.0
101,2023,273,10.0,11.92,0.0,21.32,0.0
101,2023,273,11.0,11.92,0.0,21.33,0.0
101,2023,273,12.0,11.92,0.0,21.32,0.0
101,2023,273,13.0,11.92,0.0,21.29,0.0
101,2023,273,14.0,11.92,0.0,21.27,0.0
101,2023,273,15.0,11.92,0.0,21.26,0.0
101,2023,273,16.0,11.92,0.0,21.27,0.0
101,2023,273,17.0,11.92,0.0,21.28,0.0
101,2023,273,18.0,11.92,0.0,21.28,0.0
101,2023,273,19.0,11.92,0.0,21.28,0.0
101,2023,273,20.0,11.92,0.0,21.27,0.0
101,2023,273,21.0,11.92,0.0,21.26,0.0
101,2023,273,22.0,11.91,0.0,21.25,0.0
101,2023,273,23.0,11.92,0.0,21.25,0.0
101,2023,273,24.0,11.92,0.0,21.26,0.0
101,2023,273,25.0,11.92,0.0,21.27,0.0
101,2023,273,26.0,11.91,0.0,21.3,0.0
101,2023,273,27.0,11.91,0.0,21.36,0.0
101,2023,273,28.0,11.91,0.0,21.43,0.0
101,2023,273,29.0,11.92,0.0,21.47,0.0
101,2023,273,30.0,11.91,0.0,21.5,0.0
101,2023,273,31.0,11.92,0.0,21.52,0.0
101,2023,273,32.0,11.91,0.0,21.55,0.0
101,2023,273,33.0,11.91,0.0,21.56,0.0
101,2023,273,34.0,11.92,0.0,21.58,0.0
101,2023,273,35.0,11.91,0.0,21.59,0.0
101,2023,273,36.0,11.91,0.0,21.58,0.0
101,2023,273,37.0,11.91,0.0,21.59,0.0
101,2023,273,38.0,11.92,0.0,21.6,0.0
101,2023,273,39.0,11.91,0.0,21.61,0.0
101,2023,273,40.0,11.91,0.0,21.63,0.0
101,2023,273,41.0,11.91,0.0,21.63,0.0
101,2023,273,42.0,11.91,0.0,21.65,0.0
101,2023,273,43.0,11.91,0.0,21.67,0.0
101,2023,273,44.0,11.91,0.0,21.68,0.0
101,2023,273,45.0,11.91,0.0,21.69,0.0
101,2023,273,46.0,11.91,0.0,21.69,0.0
101,2023,273,47.0,11.91,0.0,21.69,0.0
101,2023,273,48.0,11.91,0.0,21.68,0.0
101,2023,273,49.0,11.91,0.0,21.68,0.0
101,2023,273,50.0,11.91,0.0,21.68,0.0
101,2023,273,51.0,11.91,0.0,21.69,0.0
101,2023,273,52.0,11.9,0.0,21.7,0.0
101,2023,273,53.0,11.91,0.0,21.7,0.0
101,2023,273,54.0,11.91,0.0,21.71,0.0
101,2023,273,55.0,11.91,0.0,21.72,0.0
101,2023,273,56.0,11.9,0.0,21.73,0.0
101,2023,273,57.0,11.91,0.0,21.73,0.0
101,2023,273,58.0,11.9,0.0,21.75,0.0
101,2023,273,59.0,11.9,0.0,21.76,0.0
101,2023,273,100.0,11.9,0.0,21.77,0.0
101,2023,273,101.0,11.9,0.0,21.79,0.0
101,2023,273,102.0,11.9,0.0,21.81,0.0
101,2023,273,103.0,11.91,0.0,21.82,0.0
101,2023,273,104.0,11.91,0.0,21.84,0.0
101,2023,273,105.0,11.91,0.0,21.85,0.0
101,2023,273,106.0,11.9,0.0,21.88,0.0
101,2023,273,107.0,11.91,0.0,21.9,0.0
101,2023,273,108.0,11.91,0.0,21.92,0.0
101,2023,273,109.0,11.91,0.0,21.92,0.0
101,2023,273,110.0,11.9,0.0,21.94,0.0
101,2023,273,111.0,11.91,0.0,21.95,0.0
101,2023,273,112.0,11.91,0.0,21.97,0.0
101,2023,273,113.0,11.91,0.0,21.97,0.0
101,2023,273,114.0,11.91,0.0,21.97,0.0
101,2023,273,115.0,11.91,0.0,21.97,0.0
101,2023,273,116.0,11.9,0.0,21.98,0.0
101,2023,273,117.0,11.91,0.0,21.98,0.0
101,2023,273,118.0,11.91,0.0,21.99,0.0
101,2023,273,119.0,11.91,0.0,22.0,0.0
101,2023,273,120.0,11.91,0.0,22.02,0.0
101,2023,273,121.0,11.91,0.0,22.03,0.0
101,2023,273,122.0,11.91,0.0,22.04,0.0
101,2023,273,123.0,11.91,0.0,22.04,0.0
101,2023,273,124.0,11.91,0.0,22.06,0.0
101,2023,273,125.0,11.91,0.0,22.05,0.0
101,2023,273,126.0,11.9,0.0,22.04,0.0
101,2023,273,127.0,11.91,0.0,22.04,0.0
101,2023,273,128.0,11.91,0.0,22.03,0.0
101,2023,273,129.0,11.91,0.0,22.04,0.0
101,2023,273,130.0,11.9,0.0,22.04,0.0
101,2023,273,131.0,11.9,0.0,22.04,0.0
101,2023,273,132.0,11.9,0.0,22.04,0.0
101,2023,273,133.0,11.91,0.0,22.04,0.0
101,2023,273,134.0,11.9,0.0,22.04,0.0
101,2023,273,135.0,11.9,0.0,22.04,0.0
101,2023,273,136.0,11.9,0.0,22.06,0.0
101,2023,273,137.0,11.91,0.0,22.08,0.0
101,2023,273,138.0,11.9,0.0,22.09,0.0
101,2023,273,139.0,11.91,0.0,22.09,0.0
101,2023,273,140.0,11.9,0.0,22.1,0.0
101,2023,273,141.0,11.91,0.0,22.1,0.0
101,2023,273,142.0,11.9,0.0,22.08,0.0
101,2023,273,143.0,11.91,0.0,22.15,0.0
101,2023,273,144.0,11.9,0.0,22.26,0.0
101,2023,273,145.0,11.9,0.0,22.32,0.0
101,2023,273,146.0,11.9,0.0,22.38,0.0
101,2023,273,147.0,11.91,0.0,22.39,0.0
101,2023,273,148.0,11.91,0.0,22.42,0.0
101,2023,273,149.0,11.91,0.0,22.45,0.0
101,2023,273,150.0,11.9,0.0,22.46,0.0
101,2023,273,151.0,11.91,0.0,22.48,0.0
101,2023,273,152.0,11.9,0.0,22.52,0.0
101,2023,273,153.0,11.91,0.0,22.53,0.0
101,2023,273,154.0,11.91,0.0,22.55,0.0
101,2023,273,155.0,11.91,0.0,22.56,0.0
101,2023,273,156.0,11.9,0.0,22.59,0.0
101,2023,273,157.0,11.91,0.0,22.59,0.0
101,2023,273,158.0,11.9,0.0,22.59,0.0
101,2023,273,159.0,11.9,0.0,22.61,0.0
101,2023,273,200.0,11.9,0.0,22.64,0.0
101,2023,273,201.0,11.9,0.0,22.66,0.0
101,2023,273,202.0,11.9,0.0,22.66,0.0
101,2023,273,203.0,11.9,0.0,22.66,0.0
101,2023,273,204.0,11.9,0.0,22.66,0.0
101,2023,273,205.0,11.9,0.0,22.64,0.0
101,2023,273,206.0,11.9,0.0,22.61,0.0
101,2023,273,207.0,11.9,0.0,22.6,0.0
101,2023,273,208.0,11.9,0.0,22.58,0.0
101,2023,273,209.0,11.9,0.0,22.57,0.0
101,2023,273,210.0,11.9,0.0,22.55,0.0
101,2023,273,211.0,11.9,0.0,22.53,0.0
101,2023,273,212.0,11.9,0.0,22.51,0.0
101,2023,273,213.0,11.9,0.0,22.48,0.0
101,2023,273,214.0,11.89,0.0,22.46,0.0
101,2023,273,215.0,11.9,0.0,22.45,0.0
101,2023,273,216.0,11.9,0.0,22.42,0.0
101,2023,273,217.0,11.9,0.0,22.38,0.0
101,2023,273,218.0,11.9,0.0,22.35,0.0
101,2023,273,219.0,11.9,0.0,22.33,0.0
101,2023,273,220.0,11.89,0.0,22.31,0.0
101,2023,273,221.0,11.9,0.0,22.26,0.0
101,2023,273,222.0,11.9,0.0,22.19,0.0
101,2023,273,223.0,11.9,0.0,22.11,0.0
101,2023,273,224.0,11.89,0.0,22.04,0.0
101,2023,273,225.0,11.9,0.0,21.98,0.0
101,2023,273,226.0,11.9,0.0,21.94,0.0
101,2023,273,227.0,11.9,0.0,21.92,0.0
101,2023,273,228.0,11.89,0.0,21.94,0.0
101,2023,273,229.0,11.9,0.0,21.91,0.0
101,2023,273,230.0,11.89,0.0,21.9,0.0
101,2023,273,231.0,11.9,0.0,21.87,0.0
101,2023,273,232.0,11.89,0.0,21.86,0.0
101,2023,273,233.0,11.9,0.0,21.89,0.0
101,2023,273,234.0,11.89,0.0,21.91,0.0
101,2023,273,235.0,11.9,0.0,21.88,0.0
101,2023,273,236.0,11.89,0.0,21.87,0.0
101,2023,273,237.0,11.9,0.0,21.86,0.0
101,2023,273,238.0,11.89,0.0,21.88,0.0
101,2023,273,239.0,11.89,0.0,21.9,0.0
101,2023,273,240.0,11.89,0.0,21.93,0.0
101,2023,273,241.0,11.89,0.0,21.93,0.0
101,2023,273,242.0,11.89,0.0,21.93,0.0
101,2023,273,243.0,11.89,0.0,21.95,0.0
101,2023,273,244.0,11.89,0.0,21.96,0.0
101,2023,273,245.0,11.89,0.0,21.96,0.0
101,2023,273,246.0,11.89,0.0,21.96,0.0
101,2023,273,247.0,11.88,0.0,21.95,0.0
101,2023,273,248.0,11.89,0.0,21.96,0.0
101,2023,273,249.0,11.89,0.0,21.97,0.0
101,2023,273,250.0,11.89,0.0,21.96,0.0
101,2023,273,251.0,11.89,0.0,21.95,0.0
101,2023,273,252.0,11.89,0.0,21.97,0.0
101,2023,273,253.0,11.89,0.0,22.0,0.0
101,2023,273,254.0,11.89,0.0,22.0,0.0
101,2023,273,255.0,11.89,0.0,21.98,0.0
101,2023,273,256.0,11.89,0.0,21.97,0.0
101,2023,273,257.0,11.89,0.0,21.98,0.0
101,2023,273,258.0,11.88,0.0,21.96,0.0
101,2023,273,259.0,11.89,0.0,21.96,0.0
101,2023,273,300.0,11.89,0.0,21.95,0.0
101,2023,273,301.0,11.89,0.0,21.94,0.0
101,2023,273,302.0,11.88,0.0,21.93,0.0
101,2023,273,303.0,11.89,0.0,21.91,0.0
101,2023,273,304.0,11.89,0.0,21.92,0.0
101,2023,273,305.0,11.89,0.0,21.92,0.0
101,2023,273,306.0,11.88,0.0,21.93,0.0
101,2023,273,307.0,11.88,0.0,21.94,0.0
101,2023,273,308.0,11.88,0.0,21.96,0.0
101,2023,273,309.0,11.89,0.0,21.98,0.0
101,2023,273,310.0,11.89,0.0,21.97,0.0
101,2023,273,311.0,11.89,0.0,21.98,0.0
101,2023,273,312.0,11.89,0.0,21.97,0.0
101,2023,273,313.0,11.89,0.0,21.96,0.0
101,2023,273,314.0,11.89,0.0,21.94,0.0
101,2023,273,315.0,11.89,0.0,21.94,0.0
101,2023,273,316.0,11.89,0.0,21.93,0.0
101,2023,273,317.0,11.89,0.0,21.94,0.0
101,2023,273,318.0,11.89,0.0,21.92,0.0
101,2023,273,319.0,11.89,0.0,21.9,0.0
101,2023,273,320.0,11.89,0.0,21.89,0.0
101,2023,273,321.0,11.89,0.0,21.89,0.0
101,2023,273,322.0,11.89,0.0,21.89,0.0
101,2023,273,323.0,11.89,0.0,21.89,0.0
101,2023,273,324.0,11.88,0.0,21.88,0.0
101,2023,273,325.0,11.88,0.0,21.86,0.0
101,2023,273,326.0,11.88,0.0,21.85,0.0
101,2023,273,327.0,11.87,0.0,21.83,0.0
101,2023,273,328.0,11.87,0.0,21.81,0.0
101,2023,273,329.0,11.88,0.0,21.79,0.0
101,2023,273,330.0,11.88,0.0,21.79,0.0
101,2023,273,331.0,11.87,0.0,21.78,0.0
101,2023,273,332.0,11.88,0.0,21.78,0.0
101,2023,273,333.0,11.88,0.0,21.79,0.0
101,2023,273,334.0,11.87,0.0,21.78,0.0
101,2023,273,335.0,11.87,0.0,21.78,0.0
101,2023,273,336.0,11.88,0.0,21.77,0.0
101,2023,273,337.0,11.88,0.0,21.77,0.0
101,2023,273,338.0,11.87,0.0,21.79,0.0
101,2023,273,339.0,11.88,0.0,21.8,0.0
101,2023,273,340.0,11.87,0.0,21.8,0.0
101,2023,273,341.0,11.87,0.0,21.81,0.0
101,2023,273,342.0,11.87,0.0,21.82,0.0
101,2023,273,343.0,11.87,0.0,21.82,0.0
101,2023,273,344.0,11.87,0.0,21.81,0.0
101,2023,273,345.0,11.87,0.0,21.81,0.0
101,2023,273,346.0,11.87,0.0,21.8,0.0
101,2023,273,347.0,11.86,0.0,21.78,0.0
101,2023,273,348.0,11.86,0.0,21.77,0.0
101,2023,273,349.0,11.87,0.0,21.77,0.0
101,2023,273,350.0,11.87,0.0,21.75,0.0
101,2023,273,351.0,11.87,0.0,21.74,0.0
101,2023,273,352.0,11.87,0.0,21.73,0.0
101,2023,273,353.0,11.87,0.0,21.73,0.0
101,2023,273,354.0,11.87,0.0,21.74,0.0
101,2023,273,355.0,11.88,0.0,21.72,0.0
101,2023,273,356.0,11.87,0.0,21.7,0.0
101,2023,273,357.0,11.87,0.0,21.67,0.0
101,2023,273,358.0,11.87,0.0,21.65,0.0
101,2023,273,359.0,11.87,0.0,21.66,0.0
101,2023,273,400.0,11.87,0.0,21.65,0.0
101,2023,273,401.0,11.87,0.0,21.62,0.0
101,2023,273,402.0,11.87,0.0,21.6,0.0
101,2023,273,403.0,11.87,0.0,21.6,0.0
101,2023,273,404.0,11.86,0.0,21.61,0.0
101,2023,273,405.0,11.86,0.0,21.58,0.0
101,2023,273,406.0,11.86,0.0,21.55,0.0
101,2023,273,407.0,11.86,0.0,21.52,0.0
101,2023,273,408.0,11.86,0.0,21.5,0.0
101,2023,273,409.0,11.85,0.0,21.48,0.0
101,2023,273,410.0,11.85,0.0,21.47,0.0
101,2023,273,411.0,11.85,0.0,21.45,0.0
101,2023,273,412.0,11.85,0.0,21.44,0.0
101,2023,273,413.0,11.85,0.0,21.45,0.0
101,2023,273,414.0,11.85,0.0,21.45,0.0
101,2023,273,415.0,11.85,0.0,21.46,0.0
101,2023,273,416.0,11.87,0.0,21.48,0.0
101,2023,273,417.0,11.87,0.0,21.47,0.0
101,2023,273,418.0,11.87,0.0,21.46,0.0
101,2023,273,419.0,11.87,0.0,21.44,0.0
101,2023,273,420.0,11.87,0.0,21.43,0.0
101,2023,273,421.0,11.87,0.0,21.45,0.0
101,2023,273,422.0,11.86,0.0,21.47,0.0
101,2023,273,423.0,11.87,0.0,21.46,0.0
101,2023,273,424.0,11.87,0.0,21.43,0.0
101,2023,273,425.0,11.87,0.0,21.39,0.0
101,2023,273,426.0,11.87,0.0,21.35,0.0
101,2023,273,427.0,11.87,0.0,21.33,0.0
101,2023,273,428.0,11.87,0.0,21.34,0.0
101,2023,273,429.0,11.87,0.0,21.36,0.0
101,2023,273,430.0,11.86,0.0,21.36,0.0
101,2023,273,431.0,11.86,0.0,21.37,0.0
101,2023,273,432.0,11.86,0.0,21.36,0.0
101,2023,273,433.0,11.87,0.0,21.35,0.0
101,2023,273,434.0,11.86,0.0,21.33,0.0
101,2023,273,435.0,11.87,0.0,21.31,0.0
101,2023,273,436.0,11.86,0.0,21.28,0.0
101,2023,273,437.0,11.86,0.0,21.25,0.0
101,2023,273,438.0,11.86,0.0,21.21,0.0
101,2023,273,439.0,11.86,0.0,21.18,0.0
101,2023,273,440.0,11.86,0.0,21.2,0.0
101,2023,273,441.0,11.86,0.0,21.19,0.0
101,2023,273,442.0,11.86,0.0,21.17,0.0
101,2023,273,443.0,11.86,0.0,21.15,0.0
101,2023,273,444.0,11.86,0.0,21.15,0.0
101,2023,273,445.0,11.87,0.0,21.16,0.0
101,2023,273,446.0,11.86,0.0,21.17,0.0
101,2023,273,447.0,11.86,0.0,21.16,0.0
101,2023,273,448.0,11.86,0.0,21.14,0.0
101,2023,273,449.0,11.86,0.0,21.12,0.0
101,2023,273,450.0,11.86,0.0,21.1,0.0
101,2023,273,451.0,11.86,0.0,21.09,0.0
101,2023,273,452.0,11.85,0.0,21.08,0.0
101,2023,273,453.0,11.85,0.0,21.09,0.0
101,2023,273,454.0,11.86,0.0,21.1,0.0
101,2023,273,455.0,11.85,0.0,21.1,0.0
101,2023,273,456.0,11.85,0.0,21.1,0.0
101,2023,273,457.0,11.85,0.0,21.11,0.0
101,2023,273,458.0,11.85,0.0,21.13,0.0
101,2023,273,459.0,11.85,0.0,21.13,0.0
101,2023,273,500.0,11.85,0.0,21.14,0.0
101,2023,273,501.0,11.85,0.988,21.14,0.0
101,2023,273,502.0,11.85,1.016,21.14,0.0
101,2023,273,503.0,11.85,1.016,21.14,0.0
101,2023,273,504.0,11.85,1.27,21.14,0.0
101,2023,273,505.0,11.85,1.637,21.13,0.0
101,2023,273,506.0,11.84,1.694,21.13,0.0
101,2023,273,507.0,11.85,2.004,21.18,0.0
101,2023,273,508.0,11.85,2.371,21.23,0.0
101,2023,273,509.0,11.86,2.738,21.23,0.0
101,2023,273,510.0,11.85,3.048,21.23,0.0
101,2023,273,511.0,11.85,3.641,21.22,0.0
101,2023,273,512.0,11.85,3.952,21.22,0.0
101,2023,273,513.0,11.86,4.319,21.21,0.0
101,2023,273,514.0,11.85,4.94,21.21,0.0
101,2023,273,515.0,11.85,5.278,21.21,0.0
101,2023,273,516.0,11.85,5.674,21.22,0.0
101,2023,273,517.0,11.85,6.323,21.23,0.0
101,2023,273,518.0,11.85,7.14,21.24,0.0
101,2023,273,519.0,11.85,8.78,21.25,0.0
101,2023,273,520.0,11.85,10.61,21.24,0.0
101,2023,273,521.0,11.85,12.17,21.23,0.0
101,2023,273,522.0,11.86,13.32,21.21,0.0
101,2023,273,523.0,11.88,15.1,21.2,0.0
101,2023,273,524.0,11.9,17.47,21.19,0.0
101,2023,273,525.0,11.93,21.31,21.19,0.0
101,2023,273,526.0,11.97,25.52,21.19,0.0
101,2023,273,527.0,12.02,30.2,21.2,0.0
101,2023,273,528.0,12.08,35.17,21.24,0.0
101,2023,273,529.0,12.15,40.7,21.25,0.0
101,2023,273,530.0,12.2,45.76,21.17,0.0
101,2023,273,531.0,12.25,47.93,21.19,0.0
101,2023,273,532.0,12.28,48.97,21.23,0.0
101,2023,273,533.0,12.34,48.75,21.27,0.0
101,2023,273,534.0,12.39,48.55,21.31,0.0
101,2023,273,535.0,12.44,48.44,21.29,0.0
101,2023,273,536.0,12.48,48.38,21.27,0.0
101,2023,273,537.0,12.56,55.75,21.28,0.0
101,2023,273,538.0,12.6,52.61,21.27,0.0
101,2023,273,539.0,12.6,51.49,21.25,0.0
101,2023,273,540.0,12.6,59.05,21.24,0.0
101,2023,273,541.0,12.6,69.52,21.25,0.0
101,2023,273,542.0,12.6,71.1,21.29,0.0
101,2023,273,543.0,12.6,61.36,21.33,0.0
101,2023,273,544.0,12.6,60.49,21.33,0.0
101,2023,273,545.0,12.61,61.05,21.35,0.0
101,2023,273,546.0,12.61,65.46,21.38,0.0
101,2023,273,547.0,12.61,86.6,21.41,0.0
101,2023,273,548.0,12.6,88.2,21.45,0.0
101,2023,273,549.0,12.6,70.5,21.5,0.0
101,2023,273,550.0,12.6,57.05,21.57,0.0
101,2023,273,551.0,12.6,59.25,21.66,0.0
101,2023,273,552.0,12.6,86.0,21.75,0.0
101,2023,273,553.0,12.61,75.4,21.83,0.0
101,2023,273,554.0,12.61,67.63,21.93,0.0
101,2023,273,555.0,12.62,71.0,22.03,0.0
101,2023,273,556.0,12.61,104.7,22.17,0.0
101,2023,273,557.0,12.61,98.1,22.3,0.0
101,2023,273,558.0,12.6,100.6,22.4,0.0
101,2023,273,559.0,12.6,79.8,22.5,0.0
101,2023,273,600.0,12.6,79.8,22.46,0.0
101,2023,273,601.0,12.6,103.6,22.35,0.0
101,2023,273,602.0,12.6,98.4,22.46,0.0
101,2023,273,603.0,12.6,85.5,22.62,0.0
101,2023,273,604.0,12.6,134.8,22.76,0.0
101,2023,273,605.0,12.6,92.5,22.88,0.0
101,2023,273,606.0,12.6,113.0,22.93,0.0
101,2023,273,607.0,12.6,136.1,22.97,0.0
101,2023,273,608.0,12.6,162.0,23.04,0.0
101,2023,273,609.0,12.6,129.1,23.05,0.0
101,2023,273,610.0,12.59,81.4,23.19,0.0
101,2023,273,611.0,12.6,91.8,23.28,0.0
101,2023,273,612.0,12.59,94.4,23.38,0.0
101,2023,273,613.0,12.6,71.3,23.39,0.0
101,2023,273,614.0,12.59,98.3,23.41,0.0
101,2023,273,615.0,12.59,107.3,23.48,0.0
101,2023,273,616.0,12.59,136.5,23.53,0.0
101,2023,273,617.0,12.6,119.9,23.45,0.0
101,2023,273,618.0,12.59,182.2,23.51,0.0
101,2023,273,619.0,12.59,181.8,23.57,0.0
101,2023,273,620.0,12.59,208.5,23.62,0.0
101,2023,273,621.0,12.59,194.7,23.84,0.0
101,2023,273,622.0,12.59,178.6,23.92,0.0
101,2023,273,623.0,12.59,152.8,23.88,0.0
101,2023,273,624.0,12.58,109.7,23.98,0.0
101,2023,273,625.0,12.58,131.8,24.03,0.0
101,2023,273,626.0,12.58,223.8,24.11,0.0
101,2023,273,627.0,12.58,234.2,24.16,0.0
101,2023,273,628.0,12.58,195.0,24.14,0.0
101,2023,273,629.0,12.58,134.7,24.24,0.0
101,2023,273,630.0,12.58,225.5,24.32,0.0
101,2023,273,631.0,12.58,246.4,24.45,0.0
101,2023,273,632.0,12.58,251.8,24.58,0.0
101,2023,273,633.0,12.57,250.8,24.77,0.0
101,2023,273,634.0,12.57,200.2,24.76,0.0
101,2023,273,635.0,12.57,96.7,24.71,0.0
101,2023,273,636.0,12.57,87.9,24.56,0.0
101,2023,273,637.0,12.57,132.5,24.41,0.0
101,2023,273,638.0,12.57,177.2,24.43,0.0
101,2023,273,639.0,12.57,245.6,24.47,0.0
101,2023,273,640.0,12.57,279.5,24.58,0.0
101,2023,273,641.0,12.57,282.5,24.71,0.0
101,2023,273,642.0,12.57,286.2,24.72,0.0
101,2023,273,643.0,12.56,293.4,24.66,0.0
101,2023,273,644.0,12.57,298.4,24.84,0.0
101,2023,273,645.0,12.56,301.7,24.91,0.0
101,2023,273,646.0,12.56,150.1,25.0,0.0
101,2023,273,647.0,12.56,134.5,25.04,0.0
101,2023,273,648.0,12.56,293.5,24.96,0.0
101,2023,273,649.0,12.56,316.6,25.08,0.0
101,2023,273,650.0,12.56,321.4,25.27,0.0
101,2023,273,651.0,12.56,325.6,25.47,0.0
101,2023,273,652.0,12.55,326.8,25.52,0.0
101,2023,273,653.0,12.55,341.9,25.28,0.0
101,2023,273,654.0,12.55,350.8,25.13,0.0
101,2023,273,655.0,12.55,355.9,25.16,0.0
101,2023,273,656.0,12.55,360.5,25.23,0.0
101,2023,273,657.0,12.55,373.0,25.14,0.0
101,2023,273,658.0,12.54,282.3,25.12,0.0
101,2023,273,659.0,12.54,396.9,25.12,0.0
101,2023,273,700.0,12.54,388.6,25.17,0.0
101,2023,273,701.0,12.54,403.1,25.1,0.0
101,2023,273,702.0,12.54,398.9,25.1,0.0
101,2023,273,703.0,12.54,382.9,25.2,0.0
101,2023,273,704.0,12.54,412.9,25.24,0.0
101,2023,273,705.0,12.53,416.7,25.31,0.0
101,2023,273,706.0,12.53,397.8,25.27,0.0
101,2023,273,707.0,12.53,172.4,25.2,0.0
101,2023,273,708.0,12.53,159.4,25.14,0.0
101,2023,273,709.0,12.53,120.7,25.14,0.0
101,2023,273,710.0,12.53,115.5,25.1,0.0
101,2023,273,711.0,12.53,124.8,25.19,0.0
101,2023,273,712.0,12.52,130.8,25.12,0.0
101,2023,273,713.0,12.53,127.7,25.13,0.0
101,2023,273,714.0,12.53,125.9,25.03,0.0
101,2023,273,715.0,12.53,129.2,25.04,0.0
101,2023,273,716.0,12.53,141.3,25.08,0.0
101,2023,273,717.0,12.53,155.7,25.11,0.0
101,2023,273,718.0,12.53,179.8,25.03,0.0
101,2023,273,719.0,12.53,202.3,24.99,0.0
101,2023,273,720.0,12.53,223.3,24.96,0.0
101,2023,273,721.0,12.53,210.9,25.01,0.0
101,2023,273,722.0,12.53,222.7,25.05,0.0
101,2023,273,723.0,12.53,221.3,25.13,0.0
101,2023,273,724.0,12.53,309.6,25.24,0.0
101,2023,273,725.0,12.54,212.9,25.35,0.0
101,2023,273,726.0,12.53,233.0,25.45,0.0
101,2023,273,727.0,12.53,394.6,25.53,0.0
101,2023,273,728.0,12.53,228.8,25.62,0.0
101,2023,273,729.0,12.53,215.8,25.63,0.0
101,2023,273,730.0,12.53,249.5,25.6,0.0
101,2023,273,731.0,12.53,300.2,25.53,0.0
101,2023,273,732.0,12.53,280.9,25.36,0.0
101,2023,273,733.0,12.53,261.7,25.3,0.0
101,2023,273,734.0,12.53,239.6,25.26,0.0
101,2023,273,735.0,12.53,219.6,25.19,0.0
101,2023,273,736.0,12.53,207.4,25.11,0.0
101,2023,273,737.0,12.53,204.9,25.09,0.0
101,2023,273,738.0,12.53,214.7,25.13,0.0
101,2023,273,739.0,12.53,231.4,25.09,0.0
101,2023,273,740.0,12.53,386.3,25.11,0.0
101,2023,273,741.0,12.53,436.0,25.15,0.0
101,2023,273,742.0,12.53,293.3,25.24,0.0
101,2023,273,743.0,12.53,489.7,25.28,0.0
101,2023,273,744.0,12.53,378.2,25.26,0.0
101,2023,273,745.0,12.53,281.6,25.25,0.0
101,2023,273,746.0,12.53,260.3,25.21,0.0
101,2023,273,747.0,12.52,243.9,25.21,0.0
101,2023,273,748.0,12.52,229.4,25.19,0.0
101,2023,273,749.0,12.52,216.5,25.19,0.0
101,2023,273,750.0,12.52,209.6,25.19,0.0
101,2023,273,751.0,12.52,221.5,25.23,0.0
101,2023,273,752.0,12.53,240.7,25.24,0.0
101,2023,273,753.0,12.53,253.9,25.22,0.0
101,2023,273,754.0,12.53,260.9,25.21,0.0
101,2023,273,755.0,12.53,260.4,25.2,0.0
101,2023,273,756.0,12.53,265.3,25.23,0.0
101,2023,273,757.0,12.53,271.1,25.24,0.0
101,2023,273,758.0,12.53,291.9,25.26,0.0
101,2023,273,759.0,12.53,338.7,25.28,0.0
101,2023,273,800.0,12.53,323.9,25.35,0.0
101,2023,273,801.0,12.53,294.1,25.4,0.0
101,2023,273,802.0,12.53,269.2,25.43,0.0
101,2023,273,803.0,12.53,259.0,25.4,0.0
101,2023,273,804.0,12.53,263.5,25.41,0.0
101,2023,273,805.0,12.53,289.7,25.49,0.0
101,2023,273,806.0,12.53,314.2,25.51,0.0
101,2023,273,807.0,12.53,326.5,25.53,0.0
101,2023,273,808.0,12.53,383.8,25.56,0.0
101,2023,273,809.0,12.53,636.3,25.62,0.0
101,2023,273,810.0,12.52,684.7,25.86,0.0
101,2023,273,811.0,12.52,423.2,26.09,0.0
101,2023,273,812.0,12.52,528.4,26.11,0.0
101,2023,273,813.0,12.52,389.7,26.15,0.0
101,2023,273,814.0,12.52,362.8,26.14,0.0
101,2023,273,815.0,12.52,568.9,26.03,0.0
101,2023,273,816.0,12.52,289.7,25.99,0.0
101,2023,273,817.0,12.51,251.1,26.07,0.0
101,2023,273,818.0,12.51,227.7,26.01,0.0
101,2023,273,819.0,12.51,234.5,26.02,0.0
101,2023,273,820.0,12.51,282.4,26.04,0.0
101,2023,273,821.0,12.51,766.0,26.08,0.0
101,2023,273,822.0,12.51,869.0,26.18,0.0
101,2023,273,823.0,12.51,815.0,26.44,0.0
101,2023,273,824.0,12.51,422.2,26.78,0.0
101,2023,273,825.0,12.51,261.8,26.72,0.0
101,2023,273,826.0,12.5,225.2,26.69,0.0
101,2023,273,827.0,12.5,226.1,26.67,0.0
101,2023,273,828.0,12.5,238.0,26.36,0.0
101,2023,273,829.0,12.49,513.5,26.11,0.0
101,2023,273,830.0,12.49,837.0,26.07,0.0
101,2023,273,831.0,12.48,823.0,26.09,0.0
101,2023,273,832.0,12.48,447.1,26.29,0.0
101,2023,273,833.0,12.5,206.1,26.37,0.0
101,2023,273,834.0,12.5,191.2,26.27,0.0
101,2023,273,835.0,12.5,194.6,26.1,0.0
101,2023,273,836.0,12.49,213.1,26.01,0.0
101,2023,273,837.0,12.5,229.6,25.96,0.0
101,2023,273,838.0,12.5,229.2,25.91,0.0
101,2023,273,839.0,12.49,220.8,25.91,0.0
101,2023,273,840.0,12.5,210.5,25.89,0.0
101,2023,273,841.0,12.5,204.3,25.84,0.0
101,2023,273,842.0,12.5,207.2,25.8,0.0
101,2023,273,843.0,12.5,218.5,25.74,0.0
101,2023,273,844.0,12.5,243.6,25.71,0.0
101,2023,273,845.0,12.5,279.3,25.65,0.0
101,2023,273,846.0,12.5,304.1,25.6,0.0
101,2023,273,847.0,12.5,323.5,25.6,0.0
101,2023,273,848.0,12.5,317.3,25.59,0.0
101,2023,273,849.0,12.5,501.9,25.55,0.0
101,2023,273,850.0,12.5,713.0,25.67,0.0
101,2023,273,851.0,12.5,299.1,25.86,0.0
101,2023,273,852.0,12.5,269.5,25.91,0.0
101,2023,273,853.0,12.5,258.3,25.78,0.0
101,2023,273,854.0,12.5,248.4,25.69,0.0
101,2023,273,855.0,12.5,252.4,25.7,0.0
101,2023,273,856.0,12.5,273.4,25.74,0.0
101,2023,273,857.0,12.5,294.1,25.71,0.0
101,2023,273,858.0,12.5,245.2,25.75,0.0
101,2023,273,859.0,12.5,218.7,25.85,0.0
101,2023,273,900.0,12.5,220.8,25.86,0.0
101,2023,273,901.0,12.5,227.8,25.76,0.0
101,2023,273,902.0,12.5,240.8,25.69,0.0
101,2023,273,903.0,12.5,268.4,25.62,0.0
101,2023,273,904.0,12.5,526.7,25.59,0.0
101,2023,273,905.0,12.49,405.2,25.61,0.0
101,2023,273,906.0,12.49,934.0,25.72,0.0
101,2023,273,907.0,12.5,1008.0,25.96,0.0
101,2023,273,908.0,12.49,926.0,26.15,0.0
101,2023,273,909.0,12.49,810.0,26.34,0.0
101,2023,273,910.0,12.49,402.4,26.62,0.0
101,2023,273,911.0,12.49,327.6,26.44,0.0
101,2023,273,912.0,12.49,400.9,26.17,0.0
101,2023,273,913.0,12.49,683.4,26.09,0.0
101,2023,273,914.0,12.48,339.0,26.1,0.0
101,2023,273,915.0,12.48,511.3,26.04,0.0
101,2023,273,916.0,12.48,711.0,26.21,0.0
101,2023,273,917.0,12.48,523.3,26.4,0.0
101,2023,273,918.0,12.48,548.8,26.33,0.0
101,2023,273,919.0,12.48,327.2,26.2,0.0
101,2023,273,920.0,12.48,297.5,26.23,0.0
101,2023,273,921.0,12.48,336.8,26.09,0.0
101,2023,273,922.0,12.48,941.0,26.03,0.0
101,2023,273,923.0,12.48,977.0,26.3,0.0
101,2023,273,924.0,12.47,788.0,26.6,0.0
101,2023,273,925.0,12.47,346.6,26.8,0.0
101,2023,273,926.0,12.47,694.5,26.54,0.0
101,2023,273,927.0,12.48,452.2,26.48,0.0
101,2023,273,928.0,12.47,422.9,26.51,0.0
101,2023,273,929.0,12.47,351.6,26.49,0.0
101,2023,273,930.0,12.47,828.0,26.32,0.0
101,2023,273,931.0,12.47,776.0,26.34,0.0
101,2023,273,932.0,12.47,926.0,26.42,0.0
101,2023,273,933.0,12.47,763.0,26.54,0.0
101,2023,273,934.0,12.46,967.0,26.64,0.0
101,2023,273,935.0,12.46,883.0,26.76,0.0
101,2023,273,936.0,12.45,462.7,26.82,0.0
101,2023,273,937.0,12.45,476.1,26.7,0.0
101,2023,273,938.0,12.45,360.9,26.51,0.0
101,2023,273,939.0,12.45,229.6,26.52,0.0
101,2023,273,940.0,12.45,236.1,26.48,0.0
101,2023,273,941.0,12.45,306.9,26.46,0.0
101,2023,273,942.0,12.45,385.0,26.38,0.0
101,2023,273,943.0,12.45,1009.0,26.21,0.0
101,2023,273,944.0,12.45,566.5,26.39,0.0
101,2023,273,945.0,12.46,350.4,26.69,0.0
101,2023,273,946.0,12.46,274.8,26.86,0.0
101,2023,273,947.0,12.46,258.2,26.8,0.0
101,2023,273,948.0,12.46,258.3,26.53,0.0
101,2023,273,949.0,12.46,483.2,26.46,0.0
101,2023,273,950.0,12.46,478.1,26.54,0.0
101,2023,273,951.0,12.46,359.5,26.66,0.0
101,2023,273,952.0,12.46,907.0,26.65,0.0
101,2023,273,953.0,12.46,373.9,26.82,0.0
101,2023,273,954.0,12.46,397.7,26.68,0.0
101,2023,273,955.0,12.46,322.2,26.63,0.0
101,2023,273,956.0,12.46,301.2,26.65,0.0
101,2023,273,957.0,12.46,305.6,26.72,0.0
101,2023,273,958.0,12.46,422.0,26.62,0.0
101,2023,273,959.0,12.46,1095.0,26.61,0.0
101,2023,273,1000.0,12.46,1126.0,26.82,0.0
101,2023,273,1001.0,12.46,1049.0,26.97,0.0
101,2023,273,1002.0,12.45,903.0,27.02,0.0
101,2023,273,1003.0,12.45,913.0,27.28,0.0
101,2023,273,1004.0,12.45,750.0,27.29,0.0
101,2023,273,1005.0,12.46,890.0,27.49,0.0
101,2023,273,1006.0,12.45,1104.0,27.53,0.0
101,2023,273,1007.0,12.44,821.0,27.36,0.0
101,2023,273,1008.0,12.44,445.9,27.1,0.0
101,2023,273,1009.0,12.45,1108.0,27.29,0.0
101,2023,273,1010.0,12.45,1140.0,27.63,0.0
101,2023,273,1011.0,12.45,766.0,27.85,0.0
101,2023,273,1012.0,12.45,638.2,27.61,0.0
101,2023,273,1013.0,12.45,318.7,27.52,0.0
101,2023,273,1014.0,12.45,569.8,27.44,0.0
101,2023,273,1015.0,12.45,1109.0,27.49,0.0
101,2023,273,1016.0,12.45,1095.0,27.78,0.0
101,2023,273,1017.0,12.45,1095.0,28.13,0.0
101,2023,273,1018.0,12.44,1114.0,27.64,0.0
101,2023,273,1019.0,12.44,1146.0,27.54,0.0
101,2023,273,1020.0,12.44,912.0,27.37,0.0
101,2023,273,1021.0,12.44,642.9,27.37,0.0
101,2023,273,1022.0,12.44,361.9,27.42,0.0
101,2023,273,1023.0,12.44,346.0,27.55,0.0
101,2023,273,1024.0,12.44,301.0,27.4,0.0
101,2023,273,1025.0,12.45,303.0,27.2,0.0
101,2023,273,1026.0,12.45,370.1,27.06,0.0
101,2023,273,1027.0,12.45,908.0,26.92,0.0
101,2023,273,1028.0,12.45,416.0,27.13,0.0
101,2023,273,1029.0,12.45,355.8,27.26,0.0
101,2023,273,1030.0,12.45,358.6,27.28,0.0
101,2023,273,1031.0,12.45,369.6,27.12,0.0
101,2023,273,1032.0,12.45,637.8,27.22,0.0
101,2023,273,1033.0,12.45,356.6,27.15,0.0
101,2023,273,1034.0,12.45,1009.0,27.18,0.0
101,2023,273,1035.0,12.45,1171.0,27.34,0.0
101,2023,273,1036.0,12.43,1167.0,27.49,0.0
101,2023,273,1037.0,12.44,1162.0,27.74,0.0
101,2023,273,1038.0,12.43,1155.0,27.69,0.0
101,2023,273,1039.0,12.43,1142.0,27.87,0.0
101,2023,273,1040.0,12.43,1134.0,28.18,0.0
101,2023,273,1041.0,12.44,1138.0,28.01,0.0
101,2023,273,1042.0,12.42,1144.0,27.99,0.0
101,2023,273,1043.0,12.42,1092.0,28.04,0.0
101,2023,273,1044.0,12.44,1162.0,28.16,0.0
101,2023,273,1045.0,12.44,943.0,28.21,0.0
101,2023,273,1046.0,12.43,382.5,27.96,0.0
101,2023,273,1047.0,12.42,967.0,27.69,0.0
101,2023,273,1048.0,12.42,1190.0,27.67,0.0
101,2023,273,1049.0,12.44,1194.0,27.58,0.0
101,2023,273,1050.0,12.44,1187.0,27.77,0.0
101,2023,273,1051.0,12.45,732.0,27.91,0.0
101,2023,273,1052.0,12.45,392.2,27.99,0.0
101,2023,273,1053.0,12.45,509.0,27.86,0.0
101,2023,273,1054.0,12.44,944.0,27.9,0.0
101,2023,273,1055.0,12.44,520.6,27.98,0.0
101,2023,273,1056.0,12.44,394.0,28.05,0.0
101,2023,273,1057.0,12.44,385.3,27.93,0.0
101,2023,273,1058.0,12.44,588.4,27.88,0.0
101,2023,273,1059.0,12.44,721.0,27.8,0.0
101,2023,273,1100.0,12.44,1124.0,27.95,0.0
101,2023,273,1101.0,12.45,1189.0,27.8,0.0
101,2023,273,1102.0,12.44,1191.0,27.9,0.0
101,2023,273,1103.0,12.44,1204.0,28.17,0.0
101,2023,273,1104.0,12.44,1238.0,28.14,0.0
101,2023,273,1105.0,12.44,1247.0,27.96,0.0
101,2023,273,1106.0,12.44,850.0,27.98,0.0
101,2023,273,1107.0,12.44,884.0,27.86,0.0
101,2023,273,1108.0,12.44,950.0,28.15,0.0
101,2023,273,1109.0,12.44,557.3,28.22,0.0
101,2023,273,1110.0,12.44,906.0,28.2,0.0
101,2023,273,1111.0,12.44,450.6,28.05,0.0
101,2023,273,1112.0,12.43,389.8,28.08,0.0
101,2023,273,1113.0,12.43,574.1,28.13,0.0
101,2023,273,1114.0,12.43,666.7,28.1,0.0
101,2023,273,1115.0,12.44,1018.0,27.69,0.0
101,2023,273,1116.0,12.44,1187.0,27.91,0.0
101,2023,273,1117.0,12.44,829.0,27.97,0.0
101,2023,273,1118.0,12.42,787.0,27.59,0.0
101,2023,273,1119.0,12.44,1226.0,27.48,0.0
101,2023,273,1120.0,12.44,1148.0,27.84,0.0
101,2023,273,1121.0,12.44,1165.0,27.84,0.0
101,2023,273,1122.0,12.44,1221.0,27.76,0.0
101,2023,273,1123.0,12.44,1200.0,27.82,0.0
101,2023,273,1124.0,12.44,1031.0,27.68,0.0
101,2023,273,1125.0,12.44,1171.0,27.86,0.0
101,2023,273,1126.0,12.44,980.0,27.99,0.0
101,2023,273,1127.0,12.44,432.2,28.06,0.0
101,2023,273,1128.0,12.44,401.1,27.89,0.0
101,2023,273,1129.0,12.44,378.3,27.76,0.0
101,2023,273,1130.0,12.43,464.2,27.6,0.0
101,2023,273,1131.0,12.43,1187.0,27.68,0.0
101,2023,273,1132.0,12.44,1220.0,27.89,0.0
101,2023,273,1133.0,12.45,1222.0,28.02,0.0
101,2023,273,1134.0,12.45,931.0,28.28,0.0
101,2023,273,1135.0,12.44,1165.0,28.35,0.0
101,2023,273,1136.0,12.44,1164.0,28.25,0.0
101,2023,273,1137.0,12.44,1151.0,28.21,0.0
101,2023,273,1138.0,12.44,1153.0,28.48,0.0
101,2023,273,1139.0,12.44,1148.0,28.64,0.0
101,2023,273,1140.0,12.44,364.6,28.33,0.0
101,2023,273,1141.0,12.44,315.4,28.17,0.0
101,2023,273,1142.0,12.44,514.3,28.0,0.0
101,2023,273,1143.0,12.44,406.3,28.17,0.0
101,2023,273,1144.0,12.44,342.8,28.09,0.0
101,2023,273,1145.0,12.44,311.5,27.96,0.0
101,2023,273,1146.0,12.43,491.0,27.82,0.0
101,2023,273,1147.0,12.44,884.0,27.54,0.0
101,2023,273,1148.0,12.44,1151.0,27.4,0.0
101,2023,273,1149.0,12.44,1176.0,27.58,0.0
101,2023,273,1150.0,12.44,1089.0,27.77,0.0
101,2023,273,1151.0,12.44,637.0,27.99,0.0
101,2023,273,1152.0,12.44,695.0,27.97,0.0
101,2023,273,1153.0,12.44,994.0,28.05,0.0
101,2023,273,1154.0,12.44,982.0,28.01,0.0
101,2023,273,1155.0,12.44,1213.0,28.02,0.0
101,2023,273,1156.0,12.44,1175.0,28.3,0.0
101,2023,273,1157.0,12.44,556.3,28.52,0.0
101,2023,273,1158.0,12.44,1069.0,28.59,0.0
101,2023,273,1159.0,12.44,1164.0,28.56,0.0
101,2023,273,1200.0,12.44,945.0,28.64,0.0
101,2023,273,1201.0,12.44,402.2,28.66,0.0
101,2023,273,1202.0,12.44,392.1,28.34,0.0
101,2023,273,1203.0,12.44,608.5,28.11,0.0
101,2023,273,1204.0,12.44,463.3,27.88,0.0
101,2023,273,1205.0,12.44,421.7,27.81,0.0
101,2023,273,1206.0,12.44,637.3,27.8,0.0
101,2023,273,1207.0,12.44,1209.0,27.88,0.0
101,2023,273,1208.0,12.44,1240.0,28.03,0.0
101,2023,273,1209.0,12.44,670.3,28.3,0.0
101,2023,273,1210.0,12.44,1114.0,28.27,0.0
101,2023,273,1211.0,12.44,1025.0,28.09,0.0
101,2023,273,1212.0,12.44,568.4,28.14,0.0
101,2023,273,1213.0,12.44,401.7,27.94,0.0
101,2023,273,1214.0,12.44,540.8,27.94,0.0
101,2023,273,1215.0,12.44,1167.0,28.23,0.0
101,2023,273,1216.0,12.44,1117.0,28.47,0.0
101,2023,273,1217.0,12.44,1201.0,28.33,0.0
101,2023,273,1218.0,12.44,951.0,28.22,0.0
101,2023,273,1219.0,12.44,470.6,28.42,0.0
101,2023,273,1220.0,12.44,413.7,28.47,0.0
101,2023,273,1221.0,12.44,444.2,28.14,0.0
101,2023,273,1222.0,12.44,348.1,28.12,0.0
101,2023,273,1223.0,12.44,360.2,27.95,0.0
101,2023,273,1224.0,12.44,400.7,27.72,0.0
101,2023,273,1225.0,12.44,523.5,27.73,0.0
101,2023,273,1226.0,12.44,341.6,27.81,0.0
101,2023,273,1227.0,12.44,302.6,27.62,0.0
101,2023,273,1228.0,12.44,594.5,27.53,0.0
101,2023,273,1229.0,12.44,1133.0,27.63,0.0
101,2023,273,1230.0,12.43,1161.0,27.88,0.0
101,2023,273,1231.0,12.43,1180.0,27.95,0.0
101,2023,273,1232.0,12.43,1190.0,28.32,0.0
101,2023,273,1233.0,12.43,1063.0,28.85,0.0
101,2023,273,1234.0,12.43,687.5,28.7,0.0
101,2023,273,1235.0,12.43,1186.0,28.22,0.0
101,2023,273,1236.0,12.43,713.0,28.46,0.0
101,2023,273,1237.0,12.43,611.4,28.21,0.0
101,2023,273,1238.0,12.43,536.7,28.12,0.0
101,2023,273,1239.0,12.43,656.3,27.9,0.0
101,2023,273,1240.0,12.42,423.0,28.03,0.0
101,2023,273,1241.0,12.43,733.0,28.02,0.0
101,2023,273,1242.0,12.43,1168.0,28.3,0.0
101,2023,273,1243.0,12.43,836.0,28.48,0.0
101,2023,273,1244.0,12.43,410.8,28.35,0.0
101,2023,273,1245.0,12.43,671.7,28.11,0.0
101,2023,273,1246.0,12.43,1172.0,27.93,0.0
101,2023,273,1247.0,12.43,1160.0,28.11,0.0
101,2023,273,1248.0,12.43,1139.0,28.33,0.0
101,2023,273,1249.0,12.43,808.0,28.19,0.0
101,2023,273,1250.0,12.43,746.0,28.13,0.0
101,2023,273,1251.0,12.43,289.6,28.08,0.0
101,2023,273,1252.0,12.43,486.9,27.75,0.0
101,2023,273,1253.0,12.43,629.6,27.52,0.0
101,2023,273,1254.0,12.43,1071.0,27.68,0.0
101,2023,273,1255.0,12.43,1081.0,27.8,0.0
101,2023,273,1256.0,12.43,1096.0,28.07,0.0
101,2023,273,1257.0,12.43,1117.0,28.07,0.0
101,2023,273,1258.0,12.43,1126.0,27.92,0.0
101,2023,273,1259.0,12.43,621.0,28.08,0.0
101,2023,273,1300.0,12.43,286.8,28.13,0.0
101,2023,273,1301.0,12.43,270.3,27.82,0.0
101,2023,273,1302.0,12.43,272.0,27.52,0.0
101,2023,273,1303.0,12.44,319.4,27.29,0.0
101,2023,273,1304.0,12.43,790.0,27.39,0.0
101,2023,273,1305.0,12.44,1087.0,27.54,0.0
101,2023,273,1306.0,12.43,1109.0,27.76,0.0
101,2023,273,1307.0,12.44,1080.0,27.96,0.0
101,2023,273,1308.0,12.43,526.7,28.45,0.0
101,2023,273,1309.0,12.44,338.6,28.21,0.0
101,2023,273,1310.0,12.43,368.9,27.73,0.0
101,2023,273,1311.0,12.44,345.2,27.66,0.0
101,2023,273,1312.0,12.44,347.7,27.34,0.0
101,2023,273,1313.0,12.45,397.8,27.24,0.0
101,2023,273,1314.0,12.44,744.0,27.32,0.0
101,2023,273,1315.0,12.44,885.0,27.56,0.0
101,2023,273,1316.0,12.44,1013.0,27.81,0.0
101,2023,273,1317.0,12.45,746.0,27.81,0.0
101,2023,273,1318.0,12.44,392.6,27.91,0.0
101,2023,273,1319.0,12.44,332.8,27.78,0.0
101,2023,273,1320.0,12.45,315.7,27.77,0.0
101,2023,273,1321.0,12.45,308.4,27.71,0.0
101,2023,273,1322.0,12.44,322.2,27.66,0.0
101,2023,273,1323.0,12.44,386.5,27.46,0.0
101,2023,273,1324.0,12.44,474.3,27.15,0.0
101,2023,273,1325.0,12.44,1075.0,27.29,0.0
101,2023,273,1326.0,12.44,1105.0,27.45,0.0
101,2023,273,1327.0,12.43,1128.0,27.71,0.0
101,2023,273,1328.0,12.42,1117.0,27.84,0.0
101,2023,273,1329.0,12.42,957.0,27.95,0.0
101,2023,273,1330.0,12.42,896.0,27.91,0.0
101,2023,273,1331.0,12.43,814.0,28.07,0.0
101,2023,273,1332.0,12.43,641.8,28.3,0.0
101,2023,273,1333.0,12.43,376.8,27.98,0.0
101,2023,273,1334.0,12.42,327.9,27.67,0.0
101,2023,273,1335.0,12.43,307.8,27.62,0.0
101,2023,273,1336.0,12.43,307.7,27.72,0.0
101,2023,273,1337.0,12.43,317.6,27.75,0.0
101,2023,273,1338.0,12.43,690.2,27.77,0.0
101,2023,273,1339.0,12.43,476.9,27.61,0.0
101,2023,273,1340.0,12.43,394.6,27.59,0.0
101,2023,273,1341.0,12.43,925.0,27.6,0.0
101,2023,273,1342.0,12.43,778.0,27.71,0.0
101,2023,273,1343.0,12.43,807.0,27.61,0.0
101,2023,273,1344.0,12.43,721.0,27.59,0.0
101,2023,273,1345.0,12.43,343.5,27.7,0.0
101,2023,273,1346.0,12.43,291.1,27.7,0.0
101,2023,273,1347.0,12.43,270.5,27.77,0.0
101,2023,273,1348.0,12.43,245.2,27.49,0.0
101,2023,273,1349.0,12.43,241.6,27.42,0.0
101,2023,273,1350.0,12.43,244.8,27.5,0.0
101,2023,273,1351.0,12.43,230.3,27.49,0.0
101,2023,273,1352.0,12.43,227.9,27.31,0.0
101,2023,273,1353.0,12.43,226.8,27.24,0.0
101,2023,273,1354.0,12.43,235.7,27.11,0.0
101,2023,273,1355.0,12.43,271.5,27.04,0.0
101,2023,273,1356.0,12.43,524.6,27.02,0.0
101,2023,273,1357.0,12.43,842.0,27.14,0.0
101,2023,273,1358.0,12.43,683.1,27.33,0.0
101,2023,273,1359.0,12.43,900.0,27.51,0.0
101,2023,273,1400.0,12.43,488.0,27.7,0.0
101,2023,273,1401.0,12.43,247.9,27.83,0.0
101,2023,273,1402.0,12.42,231.2,27.54,0.0
101,2023,273,1403.0,12.43,230.2,27.28,0.0
101,2023,273,1404.0,12.43,233.1,27.21,0.0
101,2023,273,1405.0,12.43,254.6,27.04,0.0
101,2023,273,1406.0,12.43,604.4,26.9,0.0
101,2023,273,1407.0,12.43,755.0,26.99,0.0
101,2023,273,1408.0,12.42,887.0,27.11,0.0
101,2023,273,1409.0,12.42,897.0,27.4,0.0
101,2023,273,1410.0,12.42,911.0,27.62,0.0
101,2023,273,1411.0,12.42,761.0,27.8,0.0
101,2023,273,1412.0,12.42,322.7,27.7,0.0
101,2023,273,1413.0,12.42,288.1,27.46,0.0
101,2023,273,1414.0,12.42,261.4,27.4,0.0
101,2023,273,1415.0,12.42,231.2,27.47,0.0
101,2023,273,1416.0,12.42,220.4,27.4,0.0
101,2023,273,1417.0,12.4,217.7,27.36,0.0
101,2023,273,1418.0,12.39,222.2,27.35,0.0
101,2023,273,1419.0,12.42,235.8,27.34,0.0
101,2023,273,1420.0,12.42,239.5,27.15,0.0
101,2023,273,1421.0,12.42,243.5,27.09,0.0
101,2023,273,1422.0,12.42,248.4,27.04,0.0
101,2023,273,1423.0,12.42,652.9,26.97,0.0
101,2023,273,1424.0,12.43,809.0,27.05,0.0
101,2023,273,1425.0,12.43,698.1,27.22,0.0
101,2023,273,1426.0,12.4,255.7,27.32,0.0
101,2023,273,1427.0,12.4,236.7,27.32,0.0
101,2023,273,1428.0,12.42,230.5,27.25,0.0
101,2023,273,1429.0,12.43,225.4,27.15,0.0
101,2023,273,1430.0,12.43,431.6,27.07,0.0
101,2023,273,1431.0,12.42,772.0,27.19,0.0
101,2023,273,1432.0,12.42,772.0,27.34,0.0
101,2023,273,1433.0,12.4,779.0,27.47,0.0
101,2023,273,1434.0,12.4,786.0,27.73,0.0
101,2023,273,1435.0,12.4,792.0,27.82,0.0
101,2023,273,1436.0,12.4,789.0,27.68,0.0
101,2023,273,1437.0,12.4,803.0,27.85,0.0
101,2023,273,1438.0,12.4,809.0,28.04,0.0
101,2023,273,1439.0,12.4,814.0,28.04,0.0
101,2023,273,1440.0,12.41,736.0,28.18,0.0
101,2023,273,1441.0,12.42,325.2,28.26,0.0
101,2023,273,1442.0,12.42,262.7,28.23,0.0
101,2023,273,1443.0,12.42,239.2,27.82,0.0
101,2023,273,1444.0,12.41,266.2,27.45,0.0
101,2023,273,1445.0,12.41,198.5,27.18,0.0
101,2023,273,1446.0,12.42,176.6,27.08,0.0
101,2023,273,1447.0,12.41,170.5,26.96,0.0
101,2023,273,1448.0,12.41,181.5,26.9,0.0
101,2023,273,1449.0,12.42,369.8,26.8,0.0
101,2023,273,1450.0,12.42,482.6,26.84,0.0
101,2023,273,1451.0,12.42,687.8,26.83,0.0
101,2023,273,1452.0,12.42,697.2,27.07,0.0
101,2023,273,1453.0,12.42,699.5,27.26,0.0
101,2023,273,1454.0,12.41,683.5,27.44,0.0
101,2023,273,1455.0,12.41,687.5,27.49,0.0
101,2023,273,1456.0,12.38,686.0,27.27,0.0
101,2023,273,1457.0,12.42,676.8,27.4,0.0
101,2023,273,1458.0,12.42,675.7,27.54,0.0
101,2023,273,1459.0,12.42,671.1,27.38,0.0
101,2023,273,1500.0,12.39,653.4,27.51,0.0
101,2023,273,1501.0,12.4,283.0,27.62,0.0
101,2023,273,1502.0,12.42,335.0,27.72,0.0
101,2023,273,1503.0,12.42,437.8,27.67,0.0
101,2023,273,1504.0,12.42,209.3,27.26,0.0
101,2023,273,1505.0,12.42,219.8,27.22,0.0
101,2023,273,1506.0,12.42,268.5,27.14,0.0
101,2023,273,1507.0,12.42,217.4,26.91,0.0
101,2023,273,1508.0,12.42,212.9,26.88,0.0
101,2023,273,1509.0,12.42,238.9,26.8,0.0
101,2023,273,1510.0,12.42,220.1,26.76,0.0
101,2023,273,1511.0,12.42,222.6,26.66,0.0
101,2023,273,1512.0,12.42,405.9,26.64,0.0
101,2023,273,1513.0,12.43,571.4,26.65,0.0
101,2023,273,1514.0,12.43,223.4,26.73,0.0
101,2023,273,1515.0,12.41,146.2,26.65,0.0
101,2023,273,1516.0,12.41,140.6,26.56,0.0
101,2023,273,1517.0,12.43,136.0,26.44,0.0
101,2023,273,1518.0,12.42,132.2,26.46,0.0
101,2023,273,1519.0,12.41,129.2,26.37,0.0
101,2023,273,1520.0,12.41,125.3,26.3,0.0
101,2023,273,1521.0,12.43,120.6,26.22,0.0
101,2023,273,1522.0,12.42,117.3,26.19,0.0
101,2023,273,1523.0,12.41,115.8,26.16,0.0
101,2023,273,1524.0,12.43,115.4,26.12,0.0
101,2023,273,1525.0,12.44,116.8,26.13,0.0
101,2023,273,1526.0,12.44,119.3,26.14,0.0
101,2023,273,1527.0,12.44,123.7,26.17,0.0
101,2023,273,1528.0,12.44,133.2,26.11,0.0
101,2023,273,1529.0,12.45,167.8,26.09,0.0
101,2023,273,1530.0,12.45,146.2,26.06,0.0
101,2023,273,1531.0,12.45,209.2,26.04,0.0
101,2023,273,1532.0,12.45,161.6,26.02,0.0
101,2023,273,1533.0,12.45,173.4,26.06,0.0
101,2023,273,1534.0,12.45,266.4,26.1,0.0
101,2023,273,1535.0,12.46,236.3,26.14,0.0
101,2023,273,1536.0,12.45,150.4,26.09,0.0
101,2023,273,1537.0,12.46,144.2,26.0,0.0
101,2023,273,1538.0,12.46,187.5,25.98,0.0
101,2023,273,1539.0,12.46,421.9,26.04,0.0
101,2023,273,1540.0,12.45,291.6,26.16,0.0
101,2023,273,1541.0,12.46,437.5,26.23,0.0
101,2023,273,1542.0,12.46,436.5,26.23,0.0
101,2023,273,1543.0,12.46,433.7,26.21,0.0
101,2023,273,1544.0,12.46,423.5,26.2,0.0
101,2023,273,1545.0,12.46,312.8,26.31,0.0
101,2023,273,1546.0,12.45,372.0,26.37,0.0
101,2023,273,1547.0,12.46,416.4,26.4,0.0
101,2023,273,1548.0,12.46,389.6,26.41,0.0
101,2023,273,1549.0,12.46,396.7,26.54,0.0
101,2023,273,1550.0,12.45,405.3,26.5,0.0
101,2023,273,1551.0,12.45,398.0,26.46,0.0
101,2023,273,1552.0,12.46,387.0,26.5,0.0
101,2023,273,1553.0,12.46,368.4,26.45,0.0
101,2023,273,1554.0,12.46,366.3,26.5,0.0
101,2023,273,1555.0,12.45,349.3,26.59,0.0
101,2023,273,1556.0,12.45,342.2,26.55,0.0
101,2023,273,1557.0,12.45,344.3,26.56,0.0
101,2023,273,1558.0,12.45,342.9,26.58,0.0
101,2023,273,1559.0,12.45,344.3,26.49,0.0
101,2023,273,1600.0,12.45,343.8,26.47,0.0
101,2023,273,1601.0,12.45,341.0,26.42,0.0
101,2023,273,1602.0,12.45,337.9,26.48,0.0
101,2023,273,1603.0,12.45,334.4,26.48,0.0
101,2023,273,1604.0,12.45,324.0,26.56,0.0
101,2023,273,1605.0,12.45,316.4,26.57,0.0
101,2023,273,1606.0,12.45,305.6,26.54,0.0
101,2023,273,1607.0,12.45,294.2,26.57,0.0
101,2023,273,1608.0,12.44,217.8,26.48,0.0
101,2023,273,1609.0,12.44,273.0,26.39,0.0
101,2023,273,1610.0,12.44,259.7,26.28,0.0
101,2023,273,1611.0,12.44,100.6,26.21,0.0
101,2023,273,1612.0,12.44,88.1,26.13,0.0
101,2023,273,1613.0,12.44,85.0,26.0,0.0
101,2023,273,1614.0,12.44,81.6,25.91,0.0
101,2023,273,1615.0,12.44,76.7,25.84,0.0
101,2023,273,1616.0,12.44,71.1,25.77,0.0
101,2023,273,1617.0,12.44,66.34,25.77,0.0
101,2023,273,1618.0,12.43,64.93,25.71,0.0
101,2023,273,1619.0,12.44,66.28,25.66,0.0
101,2023,273,1620.0,12.43,70.9,25.65,0.0
101,2023,273,1621.0,12.43,109.0,25.61,0.0
101,2023,273,1622.0,12.43,192.5,25.57,0.0
101,2023,273,1623.0,12.43,126.7,25.59,0.0
101,2023,273,1624.0,12.41,65.35,25.58,0.0
101,2023,273,1625.0,12.41,58.47,25.54,0.0
101,2023,273,1626.0,12.4,55.06,25.53,0.0
101,2023,273,1627.0,12.41,52.83,25.52,0.0
101,2023,273,1628.0,12.4,51.34,25.49,0.0
101,2023,273,1629.0,12.39,50.38,25.45,0.0
101,2023,273,1630.0,12.38,49.02,25.4,0.0
101,2023,273,1631.0,12.4,47.67,25.4,0.0
101,2023,273,1632.0,12.38,46.6,25.4,0.0
101,2023,273,1633.0,12.38,46.03,25.4,0.0
101,2023,273,1634.0,12.38,45.55,25.39,0.0
101,2023,273,1635.0,12.38,45.38,25.36,0.0
101,2023,273,1636.0,12.38,45.33,25.36,0.0
101,2023,273,1637.0,12.38,44.76,25.34,0.0
101,2023,273,1638.0,12.38,44.65,25.33,0.0
101,2023,273,1639.0,12.38,45.19,25.33,0.0
101,2023,273,1640.0,12.38,59.91,25.32,0.0
101,2023,273,1641.0,12.4,100.4,25.33,0.0
101,2023,273,1642.0,12.41,100.1,25.35,0.0
101,2023,273,1643.0,12.42,95.9,25.34,0.0
101,2023,273,1644.0,12.41,91.2,25.35,0.0
101,2023,273,1645.0,12.41,89.3,25.36,0.0
101,2023,273,1646.0,12.42,91.7,25.38,0.0
101,2023,273,1647.0,12.43,92.5,25.39,0.0
101,2023,273,1648.0,12.43,92.2,25.38,0.0
101,2023,273,1649.0,12.43,92.6,25.42,0.0
101,2023,273,1650.0,12.42,92.8,25.42,0.0
101,2023,273,1651.0,12.42,91.6,25.41,0.0
101,2023,273,1652.0,12.42,90.1,25.42,0.0
101,2023,273,1653.0,12.42,86.5,25.41,0.0
101,2023,273,1654.0,12.41,80.8,25.43,0.0
101,2023,273,1655.0,12.4,75.0,25.43,0.0
101,2023,273,1656.0,12.38,69.87,25.4,0.0
101,2023,273,1657.0,12.39,65.64,25.38,0.0
101,2023,273,1658.0,12.38,62.59,25.36,0.0
101,2023,273,1659.0,12.39,59.71,25.35,0.0
101,2023,273,1700.0,12.37,57.88,25.33,0.0
101,2023,273,1701.0,12.36,56.19,25.34,0.0
101,2023,273,1702.0,12.35,53.68,25.34,0.0
101,2023,273,1703.0,12.33,49.36,25.31,0.0
101,2023,273,1704.0,12.32,43.83,25.28,0.0
101,2023,273,1705.0,12.3,37.88,25.27,0.0
101,2023,273,1706.0,12.29,31.39,25.23,0.0
101,2023,273,1707.0,12.3,26.66,25.22,0.0
101,2023,273,1708.0,12.3,24.0,25.18,0.0
101,2023,273,1709.0,12.29,21.78,25.14,0.0
101,2023,273,1710.0,12.28,19.07,25.1,0.0
101,2023,273,1711.0,12.28,16.36,25.08,0.0
101,2023,273,1712.0,12.27,14.36,25.06,0.0
101,2023,273,1713.0,12.27,12.98,25.03,0.0
101,2023,273,1714.0,12.26,11.71,25.0,0.0
101,2023,273,1715.0,12.25,10.55,24.95,0.0
101,2023,273,1716.0,12.25,9.45,24.91,0.0
101,2023,273,1717.0,12.24,8.43,24.87,0.0
101,2023,273,1718.0,12.24,7.56,24.83,0.0
101,2023,273,1719.0,12.23,6.77,24.8,0.0
101,2023,273,1720.0,12.22,6.008,24.77,0.0
101,2023,273,1721.0,12.22,5.388,24.75,0.0
101,2023,273,1722.0,12.21,4.767,24.71,0.0
101,2023,273,1723.0,12.21,4.542,24.68,0.0
101,2023,273,1724.0,12.2,4.034,24.67,0.0
101,2023,273,1725.0,12.2,3.724,24.66,0.0
101,2023,273,1726.0,12.2,3.385,24.63,0.0
101,2023,273,1727.0,12.19,3.047,24.59,0.0
101,2023,273,1728.0,12.18,2.793,24.57,0.0
101,2023,273,1729.0,12.18,2.37,24.54,0.0
101,2023,273,1730.0,12.17,2.2,24.52,0.0
101,2023,273,1731.0,12.17,1.693,24.49,0.0
101,2023,273,1732.0,12.16,1.693,24.48,0.0
101,2023,273,1733.0,12.16,1.298,24.45,0.0
101,2023,273,1734.0,12.15,1.016,24.43,0.0
101,2023,273,1735.0,12.15,1.016,24.41,0.0
101,2023,273,1736.0,12.15,1.016,24.39,0.0
101,2023,273,1737.0,12.15,0.0,24.38,0.0
101,2023,273,1738.0,12.14,0.0,24.35,0.0
101,2023,273,1739.0,12.13,0.0,24.34,0.0
101,2023,273,1740.0,12.13,0.0,24.31,0.0
101,2023,273,1741.0,12.13,0.0,24.29,0.0
101,2023,273,1742.0,12.12,0.0,24.29,0.0
101,2023,273,1743.0,12.12,0.0,24.27,0.0
101,2023,273,1744.0,12.11,0.0,24.25,0.0
101,2023,273,1745.0,12.11,0.0,24.25,0.0
101,2023,273,1746.0,12.11,0.0,24.22,0.0
101,2023,273,1747.0,12.11,0.0,24.19,0.0
101,2023,273,1748.0,12.1,0.0,24.17,0.0
101,2023,273,1749.0,12.1,0.0,24.16,0.0
101,2023,273,1750.0,12.09,0.0,24.14,0.0
101,2023,273,1751.0,12.09,0.0,24.12,0.0
101,2023,273,1752.0,12.08,0.0,24.1,0.0
101,2023,273,1753.0,12.09,0.0,24.09,0.0
101,2023,273,1754.0,12.08,0.0,24.08,0.0
101,2023,273,1755.0,12.08,0.0,24.06,0.0
101,2023,273,1756.0,12.08,0.0,24.04,0.0
101,2023,273,1757.0,12.07,0.0,24.02,0.0
101,2023,273,1758.0,12.06,0.0,24.01,0.0
101,2023,273,1759.0,12.07,0.0,23.99,0.0
101,2023,273,1800.0,12.07,0.0,23.98,0.0
101,2023,273,1801.0,12.06,0.0,23.96,0.0
101,2023,273,1802.0,12.05,0.0,23.95,0.0
101,2023,273,1803.0,12.03,0.0,23.93,0.0
101,2023,273,1804.0,11.99,0.0,23.89,0.0
101,2023,273,1805.0,11.99,0.0,23.88,0.0
101,2023,273,1806.0,11.97,0.0,23.86,0.0
101,2023,273,1807.0,12.0,0.0,23.85,0.0
101,2023,273,1808.0,12.01,0.0,23.83,0.0
101,2023,273,1809.0,12.03,0.0,23.82,0.0
101,2023,273,1810.0,12.04,0.0,23.8,0.0
101,2023,273,1811.0,12.04,0.0,23.77,0.0
101,2023,273,1812.0,12.02,0.0,23.75,0.0
101,2023,273,1813.0,12.04,0.0,23.73,0.0
101,2023,273,1814.0,12.04,0.0,23.71,0.0
101,2023,273,1815.0,12.04,0.0,23.69,0.0
101,2023,273,1816.0,12.04,0.0,23.68,0.0
101,2023,273,1817.0,12.04,0.0,23.69,0.0
101,2023,273,1818.0,12.04,0.0,23.7,0.0
101,2023,273,1819.0,12.04,0.0,23.72,0.0
101,2023,273,1820.0,12.03,0.0,23.73,0.0
101,2023,273,1821.0,12.03,0.0,23.71,0.0
101,2023,273,1822.0,12.03,0.0,23.73,0.0
101,2023,273,1823.0,12.04,0.0,23.72,0.0
101,2023,273,1824.0,12.03,0.0,23.72,0.0
101,2023,273,1825.0,12.03,0.0,23.73,0.0
101,2023,273,1826.0,12.03,0.0,23.72,0.0
101,2023,273,1827.0,12.03,0.0,23.68,0.0
101,2023,273,1828.0,12.02,0.0,23.69,0.0
101,2023,273,1829.0,12.03,0.0,23.68,0.0
101,2023,273,1830.0,12.02,0.0,23.66,0.0
101,2023,273,1831.0,12.03,0.0,23.65,0.0
101,2023,273,1832.0,12.03,0.0,23.6,0.0
101,2023,273,1833.0,12.02,0.0,23.57,0.0
101,2023,273,1834.0,12.02,0.0,23.54,0.0
101,2023,273,1835.0,12.02,0.0,23.51,0.0
101,2023,273,1836.0,12.03,0.0,23.48,0.0
101,2023,273,1837.0,12.03,0.0,23.44,0.0
101,2023,273,1838.0,12.02,0.0,23.39,0.0
101,2023,273,1839.0,12.03,0.0,23.37,0.0
101,2023,273,1840.0,12.03,0.0,23.33,0.0
101,2023,273,1841.0,12.03,0.0,23.34,0.0
101,2023,273,1842.0,12.02,0.0,23.33,0.0
101,2023,273,1843.0,12.03,0.0,23.31,0.0
101,2023,273,1844.0,12.02,0.0,23.28,0.0
101,2023,273,1845.0,12.03,0.0,23.25,0.0
101,2023,273,1846.0,12.03,0.0,23.21,0.0
101,2023,273,1847.0,12.03,0.0,23.18,0.0
101,2023,273,1848.0,12.03,0.0,23.19,0.0
101,2023,273,1849.0,12.03,0.0,23.19,0.0
101,2023,273,1850.0,12.03,0.0,23.15,0.0
101,2023,273,1851.0,12.02,0.0,23.11,0.0
101,2023,273,1852.0,12.02,0.0,23.07,0.0
101,2023,273,1853.0,12.02,0.0,23.04,0.0
101,2023,273,1854.0,12.03,0.0,23.02,0.0
101,2023,273,1855.0,12.03,0.0,22.98,0.0
101,2023,273,1856.0,12.02,0.0,22.98,0.0
101,2023,273,1857.0,12.02,0.0,22.97,0.0
101,2023,273,1858.0,12.02,0.0,22.94,0.0
101,2023,273,1859.0,12.02,0.0,22.91,0.0
101,2023,273,1900.0,12.02,0.0,22.9,0.0
101,2023,273,1901.0,12.02,0.0,22.87,0.0
101,2023,273,1902.0,12.02,0.0,22.85,0.0
101,2023,273,1903.0,12.02,0.0,22.82,0.0
101,2023,273,1904.0,12.02,0.0,22.8,0.0
101,2023,273,1905.0,12.02,0.0,22.77,0.0
101,2023,273,1906.0,12.02,0.0,22.73,0.0
101,2023,273,1907.0,12.02,0.0,22.69,0.0
101,2023,273,1908.0,12.02,0.0,22.67,0.0
101,2023,273,1909.0,12.02,0.0,22.64,0.0
101,2023,273,1910.0,12.02,0.0,22.62,0.0
101,2023,273,1911.0,12.02,0.0,22.63,0.0
101,2023,273,1912.0,12.01,0.0,22.62,0.0
101,2023,273,1913.0,12.02,0.0,22.6,0.0
101,2023,273,1914.0,12.02,0.0,22.6,0.0
101,2023,273,1915.0,12.01,0.0,22.59,0.0
101,2023,273,1916.0,12.01,0.0,22.59,0.0
101,2023,273,1917.0,12.01,0.0,22.55,0.0
101,2023,273,1918.0,12.01,0.0,22.54,0.0
101,2023,273,1919.0,12.01,0.0,22.51,0.0
101,2023,273,1920.0,12.01,0.0,22.53,0.0
101,2023,273,1921.0,12.01,0.0,22.52,0.0
101,2023,273,1922.0,12.01,0.0,22.49,0.0
101,2023,273,1923.0,12.01,0.0,22.47,0.0
101,2023,273,1924.0,12.0,0.0,22.5,0.0
101,2023,273,1925.0,12.0,0.0,22.53,0.0
101,2023,273,1926.0,12.0,0.0,22.52,0.0
101,2023,273,1927.0,12.0,0.0,22.49,0.0
101,2023,273,1928.0,12.0,0.0,22.46,0.0
101,2023,273,1929.0,12.01,0.0,22.43,0.0
101,2023,273,1930.0,12.0,0.0,22.42,0.0
101,2023,273,1931.0,12.0,0.0,22.41,0.0
101,2023,273,1932.0,12.0,0.0,22.43,0.0
101,2023,273,1933.0,12.0,0.0,22.42,0.0
101,2023,273,1934.0,12.0,0.0,22.42,0.0
101,2023,273,1935.0,12.0,0.0,22.38,0.0
101,2023,273,1936.0,11.99,0.0,22.36,0.0
101,2023,273,1937.0,12.0,0.0,22.34,0.0
101,2023,273,1938.0,12.0,0.0,22.31,0.0
101,2023,273,1939.0,11.99,0.0,22.28,0.0
101,2023,273,1940.0,11.99,0.0,22.25,0.0
101,2023,273,1941.0,12.0,0.0,22.21,0.0
101,2023,273,1942.0,12.0,0.0,22.18,0.0
101,2023,273,1943.0,12.0,0.0,22.16,0.0
101,2023,273,1944.0,12.0,0.0,22.14,0.0
101,2023,273,1945.0,12.0,0.0,22.12,0.0
101,2023,273,1946.0,11.99,0.0,22.11,0.0
101,2023,273,1947.0,11.99,0.0,22.08,0.0
101,2023,273,1948.0,11.99,0.0,22.05,0.0
101,2023,273,1949.0,11.99,0.0,22.02,0.0
101,2023,273,1950.0,11.99,0.0,22.0,0.0
101,2023,273,1951.0,11.99,0.0,21.97,0.0
101,2023,273,1952.0,11.99,0.0,21.94,0.0
101,2023,273,1953.0,11.99,0.0,21.91,0.0
101,2023,273,1954.0,11.97,0.0,21.88,0.0
101,2023,273,1955.0,11.97,0.0,21.86,0.0
101,2023,273,1956.0,11.97,0.0,21.87,0.0
101,2023,273,1957.0,11.99,0.0,21.85,0.0
101,2023,273,1958.0,11.99,0.0,21.83,0.0
101,2023,273,1959.0,11.99,0.0,21.83,0.0
101,2023,273,2000.0,11.99,0.0,21.82,0.0
101,2023,273,2001.0,11.99,0.0,21.82,0.0
101,2023,273,2002.0,11.99,0.0,21.84,0.0
101,2023,273,2003.0,11.99,0.0,21.81,0.0
101,2023,273,2004.0,11.99,0.0,21.78,0.0
101,2023,273,2005.0,11.99,0.0,21.78,0.0
101,2023,273,2006.0,11.99,0.0,21.75,0.0
101,2023,273,2007.0,11.99,0.0,21.75,0.0
101,2023,273,2008.0,11.99,0.0,21.74,0.0
101,2023,273,2009.0,11.99,0.0,21.75,0.0
101,2023,273,2010.0,11.99,0.0,21.75,0.0
101,2023,273,2011.0,11.99,0.0,21.73,0.0
101,2023,273,2012.0,11.99,0.0,21.73,0.0
101,2023,273,2013.0,11.99,0.0,21.73,0.0
101,2023,273,2014.0,11.98,0.0,21.71,0.0
101,2023,273,2015.0,11.98,0.0,21.71,0.0
101,2023,273,2016.0,11.98,0.0,21.68,0.0
101,2023,273,2017.0,11.98,0.0,21.67,0.0
101,2023,273,2018.0,11.98,0.0,21.67,0.0
101,2023,273,2019.0,11.98,0.0,21.67,0.0
101,2023,273,2020.0,11.98,0.0,21.65,0.0
101,2023,273,2021.0,11.98,0.0,21.64,0.0
101,2023,273,2022.0,11.98,0.0,21.63,0.0
101,2023,273,2023.0,11.98,0.0,21.63,0.0
101,2023,273,2024.0,11.98,0.0,21.62,0.0
101,2023,273,2025.0,11.98,0.0,21.61,0.0
101,2023,273,2026.0,11.98,0.0,21.6,0.0
101,2023,273,2027.0,11.98,0.0,21.61,0.0
101,2023,273,2028.0,11.98,0.0,21.59,0.0
101,2023,273,2029.0,11.98,0.0,21.56,0.0
101,2023,273,2030.0,11.98,0.0,21.55,0.0
101,2023,273,2031.0,11.98,0.0,21.52,0.0
101,2023,273,2032.0,11.98,0.0,21.49,0.0
101,2023,273,2033.0,11.98,0.0,21.47,0.0
101,2023,273,2034.0,11.98,0.0,21.48,0.0
101,2023,273,2035.0,11.98,0.0,21.5,0.0
101,2023,273,2036.0,11.97,0.0,21.48,0.0
101,2023,273,2037.0,11.97,0.0,21.45,0.0
101,2023,273,2038.0,11.97,0.0,21.42,0.0
101,2023,273,2039.0,11.97,0.0,21.41,0.0
101,2023,273,2040.0,11.96,0.0,21.38,0.0
101,2023,273,2041.0,11.96,0.0,21.36,0.0
101,2023,273,2042.0,11.96,0.0,21.33,0.0
101,2023,273,2043.0,11.97,0.0,21.32,0.0
101,2023,273,2044.0,11.97,0.0,21.31,0.0
101,2023,273,2045.0,11.96,0.0,21.29,0.0
101,2023,273,2046.0,11.96,0.0,21.27,0.0
101,2023,273,2047.0,11.97,0.0,21.23,0.0
101,2023,273,2048.0,11.96,0.0,21.21,0.0
101,2023,273,2049.0,11.96,0.0,21.18,0.0
101,2023,273,2050.0,11.96,0.0,21.14,0.0
101,2023,273,2051.0,11.97,0.0,21.11,0.0
101,2023,273,2052.0,11.96,0.0,21.07,0.0
101,2023,273,2053.0,11.96,0.0,21.02,0.0
101,2023,273,2054.0,11.96,0.0,20.99,0.0
101,2023,273,2055.0,11.96,0.0,20.96,0.0
101,2023,273,2056.0,11.96,0.0,20.93,0.0
101,2023,273,2057.0,11.97,0.0,20.9,0.0
101,2023,273,2058.0,11.97,0.0,20.87,0.0
101,2023,273,2059.0,11.97,0.0,20.84,0.0
101,2023,273,2100.0,11.97,0.0,20.83,0.0
101,2023,273,2101.0,11.97,0.0,20.82,0.0
101,2023,273,2102.0,11.97,0.0,20.79,0.0
101,2023,273,2103.0,11.96,0.0,20.75,0.0
101,2023,273,2104.0,11.96,0.0,20.72,0.0
101,2023,273,2105.0,11.97,0.0,20.7,0.0
101,2023,273,2106.0,11.97,0.0,20.69,0.0
101,2023,273,2107.0,11.97,0.0,20.67,0.0
101,2023,273,2108.0,11.96,0.0,20.64,0.0
101,2023,273,2109.0,11.97,0.0,20.61,0.0
101,2023,273,2110.0,11.97,0.0,20.57,0.0
101,2023,273,2111.0,11.97,0.0,20.55,0.0
101,2023,273,2112.0,11.97,0.0,20.54,0.0
101,2023,273,2113.0,11.97,0.0,20.52,0.0
101,2023,273,2114.0,11.96,0.0,20.49,0.0
101,2023,273,2115.0,11.97,0.0,20.47,0.0
101,2023,273,2116.0,11.96,0.0,20.44,0.0
101,2023,273,2117.0,11.96,0.0,20.42,0.0
101,2023,273,2118.0,11.96,0.0,20.4,0.0
101,2023,273,2119.0,11.96,0.0,20.43,0.0
101,2023,273,2120.0,11.96,0.0,20.44,0.0
101,2023,273,2121.0,11.96,0.0,20.4,0.0
101,2023,273,2122.0,11.96,0.0,20.43,0.0
101,2023,273,2123.0,11.96,0.0,20.42,0.0
101,2023,273,2124.0,11.96,0.0,20.39,0.0
101,2023,273,2125.0,11.96,0.0,20.37,0.0
101,2023,273,2126.0,11.96,0.0,20.34,0.0
101,2023,273,2127.0,11.96,0.0,20.32,0.0
101,2023,273,2128.0,11.96,0.0,20.31,0.0
101,2023,273,2129.0,11.96,0.0,20.3,0.0
101,2023,273,2130.0,11.95,0.0,20.28,0.0
101,2023,273,2131.0,11.95,0.0,20.26,0.0
101,2023,273,2132.0,11.96,0.0,20.25,0.0
101,2023,273,2133.0,11.95,0.0,20.24,0.0
101,2023,273,2134.0,11.95,0.0,20.22,0.0
101,2023,273,2135.0,11.95,0.0,20.21,0.0
101,2023,273,2136.0,11.95,0.0,20.21,0.0
101,2023,273,2137.0,11.95,0.0,20.21,0.0
101,2023,273,2138.0,11.94,0.0,20.23,0.0
101,2023,273,2139.0,11.94,0.0,20.2,0.0
101,2023,273,2140.0,11.94,0.0,20.17,0.0
101,2023,273,2141.0,11.94,0.0,20.15,0.0
101,2023,273,2142.0,11.93,0.0,20.14,0.0
101,2023,273,2143.0,11.93,0.0,20.15,0.0
101,2023,273,2144.0,11.92,0.0,20.17,0.0
101,2023,273,2145.0,11.93,0.0,20.16,0.0
101,2023,273,2146.0,11.92,0.0,20.17,0.0
101,2023,273,2147.0,11.93,0.0,20.17,0.0
101,2023,273,2148.0,11.92,0.0,20.15,0.0
101,2023,273,2149.0,11.89,0.0,20.14,0.0
101,2023,273,2150.0,11.9,0.0,20.13,0.0
101,2023,273,2151.0,11.92,0.0,20.12,0.0
101,2023,273,2152.0,11.86,0.0,20.09,0.0
101,2023,273,2153.0,11.9,0.0,20.06,0.0
101,2023,273,2154.0,11.91,0.0,20.04,0.0
101,2023,273,2155.0,11.91,0.0,20.06,0.0
101,2023,273,2156.0,11.89,0.0,20.06,0.0
101,2023,273,2157.0,11.89,0.0,20.07,0.0
101,2023,273,2158.0,11.89,0.0,20.06,0.0
101,2023,273,2159.0,11.89,0.0,20.04,0.0
101,2023,273,2200.0,11.89,0.0,20.02,0.0
101,2023,273,2201.0,11.88,0.0,20.04,0.0
101,2023,273,2202.0,11.88,0.0,20.04,0.0
101,2023,273,2203.0,11.88,0.0,20.02,0.0
101,2023,273,2204.0,11.91,0.0,19.98,0.0
101,2023,273,2205.0,11.92,0.0,19.99,0.0
101,2023,273,2206.0,11.92,0.0,20.04,0.0
101,2023,273,2207.0,11.92,0.0,20.04,0.0
101,2023,273,2208.0,11.92,0.0,20.04,0.0
101,2023,273,2209.0,11.92,0.0,20.02,0.0
101,2023,273,2210.0,11.92,0.0,19.98,0.0
101,2023,273,2211.0,11.92,0.0,19.95,0.0
101,2023,273,2212.0,11.92,0.0,19.92,0.0
101,2023,273,2213.0,11.92,0.0,19.9,0.0
101,2023,273,2214.0,11.92,0.0,19.87,0.0
101,2023,273,2215.0,11.92,0.0,19.85,0.0
101,2023,273,2216.0,11.91,0.0,19.84,0.0
101,2023,273,2217.0,11.92,0.0,19.83,0.0
101,2023,273,2218.0,11.91,0.0,19.85,0.0
101,2023,273,2219.0,11.92,0.0,19.89,0.0
101,2023,273,2220.0,11.92,0.0,19.86,0.0
101,2023,273,2221.0,11.97,0.0,19.86,0.0
101,2023,273,2222.0,11.91,0.0,19.91,0.0
101,2023,273,2223.0,11.92,0.0,19.92,0.0
101,2023,273,2224.0,11.92,0.0,19.89,0.0
101,2023,273,2225.0,11.92,0.0,19.85,0.0
101,2023,273,2226.0,11.92,0.0,19.83,0.0
101,2023,273,2227.0,11.92,0.0,19.81,0.0
101,2023,273,2228.0,11.92,0.0,19.78,0.0
101,2023,273,2229.0,11.92,0.0,19.77,0.0
101,2023,273,2230.0,11.92,0.0,19.76,0.0
101,2023,273,2231.0,11.92,0.0,19.78,0.0
101,2023,273,2232.0,11.92,0.0,19.78,0.0
101,2023,273,2233.0,11.92,0.0,19.76,0.0
101,2023,273,2234.0,11.92,0.0,19.75,0.0
101,2023,273,2235.0,11.92,0.0,19.76,0.0
101,2023,273,2236.0,11.92,0.0,19.76,0.0
101,2023,273,2237.0,11.92,0.0,19.74,0.0
101,2023,273,2238.0,11.92,0.0,19.72,0.0
101,2023,273,2239.0,11.92,0.0,19.69,0.0
101,2023,273,2240.0,11.92,0.0,19.68,0.0
101,2023,273,2241.0,11.92,0.0,19.69,0.0
101,2023,273,2242.0,11.92,0.0,19.69,0.0
101,2023,273,2243.0,11.92,0.0,19.67,0.0
101,2023,273,2244.0,11.92,0.0,19.65,0.0
101,2023,273,2245.0,11.92,0.0,19.64,0.0
101,2023,273,2246.0,11.91,0.0,19.63,0.0
101,2023,273,2247.0,11.92,0.0,19.61,0.0
101,2023,273,2248.0,11.92,0.0,19.61,0.0
101,2023,273,2249.0,11.92,0.0,19.61,0.0
101,2023,273,2250.0,11.91,0.0,19.6,0.0
101,2023,273,2251.0,11.91,0.0,19.59,0.0
101,2023,273,2252.0,11.91,0.0,19.57,0.0
101,2023,273,2253.0,11.91,0.0,19.57,0.0
101,2023,273,2254.0,11.91,0.0,19.61,0.0
101,2023,273,2255.0,11.91,0.0,19.6,0.0
101,2023,273,2256.0,11.91,0.0,19.59,0.0
101,2023,273,2257.0,11.91,0.0,19.57,0.0
101,2023,273,2258.0,11.91,0.0,19.56,0.0
101,2023,273,2259.0,11.91,0.0,19.6,0.0
101,2023,273,2300.0,11.91,0.0,19.59,0.0
101,2023,273,2301.0,11.91,0.0,19.56,0.0
101,2023,273,2302.0,11.91,0.0,19.52,0.0
101,2023,273,2303.0,11.91,0.0,19.5,0.0
101,2023,273,2304.0,11.91,0.0,19.48,0.0
101,2023,273,2305.0,11.91,0.0,19.46,0.0
101,2023,273,2306.0,11.91,0.0,19.44,0.0
101,2023,273,2307.0,11.92,0.0,19.43,0.0
101,2023,273,2308.0,11.91,0.0,19.42,0.0
101,2023,273,2309.0,11.92,0.0,19.43,0.0
101,2023,273,2310.0,11.92,0.0,19.44,0.0
101,2023,273,2311.0,11.92,0.0,19.44,0.0
101,2023,273,2312.0,11.92,0.0,19.44,0.0
101,2023,273,2313.0,11.92,0.0,19.44,0.0
101,2023,273,2314.0,11.92,0.0,19.45,0.0
101,2023,273,2315.0,11.92,0.0,19.46,0.0
101,2023,273,2316.0,11.92,0.0,19.47,0.0
101,2023,273,2317.0,11.92,0.0,19.48,0.0
101,2023,273,2318.0,11.92,0.0,19.5,0.0
101,2023,273,2319.0,11.91,0.0,19.5,0.0
101,2023,273,2320.0,11.91,0.0,19.5,0.0
101,2023,273,2321.0,11.91,0.0,19.51,0.0
101,2023,273,2322.0,11.91,0.0,19.51,0.0
101,2023,273,2323.0,11.91,0.0,19.56,0.0
101,2023,273,2324.0,11.91,0.0,19.61,0.0
101,2023,273,2325.0,11.91,0.0,19.61,0.0
101,2023,273,2326.0,11.91,0.0,19.61,0.0
101,2023,273,2327.0,11.91,0.0,19.61,0.0
101,2023,273,2328.0,11.91,0.0,19.6,0.0
101,2023,273,2329.0,11.91,0.0,19.58,0.0
101,2023,273,2330.0,11.91,0.0,19.57,0.0
101,2023,273,2331.0,11.91,0.0,19.57,0.0
101,2023,273,2332.0,11.9,0.0,19.58,0.0
101,2023,273,2333.0,11.91,0.0,19.62,0.0
101,2023,273,2334.0,11.9,0.0,19.61,0.0
101,2023,273,2335.0,11.9,0.0,19.6,0.0
101,2023,273,2336.0,11.89,0.0,19.57,0.0
101,2023,273,2337.0,11.89,0.0,19.55,0.0
101,2023,273,2338.0,11.89,0.0,19.53,0.0
101,2023,273,2339.0,11.89,0.0,19.51,0.0
101,2023,273,2340.0,11.87,0.0,19.49,0.0
101,2023,273,2341.0,11.86,0.0,19.48,0.0
101,2023,273,2342.0,11.86,0.0,19.49,0.0
101,2023,273,2343.0,11.85,0.0,19.53,0.0
101,2023,273,2344.0,11.82,0.0,19.55,0.0
101,2023,273,2345.0,11.84,0.0,19.55,0.0
101,2023,273,2346.0,11.81,0.0,19.55,0.0
101,2023,273,2347.0,11.83,0.0,19.54,0.0
101,2023,273,2348.0,11.83,0.0,19.52,0.0
101,2023,273,2349.0,11.84,0.0,19.52,0.0
101,2023,273,2350.0,11.8,0.0,19.51,0.0
101,2023,273,2351.0,11.86,0.0,19.49,0.0
101,2023,273,2352.0,11.87,0.0,19.45,0.0
101,2023,273,2353.0,11.88,0.0,19.42,0.0
101,2023,273,2354.0,11.89,0.0,19.38,0.0
101,2023,273,2355.0,11.89,0.0,19.34,0.0
101,2023,273,2356.0,11.9,0.0,19.32,0.0
101,2023,273,2357.0,11.9,0.0,19.29,0.0
101,2023,273,2358.0,11.89,0.0,19.27,0.0
101,2023,273,2359.0,11.89,0.0,19.25,0.0
