a,b,dia_juliano,d,e,f,g,h
101,2023,289,530.0,12.6,42.82,20.03,0.0
101,2023,289,531.0,12.6,54.17,20.05,0.0
101,2023,289,532.0,12.6,63.26,20.08,0.0
101,2023,289,533.0,12.61,65.91,20.09,0.0
101,2023,289,534.0,12.6,64.53,20.11,0.0
101,2023,289,535.0,12.6,46.77,20.12,0.0
101,2023,289,536.0,12.6,57.47,20.18,0.0
101,2023,289,537.0,12.6,70.9,20.25,0.0
101,2023,289,538.0,12.6,77.8,20.29,0.0
101,2023,289,539.0,12.6,80.8,20.29,0.0
101,2023,289,540.0,12.6,82.6,20.31,0.0
101,2023,289,541.0,12.6,85.0,20.38,0.0
101,2023,289,542.0,12.6,86.8,20.48,0.0
101,2023,289,543.0,12.61,89.5,20.61,0.0
101,2023,289,544.0,12.61,91.9,20.67,0.0
101,2023,289,545.0,12.61,67.88,20.74,0.0
101,2023,289,546.0,12.6,53.83,20.84,0.0
101,2023,289,547.0,12.6,71.7,20.92,0.0
101,2023,289,548.0,12.6,103.6,20.91,0.0
101,2023,289,549.0,12.6,108.2,20.96,0.0
101,2023,289,550.0,12.6,112.8,21.07,0.0
101,2023,289,551.0,12.6,115.1,21.09,0.0
101,2023,289,552.0,12.6,117.3,21.16,0.0
101,2023,289,553.0,12.6,120.0,21.21,0.0
101,2023,289,554.0,12.59,123.6,21.34,0.0
101,2023,289,555.0,12.6,127.5,21.47,0.0
101,2023,289,556.0,12.59,131.4,21.53,0.0
101,2023,289,557.0,12.6,100.0,21.64,0.0
101,2023,289,558.0,12.59,101.4,21.68,0.0
101,2023,289,559.0,12.59,137.9,21.72,0.0
101,2023,289,600.0,12.59,159.4,21.79,0.0
101,2023,289,601.0,12.59,162.5,21.94,0.0
101,2023,289,602.0,12.59,155.8,22.09,0.0
101,2023,289,603.0,12.58,117.3,22.27,0.0
101,2023,289,604.0,12.58,176.4,22.3,0.0
101,2023,289,605.0,12.58,180.3,22.51,0.0
101,2023,289,606.0,12.59,135.3,22.68,0.0
101,2023,289,607.0,12.58,184.7,22.69,0.0
101,2023,289,608.0,12.58,193.1,22.7,0.0
101,2023,289,609.0,12.58,216.6,22.92,0.0
101,2023,289,610.0,12.58,230.2,23.21,0.0
101,2023,289,611.0,12.58,206.2,23.47,0.0
101,2023,289,612.0,12.57,247.3,23.63,0.0
101,2023,289,613.0,12.57,213.8,23.81,0.0
101,2023,289,614.0,12.57,234.2,23.89,0.0
101,2023,289,615.0,12.57,232.4,23.95,0.0
101,2023,289,616.0,12.56,235.5,24.05,0.0
101,2023,289,617.0,12.57,240.0,24.12,0.0
101,2023,289,618.0,12.56,205.4,24.29,0.0
101,2023,289,619.0,12.56,101.7,24.35,0.0
101,2023,289,620.0,12.56,112.9,24.35,0.0
101,2023,289,621.0,12.56,166.8,24.25,0.0
101,2023,289,622.0,12.56,235.2,24.22,0.0
101,2023,289,623.0,12.56,202.0,24.34,0.0
101,2023,289,624.0,12.56,234.2,24.46,0.0
101,2023,289,625.0,12.56,236.2,24.55,0.0
101,2023,289,626.0,12.55,236.8,24.59,0.0
101,2023,289,627.0,12.56,220.8,24.67,0.0
101,2023,289,628.0,12.55,148.9,24.68,0.0
101,2023,289,629.0,12.56,240.4,24.72,0.0
101,2023,289,630.0,12.55,248.1,24.8,0.0
101,2023,289,631.0,12.55,253.5,24.89,0.0
101,2023,289,632.0,12.54,256.2,24.96,0.0
101,2023,289,633.0,12.55,257.9,25.03,0.0
101,2023,289,634.0,12.54,262.6,24.95,0.0
101,2023,289,635.0,12.54,264.0,25.02,0.0
101,2023,289,636.0,12.54,266.9,25.09,0.0
101,2023,289,637.0,12.54,272.3,25.17,0.0
101,2023,289,638.0,12.53,276.9,25.01,0.0
101,2023,289,639.0,12.53,280.6,25.19,0.0
101,2023,289,640.0,12.53,284.5,25.32,0.0
101,2023,289,641.0,12.53,288.4,25.37,0.0
101,2023,289,642.0,12.53,292.6,25.3,0.0
101,2023,289,643.0,12.52,296.9,24.85,0.0
101,2023,289,644.0,12.52,300.2,24.66,0.0
101,2023,289,645.0,12.52,304.4,24.79,0.0
101,2023,289,646.0,12.52,308.9,24.98,0.0
101,2023,289,647.0,12.51,311.6,25.08,0.0
101,2023,289,648.0,12.51,314.6,25.13,0.0
101,2023,289,649.0,12.51,319.4,25.26,0.0
101,2023,289,650.0,12.51,323.2,25.11,0.0
101,2023,289,651.0,12.51,327.0,24.88,0.0
101,2023,289,652.0,12.5,330.2,25.07,0.0
101,2023,289,653.0,12.5,334.3,25.18,0.0
101,2023,289,654.0,12.5,338.4,25.23,0.0
101,2023,289,655.0,12.49,343.1,25.35,0.0
101,2023,289,656.0,12.49,347.1,25.46,0.0
101,2023,289,657.0,12.48,350.9,25.36,0.0
101,2023,289,658.0,12.46,355.0,25.25,0.0
101,2023,289,659.0,12.46,360.1,25.31,0.0
101,2023,289,700.0,12.46,365.6,25.13,0.0
101,2023,289,701.0,12.46,370.0,25.02,0.0
101,2023,289,702.0,12.44,374.7,25.2,0.0
101,2023,289,703.0,12.47,379.7,25.12,0.0
101,2023,289,704.0,12.46,384.8,25.07,0.0
101,2023,289,705.0,12.46,390.5,25.03,0.0
101,2023,289,706.0,12.45,395.1,24.91,0.0
101,2023,289,707.0,12.46,399.2,24.89,0.0
101,2023,289,708.0,12.46,404.3,24.92,0.0
101,2023,289,709.0,12.45,410.7,24.96,0.0
101,2023,289,710.0,12.45,416.2,25.05,0.0
101,2023,289,711.0,12.45,424.1,25.07,0.0
101,2023,289,712.0,12.45,431.8,25.03,0.0
101,2023,289,713.0,12.46,434.9,24.96,0.0
101,2023,289,714.0,12.45,386.5,25.04,0.0
101,2023,289,715.0,12.45,446.1,25.21,0.0
101,2023,289,716.0,12.45,455.8,25.14,0.0
101,2023,289,717.0,12.45,451.1,25.08,0.0
101,2023,289,718.0,12.45,448.8,25.2,0.0
101,2023,289,719.0,12.46,455.7,25.23,0.0
101,2023,289,720.0,12.45,460.5,25.38,0.0
101,2023,289,721.0,12.45,460.1,25.52,0.0
101,2023,289,722.0,12.45,464.4,25.67,0.0
101,2023,289,723.0,12.45,471.6,25.81,0.0
101,2023,289,724.0,12.45,476.5,25.9,0.0
101,2023,289,725.0,12.45,350.8,25.97,0.0
101,2023,289,726.0,12.44,485.7,26.01,0.0
101,2023,289,727.0,12.44,461.0,26.14,0.0
101,2023,289,728.0,12.44,494.4,26.29,0.0
101,2023,289,729.0,12.44,158.9,26.45,0.0
101,2023,289,730.0,12.43,123.4,26.48,0.0
101,2023,289,731.0,12.43,136.7,26.34,0.0
101,2023,289,732.0,12.43,133.4,26.02,0.0
101,2023,289,733.0,12.41,143.7,25.61,0.0
101,2023,289,734.0,12.4,172.6,25.51,0.0
101,2023,289,735.0,12.39,160.9,25.37,0.0
101,2023,289,736.0,12.41,157.9,25.48,0.0
101,2023,289,737.0,12.42,166.0,25.4,0.0
101,2023,289,738.0,12.43,175.4,25.34,0.0
101,2023,289,739.0,12.43,173.0,25.33,0.0
101,2023,289,740.0,12.43,167.8,25.28,0.0
101,2023,289,741.0,12.44,167.3,25.35,0.0
101,2023,289,742.0,12.44,159.1,25.28,0.0
101,2023,289,743.0,12.41,159.5,25.21,0.0
101,2023,289,744.0,12.4,166.7,25.2,0.0
101,2023,289,745.0,12.4,178.0,25.19,0.0
101,2023,289,746.0,12.39,184.3,25.18,0.0
101,2023,289,747.0,12.38,174.9,25.24,0.0
101,2023,289,748.0,12.38,171.4,25.22,0.0
101,2023,289,749.0,12.39,499.0,25.26,0.0
101,2023,289,750.0,12.37,682.6,25.38,0.0
101,2023,289,751.0,12.39,637.9,25.51,0.0
101,2023,289,752.0,12.4,675.9,25.72,0.0
101,2023,289,753.0,12.4,464.5,25.85,0.0
101,2023,289,754.0,12.4,220.3,26.0,0.0
101,2023,289,755.0,12.41,200.7,25.86,0.0
101,2023,289,756.0,12.4,210.0,25.73,0.0
101,2023,289,757.0,12.4,412.4,25.78,0.0
101,2023,289,758.0,12.38,249.4,25.81,0.0
101,2023,289,759.0,12.38,345.7,25.85,0.0
101,2023,289,800.0,12.39,528.7,25.87,0.0
101,2023,289,801.0,12.4,253.1,25.97,0.0
101,2023,289,802.0,12.39,266.4,25.96,0.0
101,2023,289,803.0,12.4,530.4,25.89,0.0
101,2023,289,804.0,12.4,385.9,25.8,0.0
101,2023,289,805.0,12.4,531.0,25.76,0.0
101,2023,289,806.0,12.4,755.0,25.97,0.0
101,2023,289,807.0,12.41,659.1,26.21,0.0
101,2023,289,808.0,12.4,265.8,26.2,0.0
101,2023,289,809.0,12.41,676.4,26.32,0.0
101,2023,289,810.0,12.4,586.3,26.4,0.0
101,2023,289,811.0,12.38,302.1,26.5,0.0
101,2023,289,812.0,12.38,519.4,26.57,0.0
101,2023,289,813.0,12.37,531.4,26.47,0.0
101,2023,289,814.0,12.35,247.8,26.48,0.0
101,2023,289,815.0,12.38,447.4,26.44,0.0
101,2023,289,816.0,12.4,205.2,26.39,0.0
101,2023,289,817.0,12.4,168.8,26.27,0.0
101,2023,289,818.0,12.4,168.7,26.21,0.0
101,2023,289,819.0,12.4,174.2,26.16,0.0
101,2023,289,820.0,12.41,180.9,26.11,0.0
101,2023,289,821.0,12.41,199.1,26.04,0.0
101,2023,289,822.0,12.41,215.5,25.94,0.0
101,2023,289,823.0,12.41,229.2,25.97,0.0
101,2023,289,824.0,12.42,232.8,25.99,0.0
101,2023,289,825.0,12.41,539.5,26.0,0.0
101,2023,289,826.0,12.41,256.3,26.04,0.0
101,2023,289,827.0,12.41,464.6,26.07,0.0
101,2023,289,828.0,12.41,592.8,26.13,0.0
101,2023,289,829.0,12.42,447.2,26.2,0.0
101,2023,289,830.0,12.41,230.6,26.17,0.0
101,2023,289,831.0,12.41,213.3,26.12,0.0
101,2023,289,832.0,12.41,226.4,26.09,0.0
101,2023,289,833.0,12.41,315.0,26.05,0.0
101,2023,289,834.0,12.41,372.5,26.01,0.0
101,2023,289,835.0,12.41,662.3,26.07,0.0
101,2023,289,836.0,12.41,864.0,26.26,0.0
101,2023,289,837.0,12.41,771.0,26.34,0.0
101,2023,289,838.0,12.41,377.8,26.42,0.0
101,2023,289,839.0,12.41,369.9,26.64,0.0
101,2023,289,840.0,12.41,632.5,26.67,0.0
101,2023,289,841.0,12.41,544.4,26.67,0.0
101,2023,289,842.0,12.41,814.0,26.83,0.0
101,2023,289,843.0,12.41,880.0,27.01,0.0
101,2023,289,844.0,12.4,866.0,27.03,0.0
101,2023,289,845.0,12.4,846.0,27.33,0.0
101,2023,289,846.0,12.4,577.3,27.34,0.0
101,2023,289,847.0,12.4,204.4,27.18,0.0
101,2023,289,848.0,12.4,202.7,27.13,0.0
101,2023,289,849.0,12.4,213.8,26.88,0.0
101,2023,289,850.0,12.39,227.3,26.74,0.0
101,2023,289,851.0,12.39,245.7,26.64,0.0
101,2023,289,852.0,12.38,256.5,26.55,0.0
101,2023,289,853.0,12.38,276.4,26.55,0.0
101,2023,289,854.0,12.38,402.5,26.46,0.0
101,2023,289,855.0,12.39,874.0,26.54,0.0
101,2023,289,856.0,12.38,369.9,26.75,0.0
101,2023,289,857.0,12.38,590.7,26.84,0.0
101,2023,289,858.0,12.38,611.2,27.0,0.0
101,2023,289,859.0,12.37,527.3,27.12,0.0
101,2023,289,900.0,12.38,561.0,27.12,0.0
101,2023,289,901.0,12.39,658.8,26.92,0.0
101,2023,289,902.0,12.4,869.0,26.87,0.0
101,2023,289,903.0,12.4,858.0,27.19,0.0
101,2023,289,904.0,12.4,788.0,27.34,0.0
101,2023,289,905.0,12.4,838.0,27.34,0.0
101,2023,289,906.0,12.4,857.0,27.41,0.0
101,2023,289,907.0,12.4,852.0,27.53,0.0
101,2023,289,908.0,12.4,861.0,27.84,0.0
101,2023,289,909.0,12.4,854.0,27.67,0.0
101,2023,289,910.0,12.4,852.0,27.55,0.0
101,2023,289,911.0,12.4,854.0,27.65,0.0
101,2023,289,912.0,12.4,859.0,27.48,0.0
101,2023,289,913.0,12.41,863.0,27.49,0.0
101,2023,289,914.0,12.4,869.0,27.6,0.0
101,2023,289,915.0,12.4,877.0,27.6,0.0
101,2023,289,916.0,12.4,885.0,27.68,0.0
101,2023,289,917.0,12.4,898.0,27.97,0.0
101,2023,289,918.0,12.4,927.0,27.81,0.0
101,2023,289,919.0,12.39,724.0,27.84,0.0
101,2023,289,920.0,12.39,247.1,27.99,0.0
101,2023,289,921.0,12.39,454.7,27.87,0.0
101,2023,289,922.0,12.39,265.4,27.69,0.0
101,2023,289,923.0,12.39,251.1,27.44,0.0
101,2023,289,924.0,12.38,300.6,27.34,0.0
101,2023,289,925.0,12.39,273.4,27.33,0.0
101,2023,289,926.0,12.39,402.6,27.32,0.0
101,2023,289,927.0,12.4,388.9,27.33,0.0
101,2023,289,928.0,12.39,238.7,27.2,0.0
101,2023,289,929.0,12.4,227.4,27.08,0.0
101,2023,289,930.0,12.4,236.3,27.0,0.0
101,2023,289,931.0,12.41,540.2,26.99,0.0
101,2023,289,932.0,12.4,978.0,27.0,0.0
101,2023,289,933.0,12.41,1015.0,27.2,0.0
101,2023,289,934.0,12.4,998.0,27.51,0.0
101,2023,289,935.0,12.4,994.0,27.75,0.0
101,2023,289,936.0,12.4,1001.0,27.92,0.0
101,2023,289,937.0,12.41,1010.0,27.83,0.0
101,2023,289,938.0,12.4,1025.0,27.99,0.0
101,2023,289,939.0,12.4,812.0,28.11,0.0
101,2023,289,940.0,12.4,337.5,28.21,0.0
101,2023,289,941.0,12.4,266.6,27.91,0.0
101,2023,289,942.0,12.39,381.9,27.66,0.0
101,2023,289,943.0,12.37,548.2,27.47,0.0
101,2023,289,944.0,12.37,384.2,27.56,0.0
101,2023,289,945.0,12.37,319.4,27.53,0.0
101,2023,289,946.0,12.37,506.8,27.46,0.0
101,2023,289,947.0,12.37,322.2,27.34,0.0
101,2023,289,948.0,12.37,319.4,27.22,0.0
101,2023,289,949.0,12.37,310.1,27.15,0.0
101,2023,289,950.0,12.36,278.7,27.15,0.0
101,2023,289,951.0,12.37,435.5,27.14,0.0
101,2023,289,952.0,12.37,954.0,27.23,0.0
101,2023,289,953.0,12.37,794.0,27.35,0.0
101,2023,289,954.0,12.37,1107.0,27.45,0.0
101,2023,289,955.0,12.37,1103.0,27.78,0.0
101,2023,289,956.0,12.36,1097.0,28.09,0.0
101,2023,289,957.0,12.36,1082.0,28.31,0.0
101,2023,289,958.0,12.36,1082.0,28.42,0.0
101,2023,289,959.0,12.36,552.8,28.2,0.0
101,2023,289,1000.0,12.36,304.6,27.88,0.0
101,2023,289,1001.0,12.36,278.9,27.87,0.0
101,2023,289,1002.0,12.36,312.3,27.87,0.0
101,2023,289,1003.0,12.34,355.8,27.77,0.0
101,2023,289,1004.0,12.35,583.8,27.56,0.0
101,2023,289,1005.0,12.35,1134.0,27.41,0.0
101,2023,289,1006.0,12.35,682.9,27.54,0.0
101,2023,289,1007.0,12.35,346.4,27.8,0.0
101,2023,289,1008.0,12.34,308.6,27.8,0.0
101,2023,289,1009.0,12.34,306.7,27.56,0.0
101,2023,289,1010.0,12.34,340.9,27.5,0.0
101,2023,289,1011.0,12.36,377.3,27.45,0.0
101,2023,289,1012.0,12.36,996.0,27.44,0.0
101,2023,289,1013.0,12.36,1040.0,27.68,0.0
101,2023,289,1014.0,12.37,374.1,28.06,0.0
101,2023,289,1015.0,12.37,339.2,27.74,0.0
101,2023,289,1016.0,12.37,571.9,27.49,0.0
101,2023,289,1017.0,12.37,1109.0,27.41,0.0
101,2023,289,1018.0,12.37,644.5,27.58,0.0
101,2023,289,1019.0,12.38,258.2,27.74,0.0
101,2023,289,1020.0,12.38,238.9,27.7,0.0
101,2023,289,1021.0,12.38,220.0,27.48,0.0
101,2023,289,1022.0,12.38,204.8,27.44,0.0
101,2023,289,1023.0,12.38,218.8,27.3,0.0
101,2023,289,1024.0,12.37,253.0,27.19,0.0
101,2023,289,1025.0,12.37,300.8,27.26,0.0
101,2023,289,1026.0,12.37,380.7,27.31,0.0
101,2023,289,1027.0,12.38,1048.0,27.37,0.0
101,2023,289,1028.0,12.38,465.8,27.56,0.0
101,2023,289,1029.0,12.38,793.0,27.63,0.0
101,2023,289,1030.0,12.36,1130.0,27.65,0.0
101,2023,289,1031.0,12.36,1234.0,27.7,0.0
101,2023,289,1032.0,12.36,1079.0,27.86,0.0
101,2023,289,1033.0,12.35,846.0,27.9,0.0
101,2023,289,1034.0,12.36,694.3,27.92,0.0
101,2023,289,1035.0,12.36,495.8,27.93,0.0
101,2023,289,1036.0,12.36,450.9,27.76,0.0
101,2023,289,1037.0,12.35,409.8,27.64,0.0
101,2023,289,1038.0,12.36,384.7,27.46,0.0
101,2023,289,1039.0,12.36,370.1,27.47,0.0
101,2023,289,1040.0,12.37,350.4,27.45,0.0
101,2023,289,1041.0,12.37,344.5,27.46,0.0
101,2023,289,1042.0,12.37,373.5,27.46,0.0
101,2023,289,1043.0,12.37,480.0,27.3,0.0
101,2023,289,1044.0,12.37,582.7,27.19,0.0
101,2023,289,1045.0,12.37,534.3,27.22,0.0
101,2023,289,1046.0,12.36,571.2,27.2,0.0
101,2023,289,1047.0,12.36,703.0,27.21,0.0
101,2023,289,1048.0,12.36,891.0,27.29,0.0
101,2023,289,1049.0,12.36,668.7,27.42,0.0
101,2023,289,1050.0,12.36,677.1,27.68,0.0
101,2023,289,1051.0,12.36,637.6,27.66,0.0
101,2023,289,1052.0,12.35,550.6,27.47,0.0
101,2023,289,1053.0,12.36,504.3,27.44,0.0
101,2023,289,1054.0,12.36,495.5,27.42,0.0
101,2023,289,1055.0,12.35,486.3,27.34,0.0
101,2023,289,1056.0,12.35,472.0,27.3,0.0
101,2023,289,1057.0,12.35,464.1,27.27,0.0
101,2023,289,1058.0,12.35,455.3,27.12,0.0
101,2023,289,1059.0,12.32,448.3,27.13,0.0
101,2023,289,1100.0,12.33,471.0,26.99,0.0
101,2023,289,1101.0,12.37,680.3,27.01,0.0
101,2023,289,1102.0,12.38,954.0,27.15,0.0
101,2023,289,1103.0,12.37,514.5,27.31,0.0
101,2023,289,1104.0,12.38,451.2,27.53,0.0
101,2023,289,1105.0,12.38,445.0,27.48,0.0
101,2023,289,1106.0,12.37,460.2,27.27,0.0
101,2023,289,1107.0,12.37,468.0,27.29,0.0
101,2023,289,1108.0,12.37,497.4,27.34,0.0
101,2023,289,1109.0,12.38,547.9,27.31,0.0
101,2023,289,1110.0,12.37,671.5,27.4,0.0
101,2023,289,1111.0,12.37,615.9,27.42,0.0
101,2023,289,1112.0,12.37,832.0,27.67,0.0
101,2023,289,1113.0,12.38,728.0,27.55,0.0
101,2023,289,1114.0,12.39,818.0,27.38,0.0
101,2023,289,1115.0,12.39,569.0,27.38,0.0
101,2023,289,1116.0,12.39,1210.0,27.42,0.0
101,2023,289,1117.0,12.39,739.0,27.55,0.0
101,2023,289,1118.0,12.39,495.1,27.48,0.0
101,2023,289,1119.0,12.39,869.0,27.55,0.0
101,2023,289,1120.0,12.39,1157.0,27.77,0.0
101,2023,289,1121.0,12.39,1376.0,28.0,0.0
101,2023,289,1122.0,12.39,874.0,27.97,0.0
101,2023,289,1123.0,12.39,974.0,28.07,0.0
101,2023,289,1124.0,12.38,943.0,28.31,0.0
101,2023,289,1125.0,12.38,435.5,28.49,0.0
101,2023,289,1126.0,12.38,390.7,27.93,0.0
101,2023,289,1127.0,12.38,372.7,27.95,0.0
101,2023,289,1128.0,12.38,307.6,27.74,0.0
101,2023,289,1129.0,12.38,255.8,27.48,0.0
101,2023,289,1130.0,12.38,216.4,27.57,0.0
101,2023,289,1131.0,12.38,183.8,27.18,0.0
101,2023,289,1132.0,12.38,168.2,26.85,0.0
101,2023,289,1133.0,12.38,156.7,26.64,0.0
101,2023,289,1134.0,12.39,145.4,26.55,0.0
101,2023,289,1135.0,12.39,132.4,26.37,0.0
101,2023,289,1136.0,12.39,126.7,26.12,0.0
101,2023,289,1137.0,12.39,127.1,25.83,0.0
101,2023,289,1138.0,12.38,131.3,25.67,0.0
101,2023,289,1139.0,12.38,137.7,25.5,0.0
101,2023,289,1140.0,12.39,142.6,25.33,0.0
101,2023,289,1141.0,12.4,144.0,25.21,0.0
101,2023,289,1142.0,12.39,146.3,25.13,0.0
101,2023,289,1143.0,12.4,147.1,25.12,0.0
101,2023,289,1144.0,12.4,144.6,25.11,0.0
101,2023,289,1145.0,12.41,136.9,25.11,0.0
101,2023,289,1146.0,12.41,126.4,25.04,0.0
101,2023,289,1147.0,12.41,115.9,25.03,0.0
101,2023,289,1148.0,12.41,110.3,24.96,0.0
101,2023,289,1149.0,12.42,110.5,24.85,0.0
101,2023,289,1150.0,12.4,114.5,24.72,0.0
101,2023,289,1151.0,12.41,121.2,24.61,0.0
101,2023,289,1152.0,12.41,130.1,24.52,0.0
101,2023,289,1153.0,12.41,140.0,24.49,0.0
101,2023,289,1154.0,12.39,151.4,24.44,0.0
101,2023,289,1155.0,12.35,162.8,24.47,0.0
101,2023,289,1156.0,12.38,170.9,24.47,0.0
101,2023,289,1157.0,12.41,169.3,24.49,0.0
101,2023,289,1158.0,12.42,157.0,24.53,0.0
101,2023,289,1159.0,12.43,143.0,24.57,0.0
101,2023,289,1200.0,12.42,132.7,24.63,0.0
101,2023,289,1201.0,12.41,127.4,24.65,0.0
101,2023,289,1202.0,12.42,129.3,24.66,0.0
101,2023,289,1203.0,12.43,136.9,24.66,0.0
101,2023,289,1204.0,12.43,146.2,24.69,0.0
101,2023,289,1205.0,12.42,156.9,24.76,0.0
101,2023,289,1206.0,12.42,171.2,24.79,0.0
101,2023,289,1207.0,12.43,188.4,24.8,0.0
101,2023,289,1208.0,12.42,216.1,24.86,0.0
101,2023,289,1209.0,12.42,245.1,24.84,0.0
101,2023,289,1210.0,12.38,267.2,24.88,0.0
101,2023,289,1211.0,12.4,266.3,24.96,0.0
101,2023,289,1212.0,12.41,241.6,25.01,0.0
101,2023,289,1213.0,12.43,211.3,25.04,0.0
101,2023,289,1214.0,12.43,183.3,25.07,0.0
101,2023,289,1215.0,12.44,158.5,25.08,0.0
101,2023,289,1216.0,12.44,136.1,25.08,0.0
101,2023,289,1217.0,12.45,121.3,25.06,0.0
101,2023,289,1218.0,12.44,116.3,25.05,0.0
101,2023,289,1219.0,12.44,119.5,25.04,0.0
101,2023,289,1220.0,12.44,130.9,24.99,0.0
101,2023,289,1221.0,12.44,157.3,24.96,0.0
101,2023,289,1222.0,12.44,195.0,24.96,0.0
101,2023,289,1223.0,12.44,237.8,24.96,0.0
101,2023,289,1224.0,12.44,304.7,24.94,0.0
101,2023,289,1225.0,12.45,455.6,24.94,0.0
101,2023,289,1226.0,12.44,542.5,25.01,0.0
101,2023,289,1227.0,12.45,665.0,25.13,0.0
101,2023,289,1228.0,12.44,693.7,25.2,0.0
101,2023,289,1229.0,12.44,894.0,25.37,0.0
101,2023,289,1230.0,12.44,730.0,25.56,0.0
101,2023,289,1231.0,12.44,630.0,25.58,0.0
101,2023,289,1232.0,12.44,575.3,25.61,0.0
101,2023,289,1233.0,12.44,565.7,25.68,0.0
101,2023,289,1234.0,12.44,564.9,25.7,0.0
101,2023,289,1235.0,12.43,582.5,25.76,0.0
101,2023,289,1236.0,12.43,633.2,25.89,0.0
101,2023,289,1237.0,12.43,636.1,25.9,0.0
101,2023,289,1238.0,12.43,724.0,25.97,0.0
101,2023,289,1239.0,12.43,1048.0,26.09,0.0
101,2023,289,1240.0,12.43,1246.0,26.5,0.0
101,2023,289,1241.0,12.43,1081.0,26.69,0.0
101,2023,289,1242.0,12.43,588.4,26.77,0.0
101,2023,289,1243.0,12.42,685.8,26.68,0.0
101,2023,289,1244.0,12.42,1003.0,26.71,0.0
101,2023,289,1245.0,12.41,862.0,26.89,0.0
101,2023,289,1246.0,12.38,828.0,27.14,0.0
101,2023,289,1247.0,12.39,749.0,27.3,0.0
101,2023,289,1248.0,12.4,571.0,27.37,0.0
101,2023,289,1249.0,12.4,597.8,27.28,0.0
101,2023,289,1250.0,12.39,687.6,27.37,0.0
101,2023,289,1251.0,12.39,652.3,27.37,0.0
101,2023,289,1252.0,12.42,672.7,27.32,0.0
101,2023,289,1253.0,12.39,572.8,27.3,0.0
101,2023,289,1254.0,12.38,699.1,27.37,0.0
101,2023,289,1255.0,12.39,722.0,27.36,0.0
101,2023,289,1256.0,12.39,754.0,27.42,0.0
101,2023,289,1257.0,12.39,851.0,27.59,0.0
101,2023,289,1258.0,12.38,926.0,27.52,0.0
101,2023,289,1259.0,12.38,1067.0,27.55,0.0
101,2023,289,1300.0,12.39,1080.0,27.62,0.0
101,2023,289,1301.0,12.4,1199.0,27.6,0.0
101,2023,289,1302.0,12.4,1163.0,27.83,0.0
101,2023,289,1303.0,12.4,1231.0,27.66,0.0
101,2023,289,1304.0,12.38,1176.0,27.65,0.0
101,2023,289,1305.0,12.38,1062.0,27.76,0.0
101,2023,289,1306.0,12.38,902.0,27.86,0.0
101,2023,289,1307.0,12.38,893.0,27.83,0.0
101,2023,289,1308.0,12.37,908.0,27.77,0.0
101,2023,289,1309.0,12.38,722.0,27.78,0.0
101,2023,289,1310.0,12.38,672.2,27.87,0.0
101,2023,289,1311.0,12.39,697.4,27.94,0.0
101,2023,289,1312.0,12.37,809.0,28.13,0.0
101,2023,289,1313.0,12.38,646.0,28.11,0.0
101,2023,289,1314.0,12.38,605.8,27.91,0.0
101,2023,289,1315.0,12.38,559.8,27.76,0.0
101,2023,289,1316.0,12.38,537.7,27.81,0.0
101,2023,289,1317.0,12.38,535.3,27.77,0.0
101,2023,289,1318.0,12.38,544.0,27.83,0.0
101,2023,289,1319.0,12.38,549.6,27.82,0.0
101,2023,289,1320.0,12.38,594.8,27.62,0.0
101,2023,289,1321.0,12.34,648.8,27.67,0.0
101,2023,289,1322.0,12.34,635.4,27.8,0.0
101,2023,289,1323.0,12.33,662.7,27.91,0.0
101,2023,289,1324.0,12.38,729.0,28.03,0.0
101,2023,289,1325.0,12.39,738.0,27.98,0.0
101,2023,289,1326.0,12.38,671.2,27.76,0.0
101,2023,289,1327.0,12.37,719.0,27.73,0.0
101,2023,289,1328.0,12.33,805.0,27.78,0.0
101,2023,289,1329.0,12.34,766.0,27.77,0.0
101,2023,289,1330.0,12.34,699.2,27.83,0.0
101,2023,289,1331.0,12.34,635.6,28.04,0.0
101,2023,289,1332.0,12.37,669.3,28.22,0.0
101,2023,289,1333.0,12.38,579.0,28.18,0.0
101,2023,289,1334.0,12.38,556.7,28.09,0.0
101,2023,289,1335.0,12.38,572.6,28.07,0.0
101,2023,289,1336.0,12.35,587.3,27.91,0.0
101,2023,289,1337.0,12.31,584.1,27.8,0.0
101,2023,289,1338.0,12.3,598.8,27.84,0.0
101,2023,289,1339.0,12.33,570.5,27.74,0.0
101,2023,289,1340.0,12.32,585.3,27.61,0.0
101,2023,289,1341.0,12.35,670.9,27.53,0.0
101,2023,289,1342.0,12.34,705.0,27.56,0.0
101,2023,289,1343.0,12.34,684.7,27.68,0.0
101,2023,289,1344.0,12.31,687.6,27.73,0.0
101,2023,289,1345.0,12.32,749.0,27.69,0.0
101,2023,289,1346.0,12.32,662.6,27.76,0.0
101,2023,289,1347.0,12.32,638.5,27.66,0.0
101,2023,289,1348.0,12.34,634.4,27.76,0.0
101,2023,289,1349.0,12.35,604.1,27.87,0.0
101,2023,289,1350.0,12.34,546.7,27.73,0.0
101,2023,289,1351.0,12.36,526.0,27.63,0.0
101,2023,289,1352.0,12.36,506.2,27.62,0.0
101,2023,289,1353.0,12.34,495.5,27.67,0.0
101,2023,289,1354.0,12.3,460.0,27.58,0.0
101,2023,289,1355.0,12.32,437.4,27.45,0.0
101,2023,289,1356.0,12.32,426.3,27.46,0.0
101,2023,289,1357.0,12.32,471.6,27.56,0.0
101,2023,289,1358.0,12.31,442.4,27.59,0.0
101,2023,289,1359.0,12.32,463.9,27.55,0.0
101,2023,289,1400.0,12.32,639.2,27.47,0.0
101,2023,289,1401.0,12.33,763.0,27.58,0.0
101,2023,289,1402.0,12.35,818.0,27.86,0.0
101,2023,289,1403.0,12.34,821.0,27.95,0.0
101,2023,289,1404.0,12.33,700.0,27.94,0.0
101,2023,289,1405.0,12.34,589.3,28.12,0.0
101,2023,289,1406.0,12.34,824.0,28.16,0.0
101,2023,289,1407.0,12.34,829.0,28.12,0.0
101,2023,289,1408.0,12.36,796.0,28.14,0.0
101,2023,289,1409.0,12.37,871.0,28.0,0.0
101,2023,289,1410.0,12.37,685.5,28.19,0.0
101,2023,289,1411.0,12.36,666.2,28.21,0.0
101,2023,289,1412.0,12.32,763.0,28.18,0.0
101,2023,289,1413.0,12.32,867.0,28.15,0.0
101,2023,289,1414.0,12.33,912.0,28.26,0.0
101,2023,289,1415.0,12.34,765.0,28.52,0.0
101,2023,289,1416.0,12.34,537.6,28.26,0.0
101,2023,289,1417.0,12.35,591.8,27.86,0.0
101,2023,289,1418.0,12.34,480.4,27.89,0.0
101,2023,289,1419.0,12.34,519.7,27.95,0.0
101,2023,289,1420.0,12.34,428.4,27.76,0.0
101,2023,289,1421.0,12.35,459.9,27.65,0.0
101,2023,289,1422.0,12.35,580.9,27.68,0.0
101,2023,289,1423.0,12.35,534.0,27.68,0.0
101,2023,289,1424.0,12.35,590.2,27.72,0.0
101,2023,289,1425.0,12.36,521.6,27.79,0.0
101,2023,289,1426.0,12.36,564.4,27.84,0.0
101,2023,289,1427.0,12.36,481.3,27.86,0.0
101,2023,289,1428.0,12.36,545.4,27.85,0.0
101,2023,289,1429.0,12.36,622.5,27.86,0.0
101,2023,289,1430.0,12.35,575.3,27.94,0.0
101,2023,289,1431.0,12.35,736.0,27.93,0.0
101,2023,289,1432.0,12.36,839.0,27.77,0.0
101,2023,289,1433.0,12.37,740.0,27.76,0.0
101,2023,289,1434.0,12.38,426.7,27.93,0.0
101,2023,289,1435.0,12.39,350.4,27.73,0.0
101,2023,289,1436.0,12.38,329.1,27.61,0.0
101,2023,289,1437.0,12.39,396.5,27.51,0.0
101,2023,289,1438.0,12.39,408.9,27.56,0.0
101,2023,289,1439.0,12.4,663.7,27.56,0.0
101,2023,289,1440.0,12.39,769.0,27.75,0.0
101,2023,289,1441.0,12.4,772.0,27.92,0.0
101,2023,289,1442.0,12.4,703.0,27.94,0.0
101,2023,289,1443.0,12.4,454.8,27.86,0.0
101,2023,289,1444.0,12.39,275.0,27.76,0.0
101,2023,289,1445.0,12.39,384.4,27.7,0.0
101,2023,289,1446.0,12.39,500.5,27.51,0.0
101,2023,289,1447.0,12.39,600.2,27.41,0.0
101,2023,289,1448.0,12.39,679.1,27.49,0.0
101,2023,289,1449.0,12.39,674.4,27.71,0.0
101,2023,289,1450.0,12.39,665.4,27.69,0.0
101,2023,289,1451.0,12.39,664.6,27.64,0.0
101,2023,289,1452.0,12.39,681.8,27.56,0.0
101,2023,289,1453.0,12.4,693.3,27.55,0.0
101,2023,289,1454.0,12.41,655.2,27.6,0.0
101,2023,289,1455.0,12.39,439.1,27.58,0.0
101,2023,289,1456.0,12.4,275.8,27.68,0.0
101,2023,289,1457.0,12.41,246.4,27.62,0.0
101,2023,289,1458.0,12.42,232.1,27.52,0.0
101,2023,289,1459.0,12.42,266.4,27.47,0.0
101,2023,289,1500.0,12.42,182.9,27.48,0.0
101,2023,289,1501.0,12.42,163.8,27.29,0.0
101,2023,289,1502.0,12.41,168.3,27.15,0.0
101,2023,289,1503.0,12.42,169.5,26.97,0.0
101,2023,289,1504.0,12.42,252.5,26.94,0.0
101,2023,289,1505.0,12.42,420.3,26.97,0.0
101,2023,289,1506.0,12.42,304.6,27.09,0.0
101,2023,289,1507.0,12.42,577.4,27.13,0.0
101,2023,289,1508.0,12.42,580.0,27.22,0.0
101,2023,289,1509.0,12.42,524.1,27.25,0.0
101,2023,289,1510.0,12.42,587.0,27.24,0.0
101,2023,289,1511.0,12.42,557.4,27.36,0.0
101,2023,289,1512.0,12.42,576.0,27.35,0.0
101,2023,289,1513.0,12.42,569.6,27.29,0.0
101,2023,289,1514.0,12.42,563.9,27.23,0.0
101,2023,289,1515.0,12.42,558.6,27.39,0.0
101,2023,289,1516.0,12.42,516.4,27.58,0.0
101,2023,289,1517.0,12.42,529.4,27.68,0.0
101,2023,289,1518.0,12.42,543.9,27.58,0.0
101,2023,289,1519.0,12.42,540.6,27.66,0.0
101,2023,289,1520.0,12.42,522.5,27.58,0.0
101,2023,289,1521.0,12.42,521.1,27.48,0.0
101,2023,289,1522.0,12.42,524.0,27.56,0.0
101,2023,289,1523.0,12.42,515.3,27.67,0.0
101,2023,289,1524.0,12.42,505.1,27.63,0.0
101,2023,289,1525.0,12.42,498.0,27.6,0.0
101,2023,289,1526.0,12.41,488.0,27.53,0.0
101,2023,289,1527.0,12.42,477.1,27.41,0.0
101,2023,289,1528.0,12.42,465.1,27.39,0.0
101,2023,289,1529.0,12.42,454.0,27.42,0.0
101,2023,289,1530.0,12.42,448.6,27.44,0.0
101,2023,289,1531.0,12.42,438.0,27.49,0.0
101,2023,289,1532.0,12.42,429.3,27.44,0.0
101,2023,289,1533.0,12.42,426.9,27.44,0.0
101,2023,289,1534.0,12.42,371.7,27.36,0.0
101,2023,289,1535.0,12.42,433.8,27.33,0.0
101,2023,289,1536.0,12.42,424.5,27.28,0.0
101,2023,289,1537.0,12.42,415.4,27.33,0.0
101,2023,289,1538.0,12.42,409.2,27.38,0.0
101,2023,289,1539.0,12.42,407.7,27.4,0.0
101,2023,289,1540.0,12.42,400.9,27.38,0.0
101,2023,289,1541.0,12.42,390.7,27.35,0.0
101,2023,289,1542.0,12.42,381.3,27.35,0.0
101,2023,289,1543.0,12.42,366.4,27.11,0.0
101,2023,289,1544.0,12.42,349.7,27.07,0.0
101,2023,289,1545.0,12.42,346.7,27.17,0.0
101,2023,289,1546.0,12.42,343.8,27.26,0.0
101,2023,289,1547.0,12.42,339.8,27.33,0.0
101,2023,289,1548.0,12.42,347.9,27.25,0.0
101,2023,289,1549.0,12.42,350.9,27.17,0.0
101,2023,289,1550.0,12.42,349.2,27.18,0.0
101,2023,289,1551.0,12.42,335.0,27.15,0.0
101,2023,289,1552.0,12.42,333.0,27.08,0.0
101,2023,289,1553.0,12.42,331.5,27.04,0.0
101,2023,289,1554.0,12.42,314.3,27.07,0.0
101,2023,289,1555.0,12.42,293.5,27.06,0.0
101,2023,289,1556.0,12.42,294.4,27.11,0.0
101,2023,289,1557.0,12.4,294.7,27.09,0.0
101,2023,289,1558.0,12.4,301.8,27.01,0.0
101,2023,289,1559.0,12.41,311.0,26.98,0.0
101,2023,289,1600.0,12.4,305.1,26.86,0.0
101,2023,289,1601.0,12.41,302.4,26.79,0.0
101,2023,289,1602.0,12.4,303.9,26.88,0.0
101,2023,289,1603.0,12.41,288.1,27.0,0.0
101,2023,289,1604.0,12.4,289.0,27.1,0.0
101,2023,289,1605.0,12.41,293.6,27.1,0.0
101,2023,289,1606.0,12.41,273.2,27.06,0.0
101,2023,289,1607.0,12.41,258.5,26.95,0.0
101,2023,289,1608.0,12.37,246.2,26.93,0.0
101,2023,289,1609.0,12.38,219.3,26.98,0.0
101,2023,289,1610.0,12.35,194.8,26.9,0.0
101,2023,289,1611.0,12.4,199.6,26.88,0.0
101,2023,289,1612.0,12.4,205.3,26.91,0.0
101,2023,289,1613.0,12.39,186.1,26.91,0.0
101,2023,289,1614.0,12.37,186.4,26.83,0.0
101,2023,289,1615.0,12.37,190.6,26.72,0.0
101,2023,289,1616.0,12.37,181.2,26.73,0.0
101,2023,289,1617.0,12.37,168.1,26.69,0.0
101,2023,289,1618.0,12.38,155.2,26.66,0.0
101,2023,289,1619.0,12.37,154.9,26.56,0.0
101,2023,289,1620.0,12.37,168.9,26.54,0.0
101,2023,289,1621.0,12.37,162.2,26.49,0.0
101,2023,289,1622.0,12.38,143.7,26.48,0.0
101,2023,289,1623.0,12.38,143.3,26.52,0.0
101,2023,289,1624.0,12.38,139.4,26.5,0.0
101,2023,289,1625.0,12.38,125.5,26.46,0.0
101,2023,289,1626.0,12.38,108.1,26.38,0.0
101,2023,289,1627.0,12.39,92.2,26.34,0.0
101,2023,289,1628.0,12.38,72.3,26.28,0.0
101,2023,289,1629.0,12.37,68.18,26.17,0.0
101,2023,289,1630.0,12.37,76.0,26.15,0.0
101,2023,289,1631.0,12.38,83.7,26.15,0.0
101,2023,289,1632.0,12.36,74.0,26.11,0.0
101,2023,289,1633.0,12.36,65.41,26.07,0.0
101,2023,289,1634.0,12.38,103.3,26.04,0.0
101,2023,289,1635.0,12.38,143.6,26.0,0.0
101,2023,289,1636.0,12.38,134.8,25.99,0.0
101,2023,289,1637.0,12.39,144.6,26.01,0.0
101,2023,289,1638.0,12.38,142.9,26.01,0.0
101,2023,289,1639.0,12.39,138.5,26.04,0.0
101,2023,289,1640.0,12.4,135.1,26.07,0.0
101,2023,289,1641.0,12.4,106.5,26.05,0.0
101,2023,289,1642.0,12.4,92.7,26.03,0.0
101,2023,289,1643.0,12.4,105.6,26.01,0.0
101,2023,289,1644.0,12.4,115.5,25.98,0.0
101,2023,289,1645.0,12.41,118.8,25.97,0.0
101,2023,289,1646.0,12.39,88.2,25.97,0.0
101,2023,289,1647.0,12.39,85.3,25.91,0.0
101,2023,289,1648.0,12.41,98.2,25.88,0.0
101,2023,289,1649.0,12.42,94.8,25.85,0.0
101,2023,289,1650.0,12.4,90.5,25.83,0.0
101,2023,289,1651.0,12.4,86.1,25.81,0.0
101,2023,289,1652.0,12.39,80.2,25.76,0.0
101,2023,289,1653.0,12.37,67.3,25.74,0.0
101,2023,289,1654.0,12.35,56.95,25.67,0.0
101,2023,289,1655.0,12.37,50.18,25.63,0.0
101,2023,289,1656.0,12.34,52.8,25.61,0.0
101,2023,289,1657.0,12.34,59.12,25.58,0.0
101,2023,289,1658.0,12.32,53.08,25.58,0.0
101,2023,289,1659.0,12.31,54.35,25.53,0.0
101,2023,289,1700.0,12.3,53.73,25.48,0.0
101,2023,289,1701.0,12.29,51.0,25.47,0.0
101,2023,289,1702.0,12.28,48.15,25.47,0.0
101,2023,289,1703.0,12.27,45.36,25.48,0.0
101,2023,289,1704.0,12.25,42.82,25.46,0.0
101,2023,289,1705.0,12.24,39.97,25.41,0.0
101,2023,289,1706.0,12.23,36.39,25.38,0.0
101,2023,289,1707.0,12.23,29.17,25.36,0.0
101,2023,289,1708.0,12.21,28.49,25.31,0.0
101,2023,289,1709.0,12.22,23.75,25.29,0.0
101,2023,289,1710.0,12.2,18.02,25.27,0.0
101,2023,289,1711.0,12.2,14.92,25.27,0.0
101,2023,289,1712.0,12.19,13.4,25.27,0.0
101,2023,289,1713.0,12.18,11.54,25.24,0.0
101,2023,289,1714.0,12.17,9.84,25.24,0.0
101,2023,289,1715.0,12.17,8.41,25.23,0.0
101,2023,289,1716.0,12.16,7.36,25.21,0.0
101,2023,289,1717.0,12.16,6.516,25.19,0.0
101,2023,289,1718.0,12.15,5.641,25.15,0.0
101,2023,289,1719.0,12.15,4.767,25.12,0.0
101,2023,289,1720.0,12.14,4.033,25.12,0.0
101,2023,289,1721.0,12.14,3.639,25.09,0.0
101,2023,289,1722.0,12.13,3.074,25.07,0.0
101,2023,289,1723.0,12.12,2.68,25.05,0.0
101,2023,289,1724.0,12.12,2.369,25.03,0.0
101,2023,289,1725.0,12.12,2.2,25.0,0.0
101,2023,289,1726.0,12.11,1.805,25.0,0.0
101,2023,289,1727.0,12.11,1.692,24.96,0.0
101,2023,289,1728.0,12.11,1.523,24.94,0.0
101,2023,289,1729.0,12.1,1.072,24.91,0.0
101,2023,289,1730.0,12.1,1.015,24.9,0.0
101,2023,289,1731.0,12.09,1.015,24.89,0.0
101,2023,289,1732.0,12.09,0.0,24.89,0.0
101,2023,289,1733.0,12.09,0.0,24.9,0.0
101,2023,289,1734.0,12.08,0.0,24.93,0.0
101,2023,289,1735.0,12.07,0.0,24.87,0.0
101,2023,289,1736.0,12.05,0.0,24.71,0.0
101,2023,289,1737.0,12.05,0.0,24.61,0.0
101,2023,289,1738.0,12.07,0.0,24.42,0.0
101,2023,289,1739.0,12.07,0.0,24.16,0.0
101,2023,289,1740.0,12.07,0.0,23.99,0.0
101,2023,289,1741.0,12.07,0.931,23.83,0.0
101,2023,289,1742.0,12.06,0.959,23.7,0.0
101,2023,289,1743.0,12.06,0.931,23.61,0.0
101,2023,289,1744.0,12.06,0.0,23.55,0.0
101,2023,289,1745.0,12.06,0.0,23.45,0.0
101,2023,289,1746.0,12.05,0.0,23.37,0.0
101,2023,289,1747.0,12.04,0.0,23.28,0.0
101,2023,289,1748.0,12.04,0.0,23.25,0.0
101,2023,289,1749.0,12.04,0.0,23.21,0.0
101,2023,289,1750.0,12.04,0.0,23.14,0.0
101,2023,289,1751.0,12.03,0.0,23.11,0.0
101,2023,289,1752.0,12.04,0.0,23.06,0.0
101,2023,289,1753.0,12.03,0.0,23.01,0.0
101,2023,289,1754.0,12.03,0.0,22.97,0.0
101,2023,289,1755.0,12.02,0.0,22.99,0.0
101,2023,289,1756.0,12.02,0.0,22.97,0.0
101,2023,289,1757.0,12.02,0.0,23.0,0.0
101,2023,289,1758.0,12.01,0.0,23.0,0.0
101,2023,289,1759.0,12.01,0.0,23.03,0.0
