a,b,dia_juliano,d,e,f,g,h
101,2023,32,2400,12.71,0,21.89,0
101,2023,32,1,12.71,0,21.89,0
101,2023,32,2,12.71,0,21.89,0
101,2023,32,3,12.71,0,21.88,0
101,2023,32,4,12.71,0,21.89,0
101,2023,32,5,12.71,0,21.88,0
101,2023,32,6,12.71,0,21.88,0
101,2023,32,7,12.71,0,21.89,0
101,2023,32,8,12.71,0,21.89,0
101,2023,32,9,12.71,0,21.89,0
101,2023,32,10,12.71,0,21.88,0
101,2023,32,11,12.71,0,21.88,0
101,2023,32,12,12.71,0,21.89,0
101,2023,32,13,12.71,0,21.89,0
101,2023,32,14,12.71,0,21.89,0
101,2023,32,15,12.7,0,21.89,0
101,2023,32,16,12.7,0,21.9,0
101,2023,32,17,12.71,0,21.9,0
101,2023,32,18,12.7,0,21.89,0
101,2023,32,19,12.7,0,21.88,0
101,2023,32,20,12.71,0,21.89,0
101,2023,32,21,12.7,0,21.89,0
101,2023,32,22,12.7,0,21.9,0
101,2023,32,23,12.7,0,21.91,0
101,2023,32,24,12.7,0,21.91,0
101,2023,32,25,12.7,0,21.91,0
101,2023,32,26,12.7,0,21.91,0
101,2023,32,27,12.7,0,21.92,0
101,2023,32,28,12.7,0,21.91,0
101,2023,32,29,12.7,0,21.91,0
101,2023,32,30,12.7,0,21.91,0
101,2023,32,31,12.7,0,21.91,0
101,2023,32,32,12.7,0,21.91,0
101,2023,32,33,12.7,0,21.93,0
101,2023,32,34,12.7,0,21.94,0
101,2023,32,35,12.7,0,21.94,0
101,2023,32,36,12.7,0,21.94,0
101,2023,32,37,12.7,0,21.95,0
101,2023,32,38,12.7,0,21.95,0
101,2023,32,39,12.7,0,21.94,0
101,2023,32,40,12.7,0,21.97,0
101,2023,32,41,12.7,0,21.97,0
101,2023,32,42,12.7,0,21.95,0
101,2023,32,43,12.7,0,21.96,0
101,2023,32,44,12.7,0,21.96,0
101,2023,32,45,12.7,0,21.94,0
101,2023,32,46,12.7,0,21.92,0
101,2023,32,47,12.7,0,21.92,0
101,2023,32,48,12.7,0,21.92,0
101,2023,32,49,12.7,0,21.91,0
101,2023,32,50,12.7,0,21.9,0
101,2023,32,51,12.7,0,21.9,0
101,2023,32,52,12.7,0,21.91,0
101,2023,32,53,12.7,0,21.91,0
101,2023,32,54,12.69,0,21.91,0
101,2023,32,55,12.69,0,21.91,0
101,2023,32,56,12.7,0,21.91,0
101,2023,32,57,12.69,0,21.92,0
101,2023,32,58,12.69,0,21.91,0
101,2023,32,59,12.69,0,21.9,0
101,2023,32,100,12.69,0,21.9,0
101,2023,32,101,12.69,0,21.89,0
101,2023,32,102,12.69,0,21.88,0
101,2023,32,103,12.69,0,21.87,0
101,2023,32,104,12.69,0,21.86,0
101,2023,32,105,12.69,0,21.86,0
101,2023,32,106,12.69,0,21.86,0
101,2023,32,107,12.69,0,21.85,0
101,2023,32,108,12.69,0,21.85,0
101,2023,32,109,12.69,0,21.84,0
101,2023,32,110,12.69,0,21.84,0
101,2023,32,111,12.69,0,21.85,0
101,2023,32,112,12.69,0,21.84,0
101,2023,32,113,12.69,0,21.84,0
101,2023,32,114,12.69,0,21.84,0
101,2023,32,115,12.69,0,21.83,0
101,2023,32,116,12.69,0,21.84,0
101,2023,32,117,12.69,0,21.84,0
101,2023,32,118,12.69,0,21.84,0
101,2023,32,119,12.69,0,21.84,0
101,2023,32,120,12.69,0,21.84,0
101,2023,32,121,12.69,0,21.84,0
101,2023,32,122,12.69,0,21.83,0
101,2023,32,123,12.69,0,21.84,0
101,2023,32,124,12.69,0,21.84,0
101,2023,32,125,12.69,0,21.84,0
101,2023,32,126,12.69,0,21.84,0
101,2023,32,127,12.69,0,21.84,0
101,2023,32,128,12.69,0,21.82,0
101,2023,32,129,12.69,0,21.82,0
101,2023,32,130,12.69,0,21.82,0
101,2023,32,131,12.69,0,21.83,0
101,2023,32,132,12.69,0,21.82,0
101,2023,32,133,12.69,0,21.82,0
101,2023,32,134,12.69,0,21.81,0
101,2023,32,135,12.69,0,21.81,0
101,2023,32,136,12.69,0,21.81,0
101,2023,32,137,12.69,0,21.81,0
101,2023,32,138,12.69,0,21.81,0
101,2023,32,139,12.69,0,21.81,0
101,2023,32,140,12.68,0,21.8,0
101,2023,32,141,12.68,0,21.79,0
101,2023,32,142,12.68,0,21.8,0
101,2023,32,143,12.68,0,21.81,0
101,2023,32,144,12.68,0,21.79,0
101,2023,32,145,12.68,0,21.79,0
101,2023,32,146,12.68,0,21.81,0
101,2023,32,147,12.68,0,21.79,0
101,2023,32,148,12.68,0,21.8,0
101,2023,32,149,12.68,0,21.81,0
101,2023,32,150,12.68,0,21.81,0
101,2023,32,151,12.68,0,21.8,0
101,2023,32,152,12.68,0,21.81,0
101,2023,32,153,12.68,0,21.82,0
101,2023,32,154,12.68,0,21.82,0
101,2023,32,155,12.68,0,21.82,0
101,2023,32,156,12.68,0,21.81,0
101,2023,32,157,12.68,0,21.81,0
101,2023,32,158,12.68,0,21.82,0
101,2023,32,159,12.68,0,21.82,0
101,2023,32,200,12.68,0,21.82,0
101,2023,32,201,12.68,0,21.82,0
101,2023,32,202,12.68,0,21.82,0
101,2023,32,203,12.68,0,21.81,0
101,2023,32,204,12.68,0,21.82,0
101,2023,32,205,12.68,0,21.82,0
101,2023,32,206,12.68,0,21.82,0
101,2023,32,207,12.68,0,21.82,0
101,2023,32,208,12.68,0,21.82,0
101,2023,32,209,12.68,0,21.82,0
101,2023,32,210,12.68,0,21.82,0
101,2023,32,211,12.67,0,21.82,0
101,2023,32,212,12.68,0,21.81,0
101,2023,32,213,12.67,0,21.81,0
101,2023,32,214,12.67,0,21.8,0
101,2023,32,215,12.67,0,21.8,0
101,2023,32,216,12.67,0,21.8,0
101,2023,32,217,12.67,0,21.8,0
101,2023,32,218,12.67,0,21.8,0
101,2023,32,219,12.67,0,21.79,0
101,2023,32,220,12.67,0,21.79,0
101,2023,32,221,12.67,0,21.8,0
101,2023,32,222,12.67,0,21.8,0
101,2023,32,223,12.67,0,21.79,0
101,2023,32,224,12.67,0,21.77,0
101,2023,32,225,12.67,0,21.77,0
101,2023,32,226,12.67,0,21.77,0
101,2023,32,227,12.67,0,21.77,0
101,2023,32,228,12.67,0,21.77,0
101,2023,32,229,12.67,0,21.77,0
101,2023,32,230,12.67,0,21.77,0
101,2023,32,231,12.67,0,21.77,0
101,2023,32,232,12.67,0,21.77,0
101,2023,32,233,12.67,0,21.77,0
101,2023,32,234,12.67,0,21.75,0
101,2023,32,235,12.67,0,21.75,0
101,2023,32,236,12.67,0,21.75,0
101,2023,32,237,12.67,0,21.75,0
101,2023,32,238,12.67,0,21.75,0
101,2023,32,239,12.67,0,21.75,0
101,2023,32,240,12.67,0,21.75,0
101,2023,32,241,12.67,0,21.74,0
101,2023,32,242,12.67,0,21.74,0
101,2023,32,243,12.67,0,21.73,0
101,2023,32,244,12.67,0,21.73,0
101,2023,32,245,12.67,0,21.74,0
101,2023,32,246,12.67,0,21.75,0
101,2023,32,247,12.67,0,21.75,0
101,2023,32,248,12.67,0,21.74,0
101,2023,32,249,12.66,0,21.74,0
101,2023,32,250,12.66,0,21.74,0
101,2023,32,251,12.66,0,21.73,0
101,2023,32,252,12.66,0,21.73,0
101,2023,32,253,12.66,0,21.72,0
101,2023,32,254,12.66,0,21.72,0
101,2023,32,255,12.66,0,21.72,0
101,2023,32,256,12.66,0,21.73,0
101,2023,32,257,12.66,0,21.73,0
101,2023,32,258,12.66,0,21.74,0
101,2023,32,259,12.66,0,21.74,0
101,2023,32,300,12.66,0,21.74,0
101,2023,32,301,12.66,0,21.75,0
101,2023,32,302,12.66,0,21.73,0
101,2023,32,303,12.66,0,21.73,0
101,2023,32,304,12.66,0,21.73,0
101,2023,32,305,12.66,0,21.74,0
101,2023,32,306,12.66,0,21.74,0
101,2023,32,307,12.66,0,21.73,0
101,2023,32,308,12.66,0,21.72,0
101,2023,32,309,12.65,0,21.73,0
101,2023,32,310,12.65,0,21.72,0
101,2023,32,311,12.65,0,21.72,0
101,2023,32,312,12.65,0,21.72,0
101,2023,32,313,12.66,0,21.72,0
101,2023,32,314,12.66,0,21.74,0
101,2023,32,315,12.66,0,21.74,0
101,2023,32,316,12.66,0,21.74,0
101,2023,32,317,12.66,0,21.74,0
101,2023,32,318,12.66,0,21.73,0
101,2023,32,319,12.66,0,21.73,0
101,2023,32,320,12.65,0,21.73,0
101,2023,32,321,12.65,0,21.73,0
101,2023,32,322,12.65,0,21.73,0
101,2023,32,323,12.65,0,21.73,0
101,2023,32,324,12.65,0,21.73,0
101,2023,32,325,12.65,0,21.73,0
101,2023,32,326,12.65,0,21.73,0
101,2023,32,327,12.65,0,21.72,0
101,2023,32,328,12.65,0,21.72,0
101,2023,32,329,12.65,0,21.72,0
101,2023,32,330,12.65,0,21.72,0
101,2023,32,331,12.65,0,21.72,0
101,2023,32,332,12.65,0,21.71,0
101,2023,32,333,12.65,0,21.71,0
101,2023,32,334,12.65,0,21.7,0
101,2023,32,335,12.65,0,21.7,0
101,2023,32,336,12.65,0,21.7,0
101,2023,32,337,12.65,0,21.7,0
101,2023,32,338,12.65,0,21.69,0
101,2023,32,339,12.65,0,21.68,0
101,2023,32,340,12.65,0,21.68,0
101,2023,32,341,12.65,0,21.69,0
101,2023,32,342,12.65,0,21.7,0
101,2023,32,343,12.64,0,21.7,0
101,2023,32,344,12.64,0,21.7,0
101,2023,32,345,12.64,0,21.7,0
101,2023,32,346,12.64,0,21.7,0
101,2023,32,347,12.64,0,21.69,0
101,2023,32,348,12.64,0,21.69,0
101,2023,32,349,12.64,0,21.68,0
101,2023,32,350,12.64,0,21.67,0
101,2023,32,351,12.64,0,21.67,0
101,2023,32,352,12.64,0,21.66,0
101,2023,32,353,12.64,0,21.66,0
101,2023,32,354,12.64,0,21.66,0
101,2023,32,355,12.64,0,21.66,0
101,2023,32,356,12.64,0,21.66,0
101,2023,32,357,12.64,0,21.65,0
101,2023,32,358,12.64,0,21.65,0
101,2023,32,359,12.64,0,21.66,0
101,2023,32,400,12.64,0,21.67,0
101,2023,32,401,12.64,0,21.66,0
101,2023,32,402,12.64,0,21.65,0
101,2023,32,403,12.64,0,21.65,0
101,2023,32,404,12.64,0,21.65,0
101,2023,32,405,12.64,0,21.64,0
101,2023,32,406,12.64,0,21.64,0
101,2023,32,407,12.63,0,21.63,0
101,2023,32,408,12.63,0,21.63,0
101,2023,32,409,12.63,0,21.65,0
101,2023,32,410,12.63,0,21.65,0
101,2023,32,411,12.63,0,21.63,0
101,2023,32,412,12.63,0,21.62,0
101,2023,32,413,12.63,0,21.63,0
101,2023,32,414,12.63,0,21.63,0
101,2023,32,415,12.63,0,21.63,0
101,2023,32,416,12.63,0,21.64,0
101,2023,32,417,12.63,0,21.65,0
101,2023,32,418,12.63,0,21.65,0
101,2023,32,419,12.63,0,21.66,0
101,2023,32,420,12.63,0,21.66,0
101,2023,32,421,12.63,0,21.65,0
101,2023,32,422,12.63,0,21.65,0
101,2023,32,423,12.63,0,21.65,0
101,2023,32,424,12.63,0,21.67,0
101,2023,32,425,12.63,0,21.67,0
101,2023,32,426,12.63,0,21.67,0
101,2023,32,427,12.63,0,21.66,0
101,2023,32,428,12.63,0,21.67,0
101,2023,32,429,12.63,0,21.67,0
101,2023,32,430,12.63,0,21.67,0
101,2023,32,431,12.62,0,21.66,0
101,2023,32,432,12.62,0,21.65,0
101,2023,32,433,12.62,0,21.65,0
101,2023,32,434,12.62,0,21.65,0
101,2023,32,435,12.62,0,21.65,0
101,2023,32,436,12.62,0,21.65,0
101,2023,32,437,12.62,0,21.65,0
101,2023,32,438,12.62,0,21.64,0
101,2023,32,439,12.62,0,21.63,0
101,2023,32,440,12.62,0,21.63,0
101,2023,32,441,12.62,0,21.63,0
101,2023,32,442,12.62,0,21.63,0
101,2023,32,443,12.62,0,21.63,0
101,2023,32,444,12.62,0,21.63,0
101,2023,32,445,12.62,0,21.62,0
101,2023,32,446,12.62,0,21.62,0
101,2023,32,447,12.62,0,21.62,0
101,2023,32,448,12.62,0,21.6,0
101,2023,32,449,12.62,0,21.6,0
101,2023,32,450,12.62,0,21.6,0
101,2023,32,451,12.62,0,21.6,0
101,2023,32,452,12.62,0,21.6,0
101,2023,32,453,12.62,0,21.6,0
101,2023,32,454,12.62,0,21.6,0
101,2023,32,455,12.62,0,21.6,0
101,2023,32,456,12.62,0,21.6,0
101,2023,32,457,12.62,0,21.58,0
101,2023,32,458,12.62,0,21.57,0
101,2023,32,459,12.62,0,21.56,0
101,2023,32,500,12.61,0,21.56,0
101,2023,32,501,12.62,0,21.56,0
101,2023,32,502,12.61,0,21.56,0
101,2023,32,503,12.61,0,21.56,0
101,2023,32,504,12.61,0,21.56,0
101,2023,32,505,12.61,.197,21.54,0
101,2023,32,506,12.61,.508,21.52,0
101,2023,32,507,12.61,.62,21.51,0
101,2023,32,508,12.61,.62,21.51,0
101,2023,32,509,12.61,.677,21.5,0
101,2023,32,510,12.61,.677,21.5,0
101,2023,32,511,12.61,.677,21.53,0
101,2023,32,512,12.61,.846,21.55,0
101,2023,32,513,12.61,1.353,21.56,0
101,2023,32,514,12.61,1.353,21.55,0
101,2023,32,515,12.61,1.776,21.54,0
101,2023,32,516,12.61,2.03,21.54,0
101,2023,32,517,12.61,2.171,21.52,0
101,2023,32,518,12.61,2.679,21.55,0
101,2023,32,519,12.61,2.707,21.54,0
101,2023,32,520,12.61,3.271,21.55,0
101,2023,32,521,12.61,3.412,21.55,0
101,2023,32,522,12.6,4.004,21.53,0
101,2023,32,523,12.6,4.145,21.49,0
101,2023,32,524,12.6,4.483,21.45,0
101,2023,32,525,12.6,5.076,21.45,0
101,2023,32,526,12.6,5.865,21.47,0
101,2023,32,527,12.6,6.683,21.42,0
101,2023,32,528,12.6,7.56,21.39,0
101,2023,32,529,12.61,8.68,21.38,0
101,2023,32,530,12.62,9.59,21.37,0
101,2023,32,531,12.62,10.52,21.38,0
101,2023,32,532,12.63,11.42,21.35,0
101,2023,32,533,12.63,12.15,21.33,0
101,2023,32,534,12.64,13.08,21.35,0
101,2023,32,535,12.65,14.16,21.34,0
101,2023,32,536,12.67,15.11,21.34,0
101,2023,32,537,12.68,16.16,21.32,0
101,2023,32,538,12.69,17.03,21.32,0
101,2023,32,539,12.71,18.05,21.32,0
101,2023,32,540,12.72,18.98,21.33,0
101,2023,32,541,12.74,20.16,21.34,0
101,2023,32,542,12.76,21.51,21.36,0
101,2023,32,543,12.78,23.12,21.36,0
101,2023,32,544,12.8,24.53,21.39,0
101,2023,32,545,12.83,26,21.42,0
101,2023,32,546,12.85,27.52,21.43,0
101,2023,32,547,12.88,29.35,21.44,0
101,2023,32,548,12.91,31.38,21.45,0
101,2023,32,549,12.94,33.64,21.46,0
101,2023,32,550,12.97,35.61,21.49,0
101,2023,32,551,13.01,37.25,21.51,0
101,2023,32,552,13.04,38.72,21.53,0
101,2023,32,553,13.08,40.13,21.55,0
101,2023,32,554,13.12,41.68,21.57,0
101,2023,32,555,13.16,43.28,21.58,0
101,2023,32,556,13.2,44.92,21.6,0
101,2023,32,557,13.23,46.41,21.62,0
101,2023,32,558,13.24,48.08,21.65,0
101,2023,32,559,13.24,49.68,21.68,0
101,2023,32,600,13.24,51.32,21.73,0
101,2023,32,601,13.25,53.69,21.72,0
101,2023,32,602,13.25,57.75,21.76,0
101,2023,32,603,13.25,65.7,21.81,0
101,2023,32,604,13.25,77.4,21.87,0
101,2023,32,605,13.25,90,21.97,0
101,2023,32,606,13.25,94.1,22.07,0
101,2023,32,607,13.24,94.2,22.11,0
101,2023,32,608,13.24,90.1,22.01,0
101,2023,32,609,13.24,84,22,0
101,2023,32,610,13.24,83.6,22.02,0
101,2023,32,611,13.24,90.2,22.05,0
101,2023,32,612,13.24,101,22.11,0
101,2023,32,613,13.24,115.2,22.23,0
101,2023,32,614,13.24,126.7,22.37,0
101,2023,32,615,13.24,134,22.5,0
101,2023,32,616,13.24,138.2,22.7,0
101,2023,32,617,13.24,144.1,22.95,0
101,2023,32,618,13.24,146.8,23.02,0
101,2023,32,619,13.23,144.7,22.99,0
101,2023,32,620,13.23,139.2,23,0
101,2023,32,621,13.23,132.6,23.1,0
101,2023,32,622,13.23,115.5,23.15,0
101,2023,32,623,13.23,106,23.19,0
101,2023,32,624,13.23,102.3,23.25,0
101,2023,32,625,13.22,101.9,23.27,0
101,2023,32,626,13.22,108.7,23.18,0
101,2023,32,627,13.22,126.1,23.08,0
101,2023,32,628,13.22,157.3,23.12,0
101,2023,32,629,13.22,200.5,23.25,0
101,2023,32,630,13.22,206.1,23.41,0
101,2023,32,631,13.22,202.2,23.51,0
101,2023,32,632,13.22,203.2,23.54,0
101,2023,32,633,13.22,199,23.61,0
101,2023,32,634,13.22,185.7,23.66,0
101,2023,32,635,13.22,180.6,23.72,0
101,2023,32,636,13.22,191.7,23.87,0
101,2023,32,637,13.21,194.7,23.87,0
101,2023,32,638,13.21,192.6,23.93,0
101,2023,32,639,13.21,206,24.02,0
101,2023,32,640,13.21,198.8,24.11,0
101,2023,32,641,13.21,193.3,24.16,0
101,2023,32,642,13.21,193.2,24.24,0
101,2023,32,643,13.2,209.6,24.33,0
101,2023,32,644,13.2,215.7,24.41,0
101,2023,32,645,13.2,225.6,24.5,0
101,2023,32,646,13.2,227.5,24.66,0
101,2023,32,647,13.2,246.9,24.87,0
101,2023,32,648,13.2,249.6,24.96,0
101,2023,32,649,13.2,244.1,25.04,0
101,2023,32,650,13.2,254.9,25.24,0
101,2023,32,651,13.2,254.4,25.47,0
101,2023,32,652,13.19,238.5,25.64,0
101,2023,32,653,13.19,249.8,25.76,0
101,2023,32,654,13.19,266.6,25.83,0
101,2023,32,655,13.19,272.5,25.85,0
101,2023,32,656,13.18,276.7,25.95,0
101,2023,32,657,13.18,280.7,25.97,0
101,2023,32,658,13.18,284,25.87,0
101,2023,32,659,13.18,287.3,25.9,0
101,2023,32,700,13.18,290.3,25.76,0
101,2023,32,701,13.18,295.2,25.69,0
101,2023,32,702,13.18,301.1,25.8,0
101,2023,32,703,13.18,307.5,25.91,0
101,2023,32,704,13.18,314.6,25.94,0
101,2023,32,705,13.17,317.8,26.22,0
101,2023,32,706,13.17,303.7,26.33,0
101,2023,32,707,13.17,309.2,26.39,0
101,2023,32,708,13.17,324.4,26.43,0
101,2023,32,709,13.17,323.4,26.53,0
101,2023,32,710,13.17,328,26.64,0
101,2023,32,711,13.16,341.2,26.8,0
101,2023,32,712,13.16,342.4,26.9,0
101,2023,32,713,13.16,345.5,26.81,0
101,2023,32,714,13.16,350.6,26.78,0
101,2023,32,715,13.16,352,26.79,0
101,2023,32,716,13.16,361.3,26.79,0
101,2023,32,717,13.16,373.9,26.77,0
101,2023,32,718,13.16,379.3,26.83,0
101,2023,32,719,13.16,383.4,26.78,0
101,2023,32,720,13.15,387.3,26.79,0
101,2023,32,721,13.15,391.9,26.77,0
101,2023,32,722,13.15,399.1,26.37,0
101,2023,32,723,13.15,404.9,26.37,0
101,2023,32,724,13.14,410.5,26.47,0
101,2023,32,725,13.14,415.9,26.4,0
101,2023,32,726,13.14,418.6,26.34,0
101,2023,32,727,13.14,418.8,26.29,0
101,2023,32,728,13.14,419.1,26.29,0
101,2023,32,729,13.14,422.2,26.16,0
101,2023,32,730,13.14,428.1,25.48,0
101,2023,32,731,13.13,418.7,25.02,0
101,2023,32,732,13.13,400.8,24.9,0
101,2023,32,733,13.13,409.8,25.09,0
101,2023,32,734,13.13,418.9,24.86,0
101,2023,32,735,13.13,400.5,24.94,0
101,2023,32,736,13.13,405.5,25.25,0
101,2023,32,737,13.13,400.4,25.14,0
101,2023,32,738,13.13,408.2,25.21,0
101,2023,32,739,13.13,425.5,25.07,0
101,2023,32,740,13.13,432,24.97,0
101,2023,32,741,13.12,472.6,25.25,0
101,2023,32,742,13.12,505.8,25.38,0
101,2023,32,743,13.12,486.3,25.53,0
101,2023,32,744,13.12,302,25.77,0
101,2023,32,745,13.12,239.2,25.8,0
101,2023,32,746,13.12,205.6,25.42,0
101,2023,32,747,13.12,243.6,25.19,0
101,2023,32,748,13.12,358.7,25.4,0
101,2023,32,749,13.12,375.1,25.5,0
101,2023,32,750,13.12,495.8,25.58,0
101,2023,32,751,13.12,548.4,25.85,0
101,2023,32,752,13.12,509.1,26.04,0
101,2023,32,753,13.12,321.8,26.19,0
101,2023,32,754,13.12,346.3,26.31,0
101,2023,32,755,13.11,377.4,26.19,0
101,2023,32,756,13.11,330.2,26.15,0
101,2023,32,757,13.11,293.7,26.13,0
101,2023,32,758,13.11,358.7,26.08,0
101,2023,32,759,13.11,513.6,25.95,0
101,2023,32,800,13.12,557.3,26,0
101,2023,32,801,13.11,612.6,25.98,0
101,2023,32,802,13.11,428.5,26,0
101,2023,32,803,13.11,553.8,26.17,0
101,2023,32,804,13.11,625.9,26.38,0
101,2023,32,805,13.11,660.4,26.53,0
101,2023,32,806,13.11,688.2,26.61,0
101,2023,32,807,13.11,724,26.85,0
101,2023,32,808,13.11,700,26.72,0
101,2023,32,809,13.11,703,26.82,0
101,2023,32,810,13.11,705,26.91,0
101,2023,32,811,13.1,703,26.89,0
101,2023,32,812,13.1,682.6,26.97,0
101,2023,32,813,13.1,633.4,27.01,0
101,2023,32,814,13.1,704,26.7,0
101,2023,32,815,13.1,599.3,26.91,0
101,2023,32,816,13.09,503.5,27.12,0
101,2023,32,817,13.09,496.2,27.07,0
101,2023,32,818,13.09,535.7,27.06,0
101,2023,32,819,13.09,528.4,27.06,0
101,2023,32,820,13.09,643.9,27.04,0
101,2023,32,821,13.09,631,27.16,0
101,2023,32,822,13.09,742,27.33,0
101,2023,32,823,13.09,640.9,27.44,0
101,2023,32,824,13.09,814,27.55,0
101,2023,32,825,13.09,516.9,27.77,0
101,2023,32,826,13.09,454,27.82,0
101,2023,32,827,13.09,511.4,27.43,0
101,2023,32,828,13.08,491.4,26.88,0
101,2023,32,829,13.09,482.1,26.94,0
101,2023,32,830,13.09,333.2,26.89,0
101,2023,32,831,13.09,263.1,26.91,0
101,2023,32,832,13.08,242.3,26.97,0
101,2023,32,833,13.09,242.3,26.99,0
101,2023,32,834,13.08,273.7,26.98,0
101,2023,32,835,13.09,321.5,26.93,0
101,2023,32,836,13.09,339.3,26.98,0
101,2023,32,837,13.09,364.3,26.99,0
101,2023,32,838,13.09,391.1,26.9,0
101,2023,32,839,13.09,414.2,26.84,0
101,2023,32,840,13.09,503.9,26.87,0
101,2023,32,841,13.09,503.9,26.76,0
101,2023,32,842,13.09,406.4,26.77,0
101,2023,32,843,13.09,400.8,26.87,0
101,2023,32,844,13.09,546.4,26.84,0
101,2023,32,845,13.09,835,26.94,0
101,2023,32,846,13.1,836,27.11,0
101,2023,32,847,13.09,764,27.14,0
101,2023,32,848,13.09,630,26.91,0
101,2023,32,849,13.09,856,26.99,0
101,2023,32,850,13.09,867,26.94,0
101,2023,32,851,13.09,857,26.96,0
101,2023,32,852,13.09,849,26.92,0
101,2023,32,853,13.09,852,27.16,0
101,2023,32,854,13.09,876,27.29,0
101,2023,32,855,13.09,803,27.39,0
101,2023,32,856,13.09,463.2,26.93,0
101,2023,32,857,13.08,474.8,26.99,0
101,2023,32,858,13.08,558.9,26.79,0
101,2023,32,859,13.08,366.4,26.76,0
101,2023,32,900,13.08,256.7,26.61,0
101,2023,32,901,13.08,251.9,26.39,0
101,2023,32,902,13.08,265.4,26.27,0
101,2023,32,903,13.08,351.4,26.33,0
101,2023,32,904,13.08,367.2,26.34,0
101,2023,32,905,13.08,414.1,26.25,0
101,2023,32,906,13.08,631.7,26.32,0
101,2023,32,907,13.08,571.9,26.53,0
101,2023,32,908,13.08,610.7,26.65,0
101,2023,32,909,13.08,776,26.81,0
101,2023,32,910,13.08,804,26.97,0
101,2023,32,911,13.08,512.8,27.07,0
101,2023,32,912,13.08,477.8,27.16,0
101,2023,32,913,13.08,367.9,27.04,0
101,2023,32,914,13.08,340.8,26.83,0
101,2023,32,915,13.08,309.3,26.5,0
101,2023,32,916,13.08,241.1,26.36,0
101,2023,32,917,13.08,224,26.33,0
101,2023,32,918,13.08,222.2,26.38,0
101,2023,32,919,13.08,231.7,26.24,0
101,2023,32,920,13.08,240.5,26.23,0
101,2023,32,921,13.09,242.7,26.18,0
101,2023,32,922,13.08,237.3,26.29,0
101,2023,32,923,13.08,234.7,26.14,0
101,2023,32,924,13.08,233,26.11,0
101,2023,32,925,13.09,234,25.99,0
101,2023,32,926,13.09,227,25.93,0
101,2023,32,927,13.09,199.7,25.9,0
101,2023,32,928,13.09,148.1,25.9,0
101,2023,32,929,13.09,97.5,25.7,0
101,2023,32,930,13.09,70.8,25.33,0
101,2023,32,931,13.09,60.96,25.07,0
101,2023,32,932,13.09,66.51,24.8,0
101,2023,32,933,13.1,75.8,24.56,0
101,2023,32,934,13.1,88.1,24.22,0
101,2023,32,935,13.1,102.7,24.03,0
101,2023,32,936,13.1,112.9,23.9,0
101,2023,32,937,13.1,121,23.67,0
101,2023,32,938,13.1,131.5,23.54,0
101,2023,32,939,13.11,143,23.49,0
101,2023,32,940,13.11,152.7,23.38,0
101,2023,32,941,13.11,160.1,23.32,0
101,2023,32,942,13.12,161.1,23.23,0
101,2023,32,943,13.12,159.4,23.15,0
101,2023,32,944,13.12,155.3,23.09,0
101,2023,32,945,13.12,148.6,22.99,0
101,2023,32,946,13.12,140.8,22.98,0
101,2023,32,947,13.13,134.7,22.99,0
101,2023,32,948,13.13,131.2,22.99,0
101,2023,32,949,13.13,133.6,22.95,0
101,2023,32,950,13.13,140.2,22.89,0
101,2023,32,951,13.13,146.7,22.86,0
101,2023,32,952,13.13,153.3,22.94,0
101,2023,32,953,13.14,163.4,22.94,0
101,2023,32,954,13.14,175.6,22.9,0
101,2023,32,955,13.14,186.7,22.96,0
101,2023,32,956,13.14,195.3,22.99,0
101,2023,32,957,13.14,209.8,23.03,0
101,2023,32,958,13.14,223.2,23.07,0
101,2023,32,959,13.14,233.3,23.08,0
101,2023,32,1000,13.14,243.6,23.01,0
101,2023,32,1001,13.14,255.2,22.94,0
101,2023,32,1002,13.14,268.8,23.01,0
101,2023,32,1003,13.14,284,23.12,0
101,2023,32,1004,13.15,297.8,23.15,0
101,2023,32,1005,13.15,313.3,23.12,0
101,2023,32,1006,13.15,329.9,23.25,0
101,2023,32,1007,13.15,345,23.36,0
101,2023,32,1008,13.15,359.4,23.43,0
101,2023,32,1009,13.15,374.2,23.48,0
101,2023,32,1010,13.15,389.2,23.35,0
101,2023,32,1011,13.15,401.2,23.52,0
101,2023,32,1012,13.15,404.6,23.49,0
101,2023,32,1013,13.15,399.2,23.56,0
101,2023,32,1014,13.14,384.5,23.7,0
101,2023,32,1015,13.15,374.2,23.63,0
101,2023,32,1016,13.15,357,23.69,0
101,2023,32,1017,13.15,330.6,23.71,0
101,2023,32,1018,13.15,305.1,23.61,0
101,2023,32,1019,13.15,299.1,23.61,0
101,2023,32,1020,13.15,300.3,23.67,0
101,2023,32,1021,13.15,271.2,23.69,0
101,2023,32,1022,13.15,245.6,23.68,0
101,2023,32,1023,13.15,306.9,23.65,0
101,2023,32,1024,13.15,342.4,23.66,0
101,2023,32,1025,13.15,354.6,23.66,0
101,2023,32,1026,13.15,338.4,23.8,0
101,2023,32,1027,13.15,333.2,23.93,0
101,2023,32,1028,13.15,325.9,23.93,0
101,2023,32,1029,13.15,331.3,24,0
101,2023,32,1030,13.15,341.7,23.9,0
101,2023,32,1031,13.15,369.7,23.96,0
101,2023,32,1032,13.15,368,24.09,0
101,2023,32,1033,13.15,360.3,23.99,0
101,2023,32,1034,13.15,359.6,23.91,0
101,2023,32,1035,13.15,369.8,23.88,0
101,2023,32,1036,13.15,373.7,23.8,0
101,2023,32,1037,13.15,377.2,23.79,0
101,2023,32,1038,13.15,381.7,23.91,0
101,2023,32,1039,13.15,382.8,23.74,0
101,2023,32,1040,13.15,381.2,23.69,0
101,2023,32,1041,13.15,377.5,23.78,0
101,2023,32,1042,13.16,376.3,23.81,0
101,2023,32,1043,13.15,373.4,23.83,0
101,2023,32,1044,13.16,370.7,23.9,0
101,2023,32,1045,13.16,366.9,23.88,0
101,2023,32,1046,13.15,358.7,23.72,0
101,2023,32,1047,13.16,354.1,23.69,0
101,2023,32,1048,13.16,350.3,23.74,0
101,2023,32,1049,13.16,347.9,23.82,0
101,2023,32,1050,13.15,355.2,23.76,0
101,2023,32,1051,13.16,365.5,23.77,0
101,2023,32,1052,13.15,375.6,23.72,0
101,2023,32,1053,13.16,382.6,23.82,0
101,2023,32,1054,13.16,390.6,23.86,0
101,2023,32,1055,13.16,401.6,23.68,0
101,2023,32,1056,13.16,416.9,23.66,0
101,2023,32,1057,13.16,431.9,23.6,0
101,2023,32,1058,13.16,444.3,23.64,0
101,2023,32,1059,13.16,455.4,23.61,0
101,2023,32,1100,13.16,469.2,23.79,0
101,2023,32,1101,13.16,481.2,23.83,0
101,2023,32,1102,13.16,491.5,23.9,0
101,2023,32,1103,13.16,500.4,23.88,0
101,2023,32,1104,13.16,503.8,23.64,0
101,2023,32,1105,13.16,504.8,23.71,0
101,2023,32,1106,13.16,480.7,23.67,0
101,2023,32,1107,13.16,474.7,23.78,0
101,2023,32,1108,13.16,497.9,23.95,0
101,2023,32,1109,13.16,479.6,23.99,0
101,2023,32,1110,13.16,469.4,23.82,0
101,2023,32,1111,13.16,493.1,23.78,0
101,2023,32,1112,13.16,495.9,23.79,0
101,2023,32,1113,13.16,497.1,23.82,0
101,2023,32,1114,13.16,494,24.05,0
101,2023,32,1115,13.16,495.7,24.11,0
101,2023,32,1116,13.16,491.2,24.09,0
101,2023,32,1117,13.16,488.1,23.97,0
101,2023,32,1118,13.16,495,23.87,0
101,2023,32,1119,13.16,502.4,23.9,0
101,2023,32,1120,13.16,500.7,23.9,0
101,2023,32,1121,13.16,500.5,23.92,0
101,2023,32,1122,13.16,505.4,23.87,0
101,2023,32,1123,13.16,494.9,23.93,0
101,2023,32,1124,13.16,471.8,24.14,0
101,2023,32,1125,13.16,434.1,24.18,0
101,2023,32,1126,13.16,429.7,24.08,0
101,2023,32,1127,13.16,441,24.03,0
101,2023,32,1128,13.16,453.9,23.9,0
101,2023,32,1129,13.16,451.6,23.8,0
101,2023,32,1130,13.16,436,23.92,0
101,2023,32,1131,13.16,420.1,24.02,0
101,2023,32,1132,13.16,396.1,24.04,0
101,2023,32,1133,13.16,374.8,24.04,0
101,2023,32,1134,13.16,361.4,23.85,0
101,2023,32,1135,13.16,359.1,23.95,0
101,2023,32,1136,13.16,373.4,24.03,0
101,2023,32,1137,13.16,389.3,23.92,0
101,2023,32,1138,13.17,401.1,23.87,0
101,2023,32,1139,13.17,408.4,23.85,0
101,2023,32,1140,13.17,415.7,23.88,0
101,2023,32,1141,13.17,419.9,23.86,0
101,2023,32,1142,13.17,427.7,23.91,0
101,2023,32,1143,13.17,433.1,23.87,0
101,2023,32,1144,13.17,435.5,23.96,0
101,2023,32,1145,13.17,432.5,24.06,0
101,2023,32,1146,13.17,430.4,24.08,0
101,2023,32,1147,13.17,427.5,24,0
101,2023,32,1148,13.17,424,24.13,0
101,2023,32,1149,13.17,421.7,24.22,0
101,2023,32,1150,13.17,424.7,24.08,0
101,2023,32,1151,13.17,429,23.86,0
101,2023,32,1152,13.17,434,23.75,0
101,2023,32,1153,13.17,441.4,23.83,0
101,2023,32,1154,13.17,460.1,23.91,0
101,2023,32,1155,13.17,488.2,23.86,0
101,2023,32,1156,13.17,510.9,23.83,0
101,2023,32,1157,13.17,534.1,24.02,0
101,2023,32,1158,13.17,569.8,23.89,0
101,2023,32,1159,13.17,587.7,23.96,0
101,2023,32,1200,13.17,588,23.94,0
101,2023,32,1201,13.17,585.5,24.1,0
101,2023,32,1202,13.17,586.4,23.97,0
101,2023,32,1203,13.17,597.6,23.89,0
101,2023,32,1204,13.17,608.3,23.93,0
101,2023,32,1205,13.17,611.8,24.02,0
101,2023,32,1206,13.17,610.3,23.99,0
101,2023,32,1207,13.17,599,23.98,0
101,2023,32,1208,13.17,595.6,23.96,0
101,2023,32,1209,13.17,584.7,23.87,0
101,2023,32,1210,13.17,581.5,23.85,0
101,2023,32,1211,13.17,584,23.91,0
101,2023,32,1212,13.17,582.8,24.13,0
101,2023,32,1213,13.17,589.3,24.35,0
101,2023,32,1214,13.17,594,24.34,0
101,2023,32,1215,13.17,595,24.19,0
101,2023,32,1216,13.17,596.8,24.05,0
101,2023,32,1217,13.17,598.2,24.08,0
101,2023,32,1218,13.17,596.3,24.35,0
101,2023,32,1219,13.17,599.2,24.4,0
101,2023,32,1220,13.17,602.7,24.41,0
101,2023,32,1221,13.17,608.2,24.43,0
101,2023,32,1222,13.17,618.4,24.27,0
101,2023,32,1223,13.17,618.2,23.95,0
101,2023,32,1224,13.17,616.8,24.16,0
101,2023,32,1225,13.17,621.2,24.41,0
101,2023,32,1226,13.17,622.3,24.35,0
101,2023,32,1227,13.17,624.6,24.18,0
101,2023,32,1228,13.16,629.1,24.17,0
101,2023,32,1229,13.16,626.2,24.29,0
101,2023,32,1230,13.17,601.5,24.33,0
101,2023,32,1231,13.16,573.1,24.49,0
101,2023,32,1232,13.16,568.5,24.45,0
101,2023,32,1233,13.16,555.7,24.52,0
101,2023,32,1234,13.16,542,24.64,0
101,2023,32,1235,13.16,551.7,24.57,0
101,2023,32,1236,13.16,563.9,24.67,0
101,2023,32,1237,13.16,561.3,24.73,0
101,2023,32,1238,13.16,552.5,24.76,0
101,2023,32,1239,13.16,541.5,24.86,0
101,2023,32,1240,13.16,531.4,24.86,0
101,2023,32,1241,13.16,522.1,24.9,0
101,2023,32,1242,13.16,511.2,24.96,0
101,2023,32,1243,13.16,501.4,25.2,0
101,2023,32,1244,13.15,492.8,25.13,0
101,2023,32,1245,13.15,483.4,25.21,0
101,2023,32,1246,13.15,476.9,25.18,0
101,2023,32,1247,13.15,471.3,25.29,0
101,2023,32,1248,13.15,467.7,25.27,0
101,2023,32,1249,13.15,465.3,25.24,0
101,2023,32,1250,13.15,463.6,25.3,0
101,2023,32,1251,13.15,463.3,25.47,0
101,2023,32,1252,13.15,464.2,25.58,0
101,2023,32,1253,13.15,467.3,25.55,0
101,2023,32,1254,13.15,471.7,25.49,0
101,2023,32,1255,13.14,472.6,25.49,0
101,2023,32,1256,13.14,474.3,25.47,0
101,2023,32,1257,13.14,476.9,25.49,0
101,2023,32,1258,13.14,479.8,25.59,0
101,2023,32,1259,13.14,481.8,25.69,0
101,2023,32,1300,13.14,486,25.82,0
101,2023,32,1301,13.14,490.3,25.98,0
101,2023,32,1302,13.14,494.1,26.03,0
101,2023,32,1303,13.14,496.2,25.98,0
101,2023,32,1304,13.14,499.5,25.95,0
101,2023,32,1305,13.14,502.4,25.92,0
101,2023,32,1306,13.14,504.8,25.94,0
101,2023,32,1307,13.14,505.9,25.95,0
101,2023,32,1308,13.14,507.6,25.93,0
101,2023,32,1309,13.14,507.6,25.94,0
101,2023,32,1310,13.14,506.5,25.86,0
101,2023,32,1311,13.13,507.8,25.89,0
101,2023,32,1312,13.13,509.3,26.11,0
101,2023,32,1313,13.13,513.1,26.14,0
101,2023,32,1314,13.13,520.8,26.1,0
101,2023,32,1315,13.13,523.2,26.1,0
101,2023,32,1316,13.13,528.8,26.2,0
101,2023,32,1317,13.13,532.8,26.11,0
101,2023,32,1318,13.13,532.5,26.13,0
101,2023,32,1319,13.13,532.2,26.2,0
101,2023,32,1320,13.13,524.8,26.25,0
101,2023,32,1321,13.13,518.7,26.29,0
101,2023,32,1322,13.13,511.9,26.4,0
101,2023,32,1323,13.13,506,26.33,0
101,2023,32,1324,13.13,503.5,26.37,0
101,2023,32,1325,13.13,500.7,26.46,0
101,2023,32,1326,13.13,499.3,26.44,0
101,2023,32,1327,13.13,499.4,26.25,0
101,2023,32,1328,13.13,500.5,26.25,0
101,2023,32,1329,13.13,504.6,26.28,0
101,2023,32,1330,13.13,510.9,26.27,0
101,2023,32,1331,13.13,519,26.4,0
101,2023,32,1332,13.13,528.5,26.45,0
101,2023,32,1333,13.13,537.5,26.38,0
101,2023,32,1334,13.13,544.3,26.28,0
101,2023,32,1335,13.13,552.8,26.19,0
101,2023,32,1336,13.13,554.1,26.25,0
101,2023,32,1337,13.13,555.1,26.33,0
101,2023,32,1338,13.13,553.8,26.32,0
101,2023,32,1339,13.13,549.7,26.32,0
101,2023,32,1340,13.12,543.5,26.15,0
101,2023,32,1341,13.12,537.9,26.11,0
101,2023,32,1342,13.13,532.6,26.16,0
101,2023,32,1343,13.13,529.3,26.16,0
101,2023,32,1344,13.13,531.5,26.1,0
101,2023,32,1345,13.13,537.6,26.15,0
101,2023,32,1346,13.13,540.9,26.16,0
101,2023,32,1347,13.13,541.6,26.07,0
101,2023,32,1348,13.13,542.1,26.1,0
101,2023,32,1349,13.13,543.2,26.17,0
101,2023,32,1350,13.13,540.3,26.07,0
101,2023,32,1351,13.13,532.9,26.14,0
101,2023,32,1352,13.13,529.6,26.16,0
101,2023,32,1353,13.13,527.1,26.23,0
101,2023,32,1354,13.13,521.3,26.24,0
101,2023,32,1355,13.13,512.5,26.19,0
101,2023,32,1356,13.13,511.6,26.24,0
101,2023,32,1357,13.13,506.7,26.32,0
101,2023,32,1358,13.13,501.9,26.37,0
101,2023,32,1359,13.13,491.7,26.35,0
101,2023,32,1400,13.13,482.1,26.33,0
101,2023,32,1401,13.13,474.4,26.29,0
101,2023,32,1402,13.13,469.4,26.29,0
101,2023,32,1403,13.13,463.2,26.2,0
101,2023,32,1404,13.13,455.9,26.18,0
101,2023,32,1405,13.13,451.2,26.17,0
101,2023,32,1406,13.13,445.9,26.19,0
101,2023,32,1407,13.13,441.5,26.31,0
101,2023,32,1408,13.13,442.3,26.3,0
101,2023,32,1409,13.13,426.9,26.42,0
101,2023,32,1410,13.13,410.7,26.53,0
101,2023,32,1411,13.13,400.1,26.62,0
101,2023,32,1412,13.13,392.3,26.65,0
101,2023,32,1413,13.13,398.9,26.51,0
101,2023,32,1414,13.13,408.7,26.35,0
101,2023,32,1415,13.13,414.6,26.27,0
101,2023,32,1416,13.13,416.5,26.25,0
101,2023,32,1417,13.13,418.2,26.38,0
101,2023,32,1418,13.13,420.5,26.36,0
101,2023,32,1419,13.13,418.4,26.43,0
101,2023,32,1420,13.13,419.3,26.4,0
101,2023,32,1421,13.13,421.2,26.43,0
101,2023,32,1422,13.13,422.5,26.45,0
101,2023,32,1423,13.13,424.2,26.41,0
101,2023,32,1424,13.13,426.1,26.46,0
101,2023,32,1425,13.13,429.3,26.57,0
101,2023,32,1426,13.13,427.2,26.62,0
101,2023,32,1427,13.13,423.9,26.53,0
101,2023,32,1428,13.13,423.3,26.49,0
101,2023,32,1429,13.13,422,26.46,0
101,2023,32,1430,13.13,422.9,26.46,0
101,2023,32,1431,13.13,416.2,26.48,0
101,2023,32,1432,13.13,413.3,26.48,0
101,2023,32,1433,13.13,400.8,26.53,0
101,2023,32,1434,13.13,389.9,26.63,0
101,2023,32,1435,13.13,386.6,26.74,0
101,2023,32,1436,13.13,385.8,26.67,0
101,2023,32,1437,13.13,377.8,26.59,0
101,2023,32,1438,13.13,355.3,26.62,0
101,2023,32,1439,13.12,329.2,26.62,0
101,2023,32,1440,13.13,327.9,26.57,0
101,2023,32,1441,13.13,354.6,26.54,0
101,2023,32,1442,13.13,380.9,26.48,0
101,2023,32,1443,13.13,391.8,26.54,0
101,2023,32,1444,13.13,391.2,26.51,0
101,2023,32,1445,13.13,396.4,26.58,0
101,2023,32,1446,13.12,406.2,26.66,0
101,2023,32,1447,13.13,397.2,26.65,0
101,2023,32,1448,13.13,392.7,26.57,0
101,2023,32,1449,13.13,392,26.55,0
101,2023,32,1450,13.13,391.5,26.63,0
101,2023,32,1451,13.13,392.2,26.6,0
101,2023,32,1452,13.13,388.7,26.57,0
101,2023,32,1453,13.13,392.3,26.59,0
101,2023,32,1454,13.13,395.5,26.61,0
101,2023,32,1455,13.13,392.5,26.68,0
101,2023,32,1456,13.13,381.3,26.65,0
101,2023,32,1457,13.13,385.2,26.69,0
101,2023,32,1458,13.13,384.2,26.77,0
101,2023,32,1459,13.13,384.1,26.73,0
101,2023,32,1500,13.13,382,26.59,0
101,2023,32,1501,13.13,388.9,26.57,0
101,2023,32,1502,13.13,396.2,26.64,0
101,2023,32,1503,13.13,407.7,26.58,0
101,2023,32,1504,13.13,418.3,26.55,0
101,2023,32,1505,13.13,408.7,26.54,0
101,2023,32,1506,13.13,409.7,26.6,0
101,2023,32,1507,13.13,402.5,26.66,0
101,2023,32,1508,13.13,407.1,26.63,0
101,2023,32,1509,13.13,405.5,26.59,0
101,2023,32,1510,13.13,407.4,26.64,0
101,2023,32,1511,13.13,405.7,26.75,0
101,2023,32,1512,13.13,400.8,26.75,0
101,2023,32,1513,13.13,387.1,26.67,0
101,2023,32,1514,13.13,377,26.72,0
101,2023,32,1515,13.13,366.7,26.79,0
101,2023,32,1516,13.13,355.1,26.84,0
101,2023,32,1517,13.13,341.9,26.81,0
101,2023,32,1518,13.13,328.2,26.84,0
101,2023,32,1519,13.13,312.6,26.84,0
101,2023,32,1520,13.13,296.9,26.69,0
101,2023,32,1521,13.13,282.4,26.62,0
101,2023,32,1522,13.12,269.6,26.61,0
101,2023,32,1523,13.12,259.4,26.65,0
101,2023,32,1524,13.13,250.1,26.59,0
101,2023,32,1525,13.13,241.3,26.57,0
101,2023,32,1526,13.13,232.5,26.56,0
101,2023,32,1527,13.13,224.5,26.58,0
101,2023,32,1528,13.13,217.9,26.6,0
101,2023,32,1529,13.13,213,26.58,0
101,2023,32,1530,13.13,208.7,26.54,0
101,2023,32,1531,13.13,204.6,26.46,0
101,2023,32,1532,13.13,200,26.47,0
101,2023,32,1533,13.13,194.7,26.42,0
101,2023,32,1534,13.13,188.9,26.41,0
101,2023,32,1535,13.13,183.3,26.44,0
101,2023,32,1536,13.13,178.6,26.42,0
101,2023,32,1537,13.13,175.1,26.43,0
101,2023,32,1538,13.13,172.8,26.44,0
101,2023,32,1539,13.13,171.3,26.41,0
101,2023,32,1540,13.13,170.4,26.34,0
101,2023,32,1541,13.13,169.8,26.3,0
101,2023,32,1542,13.13,169.2,26.25,0
101,2023,32,1543,13.13,168.3,26.18,0
101,2023,32,1544,13.13,167,26.18,0
101,2023,32,1545,13.13,165.7,26.22,0
101,2023,32,1546,13.13,164.7,26.28,0
101,2023,32,1547,13.13,164.4,26.34,0
101,2023,32,1548,13.13,164.7,26.33,0
101,2023,32,1549,13.13,166.1,26.3,0
101,2023,32,1550,13.13,168,26.26,0
101,2023,32,1551,13.13,170.5,26.3,0
101,2023,32,1552,13.13,173.1,26.33,0
101,2023,32,1553,13.13,176,26.37,0
101,2023,32,1554,13.13,180.2,26.3,0
101,2023,32,1555,13.13,191,26.28,0
101,2023,32,1556,13.13,211.1,26.27,0
101,2023,32,1557,13.13,236.6,26.28,0
101,2023,32,1558,13.13,257.5,26.3,0
101,2023,32,1559,13.13,291.2,26.33,0
101,2023,32,1600,13.13,338.5,26.36,0
101,2023,32,1601,13.14,384,26.49,0
101,2023,32,1602,13.14,408.8,26.55,0
101,2023,32,1603,13.13,408,26.59,0
101,2023,32,1604,13.13,370.7,26.53,0
101,2023,32,1605,13.14,357.5,26.54,0
101,2023,32,1606,13.13,396.9,26.66,0
101,2023,32,1607,13.13,415.4,26.69,0
101,2023,32,1608,13.13,417.7,26.76,0
101,2023,32,1609,13.14,401.4,26.77,0
101,2023,32,1610,13.13,375.3,26.78,0
101,2023,32,1611,13.14,357.5,26.74,0
101,2023,32,1612,13.13,363,26.78,0
101,2023,32,1613,13.13,387.4,26.78,0
101,2023,32,1614,13.14,401.4,26.78,0
101,2023,32,1615,13.14,398.3,26.86,0
101,2023,32,1616,13.13,382,26.89,0
101,2023,32,1617,13.13,341.2,26.87,0
101,2023,32,1618,13.13,299.5,26.89,0
101,2023,32,1619,13.14,264.6,26.8,0
101,2023,32,1620,13.14,241.8,26.76,0
101,2023,32,1621,13.14,225.9,26.75,0
101,2023,32,1622,13.13,211.8,26.7,0
101,2023,32,1623,13.13,196.3,26.72,0
101,2023,32,1624,13.14,181.5,26.75,0
101,2023,32,1625,13.14,171.9,26.76,0
101,2023,32,1626,13.14,165.1,26.7,0
101,2023,32,1627,13.13,158.9,26.68,0
101,2023,32,1628,13.14,152.9,26.64,0
101,2023,32,1629,13.13,146.9,26.67,0
101,2023,32,1630,13.13,141.4,26.63,0
101,2023,32,1631,13.14,137.6,26.59,0
101,2023,32,1632,13.13,135.2,26.55,0
101,2023,32,1633,13.13,133.4,26.52,0
101,2023,32,1634,13.13,131.9,26.54,0
101,2023,32,1635,13.14,130,26.55,0
101,2023,32,1636,13.14,128,26.57,0
101,2023,32,1637,13.14,125.9,26.57,0
101,2023,32,1638,13.14,123.9,26.56,0
101,2023,32,1639,13.14,122.8,26.58,0
101,2023,32,1640,13.14,121.9,26.56,0
101,2023,32,1641,13.14,120.9,26.58,0
101,2023,32,1642,13.14,119.3,26.58,0
101,2023,32,1643,13.14,116.4,26.57,0
101,2023,32,1644,13.14,112.6,26.58,0
101,2023,32,1645,13.14,108.6,26.62,0
101,2023,32,1646,13.14,103.9,26.61,0
101,2023,32,1647,13.14,99.2,26.62,0
101,2023,32,1648,13.14,95,26.64,0
101,2023,32,1649,13.14,91,26.63,0
101,2023,32,1650,13.14,87.5,26.61,0
101,2023,32,1651,13.14,84.5,26.59,0
101,2023,32,1652,13.14,81.2,26.61,0
101,2023,32,1653,13.14,77.9,26.61,0
101,2023,32,1654,13.14,74.3,26.61,0
101,2023,32,1655,13.14,70.9,26.61,0
101,2023,32,1656,13.14,67.52,26.63,0
101,2023,32,1657,13.14,64.54,26.61,0
101,2023,32,1658,13.14,61.83,26.61,0
101,2023,32,1659,13.14,59.43,26.61,0
101,2023,32,1700,13.14,57.15,26.61,0
101,2023,32,1701,13.13,55.09,26.6,0
101,2023,32,1702,13.13,53.12,26.6,0
101,2023,32,1703,13.13,51.23,26.6,0
101,2023,32,1704,13.12,49.51,26.58,0
101,2023,32,1705,13.12,47.96,26.55,0
101,2023,32,1706,13.12,46.05,26.57,0
101,2023,32,1707,13.11,44.13,26.57,0
101,2023,32,1708,13.1,42.36,26.55,0
101,2023,32,1709,13.1,40.89,26.56,0
101,2023,32,1710,13.09,39.51,26.57,0
101,2023,32,1711,13.08,38.16,26.58,0
101,2023,32,1712,13.07,36.89,26.58,0
101,2023,32,1713,13.07,35.87,26.58,0
101,2023,32,1714,13.06,34.94,26.56,0
101,2023,32,1715,13.05,34.47,26.55,0
101,2023,32,1716,13.04,34.01,26.54,0
101,2023,32,1717,13.04,33.48,26.52,0
101,2023,32,1718,13.03,32.24,26.51,0
101,2023,32,1719,13.02,30.89,26.49,0
101,2023,32,1720,13.02,29.08,26.48,0
101,2023,32,1721,13.01,27.11,26.45,0
101,2023,32,1722,13,25.05,26.42,0
101,2023,32,1723,13,23,26.42,0
101,2023,32,1724,13,21.5,26.37,0
101,2023,32,1725,12.99,20.54,26.34,0
101,2023,32,1726,12.99,20.26,26.29,0
101,2023,32,1727,12.98,20.66,26.27,0
101,2023,32,1728,12.98,21.56,26.27,0
101,2023,32,1729,12.97,21.87,26.25,0
101,2023,32,1730,12.96,21.25,26.24,0
101,2023,32,1731,12.96,19.78,26.21,0
101,2023,32,1732,12.95,18.04,26.2,0
101,2023,32,1733,12.95,16.94,26.18,0
101,2023,32,1734,12.95,16.04,26.17,0
101,2023,32,1735,12.94,15.53,26.15,0
101,2023,32,1736,12.94,14.96,26.14,0
101,2023,32,1737,12.94,14.51,26.1,0
101,2023,32,1738,12.93,14.09,26.1,0
101,2023,32,1739,12.93,13.58,26.09,0
101,2023,32,1740,12.93,12.77,26.08,0
101,2023,32,1741,12.92,11.67,26.08,0
101,2023,32,1742,12.92,10.51,26.05,0
101,2023,32,1743,12.92,9.27,26.06,0
101,2023,32,1744,12.91,8.23,26.04,0
101,2023,32,1745,12.91,7.38,26.02,0
101,2023,32,1746,12.9,6.594,26.01,0
101,2023,32,1747,12.9,5.946,25.99,0
101,2023,32,1748,12.9,5.242,25.97,0
101,2023,32,1749,12.89,4.593,25.97,0
101,2023,32,1750,12.89,4.114,25.97,0
101,2023,32,1751,12.89,3.833,25.95,0
101,2023,32,1752,12.89,3.41,25.95,0
101,2023,32,1753,12.88,3.044,25.95,0
101,2023,32,1754,12.88,2.734,25.94,0
101,2023,32,1755,12.88,2.367,25.93,0
101,2023,32,1756,12.88,2.367,25.91,0
101,2023,32,1757,12.87,2.198,25.89,0
101,2023,32,1758,12.87,1.916,25.87,0
101,2023,32,1759,12.87,1.691,25.86,0
101,2023,32,1800,12.87,1.691,25.85,0
101,2023,32,1801,12.86,1.691,25.82,0
101,2023,32,1802,12.86,1.55,25.82,0
101,2023,32,1803,12.86,1.24,25.79,0
101,2023,32,1804,12.86,1.015,25.77,0
101,2023,32,1805,12.85,1.015,25.75,0
101,2023,32,1806,12.86,.705,25.73,0
101,2023,32,1807,12.85,.366,25.72,0
101,2023,32,1808,12.85,.338,25.71,0
101,2023,32,1809,12.85,.338,25.69,0
101,2023,32,1810,12.85,.338,25.66,0
101,2023,32,1811,12.85,.338,25.66,0
101,2023,32,1812,12.84,.338,25.66,0
101,2023,32,1813,12.84,.338,25.65,0
101,2023,32,1814,12.84,.31,25.61,0
101,2023,32,1815,12.84,.254,25.6,0
101,2023,32,1816,12.84,.254,25.6,0
101,2023,32,1817,12.84,.141,25.58,0
101,2023,32,1818,12.84,.085,25.58,0
101,2023,32,1819,12.84,.141,25.54,0
101,2023,32,1820,12.84,.141,25.55,0
101,2023,32,1821,12.83,.197,25.52,0
101,2023,32,1822,12.83,.113,25.53,0
101,2023,32,1823,12.83,.056,25.52,0
101,2023,32,1824,12.83,.056,25.52,0
101,2023,32,1825,12.83,0,25.54,0
101,2023,32,1826,12.83,.056,25.55,0
101,2023,32,1827,12.83,0,25.55,0
101,2023,32,1828,12.82,.056,25.55,0
101,2023,32,1829,12.82,.028,25.54,0
101,2023,32,1830,12.82,.056,25.52,0
101,2023,32,1831,12.82,.056,25.52,0
101,2023,32,1832,12.82,.056,25.51,0
101,2023,32,1833,12.82,.028,25.5,0
101,2023,32,1834,12.82,.028,25.48,0
101,2023,32,1835,12.82,0,25.49,0
101,2023,32,1836,12.82,0,25.5,0
101,2023,32,1837,12.81,0,25.48,0
101,2023,32,1838,12.82,.028,25.47,0
101,2023,32,1839,12.81,0,25.47,0
101,2023,32,1840,12.81,0,25.47,0
101,2023,32,1841,12.81,0,25.47,0
101,2023,32,1842,12.81,0,25.47,0
101,2023,32,1843,12.81,0,25.47,0
101,2023,32,1844,12.81,.028,25.46,0
101,2023,32,1845,12.81,0,25.45,0
101,2023,32,1846,12.81,0,25.43,0
101,2023,32,1847,12.8,0,25.42,0
101,2023,32,1848,12.8,0,25.4,0
101,2023,32,1849,12.8,0,25.37,0
101,2023,32,1850,12.8,.028,25.37,0
101,2023,32,1851,12.8,.056,25.36,0
101,2023,32,1852,12.8,0,25.34,0
101,2023,32,1853,12.8,0,25.32,0
101,2023,32,1854,12.8,0,25.3,0
101,2023,32,1855,12.8,.028,25.28,0
101,2023,32,1856,12.8,0,25.28,0
101,2023,32,1857,12.8,.028,25.26,0
101,2023,32,1858,12.8,0,25.23,0
101,2023,32,1859,12.8,.028,25.2,0
101,2023,32,1900,12.8,.028,25.18,0
101,2023,32,1901,12.8,0,25.15,0
101,2023,32,1902,12.8,0,25.12,0
101,2023,32,1903,12.8,.028,25.1,0
101,2023,32,1904,12.79,0,25.1,0
101,2023,32,1905,12.79,0,25.07,0
101,2023,32,1906,12.79,0,25.06,0
101,2023,32,1907,12.79,0,25.02,0
101,2023,32,1908,12.79,0,25,0
101,2023,32,1909,12.79,0,25.01,0
101,2023,32,1910,12.79,0,25.01,0
101,2023,32,1911,12.79,0,24.98,0
101,2023,32,1912,12.79,0,24.98,0
101,2023,32,1913,12.79,.028,24.97,0
101,2023,32,1914,12.79,.028,24.95,0
101,2023,32,1915,12.79,.028,24.93,0
101,2023,32,1916,12.79,0,24.9,0
101,2023,32,1917,12.79,.028,24.9,0
101,2023,32,1918,12.78,.028,24.89,0
101,2023,32,1919,12.79,.056,24.89,0
101,2023,32,1920,12.79,.113,24.9,0
101,2023,32,1921,12.79,.028,24.9,0
101,2023,32,1922,12.79,.141,24.88,0
101,2023,32,1923,12.79,.169,24.87,0
101,2023,32,1924,12.78,.31,24.82,0
101,2023,32,1925,12.79,.31,24.76,0
101,2023,32,1926,12.79,.338,24.68,0
101,2023,32,1927,12.78,.31,24.64,0
101,2023,32,1928,12.78,.31,24.62,0
101,2023,32,1929,12.78,.226,24.6,0
101,2023,32,1930,12.78,.226,24.58,0
101,2023,32,1931,12.78,.282,24.52,0
101,2023,32,1932,12.78,.254,24.48,0
101,2023,32,1933,12.78,.197,24.45,0
101,2023,32,1934,12.78,.282,24.41,0
101,2023,32,1935,12.78,.254,24.37,0
101,2023,32,1936,12.78,.282,24.32,0
101,2023,32,1937,12.78,.226,24.29,0
101,2023,32,1938,12.78,.282,24.26,0
101,2023,32,1939,12.78,.31,24.24,0
101,2023,32,1940,12.78,.31,24.22,0
101,2023,32,1941,12.78,.282,24.2,0
101,2023,32,1942,12.78,.338,24.18,0
101,2023,32,1943,12.77,.31,24.17,0
101,2023,32,1944,12.78,.282,24.15,0
101,2023,32,1945,12.77,.254,24.13,0
101,2023,32,1946,12.77,.282,24.11,0
101,2023,32,1947,12.77,.197,24.11,0
101,2023,32,1948,12.77,.254,24.08,0
101,2023,32,1949,12.77,.169,24.06,0
101,2023,32,1950,12.77,.141,24.05,0
101,2023,32,1951,12.77,.028,24.05,0
101,2023,32,1952,12.77,0,24.06,0
101,2023,32,1953,12.77,.028,24.06,0
101,2023,32,1954,12.77,0,24.04,0
101,2023,32,1955,12.77,0,24.04,0
101,2023,32,1956,12.77,0,24.06,0
101,2023,32,1957,12.77,0,24.06,0
101,2023,32,1958,12.77,0,24.06,0
101,2023,32,1959,12.77,0,24.06,0
101,2023,32,2000,12.77,0,24.08,0
101,2023,32,2001,12.77,0,24.08,0
101,2023,32,2002,12.77,0,24.08,0
101,2023,32,2003,12.77,0,24.06,0
101,2023,32,2004,12.77,0,24.04,0
101,2023,32,2005,12.77,0,24.01,0
101,2023,32,2006,12.77,0,24,0
101,2023,32,2007,12.77,0,24,0
101,2023,32,2008,12.77,0,24,0
101,2023,32,2009,12.77,0,24.03,0
101,2023,32,2010,12.77,0,24.02,0
101,2023,32,2011,12.77,0,24.01,0
101,2023,32,2012,12.77,0,24,0
101,2023,32,2013,12.76,0,24.01,0
101,2023,32,2014,12.76,0,24.01,0
101,2023,32,2015,12.76,0,24,0
101,2023,32,2016,12.76,0,23.99,0
101,2023,32,2017,12.76,0,23.99,0
101,2023,32,2018,12.76,0,23.99,0
101,2023,32,2019,12.76,0,23.99,0
101,2023,32,2020,12.76,0,24,0
101,2023,32,2021,12.76,0,23.99,0
101,2023,32,2022,12.76,0,23.98,0
101,2023,32,2023,12.76,0,23.98,0
101,2023,32,2024,12.76,0,23.99,0
101,2023,32,2025,12.76,0,23.98,0
101,2023,32,2026,12.76,0,24,0
101,2023,32,2027,12.76,0,24.01,0
101,2023,32,2028,12.76,0,24,0
101,2023,32,2029,12.76,0,23.98,0
101,2023,32,2030,12.76,0,23.96,0
101,2023,32,2031,12.76,0,23.95,0
101,2023,32,2032,12.76,0,23.93,0
101,2023,32,2033,12.76,0,23.93,0
101,2023,32,2034,12.76,0,23.92,0
101,2023,32,2035,12.76,0,23.9,0
101,2023,32,2036,12.76,0,23.9,0
101,2023,32,2037,12.76,0,23.89,0
101,2023,32,2038,12.75,0,23.86,0
101,2023,32,2039,12.75,0,23.81,0
101,2023,32,2040,12.75,0,23.74,0
101,2023,32,2041,12.75,0,23.69,0
101,2023,32,2042,12.75,0,23.67,0
101,2023,32,2043,12.75,0,23.64,0
101,2023,32,2044,12.75,0,23.62,0
101,2023,32,2045,12.75,0,23.58,0
101,2023,32,2046,12.75,0,23.54,0
101,2023,32,2047,12.75,0,23.52,0
101,2023,32,2048,12.75,0,23.52,0
101,2023,32,2049,12.75,0,23.51,0
101,2023,32,2050,12.75,0,23.5,0
101,2023,32,2051,12.75,0,23.5,0
101,2023,32,2052,12.75,0,23.48,0
101,2023,32,2053,12.75,0,23.46,0
101,2023,32,2054,12.75,0,23.45,0
101,2023,32,2055,12.75,0,23.43,0
101,2023,32,2056,12.75,0,23.41,0
101,2023,32,2057,12.75,0,23.39,0
101,2023,32,2058,12.75,0,23.36,0
101,2023,32,2059,12.75,0,23.36,0
101,2023,32,2100,12.75,0,23.36,0
101,2023,32,2101,12.75,0,23.38,0
101,2023,32,2102,12.75,0,23.37,0
101,2023,32,2103,12.75,0,23.35,0
101,2023,32,2104,12.75,0,23.33,0
101,2023,32,2105,12.75,0,23.31,0
101,2023,32,2106,12.75,0,23.3,0
101,2023,32,2107,12.75,0,23.31,0
101,2023,32,2108,12.75,0,23.33,0
101,2023,32,2109,12.75,0,23.33,0
101,2023,32,2110,12.75,0,23.32,0
101,2023,32,2111,12.75,0,23.32,0
101,2023,32,2112,12.75,0,23.31,0
101,2023,32,2113,12.75,0,23.31,0
101,2023,32,2114,12.75,0,23.31,0
101,2023,32,2115,12.74,0,23.32,0
101,2023,32,2116,12.75,0,23.31,0
101,2023,32,2117,12.75,0,23.3,0
101,2023,32,2118,12.75,0,23.3,0
101,2023,32,2119,12.74,0,23.31,0
101,2023,32,2120,12.74,0,23.33,0
101,2023,32,2121,12.74,0,23.33,0
101,2023,32,2122,12.75,0,23.34,0
101,2023,32,2123,12.74,0,23.35,0
101,2023,32,2124,12.74,0,23.37,0
101,2023,32,2125,12.74,0,23.41,0
101,2023,32,2126,12.74,0,23.44,0
101,2023,32,2127,12.74,0,23.45,0
101,2023,32,2128,12.74,0,23.46,0
101,2023,32,2129,12.74,0,23.47,0
101,2023,32,2130,12.74,0,23.47,0
101,2023,32,2131,12.74,0,23.47,0
101,2023,32,2132,12.74,0,23.48,0
101,2023,32,2133,12.74,0,23.48,0
101,2023,32,2134,12.74,0,23.48,0
101,2023,32,2135,12.74,0,23.48,0
101,2023,32,2136,12.74,0,23.46,0
101,2023,32,2137,12.74,0,23.45,0
101,2023,32,2138,12.74,0,23.44,0
101,2023,32,2139,12.74,0,23.43,0
101,2023,32,2140,12.74,0,23.42,0
101,2023,32,2141,12.74,0,23.41,0
101,2023,32,2142,12.74,0,23.4,0
101,2023,32,2143,12.74,0,23.39,0
101,2023,32,2144,12.74,0,23.39,0
101,2023,32,2145,12.74,0,23.37,0
101,2023,32,2146,12.73,0,23.36,0
101,2023,32,2147,12.73,0,23.35,0
101,2023,32,2148,12.73,0,23.33,0
101,2023,32,2149,12.73,0,23.33,0
101,2023,32,2150,12.73,0,23.33,0
101,2023,32,2151,12.73,0,23.31,0
101,2023,32,2152,12.73,0,23.28,0
101,2023,32,2153,12.73,0,23.27,0
101,2023,32,2154,12.73,0,23.28,0
101,2023,32,2155,12.73,0,23.27,0
101,2023,32,2156,12.73,0,23.27,0
101,2023,32,2157,12.73,0,23.26,0
101,2023,32,2158,12.73,0,23.26,0
101,2023,32,2159,12.73,0,23.25,0
101,2023,32,2200,12.73,0,23.26,0
101,2023,32,2201,12.73,0,23.26,0
101,2023,32,2202,12.73,0,23.25,0
101,2023,32,2203,12.73,0,23.24,0
101,2023,32,2204,12.73,0,23.23,0
101,2023,32,2205,12.73,0,23.22,0
101,2023,32,2206,12.73,0,23.2,0
101,2023,32,2207,12.73,0,23.2,0
101,2023,32,2208,12.73,0,23.18,0
101,2023,32,2209,12.73,0,23.17,0
101,2023,32,2210,12.73,0,23.17,0
101,2023,32,2211,12.73,0,23.17,0
101,2023,32,2212,12.73,0,23.16,0
101,2023,32,2213,12.73,0,23.16,0
101,2023,32,2214,12.73,0,23.15,0
101,2023,32,2215,12.73,0,23.15,0
101,2023,32,2216,12.73,0,23.14,0
101,2023,32,2217,12.73,0,23.12,0
101,2023,32,2218,12.73,0,23.1,0
101,2023,32,2219,12.73,0,23.07,0
101,2023,32,2220,12.73,0,23.06,0
101,2023,32,2221,12.73,0,23.05,0
101,2023,32,2222,12.73,0,23.03,0
101,2023,32,2223,12.73,0,23.02,0
101,2023,32,2224,12.73,0,22.99,0
101,2023,32,2225,12.73,0,22.97,0
101,2023,32,2226,12.73,0,22.96,0
101,2023,32,2227,12.73,0,22.95,0
101,2023,32,2228,12.73,0,22.96,0
101,2023,32,2229,12.73,0,22.96,0
101,2023,32,2230,12.73,0,22.96,0
101,2023,32,2231,12.73,0,22.96,0
101,2023,32,2232,12.73,0,22.98,0
101,2023,32,2233,12.73,0,22.99,0
101,2023,32,2234,12.73,0,22.98,0
101,2023,32,2235,12.73,0,23,0
101,2023,32,2236,12.73,0,23.01,0
101,2023,32,2237,12.73,0,23.01,0
101,2023,32,2238,12.73,0,23,0
101,2023,32,2239,12.72,0,23,0
101,2023,32,2240,12.72,0,23.01,0
101,2023,32,2241,12.72,0,22.93,0
101,2023,32,2242,12.72,0,22.83,0
101,2023,32,2243,12.72,0,22.77,0
101,2023,32,2244,12.72,0,22.71,0
101,2023,32,2245,12.72,0,22.66,0
101,2023,32,2246,12.72,0,22.63,0
101,2023,32,2247,12.72,0,22.63,0
101,2023,32,2248,12.72,0,22.68,0
101,2023,32,2249,12.72,0,22.68,0
101,2023,32,2250,12.72,0,22.66,0
101,2023,32,2251,12.72,0,22.66,0
101,2023,32,2252,12.72,0,22.66,0
101,2023,32,2253,12.72,0,22.66,0
101,2023,32,2254,12.72,0,22.65,0
101,2023,32,2255,12.72,0,22.64,0
101,2023,32,2256,12.72,0,22.62,0
101,2023,32,2257,12.72,0,22.61,0
101,2023,32,2258,12.72,0,22.6,0
101,2023,32,2259,12.72,0,22.6,0
101,2023,32,2300,12.72,0,22.59,0
101,2023,32,2301,12.72,0,22.59,0
101,2023,32,2302,12.72,0,22.58,0
101,2023,32,2303,12.72,0,22.57,0
101,2023,32,2304,12.72,0,22.57,0
101,2023,32,2305,12.72,0,22.58,0
101,2023,32,2306,12.72,0,22.56,0
101,2023,32,2307,12.72,0,22.52,0
101,2023,32,2308,12.72,0,22.5,0
101,2023,32,2309,12.72,0,22.5,0
101,2023,32,2310,12.71,0,22.49,0
101,2023,32,2311,12.72,0,22.49,0
101,2023,32,2312,12.72,0,22.48,0
101,2023,32,2313,12.72,0,22.45,0
101,2023,32,2314,12.71,0,22.44,0
101,2023,32,2315,12.71,0,22.43,0
101,2023,32,2316,12.71,0,22.44,0
101,2023,32,2317,12.71,0,22.43,0
101,2023,32,2318,12.71,0,22.43,0
101,2023,32,2319,12.71,0,22.43,0
101,2023,32,2320,12.71,0,22.43,0
101,2023,32,2321,12.71,0,22.42,0
101,2023,32,2322,12.71,0,22.4,0
101,2023,32,2323,12.71,0,22.39,0
101,2023,32,2324,12.71,0,22.39,0
101,2023,32,2325,12.71,0,22.38,0
101,2023,32,2326,12.71,0,22.35,0
101,2023,32,2327,12.71,0,22.32,0
101,2023,32,2328,12.71,0,22.29,0
101,2023,32,2329,12.71,0,22.27,0
101,2023,32,2330,12.71,0,22.24,0
101,2023,32,2331,12.71,0,22.23,0
101,2023,32,2332,12.71,0,22.22,0
101,2023,32,2333,12.71,0,22.2,0
101,2023,32,2334,12.71,0,22.2,0
101,2023,32,2335,12.71,0,22.18,0
101,2023,32,2336,12.71,0,22.2,0
101,2023,32,2337,12.71,0,22.19,0
101,2023,32,2338,12.71,0,22.17,0
101,2023,32,2339,12.71,0,22.16,0
101,2023,32,2340,12.71,0,22.15,0
101,2023,32,2341,12.71,0,22.16,0
101,2023,32,2342,12.71,0,22.16,0
101,2023,32,2343,12.71,0,22.15,0
101,2023,32,2344,12.71,0,22.15,0
101,2023,32,2345,12.71,0,22.15,0
101,2023,32,2346,12.71,0,22.14,0
101,2023,32,2347,12.71,0,22.15,0
101,2023,32,2348,12.71,0,22.17,0
101,2023,32,2349,12.71,0,22.21,0
101,2023,32,2350,12.71,0,22.22,0
101,2023,32,2351,12.71,0,22.22,0
101,2023,32,2352,12.71,0,22.21,0
101,2023,32,2353,12.71,0,22.2,0
101,2023,32,2354,12.71,0,22.2,0
101,2023,32,2355,12.71,0,22.19,0
101,2023,32,2356,12.71,0,22.19,0
101,2023,32,2357,12.71,0,22.21,0
101,2023,32,2358,12.71,0,22.22,0
101,2023,32,2359,12.71,0,22.26,0
