a,b,dia_juliano,d,e,f,g,h
101,2023,291,0.0,11.93,0.0,21.06,0.0
101,2023,291,1.0,11.93,0.0,21.04,0.0
101,2023,291,2.0,11.93,0.0,21.02,0.0
101,2023,291,3.0,11.93,0.0,21.0,0.0
101,2023,291,4.0,11.93,0.0,20.99,0.0
101,2023,291,5.0,11.93,0.0,20.98,0.0
101,2023,291,6.0,11.93,0.0,20.97,0.0
101,2023,291,7.0,11.93,0.0,20.97,0.0
101,2023,291,8.0,11.93,0.0,20.97,0.0
101,2023,291,9.0,11.93,0.0,20.95,0.0
101,2023,291,10.0,11.93,0.0,20.94,0.0
101,2023,291,11.0,11.93,0.0,20.93,0.0
101,2023,291,12.0,11.93,0.0,20.91,0.0
101,2023,291,13.0,11.93,0.0,20.9,0.0
101,2023,291,14.0,11.93,0.0,20.89,0.0
101,2023,291,15.0,11.93,0.0,20.88,0.0
101,2023,291,16.0,11.93,0.0,20.88,0.0
101,2023,291,17.0,11.93,0.0,20.88,0.0
101,2023,291,18.0,11.93,0.0,20.88,0.0
101,2023,291,19.0,11.93,0.0,20.89,0.0
101,2023,291,20.0,11.93,0.0,20.89,0.0
101,2023,291,21.0,11.93,0.0,20.88,0.0
101,2023,291,22.0,11.93,0.0,20.87,0.0
101,2023,291,23.0,11.93,0.0,20.86,0.0
101,2023,291,24.0,11.92,0.0,20.85,0.0
101,2023,291,25.0,11.93,0.0,20.85,0.0
101,2023,291,26.0,11.92,0.0,20.86,0.0
101,2023,291,27.0,11.92,0.0,20.86,0.0
101,2023,291,28.0,11.92,0.0,20.86,0.0
101,2023,291,29.0,11.91,0.0,20.88,0.0
101,2023,291,30.0,11.92,0.0,20.91,0.0
101,2023,291,31.0,11.92,0.0,20.91,0.0
101,2023,291,32.0,11.92,0.0,20.9,0.0
101,2023,291,33.0,11.92,0.0,20.9,0.0
101,2023,291,34.0,11.92,0.0,20.9,0.0
101,2023,291,35.0,11.92,0.0,20.9,0.0
101,2023,291,36.0,11.91,0.0,20.9,0.0
101,2023,291,37.0,11.91,0.0,20.89,0.0
101,2023,291,38.0,11.91,0.0,20.87,0.0
101,2023,291,39.0,11.92,0.0,20.87,0.0
101,2023,291,40.0,11.91,0.0,20.86,0.0
101,2023,291,41.0,11.91,0.0,20.86,0.0
101,2023,291,42.0,11.91,0.0,20.83,0.0
101,2023,291,43.0,11.91,0.0,20.81,0.0
101,2023,291,44.0,11.91,0.0,20.78,0.0
101,2023,291,45.0,11.91,0.0,20.76,0.0
101,2023,291,46.0,11.91,0.0,20.75,0.0
101,2023,291,47.0,11.91,0.0,20.75,0.0
101,2023,291,48.0,11.91,0.0,20.74,0.0
101,2023,291,49.0,11.91,0.0,20.74,0.0
101,2023,291,50.0,11.91,0.0,20.74,0.0
101,2023,291,51.0,11.91,0.0,20.73,0.0
101,2023,291,52.0,11.91,0.0,20.72,0.0
101,2023,291,53.0,11.91,0.0,20.72,0.0
101,2023,291,54.0,11.91,0.0,20.7,0.0
101,2023,291,55.0,11.91,0.0,20.7,0.0
101,2023,291,56.0,11.91,0.0,20.7,0.0
101,2023,291,57.0,11.91,0.0,20.69,0.0
101,2023,291,58.0,11.91,0.0,20.69,0.0
101,2023,291,59.0,11.91,0.0,20.68,0.0
101,2023,291,100.0,11.91,0.0,20.7,0.0
101,2023,291,101.0,11.91,0.0,20.69,0.0
101,2023,291,102.0,11.9,0.0,20.67,0.0
101,2023,291,103.0,11.91,0.0,20.65,0.0
101,2023,291,104.0,11.91,0.0,20.65,0.0
101,2023,291,105.0,11.91,0.0,20.64,0.0
101,2023,291,106.0,11.91,0.0,20.63,0.0
101,2023,291,107.0,11.9,0.0,20.62,0.0
101,2023,291,108.0,11.9,0.0,20.61,0.0
101,2023,291,109.0,11.9,0.0,20.61,0.0
101,2023,291,110.0,11.9,0.0,20.61,0.0
101,2023,291,111.0,11.9,0.0,20.61,0.0
101,2023,291,112.0,11.91,0.0,20.6,0.0
101,2023,291,113.0,11.91,0.0,20.58,0.0
101,2023,291,114.0,11.92,0.0,20.56,0.0
101,2023,291,115.0,11.92,0.0,20.54,0.0
101,2023,291,116.0,11.91,0.0,20.52,0.0
101,2023,291,117.0,11.92,0.0,20.5,0.0
101,2023,291,118.0,11.92,0.0,20.49,0.0
101,2023,291,119.0,11.92,0.0,20.47,0.0
101,2023,291,120.0,11.92,0.0,20.45,0.0
101,2023,291,121.0,11.92,0.0,20.44,0.0
101,2023,291,122.0,11.91,0.0,20.43,0.0
101,2023,291,123.0,11.91,0.0,20.42,0.0
101,2023,291,124.0,11.91,0.0,20.41,0.0
101,2023,291,125.0,11.91,0.0,20.4,0.0
101,2023,291,126.0,11.91,0.0,20.39,0.0
101,2023,291,127.0,11.91,0.0,20.4,0.0
101,2023,291,128.0,11.91,0.0,20.39,0.0
101,2023,291,129.0,11.92,0.0,20.38,0.0
101,2023,291,130.0,11.91,0.0,20.37,0.0
101,2023,291,131.0,11.91,0.0,20.35,0.0
101,2023,291,132.0,11.91,0.0,20.33,0.0
101,2023,291,133.0,11.91,0.0,20.31,0.0
101,2023,291,134.0,11.91,0.0,20.28,0.0
101,2023,291,135.0,11.91,0.0,20.26,0.0
101,2023,291,136.0,11.91,0.0,20.25,0.0
101,2023,291,137.0,11.91,0.0,20.26,0.0
101,2023,291,138.0,11.9,0.0,20.27,0.0
101,2023,291,139.0,11.9,0.0,20.28,0.0
101,2023,291,140.0,11.9,0.0,20.29,0.0
101,2023,291,141.0,11.9,0.0,20.29,0.0
101,2023,291,142.0,11.9,0.0,20.27,0.0
101,2023,291,143.0,11.9,0.0,20.26,0.0
101,2023,291,144.0,11.9,0.0,20.27,0.0
101,2023,291,145.0,11.9,0.0,20.26,0.0
101,2023,291,146.0,11.89,0.0,20.24,0.0
101,2023,291,147.0,11.89,0.0,20.24,0.0
101,2023,291,148.0,11.89,0.0,20.24,0.0
101,2023,291,149.0,11.88,0.0,20.23,0.0
101,2023,291,150.0,11.89,0.0,20.22,0.0
101,2023,291,151.0,11.89,0.0,20.23,0.0
101,2023,291,152.0,11.89,0.0,20.22,0.0
101,2023,291,153.0,11.89,0.0,20.22,0.0
101,2023,291,154.0,11.89,0.0,20.21,0.0
101,2023,291,155.0,11.9,0.0,20.2,0.0
101,2023,291,156.0,11.9,0.0,20.19,0.0
101,2023,291,157.0,11.89,0.0,20.16,0.0
101,2023,291,158.0,11.88,0.0,20.15,0.0
101,2023,291,159.0,11.89,0.0,20.15,0.0
101,2023,291,200.0,11.88,0.0,20.13,0.0
101,2023,291,201.0,11.88,0.0,20.14,0.0
101,2023,291,202.0,11.89,0.0,20.15,0.0
101,2023,291,203.0,11.89,0.0,20.15,0.0
101,2023,291,204.0,11.89,0.0,20.18,0.0
101,2023,291,205.0,11.88,0.0,20.2,0.0
101,2023,291,206.0,11.88,0.0,20.22,0.0
101,2023,291,207.0,11.88,0.0,20.24,0.0
101,2023,291,208.0,11.88,0.0,20.24,0.0
101,2023,291,209.0,11.88,0.0,20.24,0.0
101,2023,291,210.0,11.88,0.0,20.24,0.0
101,2023,291,211.0,11.88,0.0,20.24,0.0
101,2023,291,212.0,11.88,0.0,20.24,0.0
101,2023,291,213.0,11.88,0.0,20.24,0.0
101,2023,291,214.0,11.88,0.0,20.24,0.0
101,2023,291,215.0,11.88,0.0,20.24,0.0
101,2023,291,216.0,11.87,0.0,20.26,0.0
101,2023,291,217.0,11.88,0.0,20.26,0.0
101,2023,291,218.0,11.87,0.0,20.26,0.0
101,2023,291,219.0,11.87,0.0,20.27,0.0
101,2023,291,220.0,11.87,0.0,20.27,0.0
101,2023,291,221.0,11.87,0.0,20.28,0.0
101,2023,291,222.0,11.87,0.0,20.3,0.0
101,2023,291,223.0,11.87,0.0,20.32,0.0
101,2023,291,224.0,11.87,0.0,20.36,0.0
101,2023,291,225.0,11.87,0.0,20.38,0.0
101,2023,291,226.0,11.86,0.0,20.42,0.0
101,2023,291,227.0,11.87,0.0,20.43,0.0
101,2023,291,228.0,11.87,0.0,20.44,0.0
101,2023,291,229.0,11.87,0.0,20.46,0.0
101,2023,291,230.0,11.86,0.0,20.47,0.0
101,2023,291,231.0,11.87,0.0,20.49,0.0
101,2023,291,232.0,11.86,0.0,20.51,0.0
101,2023,291,233.0,11.87,0.0,20.53,0.0
101,2023,291,234.0,11.86,0.0,20.54,0.0
101,2023,291,235.0,11.86,0.0,20.54,0.0
101,2023,291,236.0,11.86,0.0,20.55,0.0
101,2023,291,237.0,11.86,0.0,20.58,0.0
101,2023,291,238.0,11.86,0.0,20.6,0.0
101,2023,291,239.0,11.86,0.0,20.61,0.0
101,2023,291,240.0,11.86,0.0,20.61,0.0
101,2023,291,241.0,11.86,0.0,20.59,0.0
101,2023,291,242.0,11.86,0.0,20.6,0.0
101,2023,291,243.0,11.86,0.0,20.6,0.0
101,2023,291,244.0,11.86,0.0,20.61,0.0
101,2023,291,245.0,11.86,0.0,20.61,0.0
101,2023,291,246.0,11.86,0.0,20.61,0.0
101,2023,291,247.0,11.86,0.0,20.61,0.0
101,2023,291,248.0,11.86,0.0,20.61,0.0
101,2023,291,249.0,11.86,0.0,20.62,0.0
101,2023,291,250.0,11.86,0.0,20.63,0.0
101,2023,291,251.0,11.86,0.0,20.63,0.0
101,2023,291,252.0,11.86,0.0,20.63,0.0
101,2023,291,253.0,11.86,0.0,20.64,0.0
101,2023,291,254.0,11.86,0.0,20.63,0.0
101,2023,291,255.0,11.86,0.0,20.64,0.0
101,2023,291,256.0,11.86,0.0,20.65,0.0
101,2023,291,257.0,11.86,0.0,20.66,0.0
101,2023,291,258.0,11.86,0.0,20.66,0.0
101,2023,291,259.0,11.85,0.0,20.65,0.0
101,2023,291,300.0,11.85,0.0,20.65,0.0
101,2023,291,301.0,11.85,0.0,20.65,0.0
101,2023,291,302.0,11.86,0.0,20.65,0.0
101,2023,291,303.0,11.85,0.0,20.65,0.0
101,2023,291,304.0,11.85,0.0,20.65,0.0
101,2023,291,305.0,11.85,0.0,20.65,0.0
101,2023,291,306.0,11.85,0.0,20.65,0.0
101,2023,291,307.0,11.85,0.0,20.65,0.0
101,2023,291,308.0,11.84,0.0,20.63,0.0
101,2023,291,309.0,11.83,0.0,20.63,0.0
101,2023,291,310.0,11.83,0.0,20.63,0.0
101,2023,291,311.0,11.84,0.0,20.64,0.0
101,2023,291,312.0,11.84,0.0,20.64,0.0
101,2023,291,313.0,11.84,0.0,20.64,0.0
101,2023,291,314.0,11.84,0.0,20.64,0.0
101,2023,291,315.0,11.84,0.0,20.64,0.0
101,2023,291,316.0,11.85,0.0,20.64,0.0
101,2023,291,317.0,11.85,0.0,20.64,0.0
101,2023,291,318.0,11.85,0.0,20.65,0.0
101,2023,291,319.0,11.85,0.0,20.65,0.0
101,2023,291,320.0,11.85,0.0,20.65,0.0
101,2023,291,321.0,11.85,0.0,20.65,0.0
101,2023,291,322.0,11.85,0.0,20.65,0.0
101,2023,291,323.0,11.85,0.0,20.66,0.0
101,2023,291,324.0,11.84,0.0,20.66,0.0
101,2023,291,325.0,11.85,0.0,20.66,0.0
101,2023,291,326.0,11.84,0.0,20.66,0.0
101,2023,291,327.0,11.85,0.0,20.65,0.0
101,2023,291,328.0,11.84,0.0,20.64,0.0
101,2023,291,329.0,11.85,0.0,20.64,0.0
101,2023,291,330.0,11.85,0.0,20.63,0.0
101,2023,291,331.0,11.85,0.0,20.64,0.0
101,2023,291,332.0,11.85,0.0,20.65,0.0
101,2023,291,333.0,11.85,0.0,20.63,0.0
101,2023,291,334.0,11.85,0.0,20.63,0.0
101,2023,291,335.0,11.85,0.0,20.63,0.0
101,2023,291,336.0,11.85,0.0,20.62,0.0
101,2023,291,337.0,11.85,0.0,20.61,0.0
101,2023,291,338.0,11.84,0.0,20.6,0.0
101,2023,291,339.0,11.84,0.0,20.6,0.0
101,2023,291,340.0,11.84,0.0,20.59,0.0
101,2023,291,341.0,11.84,0.0,20.59,0.0
101,2023,291,342.0,11.84,0.0,20.6,0.0
101,2023,291,343.0,11.83,0.0,20.61,0.0
101,2023,291,344.0,11.83,0.0,20.61,0.0
101,2023,291,345.0,11.83,0.0,20.61,0.0
101,2023,291,346.0,11.84,0.0,20.61,0.0
101,2023,291,347.0,11.84,0.0,20.61,0.0
101,2023,291,348.0,11.83,0.0,20.61,0.0
101,2023,291,349.0,11.83,0.0,20.61,0.0
101,2023,291,350.0,11.83,0.0,20.61,0.0
101,2023,291,351.0,11.83,0.0,20.59,0.0
101,2023,291,352.0,11.83,0.0,20.58,0.0
101,2023,291,353.0,11.83,0.0,20.57,0.0
101,2023,291,354.0,11.83,0.0,20.56,0.0
101,2023,291,355.0,11.84,0.0,20.56,0.0
101,2023,291,356.0,11.83,0.0,20.56,0.0
101,2023,291,357.0,11.84,0.0,20.58,0.0
101,2023,291,358.0,11.83,0.0,20.58,0.0
101,2023,291,359.0,11.84,0.0,20.58,0.0
101,2023,291,400.0,11.83,0.0,20.58,0.0
101,2023,291,401.0,11.84,0.0,20.58,0.0
101,2023,291,402.0,11.83,0.0,20.58,0.0
101,2023,291,403.0,11.83,0.0,20.58,0.0
101,2023,291,404.0,11.83,0.0,20.59,0.0
101,2023,291,405.0,11.83,0.0,20.61,0.0
101,2023,291,406.0,11.83,0.0,20.62,0.0
101,2023,291,407.0,11.83,0.0,20.6,0.0
101,2023,291,408.0,11.83,0.0,20.58,0.0
101,2023,291,409.0,11.83,0.0,20.58,0.0
101,2023,291,410.0,11.83,0.0,20.57,0.0
101,2023,291,411.0,11.83,0.0,20.58,0.0
101,2023,291,412.0,11.83,0.0,20.58,0.0
101,2023,291,413.0,11.83,0.0,20.56,0.0
101,2023,291,414.0,11.83,0.0,20.56,0.0
101,2023,291,415.0,11.83,0.0,20.58,0.0
101,2023,291,416.0,11.83,0.0,20.58,0.0
101,2023,291,417.0,11.83,0.0,20.58,0.0
101,2023,291,418.0,11.83,0.0,20.58,0.0
101,2023,291,419.0,11.83,0.0,20.58,0.0
101,2023,291,420.0,11.83,0.0,20.58,0.0
101,2023,291,421.0,11.83,0.0,20.58,0.0
101,2023,291,422.0,11.83,0.0,20.59,0.0
101,2023,291,423.0,11.82,0.0,20.59,0.0
101,2023,291,424.0,11.82,0.0,20.59,0.0
101,2023,291,425.0,11.82,0.0,20.59,0.0
101,2023,291,426.0,11.82,0.0,20.58,0.0
101,2023,291,427.0,11.82,0.0,20.58,0.0
101,2023,291,428.0,11.82,0.0,20.58,0.0
101,2023,291,429.0,11.82,0.0,20.56,0.0
101,2023,291,430.0,11.82,0.0,20.56,0.0
101,2023,291,431.0,11.82,0.0,20.56,0.0
101,2023,291,432.0,11.82,0.0,20.57,0.0
101,2023,291,433.0,11.82,0.0,20.57,0.0
101,2023,291,434.0,11.82,0.0,20.57,0.0
101,2023,291,435.0,11.82,0.0,20.56,0.0
101,2023,291,436.0,11.82,0.0,20.56,0.0
101,2023,291,437.0,11.82,0.0,20.54,0.0
101,2023,291,438.0,11.82,0.0,20.54,0.0
101,2023,291,439.0,11.82,0.0,20.53,0.0
101,2023,291,440.0,11.82,0.0,20.52,0.0
101,2023,291,441.0,11.82,0.0,20.5,0.0
101,2023,291,442.0,11.81,0.0,20.49,0.0
101,2023,291,443.0,11.82,0.0,20.49,0.0
101,2023,291,444.0,11.82,0.0,20.49,0.0
101,2023,291,445.0,11.82,0.0,20.49,0.0
101,2023,291,446.0,11.82,0.0,20.48,0.0
101,2023,291,447.0,11.81,0.0,20.46,0.0
101,2023,291,448.0,11.81,0.0,20.43,0.0
101,2023,291,449.0,11.81,0.0,20.42,0.0
101,2023,291,450.0,11.81,0.903,20.41,0.0
101,2023,291,451.0,11.81,1.016,20.39,0.0
101,2023,291,452.0,11.81,1.129,20.36,0.0
101,2023,291,453.0,11.81,1.581,20.33,0.0
101,2023,291,454.0,11.81,1.694,20.33,0.0
101,2023,291,455.0,11.81,1.807,20.32,0.0
101,2023,291,456.0,11.81,2.117,20.3,0.0
101,2023,291,457.0,11.81,2.371,20.29,0.0
101,2023,291,458.0,11.81,2.371,20.29,0.0
101,2023,291,459.0,11.81,2.569,20.32,0.0
101,2023,291,500.0,11.81,2.851,20.33,0.0
101,2023,291,501.0,11.81,3.048,20.35,0.0
101,2023,291,502.0,11.8,3.246,20.35,0.0
101,2023,291,503.0,11.81,3.641,20.35,0.0
101,2023,291,504.0,11.8,3.895,20.35,0.0
101,2023,291,505.0,11.8,4.065,20.35,0.0
101,2023,291,506.0,11.8,4.178,20.35,0.0
101,2023,291,507.0,11.8,4.657,20.37,0.0
101,2023,291,508.0,11.8,4.855,20.36,0.0
101,2023,291,509.0,11.8,5.081,20.36,0.0
101,2023,291,510.0,11.8,5.42,20.33,0.0
101,2023,291,511.0,11.8,5.448,20.3,0.0
101,2023,291,512.0,11.79,5.702,20.28,0.0
101,2023,291,513.0,11.79,6.012,20.23,0.0
101,2023,291,514.0,11.79,5.871,20.22,0.0
101,2023,291,515.0,11.78,5.956,20.24,0.0
101,2023,291,516.0,11.78,6.266,20.25,0.0
101,2023,291,517.0,11.79,6.52,20.18,0.0
101,2023,291,518.0,11.79,7.03,20.16,0.0
101,2023,291,519.0,11.79,7.68,20.16,0.0
101,2023,291,520.0,11.79,8.5,20.15,0.0
101,2023,291,521.0,11.79,9.43,20.16,0.0
101,2023,291,522.0,11.79,10.16,20.18,0.0
101,2023,291,523.0,11.79,10.78,20.16,0.0
101,2023,291,524.0,11.79,10.92,20.17,0.0
101,2023,291,525.0,11.8,10.98,20.19,0.0
101,2023,291,526.0,11.79,10.67,20.15,0.0
101,2023,291,527.0,11.79,10.44,20.14,0.0
101,2023,291,528.0,11.79,10.19,20.16,0.0
101,2023,291,529.0,11.81,10.27,20.22,0.0
101,2023,291,530.0,11.81,10.78,20.21,0.0
101,2023,291,531.0,11.8,11.32,20.22,0.0
101,2023,291,532.0,11.81,11.8,20.19,0.0
101,2023,291,533.0,11.8,12.14,20.16,0.0
101,2023,291,534.0,11.8,11.88,20.17,0.0
101,2023,291,535.0,11.8,11.88,20.17,0.0
101,2023,291,536.0,11.8,12.02,20.18,0.0
101,2023,291,537.0,11.81,14.93,20.18,0.0
101,2023,291,538.0,11.82,18.86,20.21,0.0
101,2023,291,539.0,11.85,22.16,20.19,0.0
101,2023,291,540.0,11.87,25.18,20.22,0.0
101,2023,291,541.0,11.92,29.27,20.25,0.0
101,2023,291,542.0,11.95,33.34,20.29,0.0
101,2023,291,543.0,11.99,35.23,20.29,0.0
101,2023,291,544.0,12.02,37.29,20.24,0.0
101,2023,291,545.0,12.06,37.85,20.23,0.0
101,2023,291,546.0,12.1,40.7,20.27,0.0
101,2023,291,547.0,12.16,45.76,20.3,0.0
101,2023,291,548.0,12.22,51.88,20.31,0.0
101,2023,291,549.0,12.31,59.56,20.3,0.0
101,2023,291,550.0,12.41,67.97,20.29,0.0
101,2023,291,551.0,12.52,75.7,20.32,0.0
101,2023,291,552.0,12.58,82.5,20.37,0.0
101,2023,291,553.0,12.59,89.0,20.46,0.0
101,2023,291,554.0,12.59,94.7,20.49,0.0
101,2023,291,555.0,12.58,99.0,20.49,0.0
101,2023,291,556.0,12.59,101.6,20.54,0.0
101,2023,291,557.0,12.59,102.4,20.57,0.0
101,2023,291,558.0,12.6,102.0,20.66,0.0
101,2023,291,559.0,12.59,99.9,20.76,0.0
101,2023,291,600.0,12.59,96.9,20.65,0.0
101,2023,291,601.0,12.59,96.2,20.6,0.0
101,2023,291,602.0,12.59,99.1,20.65,0.0
101,2023,291,603.0,12.59,103.5,20.7,0.0
101,2023,291,604.0,12.59,107.9,20.75,0.0
101,2023,291,605.0,12.59,113.5,20.75,0.0
101,2023,291,606.0,12.59,120.8,20.82,0.0
101,2023,291,607.0,12.59,125.4,20.79,0.0
101,2023,291,608.0,12.58,124.0,20.93,0.0
101,2023,291,609.0,12.59,123.3,20.94,0.0
101,2023,291,610.0,12.58,124.2,20.94,0.0
101,2023,291,611.0,12.58,124.6,21.0,0.0
101,2023,291,612.0,12.58,130.2,20.97,0.0
101,2023,291,613.0,12.58,131.2,20.98,0.0
101,2023,291,614.0,12.58,149.8,21.02,0.0
101,2023,291,615.0,12.6,163.9,21.11,0.0
101,2023,291,616.0,12.58,151.2,21.19,0.0
101,2023,291,617.0,12.58,163.3,21.26,0.0
101,2023,291,618.0,12.57,164.3,21.33,0.0
101,2023,291,619.0,12.59,191.1,21.44,0.0
101,2023,291,620.0,12.58,171.9,21.52,0.0
101,2023,291,621.0,12.58,154.3,21.61,0.0
101,2023,291,622.0,12.57,139.7,21.69,0.0
101,2023,291,623.0,12.57,135.9,21.76,0.0
101,2023,291,624.0,12.57,140.5,21.82,0.0
101,2023,291,625.0,12.57,145.6,21.89,0.0
101,2023,291,626.0,12.56,148.6,21.98,0.0
101,2023,291,627.0,12.57,148.6,22.07,0.0
101,2023,291,628.0,12.57,145.1,22.03,0.0
101,2023,291,629.0,12.57,146.4,22.04,0.0
101,2023,291,630.0,12.57,145.0,22.06,0.0
101,2023,291,631.0,12.56,151.5,22.08,0.0
101,2023,291,632.0,12.57,173.6,22.17,0.0
101,2023,291,633.0,12.56,163.4,22.2,0.0
101,2023,291,634.0,12.56,154.8,22.28,0.0
101,2023,291,635.0,12.56,148.8,22.37,0.0
101,2023,291,636.0,12.57,147.6,22.31,0.0
101,2023,291,637.0,12.58,152.5,22.33,0.0
101,2023,291,638.0,12.56,159.6,22.22,0.0
101,2023,291,639.0,12.55,165.9,22.26,0.0
101,2023,291,640.0,12.55,169.8,22.32,0.0
101,2023,291,641.0,12.57,171.3,22.42,0.0
101,2023,291,642.0,12.58,170.9,22.45,0.0
101,2023,291,643.0,12.57,169.5,22.55,0.0
101,2023,291,644.0,12.57,168.0,22.65,0.0
101,2023,291,645.0,12.57,166.8,22.69,0.0
101,2023,291,646.0,12.56,165.8,22.75,0.0
101,2023,291,647.0,12.56,165.5,22.79,0.0
101,2023,291,648.0,12.55,165.5,22.83,0.0
101,2023,291,649.0,12.55,165.6,22.88,0.0
101,2023,291,650.0,12.55,165.3,22.83,0.0
101,2023,291,651.0,12.54,164.5,22.65,0.0
101,2023,291,652.0,12.52,163.6,22.71,0.0
101,2023,291,653.0,12.55,163.8,22.72,0.0
101,2023,291,654.0,12.55,168.2,22.7,0.0
101,2023,291,655.0,12.55,179.9,22.72,0.0
101,2023,291,656.0,12.55,201.3,22.8,0.0
101,2023,291,657.0,12.55,229.8,22.87,0.0
101,2023,291,658.0,12.55,262.2,22.95,0.0
101,2023,291,659.0,12.55,314.7,22.97,0.0
101,2023,291,700.0,12.55,357.5,23.07,0.0
101,2023,291,701.0,12.55,514.3,23.18,0.0
101,2023,291,702.0,12.55,560.7,23.36,0.0
101,2023,291,703.0,12.53,539.8,23.55,0.0
101,2023,291,704.0,12.52,402.6,23.79,0.0
101,2023,291,705.0,12.53,399.4,24.01,0.0
101,2023,291,706.0,12.53,459.7,24.15,0.0
101,2023,291,707.0,12.53,376.4,24.15,0.0
101,2023,291,708.0,12.52,301.1,24.1,0.0
101,2023,291,709.0,12.52,277.4,24.1,0.0
101,2023,291,710.0,12.52,269.3,24.12,0.0
101,2023,291,711.0,12.53,268.8,24.12,0.0
101,2023,291,712.0,12.53,312.0,24.13,0.0
101,2023,291,713.0,12.53,306.2,24.11,0.0
101,2023,291,714.0,12.53,277.9,24.14,0.0
101,2023,291,715.0,12.53,268.7,24.19,0.0
101,2023,291,716.0,12.53,264.1,24.22,0.0
101,2023,291,717.0,12.53,265.5,24.28,0.0
101,2023,291,718.0,12.54,275.3,24.34,0.0
101,2023,291,719.0,12.54,290.8,24.44,0.0
101,2023,291,720.0,12.54,308.4,24.45,0.0
101,2023,291,721.0,12.54,323.8,24.41,0.0
101,2023,291,722.0,12.54,343.5,24.42,0.0
101,2023,291,723.0,12.54,357.4,24.2,0.0
101,2023,291,724.0,12.54,360.1,24.21,0.0
101,2023,291,725.0,12.54,388.1,24.24,0.0
101,2023,291,726.0,12.54,472.4,24.27,0.0
101,2023,291,727.0,12.54,488.0,24.33,0.0
101,2023,291,728.0,12.53,611.9,24.11,0.0
101,2023,291,729.0,12.53,631.3,24.02,0.0
101,2023,291,730.0,12.53,565.2,24.11,0.0
101,2023,291,731.0,12.53,467.3,23.94,0.0
101,2023,291,732.0,12.53,370.7,23.96,0.0
101,2023,291,733.0,12.53,466.6,24.09,0.0
101,2023,291,734.0,12.52,314.2,24.35,0.0
101,2023,291,735.0,12.52,352.6,24.45,0.0
101,2023,291,736.0,12.52,379.2,24.53,0.0
101,2023,291,737.0,12.52,348.8,24.47,0.0
101,2023,291,738.0,12.52,300.4,24.58,0.0
101,2023,291,739.0,12.52,277.6,24.62,0.0
101,2023,291,740.0,12.52,264.7,24.68,0.0
101,2023,291,741.0,12.52,266.1,24.83,0.0
101,2023,291,742.0,12.52,282.5,24.95,0.0
101,2023,291,743.0,12.52,324.4,24.99,0.0
101,2023,291,744.0,12.52,316.6,25.0,0.0
101,2023,291,745.0,12.52,295.6,24.96,0.0
101,2023,291,746.0,12.52,295.6,24.83,0.0
101,2023,291,747.0,12.52,300.8,24.74,0.0
101,2023,291,748.0,12.52,283.5,24.74,0.0
101,2023,291,749.0,12.52,256.5,24.74,0.0
101,2023,291,750.0,12.52,252.7,24.75,0.0
101,2023,291,751.0,12.52,261.4,24.66,0.0
101,2023,291,752.0,12.52,252.1,24.8,0.0
101,2023,291,753.0,12.52,242.0,24.74,0.0
101,2023,291,754.0,12.52,243.2,24.7,0.0
101,2023,291,755.0,12.52,252.8,24.78,0.0
101,2023,291,756.0,12.52,264.7,24.86,0.0
101,2023,291,757.0,12.53,269.8,24.91,0.0
101,2023,291,758.0,12.52,270.9,24.94,0.0
101,2023,291,759.0,12.52,293.2,24.84,0.0
101,2023,291,800.0,12.52,393.7,24.88,0.0
101,2023,291,801.0,12.53,571.7,24.88,0.0
101,2023,291,802.0,12.52,328.8,24.97,0.0
101,2023,291,803.0,12.52,269.3,25.05,0.0
101,2023,291,804.0,12.52,261.8,24.97,0.0
101,2023,291,805.0,12.52,264.2,24.78,0.0
101,2023,291,806.0,12.52,277.1,24.53,0.0
101,2023,291,807.0,12.52,296.3,24.6,0.0
101,2023,291,808.0,12.52,317.4,24.8,0.0
101,2023,291,809.0,12.52,338.2,24.91,0.0
101,2023,291,810.0,12.52,359.4,24.95,0.0
101,2023,291,811.0,12.52,395.4,25.03,0.0
101,2023,291,812.0,12.52,538.8,25.06,0.0
101,2023,291,813.0,12.52,666.1,25.14,0.0
101,2023,291,814.0,12.52,582.2,25.44,0.0
101,2023,291,815.0,12.52,769.0,25.55,0.0
101,2023,291,816.0,12.52,585.9,25.7,0.0
101,2023,291,817.0,12.52,506.9,25.83,0.0
101,2023,291,818.0,12.51,544.1,25.81,0.0
101,2023,291,819.0,12.51,639.7,25.92,0.0
101,2023,291,820.0,12.51,525.3,25.98,0.0
101,2023,291,821.0,12.51,609.8,25.9,0.0
101,2023,291,822.0,12.51,659.8,25.8,0.0
101,2023,291,823.0,12.51,812.0,25.77,0.0
101,2023,291,824.0,12.51,859.0,25.25,0.0
101,2023,291,825.0,12.51,763.0,25.27,0.0
101,2023,291,826.0,12.5,586.3,25.27,0.0
101,2023,291,827.0,12.5,579.1,25.29,0.0
101,2023,291,828.0,12.5,477.8,25.36,0.0
101,2023,291,829.0,12.5,448.5,25.39,0.0
101,2023,291,830.0,12.49,444.7,25.63,0.0
101,2023,291,831.0,12.49,461.2,25.62,0.0
101,2023,291,832.0,12.49,461.1,25.34,0.0
101,2023,291,833.0,12.49,483.4,25.18,0.0
101,2023,291,834.0,12.49,491.1,25.16,0.0
101,2023,291,835.0,12.49,490.3,24.97,0.0
101,2023,291,836.0,12.49,524.1,25.09,0.0
101,2023,291,837.0,12.49,515.7,25.13,0.0
101,2023,291,838.0,12.49,471.0,25.44,0.0
101,2023,291,839.0,12.49,468.8,25.63,0.0
101,2023,291,840.0,12.49,482.4,25.59,0.0
101,2023,291,841.0,12.49,465.2,25.59,0.0
101,2023,291,842.0,12.48,462.3,25.55,0.0
101,2023,291,843.0,12.49,465.1,25.62,0.0
101,2023,291,844.0,12.48,461.1,25.71,0.0
101,2023,291,845.0,12.49,463.8,25.82,0.0
101,2023,291,846.0,12.48,463.8,25.98,0.0
101,2023,291,847.0,12.48,459.3,26.06,0.0
101,2023,291,848.0,12.48,464.5,26.23,0.0
101,2023,291,849.0,12.48,477.4,26.32,0.0
101,2023,291,850.0,12.48,498.9,26.27,0.0
101,2023,291,851.0,12.48,517.1,26.16,0.0
101,2023,291,852.0,12.48,559.7,26.39,0.0
101,2023,291,853.0,12.48,587.6,26.49,0.0
101,2023,291,854.0,12.47,565.9,26.32,0.0
101,2023,291,855.0,12.46,569.7,26.34,0.0
101,2023,291,856.0,12.46,560.4,26.28,0.0
101,2023,291,857.0,12.46,549.9,26.23,0.0
101,2023,291,858.0,12.46,551.0,26.26,0.0
101,2023,291,859.0,12.46,579.5,26.23,0.0
101,2023,291,900.0,12.46,597.1,26.0,0.0
101,2023,291,901.0,12.46,567.8,25.89,0.0
101,2023,291,902.0,12.45,574.0,25.87,0.0
101,2023,291,903.0,12.45,593.6,26.05,0.0
101,2023,291,904.0,12.45,644.5,26.4,0.0
101,2023,291,905.0,12.45,644.4,26.59,0.0
101,2023,291,906.0,12.44,706.0,26.47,0.0
101,2023,291,907.0,12.45,696.5,26.73,0.0
101,2023,291,908.0,12.44,708.0,26.47,0.0
101,2023,291,909.0,12.45,703.0,26.4,0.0
101,2023,291,910.0,12.45,714.0,26.56,0.0
101,2023,291,911.0,12.45,831.0,26.66,0.0
101,2023,291,912.0,12.44,1016.0,26.36,0.0
101,2023,291,913.0,12.45,1017.0,26.29,0.0
101,2023,291,914.0,12.45,1033.0,26.3,0.0
101,2023,291,915.0,12.45,1111.0,26.06,0.0
101,2023,291,916.0,12.45,1158.0,26.06,0.0
101,2023,291,917.0,12.45,1145.0,26.36,0.0
101,2023,291,918.0,12.44,723.0,26.83,0.0
101,2023,291,919.0,12.45,760.0,26.58,0.0
101,2023,291,920.0,12.44,1067.0,26.43,0.0
101,2023,291,921.0,12.44,413.5,26.11,0.0
101,2023,291,922.0,12.44,418.0,26.02,0.0
101,2023,291,923.0,12.45,1112.0,26.07,0.0
101,2023,291,924.0,12.44,1144.0,26.36,0.0
101,2023,291,925.0,12.44,1007.0,26.74,0.0
101,2023,291,926.0,12.44,891.0,26.9,0.0
101,2023,291,927.0,12.44,841.0,27.07,0.0
101,2023,291,928.0,12.44,972.0,27.29,0.0
101,2023,291,929.0,12.43,870.0,27.31,0.0
101,2023,291,930.0,12.42,891.0,27.18,0.0
101,2023,291,931.0,12.42,465.4,26.93,0.0
101,2023,291,932.0,12.43,397.9,26.75,0.0
101,2023,291,933.0,12.43,664.1,26.65,0.0
101,2023,291,934.0,12.43,1021.0,26.59,0.0
101,2023,291,935.0,12.43,983.0,26.71,0.0
101,2023,291,936.0,12.42,1033.0,26.78,0.0
101,2023,291,937.0,12.42,1049.0,26.88,0.0
101,2023,291,938.0,12.44,1162.0,27.14,0.0
101,2023,291,939.0,12.43,926.0,27.13,0.0
101,2023,291,940.0,12.43,841.0,27.08,0.0
101,2023,291,941.0,12.44,972.0,27.09,0.0
101,2023,291,942.0,12.44,1143.0,27.17,0.0
101,2023,291,943.0,12.44,1241.0,27.58,0.0
101,2023,291,944.0,12.43,1235.0,27.81,0.0
101,2023,291,945.0,12.43,1064.0,27.57,0.0
101,2023,291,946.0,12.44,844.0,27.42,0.0
101,2023,291,947.0,12.44,794.0,27.11,0.0
101,2023,291,948.0,12.44,865.0,27.04,0.0
101,2023,291,949.0,12.45,882.0,27.39,0.0
101,2023,291,950.0,12.46,922.0,27.47,0.0
101,2023,291,951.0,12.46,899.0,27.63,0.0
101,2023,291,952.0,12.46,895.0,28.07,0.0
101,2023,291,953.0,12.45,1085.0,28.29,0.0
101,2023,291,954.0,12.45,1144.0,28.59,0.0
101,2023,291,955.0,12.45,1017.0,28.57,0.0
101,2023,291,956.0,12.45,581.9,28.18,0.0
101,2023,291,957.0,12.45,454.7,27.7,0.0
101,2023,291,958.0,12.44,388.0,27.51,0.0
101,2023,291,959.0,12.44,479.9,27.7,0.0
101,2023,291,1000.0,12.44,523.4,27.49,0.0
101,2023,291,1001.0,12.43,644.0,27.37,0.0
101,2023,291,1002.0,12.43,1178.0,27.57,0.0
101,2023,291,1003.0,12.43,1178.0,27.83,0.0
101,2023,291,1004.0,12.43,1189.0,27.33,0.0
101,2023,291,1005.0,12.43,1201.0,27.17,0.0
101,2023,291,1006.0,12.43,1212.0,27.71,0.0
101,2023,291,1007.0,12.43,1174.0,28.23,0.0
101,2023,291,1008.0,12.43,1034.0,28.47,0.0
101,2023,291,1009.0,12.43,587.6,28.44,0.0
101,2023,291,1010.0,12.43,1214.0,28.14,0.0
101,2023,291,1011.0,12.43,1149.0,28.01,0.0
101,2023,291,1012.0,12.43,971.0,28.65,0.0
101,2023,291,1013.0,12.43,1305.0,29.05,0.0
101,2023,291,1014.0,12.43,1314.0,29.3,0.0
101,2023,291,1015.0,12.43,861.0,29.28,0.0
101,2023,291,1016.0,12.42,652.1,29.02,0.0
101,2023,291,1017.0,12.43,465.5,28.88,0.0
101,2023,291,1018.0,12.43,459.0,28.59,0.0
101,2023,291,1019.0,12.42,463.9,28.38,0.0
101,2023,291,1020.0,12.42,461.1,28.41,0.0
101,2023,291,1021.0,12.42,458.4,28.53,0.0
101,2023,291,1022.0,12.42,479.2,28.46,0.0
101,2023,291,1023.0,12.42,528.8,28.47,0.0
101,2023,291,1024.0,12.42,592.0,28.54,0.0
101,2023,291,1025.0,12.42,575.4,28.69,0.0
101,2023,291,1026.0,12.42,608.2,28.58,0.0
101,2023,291,1027.0,12.42,631.9,28.18,0.0
101,2023,291,1028.0,12.42,533.9,27.6,0.0
101,2023,291,1029.0,12.42,474.7,27.55,0.0
101,2023,291,1030.0,12.42,434.0,27.59,0.0
101,2023,291,1031.0,12.42,411.3,27.71,0.0
101,2023,291,1032.0,12.42,405.8,27.89,0.0
101,2023,291,1033.0,12.43,415.4,27.95,0.0
101,2023,291,1034.0,12.42,423.5,27.77,0.0
101,2023,291,1035.0,12.42,425.9,27.83,0.0
101,2023,291,1036.0,12.42,425.6,27.79,0.0
101,2023,291,1037.0,12.42,425.9,27.73,0.0
101,2023,291,1038.0,12.42,426.5,27.64,0.0
101,2023,291,1039.0,12.42,426.0,27.77,0.0
101,2023,291,1040.0,12.41,425.6,27.89,0.0
101,2023,291,1041.0,12.42,426.2,27.84,0.0
101,2023,291,1042.0,12.42,424.6,27.47,0.0
101,2023,291,1043.0,12.41,417.9,27.49,0.0
101,2023,291,1044.0,12.41,410.3,27.26,0.0
101,2023,291,1045.0,12.41,403.0,27.33,0.0
101,2023,291,1046.0,12.42,394.9,27.56,0.0
101,2023,291,1047.0,12.43,391.1,27.54,0.0
101,2023,291,1048.0,12.42,389.7,27.33,0.0
101,2023,291,1049.0,12.41,391.3,27.42,0.0
101,2023,291,1050.0,12.39,395.4,27.47,0.0
101,2023,291,1051.0,12.42,399.2,27.61,0.0
101,2023,291,1052.0,12.42,404.4,27.59,0.0
101,2023,291,1053.0,12.42,409.9,27.41,0.0
101,2023,291,1054.0,12.42,416.5,27.19,0.0
101,2023,291,1055.0,12.43,422.4,27.19,0.0
101,2023,291,1056.0,12.42,430.5,27.26,0.0
101,2023,291,1057.0,12.43,440.7,27.32,0.0
101,2023,291,1058.0,12.43,456.0,27.51,0.0
101,2023,291,1059.0,12.43,475.7,27.84,0.0
101,2023,291,1100.0,12.42,491.2,27.96,0.0
101,2023,291,1101.0,12.43,502.0,27.88,0.0
101,2023,291,1102.0,12.42,514.0,27.95,0.0
101,2023,291,1103.0,12.42,612.6,28.05,0.0
101,2023,291,1104.0,12.42,1006.0,28.2,0.0
101,2023,291,1105.0,12.42,781.0,28.49,0.0
101,2023,291,1106.0,12.43,693.9,28.29,0.0
101,2023,291,1107.0,12.43,833.0,28.09,0.0
101,2023,291,1108.0,12.43,851.0,28.1,0.0
101,2023,291,1109.0,12.43,670.7,28.36,0.0
101,2023,291,1110.0,12.43,444.4,28.45,0.0
101,2023,291,1111.0,12.43,414.4,28.4,0.0
101,2023,291,1112.0,12.43,395.1,28.38,0.0
101,2023,291,1113.0,12.43,382.8,28.25,0.0
101,2023,291,1114.0,12.43,384.9,27.92,0.0
101,2023,291,1115.0,12.43,409.5,27.78,0.0
101,2023,291,1116.0,12.43,457.3,27.88,0.0
101,2023,291,1117.0,12.44,501.5,27.93,0.0
101,2023,291,1118.0,12.44,513.9,27.9,0.0
101,2023,291,1119.0,12.43,587.6,28.18,0.0
101,2023,291,1120.0,12.43,1220.0,28.1,0.0
101,2023,291,1121.0,12.43,1366.0,28.01,0.0
101,2023,291,1122.0,12.43,1260.0,28.27,0.0
101,2023,291,1123.0,12.43,1196.0,28.6,0.0
101,2023,291,1124.0,12.42,1369.0,28.82,0.0
101,2023,291,1125.0,12.42,1132.0,29.04,0.0
101,2023,291,1126.0,12.42,682.8,28.89,0.0
101,2023,291,1127.0,12.42,665.2,29.0,0.0
101,2023,291,1128.0,12.42,597.4,28.63,0.0
101,2023,291,1129.0,12.42,594.3,28.37,0.0
101,2023,291,1130.0,12.42,643.5,28.25,0.0
101,2023,291,1131.0,12.42,687.8,28.23,0.0
101,2023,291,1132.0,12.42,879.0,28.49,0.0
101,2023,291,1133.0,12.42,1157.0,28.42,0.0
101,2023,291,1134.0,12.42,1264.0,28.55,0.0
101,2023,291,1135.0,12.42,1088.0,28.59,0.0
101,2023,291,1136.0,12.42,738.0,28.5,0.0
101,2023,291,1137.0,12.42,567.6,28.53,0.0
101,2023,291,1138.0,12.42,546.3,28.44,0.0
101,2023,291,1139.0,12.42,551.2,28.39,0.0
101,2023,291,1140.0,12.42,588.6,28.49,0.0
101,2023,291,1141.0,12.42,691.5,28.7,0.0
101,2023,291,1142.0,12.42,1105.0,28.94,0.0
101,2023,291,1143.0,12.42,1308.0,28.87,0.0
101,2023,291,1144.0,12.41,1434.0,28.58,0.0
101,2023,291,1145.0,12.42,1120.0,28.6,0.0
101,2023,291,1146.0,12.42,1039.0,28.38,0.0
101,2023,291,1147.0,12.41,1218.0,28.33,0.0
101,2023,291,1148.0,12.41,1204.0,28.67,0.0
101,2023,291,1149.0,12.42,1355.0,28.65,0.0
101,2023,291,1150.0,12.42,1087.0,28.6,0.0
101,2023,291,1151.0,12.42,1257.0,28.6,0.0
101,2023,291,1152.0,12.41,1380.0,28.73,0.0
101,2023,291,1153.0,12.41,1343.0,29.33,0.0
101,2023,291,1154.0,12.42,1275.0,28.99,0.0
101,2023,291,1155.0,12.42,848.0,29.3,0.0
101,2023,291,1156.0,12.41,798.0,29.5,0.0
101,2023,291,1157.0,12.41,724.0,29.01,0.0
101,2023,291,1158.0,12.4,559.1,29.15,0.0
101,2023,291,1159.0,12.41,493.6,29.23,0.0
101,2023,291,1200.0,12.4,831.0,29.19,0.0
101,2023,291,1201.0,12.4,685.8,28.99,0.0
101,2023,291,1202.0,12.4,509.8,29.22,0.0
101,2023,291,1203.0,12.4,409.3,29.27,0.0
101,2023,291,1204.0,12.4,396.4,29.39,0.0
101,2023,291,1205.0,12.4,403.0,29.0,0.0
101,2023,291,1206.0,12.39,407.1,28.72,0.0
101,2023,291,1207.0,12.39,396.6,28.74,0.0
101,2023,291,1208.0,12.39,385.9,28.74,0.0
101,2023,291,1209.0,12.39,521.2,28.55,0.0
101,2023,291,1210.0,12.4,653.6,28.38,0.0
101,2023,291,1211.0,12.4,867.0,28.4,0.0
101,2023,291,1212.0,12.4,1195.0,28.38,0.0
101,2023,291,1213.0,12.4,864.0,28.54,0.0
101,2023,291,1214.0,12.41,391.4,28.46,0.0
101,2023,291,1215.0,12.41,524.0,28.51,0.0
101,2023,291,1216.0,12.41,946.0,28.64,0.0
101,2023,291,1217.0,12.4,1191.0,28.88,0.0
101,2023,291,1218.0,12.41,689.4,28.82,0.0
101,2023,291,1219.0,12.41,400.9,28.73,0.0
101,2023,291,1220.0,12.41,368.4,28.25,0.0
101,2023,291,1221.0,12.41,354.1,28.02,0.0
101,2023,291,1222.0,12.41,340.5,28.08,0.0
101,2023,291,1223.0,12.41,338.7,28.11,0.0
101,2023,291,1224.0,12.41,355.5,27.95,0.0
101,2023,291,1225.0,12.42,389.4,27.95,0.0
101,2023,291,1226.0,12.41,431.7,27.8,0.0
101,2023,291,1227.0,12.42,534.1,27.81,0.0
101,2023,291,1228.0,12.43,500.1,28.07,0.0
101,2023,291,1229.0,12.44,402.7,28.2,0.0
101,2023,291,1230.0,12.43,383.6,28.11,0.0
101,2023,291,1231.0,12.43,389.8,28.07,0.0
101,2023,291,1232.0,12.44,393.0,28.05,0.0
101,2023,291,1233.0,12.44,396.8,27.92,0.0
101,2023,291,1234.0,12.45,416.3,27.77,0.0
101,2023,291,1235.0,12.44,450.3,27.84,0.0
101,2023,291,1236.0,12.44,449.8,27.85,0.0
101,2023,291,1237.0,12.44,593.3,27.85,0.0
101,2023,291,1238.0,12.44,894.0,27.78,0.0
101,2023,291,1239.0,12.44,738.0,27.95,0.0
101,2023,291,1240.0,12.44,1047.0,28.05,0.0
101,2023,291,1241.0,12.44,950.0,28.32,0.0
101,2023,291,1242.0,12.44,783.0,28.31,0.0
101,2023,291,1243.0,12.44,1053.0,28.42,0.0
101,2023,291,1244.0,12.44,953.0,28.56,0.0
101,2023,291,1245.0,12.44,676.2,28.55,0.0
101,2023,291,1246.0,12.43,702.0,28.63,0.0
101,2023,291,1247.0,12.43,576.2,28.72,0.0
101,2023,291,1248.0,12.43,486.1,28.85,0.0
101,2023,291,1249.0,12.43,540.3,28.94,0.0
101,2023,291,1250.0,12.43,962.0,28.41,0.0
101,2023,291,1251.0,12.43,1234.0,28.33,0.0
101,2023,291,1252.0,12.41,1138.0,28.75,0.0
101,2023,291,1253.0,12.41,749.0,28.93,0.0
101,2023,291,1254.0,12.41,1048.0,28.98,0.0
101,2023,291,1255.0,12.42,530.5,28.94,0.0
101,2023,291,1256.0,12.41,418.3,28.71,0.0
101,2023,291,1257.0,12.41,413.6,28.71,0.0
101,2023,291,1258.0,12.42,423.0,28.82,0.0
101,2023,291,1259.0,12.43,426.7,28.38,0.0
101,2023,291,1300.0,12.43,463.7,28.03,0.0
101,2023,291,1301.0,12.44,465.0,28.06,0.0
101,2023,291,1302.0,12.43,806.0,28.01,0.0
101,2023,291,1303.0,12.43,1107.0,28.15,0.0
101,2023,291,1304.0,12.43,1117.0,28.33,0.0
101,2023,291,1305.0,12.44,1081.0,28.34,0.0
101,2023,291,1306.0,12.44,876.0,28.34,0.0
101,2023,291,1307.0,12.44,517.1,28.32,0.0
101,2023,291,1308.0,12.44,500.0,28.31,0.0
101,2023,291,1309.0,12.45,1057.0,28.32,0.0
101,2023,291,1310.0,12.44,845.0,28.65,0.0
101,2023,291,1311.0,12.44,1002.0,28.8,0.0
101,2023,291,1312.0,12.44,387.6,28.56,0.0
101,2023,291,1313.0,12.44,325.3,28.43,0.0
101,2023,291,1314.0,12.44,323.0,28.1,0.0
101,2023,291,1315.0,12.44,320.2,27.91,0.0
101,2023,291,1316.0,12.44,310.9,27.97,0.0
101,2023,291,1317.0,12.45,298.5,27.98,0.0
101,2023,291,1318.0,12.45,295.5,27.98,0.0
101,2023,291,1319.0,12.44,319.7,27.92,0.0
101,2023,291,1320.0,12.44,395.5,27.85,0.0
101,2023,291,1321.0,12.45,380.1,27.87,0.0
101,2023,291,1322.0,12.45,377.6,27.83,0.0
101,2023,291,1323.0,12.45,350.7,27.93,0.0
101,2023,291,1324.0,12.45,328.4,28.03,0.0
101,2023,291,1325.0,12.45,304.5,27.97,0.0
101,2023,291,1326.0,12.45,284.0,27.8,0.0
101,2023,291,1327.0,12.45,272.4,27.6,0.0
101,2023,291,1328.0,12.45,266.9,27.5,0.0
101,2023,291,1329.0,12.45,456.5,27.45,0.0
101,2023,291,1330.0,12.45,925.0,27.51,0.0
101,2023,291,1331.0,12.45,1023.0,27.51,0.0
101,2023,291,1332.0,12.45,640.8,27.47,0.0
101,2023,291,1333.0,12.45,358.9,27.64,0.0
101,2023,291,1334.0,12.45,358.1,27.71,0.0
101,2023,291,1335.0,12.45,430.0,27.57,0.0
101,2023,291,1336.0,12.46,320.2,27.59,0.0
101,2023,291,1337.0,12.46,296.9,27.65,0.0
101,2023,291,1338.0,12.46,276.6,27.55,0.0
101,2023,291,1339.0,12.47,278.6,27.53,0.0
101,2023,291,1340.0,12.47,272.9,27.42,0.0
101,2023,291,1341.0,12.47,254.5,27.42,0.0
101,2023,291,1342.0,12.47,238.6,27.37,0.0
101,2023,291,1343.0,12.47,220.8,27.26,0.0
101,2023,291,1344.0,12.46,210.6,27.29,0.0
101,2023,291,1345.0,12.46,203.1,27.17,0.0
101,2023,291,1346.0,12.46,199.3,27.11,0.0
101,2023,291,1347.0,12.46,198.7,27.04,0.0
101,2023,291,1348.0,12.46,202.9,27.07,0.0
101,2023,291,1349.0,12.46,212.5,27.06,0.0
101,2023,291,1350.0,12.47,218.3,26.99,0.0
101,2023,291,1351.0,12.46,221.4,26.9,0.0
101,2023,291,1352.0,12.46,221.4,26.92,0.0
101,2023,291,1353.0,12.46,218.6,26.88,0.0
101,2023,291,1354.0,12.46,211.4,26.85,0.0
101,2023,291,1355.0,12.47,210.9,26.86,0.0
101,2023,291,1356.0,12.47,209.5,26.79,0.0
101,2023,291,1357.0,12.47,206.9,26.87,0.0
101,2023,291,1358.0,12.47,205.3,26.87,0.0
101,2023,291,1359.0,12.47,201.7,26.73,0.0
101,2023,291,1400.0,12.47,200.8,26.65,0.0
101,2023,291,1401.0,12.47,204.2,26.64,0.0
101,2023,291,1402.0,12.47,209.5,26.69,0.0
101,2023,291,1403.0,12.47,207.3,26.78,0.0
101,2023,291,1404.0,12.47,205.9,26.85,0.0
101,2023,291,1405.0,12.47,209.5,26.84,0.0
101,2023,291,1406.0,12.47,212.7,26.77,0.0
101,2023,291,1407.0,12.47,209.6,26.8,0.0
101,2023,291,1408.0,12.47,203.2,26.75,0.0
101,2023,291,1409.0,12.47,198.0,26.69,0.0
101,2023,291,1410.0,12.47,192.3,26.65,0.0
101,2023,291,1411.0,12.48,191.0,26.65,0.0
101,2023,291,1412.0,12.47,199.1,26.75,0.0
101,2023,291,1413.0,12.47,211.8,26.74,0.0
101,2023,291,1414.0,12.47,220.4,26.69,0.0
101,2023,291,1415.0,12.47,224.0,26.68,0.0
101,2023,291,1416.0,12.47,219.1,26.58,0.0
101,2023,291,1417.0,12.47,207.6,26.65,0.0
101,2023,291,1418.0,12.48,194.2,26.67,0.0
101,2023,291,1419.0,12.48,191.4,26.67,0.0
101,2023,291,1420.0,12.49,192.2,26.63,0.0
101,2023,291,1421.0,12.48,191.4,26.67,0.0
101,2023,291,1422.0,12.48,186.5,26.7,0.0
101,2023,291,1423.0,12.48,183.1,26.68,0.0
101,2023,291,1424.0,12.48,172.2,26.7,0.0
101,2023,291,1425.0,12.48,165.6,26.8,0.0
101,2023,291,1426.0,12.48,161.1,26.77,0.0
101,2023,291,1427.0,12.48,155.2,26.73,0.0
101,2023,291,1428.0,12.48,153.6,26.65,0.0
101,2023,291,1429.0,12.48,156.6,26.63,0.0
101,2023,291,1430.0,12.48,158.7,26.64,0.0
101,2023,291,1431.0,12.48,159.8,26.58,0.0
101,2023,291,1432.0,12.48,161.0,26.5,0.0
101,2023,291,1433.0,12.49,162.1,26.53,0.0
101,2023,291,1434.0,12.48,164.4,26.54,0.0
101,2023,291,1435.0,12.49,154.8,26.44,0.0
101,2023,291,1436.0,12.48,154.8,26.45,0.0
101,2023,291,1437.0,12.49,154.1,26.54,0.0
101,2023,291,1438.0,12.49,156.2,26.58,0.0
101,2023,291,1439.0,12.49,157.1,26.46,0.0
101,2023,291,1440.0,12.49,164.2,26.25,0.0
101,2023,291,1441.0,12.48,202.1,26.2,0.0
101,2023,291,1442.0,12.44,212.4,26.27,0.0
101,2023,291,1443.0,12.4,193.5,26.33,0.0
101,2023,291,1444.0,12.39,178.5,26.3,0.0
101,2023,291,1445.0,12.39,165.0,26.24,0.0
101,2023,291,1446.0,12.39,156.8,26.23,0.0
101,2023,291,1447.0,12.37,154.9,26.17,0.0
101,2023,291,1448.0,12.37,161.7,26.13,0.0
101,2023,291,1449.0,12.36,168.1,26.16,0.0
101,2023,291,1450.0,12.4,167.4,26.1,0.0
101,2023,291,1451.0,12.42,182.1,26.05,0.0
101,2023,291,1452.0,12.42,211.2,26.08,0.0
101,2023,291,1453.0,12.41,171.1,26.14,0.0
101,2023,291,1454.0,12.39,170.9,26.09,0.0
101,2023,291,1455.0,12.39,157.1,26.06,0.0
101,2023,291,1456.0,12.39,156.3,26.07,0.0
101,2023,291,1457.0,12.4,160.5,26.03,0.0
101,2023,291,1458.0,12.39,153.1,26.02,0.0
101,2023,291,1459.0,12.38,159.8,26.05,0.0
101,2023,291,1500.0,12.37,157.5,26.02,0.0
101,2023,291,1501.0,12.4,158.9,26.02,0.0
101,2023,291,1502.0,12.39,160.7,26.02,0.0
101,2023,291,1503.0,12.39,169.1,26.06,0.0
101,2023,291,1504.0,12.39,177.2,26.09,0.0
101,2023,291,1505.0,12.4,180.4,26.1,0.0
101,2023,291,1506.0,12.39,186.8,26.07,0.0
101,2023,291,1507.0,12.39,193.7,26.11,0.0
101,2023,291,1508.0,12.38,223.4,26.15,0.0
101,2023,291,1509.0,12.39,541.1,26.18,0.0
101,2023,291,1510.0,12.39,580.5,26.26,0.0
101,2023,291,1511.0,12.38,559.4,26.42,0.0
101,2023,291,1512.0,12.37,542.0,26.53,0.0
101,2023,291,1513.0,12.37,531.5,26.66,0.0
101,2023,291,1514.0,12.36,526.0,26.76,0.0
101,2023,291,1515.0,12.38,527.3,26.77,0.0
101,2023,291,1516.0,12.39,535.5,26.81,0.0
101,2023,291,1517.0,12.38,543.9,26.9,0.0
101,2023,291,1518.0,12.38,544.7,27.03,0.0
101,2023,291,1519.0,12.38,533.0,27.17,0.0
101,2023,291,1520.0,12.38,521.7,27.19,0.0
101,2023,291,1521.0,12.38,513.2,27.19,0.0
101,2023,291,1522.0,12.39,503.6,27.2,0.0
101,2023,291,1523.0,12.39,504.6,27.2,0.0
101,2023,291,1524.0,12.38,509.0,27.24,0.0
101,2023,291,1525.0,12.38,510.7,27.26,0.0
101,2023,291,1526.0,12.38,516.3,27.19,0.0
101,2023,291,1527.0,12.38,409.0,27.03,0.0
101,2023,291,1528.0,12.38,493.4,27.04,0.0
101,2023,291,1529.0,12.38,493.9,27.02,0.0
101,2023,291,1530.0,12.38,488.4,26.94,0.0
101,2023,291,1531.0,12.37,478.9,26.89,0.0
101,2023,291,1532.0,12.36,459.8,26.95,0.0
101,2023,291,1533.0,12.37,474.3,26.97,0.0
101,2023,291,1534.0,12.37,472.0,27.01,0.0
101,2023,291,1535.0,12.37,471.6,27.16,0.0
101,2023,291,1536.0,12.37,468.6,27.17,0.0
101,2023,291,1537.0,12.37,461.9,27.14,0.0
101,2023,291,1538.0,12.37,457.4,27.06,0.0
101,2023,291,1539.0,12.35,444.7,26.95,0.0
101,2023,291,1540.0,12.34,423.2,26.87,0.0
101,2023,291,1541.0,12.35,399.3,26.91,0.0
101,2023,291,1542.0,12.35,392.3,26.94,0.0
101,2023,291,1543.0,12.36,395.9,27.05,0.0
101,2023,291,1544.0,12.37,396.3,27.16,0.0
101,2023,291,1545.0,12.38,368.7,27.16,0.0
101,2023,291,1546.0,12.38,368.5,27.15,0.0
101,2023,291,1547.0,12.38,336.1,26.99,0.0
101,2023,291,1548.0,12.38,373.9,26.94,0.0
101,2023,291,1549.0,12.38,373.5,27.0,0.0
101,2023,291,1550.0,12.38,371.6,26.96,0.0
101,2023,291,1551.0,12.38,367.4,26.89,0.0
101,2023,291,1552.0,12.37,367.6,26.86,0.0
101,2023,291,1553.0,12.38,371.8,26.8,0.0
101,2023,291,1554.0,12.37,377.0,26.84,0.0
101,2023,291,1555.0,12.37,381.5,26.79,0.0
101,2023,291,1556.0,12.37,382.2,26.77,0.0
101,2023,291,1557.0,12.37,374.3,26.78,0.0
101,2023,291,1558.0,12.36,378.6,26.7,0.0
101,2023,291,1559.0,12.37,388.3,26.67,0.0
101,2023,291,1600.0,12.37,388.8,26.73,0.0
101,2023,291,1601.0,12.37,380.2,26.76,0.0
101,2023,291,1602.0,12.37,365.6,26.75,0.0
101,2023,291,1603.0,12.37,324.3,26.76,0.0
101,2023,291,1604.0,12.37,326.3,26.66,0.0
101,2023,291,1605.0,12.38,323.9,26.69,0.0
101,2023,291,1606.0,12.37,312.2,26.65,0.0
101,2023,291,1607.0,12.37,299.9,26.56,0.0
101,2023,291,1608.0,12.37,294.2,26.56,0.0
101,2023,291,1609.0,12.36,281.4,26.58,0.0
101,2023,291,1610.0,12.36,271.7,26.52,0.0
101,2023,291,1611.0,12.35,269.3,26.51,0.0
101,2023,291,1612.0,12.33,263.8,26.5,0.0
101,2023,291,1613.0,12.35,255.6,26.47,0.0
101,2023,291,1614.0,12.34,187.5,26.38,0.0
101,2023,291,1615.0,12.32,217.5,26.32,0.0
101,2023,291,1616.0,12.3,239.9,26.34,0.0
101,2023,291,1617.0,12.3,215.4,26.34,0.0
101,2023,291,1618.0,12.34,232.6,26.33,0.0
101,2023,291,1619.0,12.34,229.0,26.32,0.0
101,2023,291,1620.0,12.34,224.0,26.26,0.0
101,2023,291,1621.0,12.32,220.9,26.29,0.0
101,2023,291,1622.0,12.29,214.3,26.31,0.0
101,2023,291,1623.0,12.33,211.5,26.28,0.0
101,2023,291,1624.0,12.33,212.2,26.22,0.0
101,2023,291,1625.0,12.33,209.4,26.2,0.0
101,2023,291,1626.0,12.31,208.8,26.18,0.0
101,2023,291,1627.0,12.34,205.8,26.16,0.0
101,2023,291,1628.0,12.34,203.6,26.15,0.0
101,2023,291,1629.0,12.35,200.7,26.08,0.0
101,2023,291,1630.0,12.36,195.4,26.09,0.0
101,2023,291,1631.0,12.36,186.5,26.12,0.0
101,2023,291,1632.0,12.36,177.2,26.05,0.0
101,2023,291,1633.0,12.36,169.3,26.01,0.0
101,2023,291,1634.0,12.34,159.6,26.05,0.0
101,2023,291,1635.0,12.32,164.1,26.03,0.0
101,2023,291,1636.0,12.31,173.9,26.03,0.0
101,2023,291,1637.0,12.33,178.1,25.97,0.0
101,2023,291,1638.0,12.34,178.5,25.93,0.0
101,2023,291,1639.0,12.33,174.9,25.87,0.0
101,2023,291,1640.0,12.31,168.9,25.87,0.0
101,2023,291,1641.0,12.34,158.4,25.86,0.0
101,2023,291,1642.0,12.33,145.7,25.88,0.0
101,2023,291,1643.0,12.34,133.3,25.91,0.0
101,2023,291,1644.0,12.34,124.2,25.86,0.0
101,2023,291,1645.0,12.34,109.9,25.8,0.0
101,2023,291,1646.0,12.32,109.9,25.81,0.0
101,2023,291,1647.0,12.33,84.8,25.8,0.0
101,2023,291,1648.0,12.33,98.8,25.73,0.0
101,2023,291,1649.0,12.33,100.6,25.65,0.0
101,2023,291,1650.0,12.33,95.0,25.64,0.0
101,2023,291,1651.0,12.33,81.8,25.62,0.0
101,2023,291,1652.0,12.29,44.59,25.55,0.0
101,2023,291,1653.0,12.29,39.71,25.52,0.0
101,2023,291,1654.0,12.28,38.33,25.53,0.0
101,2023,291,1655.0,12.27,43.32,25.48,0.0
101,2023,291,1656.0,12.27,59.26,25.39,0.0
101,2023,291,1657.0,12.28,64.25,25.35,0.0
101,2023,291,1658.0,12.28,61.91,25.24,0.0
101,2023,291,1659.0,12.28,60.42,25.2,0.0
101,2023,291,1700.0,12.26,58.25,25.2,0.0
101,2023,291,1701.0,12.25,55.17,25.2,0.0
101,2023,291,1702.0,12.24,52.46,25.17,0.0
101,2023,291,1703.0,12.24,51.14,25.14,0.0
101,2023,291,1704.0,12.22,47.58,25.12,0.0
101,2023,291,1705.0,12.21,42.53,25.08,0.0
101,2023,291,1706.0,12.17,38.11,25.07,0.0
101,2023,291,1707.0,12.18,34.19,25.02,0.0
101,2023,291,1708.0,12.18,30.58,25.0,0.0
101,2023,291,1709.0,12.17,26.18,24.99,0.0
101,2023,291,1710.0,12.15,20.79,24.99,0.0
101,2023,291,1711.0,12.15,17.32,24.93,0.0
101,2023,291,1712.0,12.07,15.8,24.89,0.0
101,2023,291,1713.0,11.99,14.3,24.88,0.0
101,2023,291,1714.0,12.1,12.83,24.87,0.0
101,2023,291,1715.0,12.14,11.4,24.83,0.0
101,2023,291,1716.0,12.14,9.84,24.82,0.0
101,2023,291,1717.0,12.14,8.41,24.79,0.0
101,2023,291,1718.0,12.13,7.19,24.75,0.0
101,2023,291,1719.0,12.13,6.403,24.71,0.0
101,2023,291,1720.0,12.12,5.782,24.67,0.0
101,2023,291,1721.0,12.12,5.303,24.65,0.0
101,2023,291,1722.0,12.11,4.739,24.66,0.0
101,2023,291,1723.0,12.11,4.344,24.64,0.0
101,2023,291,1724.0,12.1,3.949,24.63,0.0
101,2023,291,1725.0,12.1,3.723,24.6,0.0
101,2023,291,1726.0,12.09,3.723,24.58,0.0
101,2023,291,1727.0,12.08,3.413,24.55,0.0
101,2023,291,1728.0,12.08,3.046,24.53,0.0
101,2023,291,1729.0,12.08,2.708,24.51,0.0
101,2023,291,1730.0,12.07,2.369,24.49,0.0
101,2023,291,1731.0,12.04,1.862,24.49,0.0
101,2023,291,1732.0,12.04,1.495,24.46,0.0
101,2023,291,1733.0,12.04,1.213,24.43,0.0
101,2023,291,1734.0,12.04,1.015,24.42,0.0
101,2023,291,1735.0,12.03,0.959,24.42,0.0
101,2023,291,1736.0,12.03,0.0,24.41,0.0
101,2023,291,1737.0,12.03,0.0,24.38,0.0
101,2023,291,1738.0,12.03,0.0,24.36,0.0
101,2023,291,1739.0,12.04,0.0,24.32,0.0
101,2023,291,1740.0,12.03,0.0,24.31,0.0
101,2023,291,1741.0,12.03,0.0,24.29,0.0
101,2023,291,1742.0,12.03,0.0,24.27,0.0
101,2023,291,1743.0,12.02,0.0,24.26,0.0
101,2023,291,1744.0,12.02,0.0,24.24,0.0
101,2023,291,1745.0,12.02,0.0,24.22,0.0
101,2023,291,1746.0,12.0,0.0,24.2,0.0
101,2023,291,1747.0,12.01,0.0,24.17,0.0
101,2023,291,1748.0,12.0,0.0,24.15,0.0
101,2023,291,1749.0,11.97,0.0,24.13,0.0
101,2023,291,1750.0,11.96,0.0,24.11,0.0
101,2023,291,1751.0,11.97,0.0,24.08,0.0
101,2023,291,1752.0,11.98,0.0,24.05,0.0
101,2023,291,1753.0,11.91,0.0,24.03,0.0
101,2023,291,1754.0,11.9,0.0,24.0,0.0
101,2023,291,1755.0,11.94,0.0,23.99,0.0
101,2023,291,1756.0,11.94,0.0,23.96,0.0
101,2023,291,1757.0,11.98,0.0,23.94,0.0
101,2023,291,1758.0,11.99,0.0,23.91,0.0
101,2023,291,1759.0,11.99,0.0,23.9,0.0
101,2023,291,1800.0,11.99,0.0,23.89,0.0
101,2023,291,1801.0,11.99,0.0,23.85,0.0
101,2023,291,1802.0,11.98,0.0,23.82,0.0
101,2023,291,1803.0,11.97,0.0,23.79,0.0
101,2023,291,1804.0,11.98,0.0,23.74,0.0
101,2023,291,1805.0,11.97,0.0,23.71,0.0
101,2023,291,1806.0,11.97,0.0,23.69,0.0
101,2023,291,1807.0,11.96,0.0,23.67,0.0
101,2023,291,1808.0,11.94,0.0,23.64,0.0
101,2023,291,1809.0,11.93,0.0,23.63,0.0
101,2023,291,1810.0,11.86,0.0,23.61,0.0
101,2023,291,1811.0,11.92,0.0,23.6,0.0
101,2023,291,1812.0,11.94,0.0,23.58,0.0
101,2023,291,1813.0,11.92,0.0,23.57,0.0
101,2023,291,1814.0,11.93,0.0,23.55,0.0
101,2023,291,1815.0,11.94,0.0,23.55,0.0
101,2023,291,1816.0,11.92,0.0,23.53,0.0
101,2023,291,1817.0,11.92,0.0,23.53,0.0
101,2023,291,1818.0,11.91,0.0,23.52,0.0
101,2023,291,1819.0,11.92,0.0,23.5,0.0
101,2023,291,1820.0,11.91,0.0,23.49,0.0
101,2023,291,1821.0,11.92,0.0,23.48,0.0
101,2023,291,1822.0,11.92,0.0,23.47,0.0
101,2023,291,1823.0,11.91,0.0,23.48,0.0
101,2023,291,1824.0,11.91,0.0,23.47,0.0
101,2023,291,1825.0,11.91,0.0,23.46,0.0
101,2023,291,1826.0,11.85,0.0,23.45,0.0
101,2023,291,1827.0,11.86,0.0,23.46,0.0
101,2023,291,1828.0,11.87,0.0,23.48,0.0
101,2023,291,1829.0,11.87,0.0,23.47,0.0
101,2023,291,1830.0,11.9,0.0,23.48,0.0
101,2023,291,1831.0,11.91,0.0,23.48,0.0
101,2023,291,1832.0,11.87,0.0,23.48,0.0
101,2023,291,1833.0,11.84,0.0,23.48,0.0
101,2023,291,1834.0,11.81,0.0,23.48,0.0
101,2023,291,1835.0,11.86,0.0,23.46,0.0
101,2023,291,1836.0,11.89,0.0,23.45,0.0
101,2023,291,1837.0,11.9,0.0,23.45,0.0
101,2023,291,1838.0,11.91,0.0,23.43,0.0
101,2023,291,1839.0,11.91,0.0,23.42,0.0
101,2023,291,1840.0,11.91,0.0,23.42,0.0
101,2023,291,1841.0,11.91,0.0,23.39,0.0
101,2023,291,1842.0,11.9,0.0,23.37,0.0
101,2023,291,1843.0,11.9,0.0,23.35,0.0
101,2023,291,1844.0,11.91,0.0,23.34,0.0
101,2023,291,1845.0,11.91,0.0,23.32,0.0
101,2023,291,1846.0,11.91,0.0,23.31,0.0
101,2023,291,1847.0,11.9,0.0,23.29,0.0
101,2023,291,1848.0,11.9,0.0,23.29,0.0
101,2023,291,1849.0,11.9,0.0,23.28,0.0
101,2023,291,1850.0,11.89,0.0,23.26,0.0
101,2023,291,1851.0,11.9,0.0,23.23,0.0
101,2023,291,1852.0,11.9,0.0,23.23,0.0
101,2023,291,1853.0,11.9,0.0,23.22,0.0
101,2023,291,1854.0,11.9,0.0,23.2,0.0
101,2023,291,1855.0,11.88,0.0,23.18,0.0
101,2023,291,1856.0,11.87,0.0,23.18,0.0
101,2023,291,1857.0,11.87,0.0,23.16,0.0
101,2023,291,1858.0,11.86,0.0,23.14,0.0
101,2023,291,1859.0,11.87,0.0,23.13,0.0
101,2023,291,1900.0,11.87,0.0,23.1,0.0
101,2023,291,1901.0,11.84,0.0,23.1,0.0
101,2023,291,1902.0,11.87,0.0,23.08,0.0
101,2023,291,1903.0,11.87,0.0,23.08,0.0
101,2023,291,1904.0,11.86,0.0,23.08,0.0
101,2023,291,1905.0,11.86,0.0,23.09,0.0
101,2023,291,1906.0,11.85,0.0,23.08,0.0
101,2023,291,1907.0,11.84,0.0,23.08,0.0
101,2023,291,1908.0,11.84,0.0,23.06,0.0
101,2023,291,1909.0,11.86,0.0,23.04,0.0
101,2023,291,1910.0,11.86,0.0,23.0,0.0
101,2023,291,1911.0,11.79,0.0,22.85,0.0
101,2023,291,1912.0,11.78,0.0,22.65,0.0
101,2023,291,1913.0,11.83,0.0,22.55,0.0
101,2023,291,1914.0,11.83,0.0,22.5,0.0
101,2023,291,1915.0,11.85,0.0,22.47,0.0
101,2023,291,1916.0,11.84,0.0,22.42,0.0
101,2023,291,1917.0,11.83,0.0,22.4,0.0
101,2023,291,1918.0,11.82,0.0,22.37,0.0
101,2023,291,1919.0,11.84,0.0,22.35,0.0
101,2023,291,1920.0,11.84,0.0,22.33,0.0
101,2023,291,1921.0,11.84,0.0,22.31,0.0
101,2023,291,1922.0,11.82,0.0,22.29,0.0
101,2023,291,1923.0,11.83,0.0,22.27,0.0
101,2023,291,1924.0,11.82,0.0,22.25,0.0
101,2023,291,1925.0,11.83,0.0,22.23,0.0
101,2023,291,1926.0,11.82,0.0,22.22,0.0
101,2023,291,1927.0,11.82,0.0,22.2,0.0
101,2023,291,1928.0,11.83,0.0,22.18,0.0
101,2023,291,1929.0,11.85,0.0,22.19,0.0
101,2023,291,1930.0,11.84,0.0,22.18,0.0
101,2023,291,1931.0,11.84,0.0,22.18,0.0
101,2023,291,1932.0,11.84,0.0,22.16,0.0
101,2023,291,1933.0,11.84,0.0,22.15,0.0
101,2023,291,1934.0,11.82,0.0,22.13,0.0
101,2023,291,1935.0,11.83,0.0,22.11,0.0
101,2023,291,1936.0,11.84,0.0,22.08,0.0
101,2023,291,1937.0,11.84,0.0,22.06,0.0
101,2023,291,1938.0,11.83,0.0,22.03,0.0
101,2023,291,1939.0,11.82,0.0,22.01,0.0
101,2023,291,1940.0,11.83,0.0,21.98,0.0
101,2023,291,1941.0,11.85,0.0,21.97,0.0
101,2023,291,1942.0,11.85,0.0,21.94,0.0
101,2023,291,1943.0,11.85,0.0,21.92,0.0
101,2023,291,1944.0,11.84,0.0,21.9,0.0
101,2023,291,1945.0,11.84,0.0,21.9,0.0
101,2023,291,1946.0,11.83,0.0,21.9,0.0
101,2023,291,1947.0,11.81,0.0,21.89,0.0
101,2023,291,1948.0,11.83,0.0,21.89,0.0
101,2023,291,1949.0,11.8,0.0,21.9,0.0
101,2023,291,1950.0,11.77,0.0,21.91,0.0
101,2023,291,1951.0,11.83,0.0,21.91,0.0
101,2023,291,1952.0,11.85,0.0,21.9,0.0
101,2023,291,1953.0,11.84,0.0,21.89,0.0
101,2023,291,1954.0,11.8,0.0,21.87,0.0
101,2023,291,1955.0,11.72,0.0,21.87,0.0
101,2023,291,1956.0,11.82,0.0,21.86,0.0
101,2023,291,1957.0,11.83,0.0,21.84,0.0
101,2023,291,1958.0,11.85,0.0,21.85,0.0
101,2023,291,1959.0,11.88,0.0,21.84,0.0
101,2023,291,2000.0,11.88,0.0,21.84,0.0
101,2023,291,2001.0,11.87,0.0,21.84,0.0
101,2023,291,2002.0,11.87,0.0,21.84,0.0
101,2023,291,2003.0,11.86,0.0,21.83,0.0
101,2023,291,2004.0,11.84,0.0,21.84,0.0
101,2023,291,2005.0,11.85,0.0,21.84,0.0
101,2023,291,2006.0,11.86,0.0,21.84,0.0
101,2023,291,2007.0,11.83,0.0,21.82,0.0
101,2023,291,2008.0,11.84,0.0,21.81,0.0
101,2023,291,2009.0,11.84,0.0,21.79,0.0
101,2023,291,2010.0,11.85,0.0,21.78,0.0
101,2023,291,2011.0,11.86,0.0,21.78,0.0
101,2023,291,2012.0,11.74,0.0,21.77,0.0
101,2023,291,2013.0,11.74,0.0,21.75,0.0
101,2023,291,2014.0,11.74,0.0,21.74,0.0
101,2023,291,2015.0,11.73,0.0,21.72,0.0
101,2023,291,2016.0,11.72,0.0,21.71,0.0
101,2023,291,2017.0,11.69,0.0,21.68,0.0
101,2023,291,2018.0,11.7,0.0,21.67,0.0
101,2023,291,2019.0,11.72,0.0,21.63,0.0
101,2023,291,2020.0,11.71,0.0,21.62,0.0
101,2023,291,2021.0,11.72,0.0,21.61,0.0
101,2023,291,2022.0,11.68,0.0,21.61,0.0
101,2023,291,2023.0,11.74,0.0,21.6,0.0
101,2023,291,2024.0,11.76,0.0,21.59,0.0
101,2023,291,2025.0,11.78,0.0,21.57,0.0
101,2023,291,2026.0,11.78,0.0,21.56,0.0
101,2023,291,2027.0,11.77,0.0,21.57,0.0
101,2023,291,2028.0,11.77,0.0,21.58,0.0
101,2023,291,2029.0,11.78,0.0,21.57,0.0
101,2023,291,2030.0,11.79,0.0,21.56,0.0
101,2023,291,2031.0,11.78,0.0,21.56,0.0
101,2023,291,2032.0,11.78,0.0,21.54,0.0
101,2023,291,2033.0,11.79,0.0,21.54,0.0
101,2023,291,2034.0,11.78,0.0,21.54,0.0
101,2023,291,2035.0,11.79,0.0,21.54,0.0
101,2023,291,2036.0,11.77,0.0,21.54,0.0
101,2023,291,2037.0,11.79,0.0,21.53,0.0
101,2023,291,2038.0,11.79,0.0,21.52,0.0
101,2023,291,2039.0,11.8,0.0,21.53,0.0
101,2023,291,2040.0,11.79,0.0,21.54,0.0
101,2023,291,2041.0,11.8,0.0,21.53,0.0
101,2023,291,2042.0,11.79,0.0,21.52,0.0
101,2023,291,2043.0,11.78,0.0,21.52,0.0
101,2023,291,2044.0,11.78,0.0,21.52,0.0
101,2023,291,2045.0,11.78,0.0,21.51,0.0
101,2023,291,2046.0,11.78,0.0,21.51,0.0
101,2023,291,2047.0,11.77,0.0,21.49,0.0
101,2023,291,2048.0,11.78,0.0,21.49,0.0
101,2023,291,2049.0,11.78,0.0,21.48,0.0
101,2023,291,2050.0,11.79,0.0,21.47,0.0
101,2023,291,2051.0,11.8,0.0,21.47,0.0
101,2023,291,2052.0,11.78,0.0,21.45,0.0
101,2023,291,2053.0,11.79,0.0,21.43,0.0
101,2023,291,2054.0,11.78,0.0,21.42,0.0
101,2023,291,2055.0,11.79,0.0,21.39,0.0
101,2023,291,2056.0,11.79,0.0,21.36,0.0
101,2023,291,2057.0,11.78,0.0,21.34,0.0
101,2023,291,2058.0,11.77,0.0,21.3,0.0
101,2023,291,2059.0,11.78,0.0,21.24,0.0
101,2023,291,2100.0,11.79,0.0,21.16,0.0
101,2023,291,2101.0,11.8,0.0,21.08,0.0
101,2023,291,2102.0,11.8,0.0,21.06,0.0
101,2023,291,2103.0,11.81,0.0,21.07,0.0
101,2023,291,2104.0,11.8,0.0,21.12,0.0
101,2023,291,2105.0,11.8,0.0,21.14,0.0
101,2023,291,2106.0,11.76,0.0,21.17,0.0
101,2023,291,2107.0,11.78,0.0,21.17,0.0
101,2023,291,2108.0,11.78,0.0,21.17,0.0
101,2023,291,2109.0,11.8,0.0,21.17,0.0
101,2023,291,2110.0,11.81,0.0,21.15,0.0
101,2023,291,2111.0,11.81,0.0,21.14,0.0
101,2023,291,2112.0,11.79,0.0,21.11,0.0
101,2023,291,2113.0,11.78,0.0,21.11,0.0
101,2023,291,2114.0,11.78,0.0,21.14,0.0
101,2023,291,2115.0,11.76,0.0,21.17,0.0
101,2023,291,2116.0,11.72,0.0,21.18,0.0
101,2023,291,2117.0,11.75,0.0,21.19,0.0
101,2023,291,2118.0,11.74,0.0,21.18,0.0
101,2023,291,2119.0,11.73,0.0,21.15,0.0
101,2023,291,2120.0,11.74,0.0,21.15,0.0
101,2023,291,2121.0,11.75,0.0,21.14,0.0
101,2023,291,2122.0,11.72,0.0,21.16,0.0
101,2023,291,2123.0,11.72,0.0,21.15,0.0
101,2023,291,2124.0,11.76,0.0,21.13,0.0
101,2023,291,2125.0,11.77,0.0,21.11,0.0
101,2023,291,2126.0,11.77,0.0,21.11,0.0
101,2023,291,2127.0,11.78,0.0,21.08,0.0
101,2023,291,2128.0,11.79,0.0,21.07,0.0
101,2023,291,2129.0,11.78,0.0,21.02,0.0
101,2023,291,2130.0,11.78,0.0,20.98,0.0
101,2023,291,2131.0,11.75,0.0,20.96,0.0
101,2023,291,2132.0,11.77,0.0,20.96,0.0
101,2023,291,2133.0,11.78,0.0,20.97,0.0
101,2023,291,2134.0,11.78,0.0,20.99,0.0
101,2023,291,2135.0,11.79,0.0,20.99,0.0
101,2023,291,2136.0,11.8,0.0,20.98,0.0
101,2023,291,2137.0,11.81,0.0,20.9,0.0
101,2023,291,2138.0,11.8,0.0,20.85,0.0
101,2023,291,2139.0,11.79,0.0,20.81,0.0
101,2023,291,2140.0,11.78,0.0,20.77,0.0
101,2023,291,2141.0,11.79,0.0,20.78,0.0
101,2023,291,2142.0,11.78,0.0,20.75,0.0
101,2023,291,2143.0,11.79,0.0,20.71,0.0
101,2023,291,2144.0,11.82,0.0,20.65,0.0
101,2023,291,2145.0,11.82,0.0,20.61,0.0
101,2023,291,2146.0,11.79,0.0,20.59,0.0
101,2023,291,2147.0,11.77,0.0,20.57,0.0
101,2023,291,2148.0,11.77,0.0,20.54,0.0
101,2023,291,2149.0,11.79,0.0,20.52,0.0
101,2023,291,2150.0,11.79,0.0,20.52,0.0
101,2023,291,2151.0,11.79,0.0,20.53,0.0
101,2023,291,2152.0,11.78,0.0,20.53,0.0
101,2023,291,2153.0,11.8,0.0,20.52,0.0
101,2023,291,2154.0,11.81,0.0,20.5,0.0
101,2023,291,2155.0,11.82,0.0,20.5,0.0
101,2023,291,2156.0,11.81,0.0,20.54,0.0
101,2023,291,2157.0,11.81,0.0,20.57,0.0
101,2023,291,2158.0,11.81,0.0,20.59,0.0
101,2023,291,2159.0,11.81,0.0,20.58,0.0
101,2023,291,2200.0,11.79,0.0,20.56,0.0
101,2023,291,2201.0,11.8,0.0,20.53,0.0
101,2023,291,2202.0,11.79,0.0,20.52,0.0
101,2023,291,2203.0,11.78,0.0,20.5,0.0
101,2023,291,2204.0,11.79,0.0,20.49,0.0
101,2023,291,2205.0,11.72,0.0,20.46,0.0
101,2023,291,2206.0,11.78,0.0,20.46,0.0
101,2023,291,2207.0,11.79,0.0,20.48,0.0
101,2023,291,2208.0,11.8,0.0,20.47,0.0
101,2023,291,2209.0,11.82,0.0,20.47,0.0
101,2023,291,2210.0,11.82,0.0,20.44,0.0
101,2023,291,2211.0,11.81,0.0,20.4,0.0
101,2023,291,2212.0,11.81,0.0,20.35,0.0
101,2023,291,2213.0,11.78,0.0,20.33,0.0
101,2023,291,2214.0,11.75,0.0,20.33,0.0
101,2023,291,2215.0,11.74,0.0,20.37,0.0
101,2023,291,2216.0,11.78,0.0,20.37,0.0
101,2023,291,2217.0,11.82,0.0,20.36,0.0
101,2023,291,2218.0,11.77,0.0,20.32,0.0
101,2023,291,2219.0,11.8,0.0,20.29,0.0
101,2023,291,2220.0,11.81,0.0,20.27,0.0
101,2023,291,2221.0,11.8,0.0,20.26,0.0
101,2023,291,2222.0,11.77,0.0,20.26,0.0
101,2023,291,2223.0,11.8,0.0,20.27,0.0
101,2023,291,2224.0,11.81,0.0,20.28,0.0
101,2023,291,2225.0,11.82,0.0,20.27,0.0
101,2023,291,2226.0,11.81,0.0,20.23,0.0
101,2023,291,2227.0,11.78,0.0,20.18,0.0
101,2023,291,2228.0,11.75,0.0,20.16,0.0
101,2023,291,2229.0,11.78,0.0,20.14,0.0
101,2023,291,2230.0,11.79,0.0,20.13,0.0
101,2023,291,2231.0,11.75,0.0,20.12,0.0
101,2023,291,2232.0,11.77,0.0,20.11,0.0
101,2023,291,2233.0,11.77,0.0,20.12,0.0
101,2023,291,2234.0,11.75,0.0,20.12,0.0
101,2023,291,2235.0,11.8,0.0,20.1,0.0
101,2023,291,2236.0,11.81,0.0,20.11,0.0
101,2023,291,2237.0,11.8,0.0,20.12,0.0
101,2023,291,2238.0,11.77,0.0,20.16,0.0
101,2023,291,2239.0,11.77,0.0,20.18,0.0
101,2023,291,2240.0,11.76,0.0,20.23,0.0
101,2023,291,2241.0,11.77,0.0,20.25,0.0
101,2023,291,2242.0,11.77,0.0,20.28,0.0
101,2023,291,2243.0,11.77,0.0,20.29,0.0
101,2023,291,2244.0,11.75,0.0,20.29,0.0
101,2023,291,2245.0,11.78,0.0,20.28,0.0
101,2023,291,2246.0,11.78,0.0,20.31,0.0
101,2023,291,2247.0,11.79,0.0,20.36,0.0
101,2023,291,2248.0,11.8,0.0,20.39,0.0
101,2023,291,2249.0,11.8,0.0,20.42,0.0
101,2023,291,2250.0,11.8,0.0,20.45,0.0
101,2023,291,2251.0,11.8,0.0,20.48,0.0
101,2023,291,2252.0,11.77,0.0,20.5,0.0
101,2023,291,2253.0,11.73,0.0,20.51,0.0
101,2023,291,2254.0,11.8,0.0,20.51,0.0
101,2023,291,2255.0,11.81,0.0,20.51,0.0
101,2023,291,2256.0,11.82,0.0,20.5,0.0
101,2023,291,2257.0,11.83,0.0,20.49,0.0
101,2023,291,2258.0,11.83,0.0,20.51,0.0
101,2023,291,2259.0,11.83,0.0,20.54,0.0
101,2023,291,2300.0,11.82,0.0,20.58,0.0
101,2023,291,2301.0,11.8,0.0,20.62,0.0
101,2023,291,2302.0,11.75,0.0,20.66,0.0
101,2023,291,2303.0,11.77,0.0,20.72,0.0
101,2023,291,2304.0,11.8,0.0,20.77,0.0
101,2023,291,2305.0,11.81,0.0,20.77,0.0
101,2023,291,2306.0,11.81,0.0,20.79,0.0
101,2023,291,2307.0,11.8,0.0,20.8,0.0
101,2023,291,2308.0,11.79,0.0,20.79,0.0
101,2023,291,2309.0,11.78,0.0,20.81,0.0
101,2023,291,2310.0,11.78,0.0,20.82,0.0
101,2023,291,2311.0,11.76,0.0,20.81,0.0
101,2023,291,2312.0,11.73,0.0,20.79,0.0
101,2023,291,2313.0,11.75,0.0,20.78,0.0
101,2023,291,2314.0,11.75,0.0,20.76,0.0
101,2023,291,2315.0,11.78,0.0,20.74,0.0
101,2023,291,2316.0,11.78,0.0,20.74,0.0
101,2023,291,2317.0,11.8,0.0,20.73,0.0
101,2023,291,2318.0,11.79,0.0,20.73,0.0
101,2023,291,2319.0,11.79,0.0,20.74,0.0
101,2023,291,2320.0,11.79,0.0,20.74,0.0
101,2023,291,2321.0,11.79,0.0,20.75,0.0
101,2023,291,2322.0,11.79,0.0,20.74,0.0
101,2023,291,2323.0,11.79,0.0,20.72,0.0
101,2023,291,2324.0,11.77,0.0,20.71,0.0
101,2023,291,2325.0,11.76,0.0,20.68,0.0
101,2023,291,2326.0,11.76,0.0,20.68,0.0
101,2023,291,2327.0,11.76,0.0,20.68,0.0
101,2023,291,2328.0,11.74,0.0,20.67,0.0
101,2023,291,2329.0,11.76,0.0,20.67,0.0
101,2023,291,2330.0,11.78,0.0,20.66,0.0
101,2023,291,2331.0,11.78,0.0,20.65,0.0
101,2023,291,2332.0,11.78,0.0,20.64,0.0
101,2023,291,2333.0,11.75,0.0,20.63,0.0
101,2023,291,2334.0,11.74,0.0,20.62,0.0
101,2023,291,2335.0,11.71,0.0,20.61,0.0
101,2023,291,2336.0,11.71,0.0,20.61,0.0
101,2023,291,2337.0,11.71,0.0,20.62,0.0
101,2023,291,2338.0,11.7,0.0,20.64,0.0
101,2023,291,2339.0,11.68,0.0,20.67,0.0
101,2023,291,2340.0,11.68,0.0,20.65,0.0
101,2023,291,2341.0,11.69,0.0,20.66,0.0
101,2023,291,2342.0,11.68,0.0,20.67,0.0
101,2023,291,2343.0,11.69,0.0,20.67,0.0
101,2023,291,2344.0,11.69,0.0,20.68,0.0
101,2023,291,2345.0,11.75,0.0,20.69,0.0
101,2023,291,2346.0,11.75,0.0,20.69,0.0
101,2023,291,2347.0,11.75,0.0,20.68,0.0
101,2023,291,2348.0,11.75,0.0,20.7,0.0
101,2023,291,2349.0,11.77,0.0,20.7,0.0
101,2023,291,2350.0,11.76,0.0,20.7,0.0
101,2023,291,2351.0,11.76,0.0,20.71,0.0
101,2023,291,2352.0,11.76,0.0,20.72,0.0
101,2023,291,2353.0,11.75,0.0,20.73,0.0
101,2023,291,2354.0,11.72,0.0,20.76,0.0
101,2023,291,2355.0,11.76,0.0,20.78,0.0
101,2023,291,2356.0,11.86,0.0,20.83,0.0
101,2023,291,2357.0,11.76,0.0,20.86,0.0
101,2023,291,2358.0,11.76,0.0,20.85,0.0
101,2023,291,2359.0,11.76,0.0,20.84,0.0
