a,b,dia_juliano,d,e,f,g,h
101,2023,287,0.0,11.93,0.0,22.38,0.0
101,2023,287,1.0,11.93,0.0,22.39,0.0
101,2023,287,2.0,11.93,0.0,22.4,0.0
101,2023,287,3.0,11.93,0.0,22.4,0.0
101,2023,287,4.0,11.92,0.0,22.4,0.0
101,2023,287,5.0,11.93,0.0,22.39,0.0
101,2023,287,6.0,11.92,0.0,22.39,0.0
101,2023,287,7.0,11.93,0.0,22.4,0.0
101,2023,287,8.0,11.92,0.0,22.38,0.0
101,2023,287,9.0,11.93,0.0,22.37,0.0
101,2023,287,10.0,11.92,0.0,22.33,0.0
101,2023,287,11.0,11.93,0.0,22.31,0.0
101,2023,287,12.0,11.92,0.0,22.29,0.0
101,2023,287,13.0,11.92,0.0,22.29,0.0
101,2023,287,14.0,11.92,0.0,22.32,0.0
101,2023,287,15.0,11.92,0.0,22.32,0.0
101,2023,287,16.0,11.92,0.0,22.32,0.0
101,2023,287,17.0,11.92,0.0,22.33,0.0
101,2023,287,18.0,11.92,0.0,22.35,0.0
101,2023,287,19.0,11.92,0.0,22.33,0.0
101,2023,287,20.0,11.92,0.0,22.34,0.0
101,2023,287,21.0,11.92,0.0,22.32,0.0
101,2023,287,22.0,11.92,0.0,22.3,0.0
101,2023,287,23.0,11.92,0.0,22.3,0.0
101,2023,287,24.0,11.92,0.0,22.3,0.0
101,2023,287,25.0,11.92,0.0,22.28,0.0
101,2023,287,26.0,11.92,0.0,22.28,0.0
101,2023,287,27.0,11.92,0.0,22.27,0.0
101,2023,287,28.0,11.92,0.0,22.27,0.0
101,2023,287,29.0,11.92,0.0,22.25,0.0
101,2023,287,30.0,11.92,0.0,22.23,0.0
101,2023,287,31.0,11.92,0.0,22.2,0.0
101,2023,287,32.0,11.92,0.0,22.21,0.0
101,2023,287,33.0,11.92,0.0,22.22,0.0
101,2023,287,34.0,11.91,0.0,22.22,0.0
101,2023,287,35.0,11.92,0.0,22.25,0.0
101,2023,287,36.0,11.92,0.0,22.31,0.0
101,2023,287,37.0,11.92,0.0,22.27,0.0
101,2023,287,38.0,11.92,0.0,22.26,0.0
101,2023,287,39.0,11.92,0.0,22.26,0.0
101,2023,287,40.0,11.91,0.0,22.25,0.0
101,2023,287,41.0,11.92,0.0,22.23,0.0
101,2023,287,42.0,11.92,0.0,22.22,0.0
101,2023,287,43.0,11.91,0.0,22.21,0.0
101,2023,287,44.0,11.91,0.0,22.18,0.0
101,2023,287,45.0,11.91,0.0,22.2,0.0
101,2023,287,46.0,11.91,0.0,22.2,0.0
101,2023,287,47.0,11.91,0.0,22.2,0.0
101,2023,287,48.0,11.91,0.0,22.21,0.0
101,2023,287,49.0,11.91,0.0,22.22,0.0
101,2023,287,50.0,11.91,0.0,22.22,0.0
101,2023,287,51.0,11.91,0.0,22.18,0.0
101,2023,287,52.0,11.9,0.0,22.19,0.0
101,2023,287,53.0,11.9,0.0,22.2,0.0
101,2023,287,54.0,11.89,0.0,22.21,0.0
101,2023,287,55.0,11.87,0.0,22.19,0.0
101,2023,287,56.0,11.86,0.0,22.2,0.0
101,2023,287,57.0,11.88,0.0,22.23,0.0
101,2023,287,58.0,11.89,0.0,22.21,0.0
101,2023,287,59.0,11.9,0.0,22.2,0.0
101,2023,287,100.0,11.9,0.0,22.16,0.0
101,2023,287,101.0,11.9,0.0,22.16,0.0
101,2023,287,102.0,11.9,0.0,22.17,0.0
101,2023,287,103.0,11.9,0.0,22.16,0.0
101,2023,287,104.0,11.9,0.0,22.18,0.0
101,2023,287,105.0,11.9,0.0,22.18,0.0
101,2023,287,106.0,11.9,0.0,22.21,0.0
101,2023,287,107.0,11.9,0.0,22.21,0.0
101,2023,287,108.0,11.9,0.0,22.17,0.0
101,2023,287,109.0,11.9,0.0,22.18,0.0
101,2023,287,110.0,11.87,0.0,22.18,0.0
101,2023,287,111.0,11.85,0.0,22.19,0.0
101,2023,287,112.0,11.88,0.0,22.19,0.0
101,2023,287,113.0,11.89,0.0,22.19,0.0
101,2023,287,114.0,11.9,0.0,22.18,0.0
101,2023,287,115.0,11.9,0.0,22.18,0.0
101,2023,287,116.0,11.9,0.0,22.18,0.0
101,2023,287,117.0,11.91,0.0,22.19,0.0
101,2023,287,118.0,11.9,0.0,22.19,0.0
101,2023,287,119.0,11.9,0.0,22.19,0.0
101,2023,287,120.0,11.9,0.0,22.19,0.0
101,2023,287,121.0,11.91,0.0,22.2,0.0
101,2023,287,122.0,11.9,0.0,22.2,0.0
101,2023,287,123.0,11.9,0.0,22.24,0.0
101,2023,287,124.0,11.9,0.0,22.22,0.0
101,2023,287,125.0,11.9,0.0,22.26,0.0
101,2023,287,126.0,11.9,0.0,22.28,0.0
101,2023,287,127.0,11.9,0.0,22.27,0.0
101,2023,287,128.0,11.9,0.0,22.28,0.0
101,2023,287,129.0,11.9,0.0,22.28,0.0
101,2023,287,130.0,11.9,0.0,22.28,0.0
101,2023,287,131.0,11.9,0.0,22.3,0.0
101,2023,287,132.0,11.9,0.0,22.28,0.0
101,2023,287,133.0,11.9,0.0,22.27,0.0
101,2023,287,134.0,11.9,0.0,22.28,0.0
101,2023,287,135.0,11.9,0.0,22.28,0.0
101,2023,287,136.0,11.9,0.0,22.28,0.0
101,2023,287,137.0,11.9,0.0,22.26,0.0
101,2023,287,138.0,11.9,0.0,22.25,0.0
101,2023,287,139.0,11.9,0.0,22.26,0.0
101,2023,287,140.0,11.9,0.0,22.24,0.0
101,2023,287,141.0,11.9,0.0,22.22,0.0
101,2023,287,142.0,11.9,0.0,22.22,0.0
101,2023,287,143.0,11.9,0.0,22.19,0.0
101,2023,287,144.0,11.9,0.0,22.19,0.0
101,2023,287,145.0,11.9,0.0,22.19,0.0
101,2023,287,146.0,11.9,0.0,22.19,0.0
101,2023,287,147.0,11.9,0.0,22.18,0.0
101,2023,287,148.0,11.9,0.0,22.18,0.0
101,2023,287,149.0,11.9,0.0,22.17,0.0
101,2023,287,150.0,11.9,0.0,22.16,0.0
101,2023,287,151.0,11.9,0.0,22.15,0.0
101,2023,287,152.0,11.9,0.0,22.18,0.0
101,2023,287,153.0,11.9,0.0,22.18,0.0
101,2023,287,154.0,11.9,0.0,22.18,0.0
101,2023,287,155.0,11.89,0.0,22.18,0.0
101,2023,287,156.0,11.9,0.0,22.18,0.0
101,2023,287,157.0,11.9,0.0,22.19,0.0
101,2023,287,158.0,11.89,0.0,22.19,0.0
101,2023,287,159.0,11.89,0.0,22.21,0.0
101,2023,287,200.0,11.89,0.0,22.2,0.0
101,2023,287,201.0,11.89,0.0,22.18,0.0
101,2023,287,202.0,11.89,0.0,22.15,0.0
101,2023,287,203.0,11.89,0.0,22.15,0.0
101,2023,287,204.0,11.89,0.0,22.16,0.0
101,2023,287,205.0,11.89,0.0,22.12,0.0
101,2023,287,206.0,11.88,0.0,22.09,0.0
101,2023,287,207.0,11.88,0.0,22.11,0.0
101,2023,287,208.0,11.88,0.0,22.09,0.0
101,2023,287,209.0,11.88,0.0,22.09,0.0
101,2023,287,210.0,11.88,0.0,22.11,0.0
101,2023,287,211.0,11.88,0.0,22.07,0.0
101,2023,287,212.0,11.88,0.0,22.07,0.0
101,2023,287,213.0,11.88,0.0,22.03,0.0
101,2023,287,214.0,11.88,0.0,22.03,0.0
101,2023,287,215.0,11.88,0.0,22.05,0.0
101,2023,287,216.0,11.88,0.0,22.04,0.0
101,2023,287,217.0,11.88,0.0,22.03,0.0
101,2023,287,218.0,11.87,0.0,22.04,0.0
101,2023,287,219.0,11.87,0.0,22.03,0.0
101,2023,287,220.0,11.86,0.0,22.03,0.0
101,2023,287,221.0,11.86,0.0,22.04,0.0
101,2023,287,222.0,11.84,0.0,22.07,0.0
101,2023,287,223.0,11.84,0.0,22.07,0.0
101,2023,287,224.0,11.84,0.0,22.07,0.0
101,2023,287,225.0,11.83,0.0,22.07,0.0
101,2023,287,226.0,11.82,0.0,22.06,0.0
101,2023,287,227.0,11.85,0.0,22.06,0.0
101,2023,287,228.0,11.82,0.0,22.07,0.0
101,2023,287,229.0,11.81,0.0,22.08,0.0
101,2023,287,230.0,11.85,0.0,22.07,0.0
101,2023,287,231.0,11.85,0.0,22.07,0.0
101,2023,287,232.0,11.82,0.0,22.07,0.0
101,2023,287,233.0,11.86,0.0,22.05,0.0
101,2023,287,234.0,11.87,0.0,22.05,0.0
101,2023,287,235.0,11.87,0.0,22.04,0.0
101,2023,287,236.0,11.87,0.0,22.04,0.0
101,2023,287,237.0,11.87,0.0,22.05,0.0
101,2023,287,238.0,11.87,0.0,22.05,0.0
101,2023,287,239.0,11.87,0.0,22.04,0.0
101,2023,287,240.0,11.87,0.0,22.03,0.0
101,2023,287,241.0,11.87,0.0,22.02,0.0
101,2023,287,242.0,11.87,0.0,22.02,0.0
101,2023,287,243.0,11.87,0.0,22.01,0.0
101,2023,287,244.0,11.87,0.0,22.01,0.0
101,2023,287,245.0,11.87,0.0,22.02,0.0
101,2023,287,246.0,11.87,0.0,22.01,0.0
101,2023,287,247.0,11.87,0.0,22.0,0.0
101,2023,287,248.0,11.87,0.0,22.01,0.0
101,2023,287,249.0,11.87,0.0,21.99,0.0
101,2023,287,250.0,11.87,0.0,21.97,0.0
101,2023,287,251.0,11.87,0.0,21.97,0.0
101,2023,287,252.0,11.86,0.0,21.98,0.0
101,2023,287,253.0,11.87,0.0,21.98,0.0
101,2023,287,254.0,11.87,0.0,21.98,0.0
101,2023,287,255.0,11.87,0.0,21.96,0.0
101,2023,287,256.0,11.87,0.0,21.94,0.0
101,2023,287,257.0,11.87,0.0,21.94,0.0
101,2023,287,258.0,11.86,0.0,21.92,0.0
101,2023,287,259.0,11.87,0.0,21.92,0.0
101,2023,287,300.0,11.86,0.0,21.88,0.0
101,2023,287,301.0,11.87,0.0,21.88,0.0
101,2023,287,302.0,11.86,0.0,21.86,0.0
101,2023,287,303.0,11.87,0.0,21.86,0.0
101,2023,287,304.0,11.86,0.0,21.86,0.0
101,2023,287,305.0,11.87,0.0,21.88,0.0
101,2023,287,306.0,11.86,0.0,21.9,0.0
101,2023,287,307.0,11.86,0.0,21.88,0.0
101,2023,287,308.0,11.86,0.0,21.86,0.0
101,2023,287,309.0,11.86,0.0,21.85,0.0
101,2023,287,310.0,11.86,0.0,21.85,0.0
101,2023,287,311.0,11.86,0.0,21.85,0.0
101,2023,287,312.0,11.86,0.0,21.82,0.0
101,2023,287,313.0,11.86,0.0,21.81,0.0
101,2023,287,314.0,11.85,0.0,21.87,0.0
101,2023,287,315.0,11.85,0.0,21.87,0.0
101,2023,287,316.0,11.85,0.0,21.86,0.0
101,2023,287,317.0,11.85,0.0,21.85,0.0
101,2023,287,318.0,11.85,0.0,21.83,0.0
101,2023,287,319.0,11.85,0.0,21.82,0.0
101,2023,287,320.0,11.84,0.0,21.8,0.0
101,2023,287,321.0,11.84,0.0,21.77,0.0
101,2023,287,322.0,11.85,0.0,21.76,0.0
101,2023,287,323.0,11.85,0.0,21.76,0.0
101,2023,287,324.0,11.84,0.0,21.75,0.0
101,2023,287,325.0,11.84,0.0,21.77,0.0
101,2023,287,326.0,11.83,0.0,21.77,0.0
101,2023,287,327.0,11.84,0.0,21.75,0.0
101,2023,287,328.0,11.84,0.0,21.73,0.0
101,2023,287,329.0,11.85,0.0,21.69,0.0
101,2023,287,330.0,11.84,0.0,21.71,0.0
101,2023,287,331.0,11.85,0.0,21.71,0.0
101,2023,287,332.0,11.85,0.0,21.71,0.0
101,2023,287,333.0,11.85,0.0,21.7,0.0
101,2023,287,334.0,11.84,0.0,21.65,0.0
101,2023,287,335.0,11.84,0.0,21.65,0.0
101,2023,287,336.0,11.84,0.0,21.65,0.0
101,2023,287,337.0,11.85,0.0,21.65,0.0
101,2023,287,338.0,11.84,0.0,21.64,0.0
101,2023,287,339.0,11.81,0.0,21.62,0.0
101,2023,287,340.0,11.8,0.0,21.61,0.0
101,2023,287,341.0,11.79,0.0,21.62,0.0
101,2023,287,342.0,11.82,0.0,21.62,0.0
101,2023,287,343.0,11.82,0.0,21.65,0.0
101,2023,287,344.0,11.82,0.0,21.66,0.0
101,2023,287,345.0,11.82,0.0,21.72,0.0
101,2023,287,346.0,11.82,0.0,21.7,0.0
101,2023,287,347.0,11.83,0.0,21.67,0.0
101,2023,287,348.0,11.83,0.0,21.69,0.0
101,2023,287,349.0,11.83,0.0,21.68,0.0
101,2023,287,350.0,11.81,0.0,21.68,0.0
101,2023,287,351.0,11.81,0.0,21.66,0.0
101,2023,287,352.0,11.81,0.0,21.64,0.0
101,2023,287,353.0,11.82,0.0,21.63,0.0
101,2023,287,354.0,11.77,0.0,21.61,0.0
101,2023,287,355.0,11.74,0.0,21.59,0.0
101,2023,287,356.0,11.77,0.0,21.55,0.0
101,2023,287,357.0,11.79,0.0,21.51,0.0
101,2023,287,358.0,11.79,0.0,21.5,0.0
101,2023,287,359.0,11.79,0.0,21.48,0.0
101,2023,287,400.0,11.78,0.0,21.47,0.0
101,2023,287,401.0,11.81,0.0,21.46,0.0
101,2023,287,402.0,11.81,0.0,21.45,0.0
101,2023,287,403.0,11.81,0.0,21.46,0.0
101,2023,287,404.0,11.82,0.0,21.51,0.0
101,2023,287,405.0,11.82,0.0,21.52,0.0
101,2023,287,406.0,11.82,0.0,21.52,0.0
101,2023,287,407.0,11.82,0.0,21.55,0.0
101,2023,287,408.0,11.82,0.0,21.56,0.0
101,2023,287,409.0,11.82,0.0,21.6,0.0
101,2023,287,410.0,11.81,0.0,21.57,0.0
101,2023,287,411.0,11.82,0.0,21.57,0.0
101,2023,287,412.0,11.81,0.0,21.59,0.0
101,2023,287,413.0,11.82,0.0,21.6,0.0
101,2023,287,414.0,11.81,0.0,21.6,0.0
101,2023,287,415.0,11.82,0.0,21.63,0.0
101,2023,287,416.0,11.82,0.0,21.63,0.0
101,2023,287,417.0,11.82,0.0,21.66,0.0
101,2023,287,418.0,11.82,0.0,21.66,0.0
101,2023,287,419.0,11.81,0.0,21.66,0.0
101,2023,287,420.0,11.81,0.0,21.69,0.0
101,2023,287,421.0,11.82,0.0,21.69,0.0
101,2023,287,422.0,11.82,0.0,21.7,0.0
101,2023,287,423.0,11.82,0.0,21.73,0.0
101,2023,287,424.0,11.82,0.0,21.73,0.0
101,2023,287,425.0,11.82,0.0,21.72,0.0
101,2023,287,426.0,11.81,0.0,21.7,0.0
101,2023,287,427.0,11.82,0.0,21.73,0.0
101,2023,287,428.0,11.81,0.0,21.78,0.0
101,2023,287,429.0,11.81,0.0,21.79,0.0
101,2023,287,430.0,11.8,0.0,21.77,0.0
101,2023,287,431.0,11.8,0.0,21.81,0.0
101,2023,287,432.0,11.8,0.0,21.79,0.0
101,2023,287,433.0,11.77,0.0,21.76,0.0
101,2023,287,434.0,11.75,0.0,21.73,0.0
101,2023,287,435.0,11.8,0.0,21.74,0.0
101,2023,287,436.0,11.8,0.0,21.73,0.0
101,2023,287,437.0,11.81,0.0,21.74,0.0
101,2023,287,438.0,11.81,0.0,21.75,0.0
101,2023,287,439.0,11.81,0.0,21.74,0.0
101,2023,287,440.0,11.81,0.0,21.77,0.0
101,2023,287,441.0,11.81,0.0,21.77,0.0
101,2023,287,442.0,11.81,0.0,21.76,0.0
101,2023,287,443.0,11.81,0.0,21.71,0.0
101,2023,287,444.0,11.81,0.0,21.7,0.0
101,2023,287,445.0,11.82,0.0,21.68,0.0
101,2023,287,446.0,11.82,0.0,21.68,0.0
101,2023,287,447.0,11.82,0.0,21.66,0.0
101,2023,287,448.0,11.82,0.0,21.65,0.0
101,2023,287,449.0,11.82,0.903,21.66,0.0
101,2023,287,450.0,11.82,1.016,21.66,0.0
101,2023,287,451.0,11.82,1.016,21.65,0.0
101,2023,287,452.0,11.82,1.016,21.65,0.0
101,2023,287,453.0,11.82,1.27,21.67,0.0
101,2023,287,454.0,11.82,1.637,21.69,0.0
101,2023,287,455.0,11.83,1.694,21.62,0.0
101,2023,287,456.0,11.82,1.891,21.54,0.0
101,2023,287,457.0,11.82,2.314,21.53,0.0
101,2023,287,458.0,11.82,2.371,21.54,0.0
101,2023,287,459.0,11.82,2.71,21.57,0.0
101,2023,287,500.0,11.82,3.048,21.58,0.0
101,2023,287,501.0,11.82,3.415,21.58,0.0
101,2023,287,502.0,11.82,3.839,21.59,0.0
101,2023,287,503.0,11.82,4.064,21.58,0.0
101,2023,287,504.0,11.82,4.488,21.61,0.0
101,2023,287,505.0,11.82,5.08,21.64,0.0
101,2023,287,506.0,11.82,5.673,21.64,0.0
101,2023,287,507.0,11.82,6.209,21.65,0.0
101,2023,287,508.0,11.82,7.08,21.66,0.0
101,2023,287,509.0,11.84,8.3,21.7,0.0
101,2023,287,510.0,11.85,9.88,21.73,0.0
101,2023,287,511.0,11.87,11.63,21.72,0.0
101,2023,287,512.0,11.89,13.29,21.72,0.0
101,2023,287,513.0,11.91,14.34,21.74,0.0
101,2023,287,514.0,11.91,14.87,21.78,0.0
101,2023,287,515.0,11.93,15.38,21.79,0.0
101,2023,287,516.0,11.95,16.06,21.81,0.0
101,2023,287,517.0,11.97,17.16,21.84,0.0
101,2023,287,518.0,11.98,18.15,21.87,0.0
101,2023,287,519.0,12.01,19.22,21.89,0.0
101,2023,287,520.0,12.03,20.72,21.89,0.0
101,2023,287,521.0,12.06,21.11,21.85,0.0
101,2023,287,522.0,12.08,21.96,21.83,0.0
101,2023,287,523.0,12.11,22.95,21.82,0.0
101,2023,287,524.0,12.14,24.08,21.8,0.0
101,2023,287,525.0,12.18,25.54,21.78,0.0
101,2023,287,526.0,12.23,27.72,21.78,0.0
101,2023,287,527.0,12.33,31.13,21.79,0.0
101,2023,287,528.0,12.52,36.24,21.8,0.0
101,2023,287,529.0,12.58,39.8,21.83,0.0
101,2023,287,530.0,12.59,43.58,21.88,0.0
101,2023,287,531.0,12.59,45.44,21.94,0.0
101,2023,287,532.0,12.59,41.72,21.97,0.0
101,2023,287,533.0,12.59,40.31,22.0,0.0
101,2023,287,534.0,12.59,41.94,22.02,0.0
101,2023,287,535.0,12.59,42.25,22.01,0.0
101,2023,287,536.0,12.59,41.32,22.0,0.0
101,2023,287,537.0,12.59,42.87,22.0,0.0
101,2023,287,538.0,12.59,50.07,22.0,0.0
101,2023,287,539.0,12.59,64.07,22.0,0.0
101,2023,287,540.0,12.58,70.4,22.0,0.0
101,2023,287,541.0,12.59,73.2,22.01,0.0
101,2023,287,542.0,12.58,76.5,22.03,0.0
101,2023,287,543.0,12.58,79.8,22.07,0.0
101,2023,287,544.0,12.58,83.8,22.09,0.0
101,2023,287,545.0,12.58,88.4,22.13,0.0
101,2023,287,546.0,12.58,91.7,22.19,0.0
101,2023,287,547.0,12.58,94.0,22.27,0.0
101,2023,287,548.0,12.58,97.5,22.34,0.0
101,2023,287,549.0,12.58,100.3,22.42,0.0
101,2023,287,550.0,12.58,102.6,22.49,0.0
101,2023,287,551.0,12.58,104.6,22.58,0.0
101,2023,287,552.0,12.58,106.7,22.62,0.0
101,2023,287,553.0,12.58,108.7,22.73,0.0
101,2023,287,554.0,12.58,111.9,22.8,0.0
101,2023,287,555.0,12.58,114.5,22.82,0.0
101,2023,287,556.0,12.57,118.2,22.87,0.0
101,2023,287,557.0,12.57,120.7,22.85,0.0
101,2023,287,558.0,12.57,124.2,22.87,0.0
101,2023,287,559.0,12.58,127.0,22.93,0.0
101,2023,287,600.0,12.57,128.1,22.96,0.0
101,2023,287,601.0,12.57,133.1,23.0,0.0
101,2023,287,602.0,12.57,136.8,23.04,0.0
101,2023,287,603.0,12.57,139.5,23.09,0.0
101,2023,287,604.0,12.57,142.3,23.13,0.0
101,2023,287,605.0,12.57,145.1,23.21,0.0
101,2023,287,606.0,12.57,147.7,23.27,0.0
101,2023,287,607.0,12.57,150.6,23.33,0.0
101,2023,287,608.0,12.57,124.4,23.35,0.0
101,2023,287,609.0,12.57,156.8,23.39,0.0
101,2023,287,610.0,12.57,161.5,23.38,0.0
101,2023,287,611.0,12.56,165.4,23.49,0.0
101,2023,287,612.0,12.56,167.6,23.49,0.0
101,2023,287,613.0,12.56,171.3,23.55,0.0
101,2023,287,614.0,12.56,175.8,23.59,0.0
101,2023,287,615.0,12.56,180.4,23.61,0.0
101,2023,287,616.0,12.56,184.0,23.7,0.0
101,2023,287,617.0,12.56,186.4,23.7,0.0
101,2023,287,618.0,12.56,189.9,23.66,0.0
101,2023,287,619.0,12.56,192.4,23.68,0.0
101,2023,287,620.0,12.55,194.4,23.73,0.0
101,2023,287,621.0,12.55,199.6,23.79,0.0
101,2023,287,622.0,12.55,203.8,23.84,0.0
101,2023,287,623.0,12.55,168.5,23.89,0.0
101,2023,287,624.0,12.55,109.0,23.86,0.0
101,2023,287,625.0,12.55,187.9,23.86,0.0
101,2023,287,626.0,12.55,227.4,23.93,0.0
101,2023,287,627.0,12.55,237.4,23.96,0.0
101,2023,287,628.0,12.55,242.9,23.95,0.0
101,2023,287,629.0,12.55,246.6,23.93,0.0
101,2023,287,630.0,12.54,252.2,24.02,0.0
101,2023,287,631.0,12.54,187.5,23.99,0.0
101,2023,287,632.0,12.54,105.1,24.07,0.0
101,2023,287,633.0,12.54,97.8,24.04,0.0
101,2023,287,634.0,12.54,96.3,24.0,0.0
101,2023,287,635.0,12.54,111.5,23.94,0.0
101,2023,287,636.0,12.53,116.3,23.94,0.0
101,2023,287,637.0,12.53,118.3,23.91,0.0
101,2023,287,638.0,12.53,118.3,23.92,0.0
101,2023,287,639.0,12.53,117.4,23.91,0.0
101,2023,287,640.0,12.53,120.5,23.92,0.0
101,2023,287,641.0,12.53,124.7,23.89,0.0
101,2023,287,642.0,12.53,123.2,23.9,0.0
101,2023,287,643.0,12.53,119.6,23.87,0.0
101,2023,287,644.0,12.52,125.9,23.86,0.0
101,2023,287,645.0,12.52,129.7,23.88,0.0
101,2023,287,646.0,12.51,122.8,23.88,0.0
101,2023,287,647.0,12.51,124.0,23.88,0.0
101,2023,287,648.0,12.48,132.5,23.9,0.0
101,2023,287,649.0,12.49,133.5,23.91,0.0
101,2023,287,650.0,12.5,121.4,23.92,0.0
101,2023,287,651.0,12.5,110.8,23.98,0.0
101,2023,287,652.0,12.52,105.5,24.02,0.0
101,2023,287,653.0,12.52,98.9,24.02,0.0
101,2023,287,654.0,12.53,92.0,24.04,0.0
101,2023,287,655.0,12.53,89.1,24.02,0.0
101,2023,287,656.0,12.53,90.0,24.01,0.0
101,2023,287,657.0,12.53,97.8,24.01,0.0
101,2023,287,658.0,12.54,102.9,24.04,0.0
101,2023,287,659.0,12.54,104.0,24.03,0.0
101,2023,287,700.0,12.54,113.8,24.04,0.0
101,2023,287,701.0,12.54,200.5,24.07,0.0
101,2023,287,702.0,12.53,350.2,24.12,0.0
101,2023,287,703.0,12.53,436.3,24.23,0.0
101,2023,287,704.0,12.53,552.5,24.31,0.0
101,2023,287,705.0,12.53,461.6,24.34,0.0
101,2023,287,706.0,12.53,295.4,24.53,0.0
101,2023,287,707.0,12.53,230.7,24.53,0.0
101,2023,287,708.0,12.52,241.0,24.44,0.0
101,2023,287,709.0,12.53,385.1,24.49,0.0
101,2023,287,710.0,12.52,412.1,24.55,0.0
101,2023,287,711.0,12.52,312.9,24.6,0.0
101,2023,287,712.0,12.52,265.5,24.7,0.0
101,2023,287,713.0,12.52,257.4,24.76,0.0
101,2023,287,714.0,12.52,273.0,24.84,0.0
101,2023,287,715.0,12.52,239.7,24.85,0.0
101,2023,287,716.0,12.52,223.5,24.83,0.0
101,2023,287,717.0,12.52,218.1,24.89,0.0
101,2023,287,718.0,12.51,249.3,24.93,0.0
101,2023,287,719.0,12.51,242.8,24.93,0.0
101,2023,287,720.0,12.51,250.7,24.98,0.0
101,2023,287,721.0,12.51,259.2,25.09,0.0
101,2023,287,722.0,12.51,268.1,25.01,0.0
101,2023,287,723.0,12.51,277.1,24.99,0.0
101,2023,287,724.0,12.5,284.9,25.0,0.0
101,2023,287,725.0,12.5,284.5,25.09,0.0
101,2023,287,726.0,12.5,282.2,25.1,0.0
101,2023,287,727.0,12.49,275.5,25.09,0.0
101,2023,287,728.0,12.49,291.5,25.13,0.0
101,2023,287,729.0,12.49,343.6,25.17,0.0
101,2023,287,730.0,12.47,364.4,25.18,0.0
101,2023,287,731.0,12.47,443.4,25.25,0.0
101,2023,287,732.0,12.45,389.6,25.42,0.0
101,2023,287,733.0,12.45,450.7,25.41,0.0
101,2023,287,734.0,12.44,408.9,25.39,0.0
101,2023,287,735.0,12.44,390.0,25.47,0.0
101,2023,287,736.0,12.43,271.7,25.48,0.0
101,2023,287,737.0,12.43,267.3,25.48,0.0
101,2023,287,738.0,12.43,307.0,25.49,0.0
101,2023,287,739.0,12.43,485.3,25.48,0.0
101,2023,287,740.0,12.42,379.6,25.59,0.0
101,2023,287,741.0,12.42,383.9,25.68,0.0
101,2023,287,742.0,12.43,564.1,25.72,0.0
101,2023,287,743.0,12.43,416.7,25.75,0.0
101,2023,287,744.0,12.41,477.1,25.65,0.0
101,2023,287,745.0,12.43,649.8,25.64,0.0
101,2023,287,746.0,12.42,365.9,25.74,0.0
101,2023,287,747.0,12.43,359.9,25.84,0.0
101,2023,287,748.0,12.43,322.8,25.91,0.0
101,2023,287,749.0,12.43,303.9,25.91,0.0
101,2023,287,750.0,12.43,397.1,25.9,0.0
101,2023,287,751.0,12.43,468.7,25.94,0.0
101,2023,287,752.0,12.43,328.8,25.93,0.0
101,2023,287,753.0,12.43,308.9,25.93,0.0
101,2023,287,754.0,12.41,326.1,25.84,0.0
101,2023,287,755.0,12.42,312.1,25.82,0.0
101,2023,287,756.0,12.42,311.7,25.79,0.0
101,2023,287,757.0,12.42,310.4,25.73,0.0
101,2023,287,758.0,12.42,295.2,25.83,0.0
101,2023,287,759.0,12.42,291.7,25.86,0.0
101,2023,287,800.0,12.41,284.5,25.91,0.0
101,2023,287,801.0,12.42,279.8,25.88,0.0
101,2023,287,802.0,12.41,494.3,25.85,0.0
101,2023,287,803.0,12.41,753.0,25.99,0.0
101,2023,287,804.0,12.41,524.9,26.18,0.0
101,2023,287,805.0,12.42,276.1,26.33,0.0
101,2023,287,806.0,12.41,254.2,26.34,0.0
101,2023,287,807.0,12.42,303.0,26.39,0.0
101,2023,287,808.0,12.42,758.0,26.39,0.0
101,2023,287,809.0,12.42,860.0,26.58,0.0
101,2023,287,810.0,12.41,829.0,26.76,0.0
101,2023,287,811.0,12.4,463.9,26.82,0.0
101,2023,287,812.0,12.39,293.5,26.73,0.0
101,2023,287,813.0,12.39,311.8,26.68,0.0
101,2023,287,814.0,12.39,327.7,26.6,0.0
101,2023,287,815.0,12.39,366.6,26.62,0.0
101,2023,287,816.0,12.38,805.0,26.79,0.0
101,2023,287,817.0,12.39,647.1,27.02,0.0
101,2023,287,818.0,12.39,522.9,27.21,0.0
101,2023,287,819.0,12.39,764.0,27.31,0.0
101,2023,287,820.0,12.39,770.0,27.36,0.0
101,2023,287,821.0,12.39,778.0,27.55,0.0
101,2023,287,822.0,12.38,752.0,27.7,0.0
101,2023,287,823.0,12.38,741.0,27.67,0.0
101,2023,287,824.0,12.38,731.0,27.72,0.0
101,2023,287,825.0,12.38,742.0,27.74,0.0
101,2023,287,826.0,12.38,448.9,27.76,0.0
101,2023,287,827.0,12.37,496.4,27.61,0.0
101,2023,287,828.0,12.36,365.7,27.47,0.0
101,2023,287,829.0,12.36,467.0,27.54,0.0
101,2023,287,830.0,12.38,466.6,27.52,0.0
101,2023,287,831.0,12.39,691.1,27.43,0.0
101,2023,287,832.0,12.38,546.1,27.42,0.0
101,2023,287,833.0,12.39,262.9,27.56,0.0
101,2023,287,834.0,12.38,311.4,27.59,0.0
101,2023,287,835.0,12.38,308.0,27.57,0.0
101,2023,287,836.0,12.38,288.7,27.48,0.0
101,2023,287,837.0,12.38,263.4,27.47,0.0
101,2023,287,838.0,12.38,241.1,27.51,0.0
101,2023,287,839.0,12.38,231.0,27.47,0.0
101,2023,287,840.0,12.38,233.6,27.42,0.0
101,2023,287,841.0,12.38,254.7,27.37,0.0
101,2023,287,842.0,12.37,321.4,27.3,0.0
101,2023,287,843.0,12.38,435.1,27.39,0.0
101,2023,287,844.0,12.38,490.2,27.5,0.0
101,2023,287,845.0,12.39,515.6,27.5,0.0
101,2023,287,846.0,12.39,428.5,27.59,0.0
101,2023,287,847.0,12.39,314.1,27.67,0.0
101,2023,287,848.0,12.39,291.7,27.54,0.0
101,2023,287,849.0,12.39,278.9,27.36,0.0
101,2023,287,850.0,12.39,267.5,27.3,0.0
101,2023,287,851.0,12.4,273.1,27.25,0.0
101,2023,287,852.0,12.4,322.0,27.06,0.0
101,2023,287,853.0,12.4,529.1,26.98,0.0
101,2023,287,854.0,12.4,373.8,26.96,0.0
101,2023,287,855.0,12.4,294.2,27.08,0.0
101,2023,287,856.0,12.4,289.6,27.18,0.0
101,2023,287,857.0,12.4,308.2,27.2,0.0
101,2023,287,858.0,12.4,328.0,27.15,0.0
101,2023,287,859.0,12.4,345.9,27.1,0.0
101,2023,287,900.0,12.4,395.7,27.19,0.0
101,2023,287,901.0,12.41,739.0,27.19,0.0
101,2023,287,902.0,12.4,398.8,27.19,0.0
101,2023,287,903.0,12.4,339.6,27.29,0.0
101,2023,287,904.0,12.4,300.9,27.3,0.0
101,2023,287,905.0,12.41,263.1,27.23,0.0
101,2023,287,906.0,12.41,227.9,27.25,0.0
101,2023,287,907.0,12.4,199.6,27.24,0.0
101,2023,287,908.0,12.4,187.0,27.21,0.0
101,2023,287,909.0,12.4,198.6,27.2,0.0
101,2023,287,910.0,12.4,238.8,27.1,0.0
101,2023,287,911.0,12.41,269.4,27.11,0.0
101,2023,287,912.0,12.4,282.4,27.17,0.0
101,2023,287,913.0,12.41,296.6,27.29,0.0
101,2023,287,914.0,12.4,656.9,27.38,0.0
101,2023,287,915.0,12.4,1002.0,27.67,0.0
101,2023,287,916.0,12.4,1063.0,27.97,0.0
101,2023,287,917.0,12.4,1067.0,28.21,0.0
101,2023,287,918.0,12.39,675.9,28.36,0.0
101,2023,287,919.0,12.4,830.0,28.41,0.0
101,2023,287,920.0,12.4,849.0,28.66,0.0
101,2023,287,921.0,12.4,963.0,28.68,0.0
101,2023,287,922.0,12.39,1007.0,28.62,0.0
101,2023,287,923.0,12.39,999.0,28.51,0.0
101,2023,287,924.0,12.4,967.0,28.46,0.0
101,2023,287,925.0,12.4,946.0,28.49,0.0
101,2023,287,926.0,12.39,952.0,28.47,0.0
101,2023,287,927.0,12.39,964.0,28.47,0.0
101,2023,287,928.0,12.39,967.0,28.65,0.0
101,2023,287,929.0,12.4,979.0,28.81,0.0
101,2023,287,930.0,12.39,954.0,28.77,0.0
101,2023,287,931.0,12.39,913.0,28.65,0.0
101,2023,287,932.0,12.39,711.0,28.64,0.0
101,2023,287,933.0,12.39,930.0,28.59,0.0
101,2023,287,934.0,12.39,799.0,28.87,0.0
101,2023,287,935.0,12.39,646.2,28.94,0.0
101,2023,287,936.0,12.39,756.0,28.93,0.0
101,2023,287,937.0,12.39,898.0,28.86,0.0
101,2023,287,938.0,12.39,734.0,28.8,0.0
101,2023,287,939.0,12.4,1011.0,29.11,0.0
101,2023,287,940.0,12.4,673.6,29.37,0.0
101,2023,287,941.0,12.4,501.7,29.5,0.0
101,2023,287,942.0,12.4,345.7,29.12,0.0
101,2023,287,943.0,12.4,350.6,29.01,0.0
101,2023,287,944.0,12.4,392.6,28.83,0.0
101,2023,287,945.0,12.4,742.0,28.72,0.0
101,2023,287,946.0,12.4,1068.0,28.72,0.0
101,2023,287,947.0,12.4,599.5,28.87,0.0
101,2023,287,948.0,12.4,947.0,28.72,0.0
101,2023,287,949.0,12.4,588.2,28.57,0.0
101,2023,287,950.0,12.4,967.0,28.61,0.0
101,2023,287,951.0,12.4,316.8,28.55,0.0
101,2023,287,952.0,12.39,512.2,28.44,0.0
101,2023,287,953.0,12.38,998.0,28.57,0.0
101,2023,287,954.0,12.39,995.0,28.66,0.0
101,2023,287,955.0,12.41,985.0,28.7,0.0
101,2023,287,956.0,12.4,980.0,28.95,0.0
101,2023,287,957.0,12.38,992.0,29.22,0.0
101,2023,287,958.0,12.4,949.0,29.17,0.0
101,2023,287,959.0,12.4,1005.0,29.21,0.0
101,2023,287,1000.0,12.39,1011.0,29.28,0.0
101,2023,287,1001.0,12.4,796.0,29.21,0.0
101,2023,287,1002.0,12.4,1047.0,29.11,0.0
101,2023,287,1003.0,12.41,1025.0,29.36,0.0
101,2023,287,1004.0,12.41,1005.0,29.63,0.0
101,2023,287,1005.0,12.41,994.0,29.64,0.0
101,2023,287,1006.0,12.4,986.0,29.73,0.0
101,2023,287,1007.0,12.4,988.0,29.58,0.0
101,2023,287,1008.0,12.4,996.0,29.46,0.0
101,2023,287,1009.0,12.4,1017.0,29.26,0.0
101,2023,287,1010.0,12.4,1007.0,29.25,0.0
101,2023,287,1011.0,12.4,1006.0,29.11,0.0
101,2023,287,1012.0,12.37,1012.0,29.31,0.0
101,2023,287,1013.0,12.34,1033.0,29.44,0.0
101,2023,287,1014.0,12.35,1055.0,29.49,0.0
101,2023,287,1015.0,12.35,774.0,29.62,0.0
101,2023,287,1016.0,12.36,477.6,29.54,0.0
101,2023,287,1017.0,12.37,623.3,29.32,0.0
101,2023,287,1018.0,12.38,1096.0,29.39,0.0
101,2023,287,1019.0,12.38,1115.0,29.52,0.0
101,2023,287,1020.0,12.39,1139.0,29.66,0.0
101,2023,287,1021.0,12.39,928.0,29.63,0.0
101,2023,287,1022.0,12.39,1020.0,29.5,0.0
101,2023,287,1023.0,12.41,1135.0,29.55,0.0
101,2023,287,1024.0,12.41,1135.0,29.55,0.0
101,2023,287,1025.0,12.41,1127.0,29.54,0.0
101,2023,287,1026.0,12.41,1175.0,29.63,0.0
101,2023,287,1027.0,12.42,925.0,29.83,0.0
101,2023,287,1028.0,12.41,979.0,29.74,0.0
101,2023,287,1029.0,12.42,1183.0,29.92,0.0
101,2023,287,1030.0,12.41,1093.0,29.99,0.0
101,2023,287,1031.0,12.42,885.0,30.36,0.0
101,2023,287,1032.0,12.41,919.0,30.3,0.0
101,2023,287,1033.0,12.42,557.8,30.25,0.0
101,2023,287,1034.0,12.42,327.6,30.15,0.0
101,2023,287,1035.0,12.41,318.4,30.03,0.0
101,2023,287,1036.0,12.4,347.8,29.73,0.0
101,2023,287,1037.0,12.41,397.3,29.25,0.0
101,2023,287,1038.0,12.41,415.2,29.01,0.0
101,2023,287,1039.0,12.42,393.5,28.89,0.0
101,2023,287,1040.0,12.41,491.4,28.92,0.0
101,2023,287,1041.0,12.41,1020.0,29.09,0.0
101,2023,287,1042.0,12.4,1121.0,29.06,0.0
101,2023,287,1043.0,12.35,1101.0,29.22,0.0
101,2023,287,1044.0,12.38,1098.0,29.49,0.0
101,2023,287,1045.0,12.38,1007.0,29.54,0.0
101,2023,287,1046.0,12.4,1070.0,29.16,0.0
101,2023,287,1047.0,12.4,1084.0,29.19,0.0
101,2023,287,1048.0,12.41,1099.0,29.56,0.0
101,2023,287,1049.0,12.41,1138.0,29.5,0.0
101,2023,287,1050.0,12.41,658.0,29.7,0.0
101,2023,287,1051.0,12.41,414.3,29.79,0.0
101,2023,287,1052.0,12.41,1065.0,29.86,0.0
101,2023,287,1053.0,12.42,706.0,29.7,0.0
101,2023,287,1054.0,12.43,288.1,29.59,0.0
101,2023,287,1055.0,12.43,285.5,29.5,0.0
101,2023,287,1056.0,12.44,651.0,29.22,0.0
101,2023,287,1057.0,12.44,1107.0,29.23,0.0
101,2023,287,1058.0,12.44,675.9,29.51,0.0
101,2023,287,1059.0,12.44,299.7,29.44,0.0
101,2023,287,1100.0,12.44,751.0,29.2,0.0
101,2023,287,1101.0,12.44,575.5,28.95,0.0
101,2023,287,1102.0,12.44,369.8,29.0,0.0
101,2023,287,1103.0,12.44,1126.0,29.27,0.0
101,2023,287,1104.0,12.44,1072.0,29.36,0.0
101,2023,287,1105.0,12.44,1146.0,29.4,0.0
101,2023,287,1106.0,12.44,1134.0,29.38,0.0
101,2023,287,1107.0,12.44,1041.0,29.76,0.0
101,2023,287,1108.0,12.44,1095.0,29.82,0.0
101,2023,287,1109.0,12.44,985.0,29.96,0.0
101,2023,287,1110.0,12.43,483.5,29.92,0.0
101,2023,287,1111.0,12.44,342.8,29.76,0.0
101,2023,287,1112.0,12.43,682.8,29.43,0.0
101,2023,287,1113.0,12.44,1152.0,29.53,0.0
101,2023,287,1114.0,12.44,1100.0,29.62,0.0
101,2023,287,1115.0,12.44,959.0,29.58,0.0
101,2023,287,1116.0,12.44,1054.0,29.46,0.0
101,2023,287,1117.0,12.45,1059.0,29.69,0.0
101,2023,287,1118.0,12.45,621.7,29.77,0.0
101,2023,287,1119.0,12.44,1116.0,29.81,0.0
101,2023,287,1120.0,12.44,1119.0,30.03,0.0
101,2023,287,1121.0,12.45,1121.0,30.13,0.0
101,2023,287,1122.0,12.45,1009.0,30.49,0.0
101,2023,287,1123.0,12.45,1067.0,30.54,0.0
101,2023,287,1124.0,12.44,1125.0,30.64,0.0
101,2023,287,1125.0,12.44,1001.0,30.53,0.0
101,2023,287,1126.0,12.44,1112.0,30.47,0.0
101,2023,287,1127.0,12.44,1088.0,30.24,0.0
101,2023,287,1128.0,12.44,1086.0,30.25,0.0
101,2023,287,1129.0,12.44,1084.0,30.27,0.0
101,2023,287,1130.0,12.44,898.0,30.4,0.0
101,2023,287,1131.0,12.44,1072.0,30.29,0.0
101,2023,287,1132.0,12.44,1082.0,30.32,0.0
101,2023,287,1133.0,12.44,1096.0,30.36,0.0
101,2023,287,1134.0,12.44,1078.0,30.63,0.0
101,2023,287,1135.0,12.44,582.0,30.54,0.0
101,2023,287,1136.0,12.44,317.0,30.26,0.0
101,2023,287,1137.0,12.44,300.5,30.29,0.0
101,2023,287,1138.0,12.44,288.0,30.01,0.0
101,2023,287,1139.0,12.44,273.1,30.0,0.0
101,2023,287,1140.0,12.44,241.5,30.06,0.0
101,2023,287,1141.0,12.44,258.7,30.01,0.0
101,2023,287,1142.0,12.44,943.0,29.95,0.0
101,2023,287,1143.0,12.44,1083.0,30.09,0.0
101,2023,287,1144.0,12.44,1082.0,30.13,0.0
101,2023,287,1145.0,12.44,1086.0,30.27,0.0
101,2023,287,1146.0,12.44,1088.0,30.29,0.0
101,2023,287,1147.0,12.44,1090.0,30.26,0.0
101,2023,287,1148.0,12.44,1102.0,30.33,0.0
101,2023,287,1149.0,12.44,1112.0,30.38,0.0
101,2023,287,1150.0,12.44,1135.0,30.5,0.0
101,2023,287,1151.0,12.44,1164.0,30.58,0.0
101,2023,287,1152.0,12.43,1187.0,30.5,0.0
101,2023,287,1153.0,12.44,1165.0,30.45,0.0
101,2023,287,1154.0,12.43,1146.0,30.39,0.0
101,2023,287,1155.0,12.44,1143.0,30.27,0.0
101,2023,287,1156.0,12.43,1148.0,30.46,0.0
101,2023,287,1157.0,12.44,1155.0,30.42,0.0
101,2023,287,1158.0,12.43,841.0,30.04,0.0
101,2023,287,1159.0,12.43,983.0,29.94,0.0
101,2023,287,1200.0,12.43,1153.0,29.84,0.0
101,2023,287,1201.0,12.43,808.0,29.75,0.0
101,2023,287,1202.0,12.43,331.6,29.71,0.0
101,2023,287,1203.0,12.43,278.0,29.58,0.0
101,2023,287,1204.0,12.43,404.0,29.34,0.0
101,2023,287,1205.0,12.43,828.0,29.43,0.0
101,2023,287,1206.0,12.42,465.2,29.52,0.0
101,2023,287,1207.0,12.41,404.2,29.52,0.0
101,2023,287,1208.0,12.4,1030.0,29.53,0.0
101,2023,287,1209.0,12.4,1095.0,29.64,0.0
101,2023,287,1210.0,12.39,1109.0,29.74,0.0
101,2023,287,1211.0,12.39,1111.0,29.56,0.0
101,2023,287,1212.0,12.36,1102.0,29.54,0.0
101,2023,287,1213.0,12.36,1067.0,29.95,0.0
101,2023,287,1214.0,12.36,1098.0,30.04,0.0
101,2023,287,1215.0,12.37,1081.0,29.92,0.0
101,2023,287,1216.0,12.36,1077.0,30.17,0.0
101,2023,287,1217.0,12.37,1079.0,30.1,0.0
101,2023,287,1218.0,12.36,1090.0,29.81,0.0
101,2023,287,1219.0,12.37,1101.0,29.75,0.0
101,2023,287,1220.0,12.39,1112.0,29.69,0.0
101,2023,287,1221.0,12.4,1111.0,30.04,0.0
101,2023,287,1222.0,12.4,1116.0,30.23,0.0
101,2023,287,1223.0,12.4,593.3,30.04,0.0
101,2023,287,1224.0,12.4,708.0,29.68,0.0
101,2023,287,1225.0,12.4,1041.0,29.64,0.0
101,2023,287,1226.0,12.41,1033.0,29.61,0.0
101,2023,287,1227.0,12.42,1050.0,29.73,0.0
101,2023,287,1228.0,12.41,1085.0,29.5,0.0
101,2023,287,1229.0,12.42,615.9,29.64,0.0
101,2023,287,1230.0,12.41,273.6,29.6,0.0
101,2023,287,1231.0,12.42,234.9,29.52,0.0
101,2023,287,1232.0,12.42,787.0,29.31,0.0
101,2023,287,1233.0,12.42,1034.0,29.28,0.0
101,2023,287,1234.0,12.41,976.0,29.38,0.0
101,2023,287,1235.0,12.42,1069.0,29.57,0.0
101,2023,287,1236.0,12.42,1004.0,29.65,0.0
101,2023,287,1237.0,12.42,1037.0,29.73,0.0
101,2023,287,1238.0,12.42,1042.0,29.62,0.0
101,2023,287,1239.0,12.42,1049.0,29.61,0.0
101,2023,287,1240.0,12.42,1035.0,29.57,0.0
101,2023,287,1241.0,12.42,1025.0,29.5,0.0
101,2023,287,1242.0,12.42,1021.0,29.67,0.0
101,2023,287,1243.0,12.41,1031.0,30.01,0.0
101,2023,287,1244.0,12.42,1042.0,30.2,0.0
101,2023,287,1245.0,12.42,1066.0,29.94,0.0
101,2023,287,1246.0,12.42,1083.0,30.04,0.0
101,2023,287,1247.0,12.41,971.0,29.68,0.0
101,2023,287,1248.0,12.41,279.8,29.58,0.0
101,2023,287,1249.0,12.42,230.7,29.45,0.0
101,2023,287,1250.0,12.42,223.2,29.18,0.0
101,2023,287,1251.0,12.42,238.3,29.0,0.0
101,2023,287,1252.0,12.42,296.1,28.94,0.0
101,2023,287,1253.0,12.42,562.8,29.02,0.0
101,2023,287,1254.0,12.42,808.0,28.86,0.0
101,2023,287,1255.0,12.42,875.0,28.89,0.0
101,2023,287,1256.0,12.41,785.0,29.04,0.0
101,2023,287,1257.0,12.41,1104.0,29.12,0.0
101,2023,287,1258.0,12.41,767.0,29.21,0.0
101,2023,287,1259.0,12.41,997.0,29.14,0.0
101,2023,287,1300.0,12.41,1166.0,29.36,0.0
101,2023,287,1301.0,12.41,674.3,29.35,0.0
101,2023,287,1302.0,12.41,437.6,28.95,0.0
101,2023,287,1303.0,12.4,522.9,28.54,0.0
101,2023,287,1304.0,12.4,590.0,28.63,0.0
101,2023,287,1305.0,12.41,344.9,28.3,0.0
101,2023,287,1306.0,12.41,351.3,28.0,0.0
101,2023,287,1307.0,12.4,287.3,27.87,0.0
101,2023,287,1308.0,12.41,272.1,27.74,0.0
101,2023,287,1309.0,12.41,268.1,27.61,0.0
101,2023,287,1310.0,12.41,269.4,27.53,0.0
101,2023,287,1311.0,12.41,270.1,27.38,0.0
101,2023,287,1312.0,12.4,528.4,27.11,0.0
101,2023,287,1313.0,12.37,804.0,27.23,0.0
101,2023,287,1314.0,12.39,971.0,27.4,0.0
101,2023,287,1315.0,12.4,946.0,27.72,0.0
101,2023,287,1316.0,12.4,933.0,27.99,0.0
101,2023,287,1317.0,12.41,845.0,27.98,0.0
101,2023,287,1318.0,12.41,617.9,27.82,0.0
101,2023,287,1319.0,12.42,888.0,27.71,0.0
101,2023,287,1320.0,12.41,686.3,27.86,0.0
101,2023,287,1321.0,12.41,857.0,28.07,0.0
101,2023,287,1322.0,12.41,865.0,28.04,0.0
101,2023,287,1323.0,12.42,866.0,28.04,0.0
101,2023,287,1324.0,12.41,858.0,28.12,0.0
101,2023,287,1325.0,12.41,847.0,28.24,0.0
101,2023,287,1326.0,12.41,847.0,28.35,0.0
101,2023,287,1327.0,12.42,843.0,28.48,0.0
101,2023,287,1328.0,12.42,841.0,28.24,0.0
101,2023,287,1329.0,12.42,840.0,28.22,0.0
101,2023,287,1330.0,12.42,837.0,28.36,0.0
101,2023,287,1331.0,12.42,836.0,28.67,0.0
101,2023,287,1332.0,12.42,838.0,28.8,0.0
101,2023,287,1333.0,12.42,844.0,28.51,0.0
101,2023,287,1334.0,12.41,846.0,28.46,0.0
101,2023,287,1335.0,12.41,847.0,28.76,0.0
101,2023,287,1336.0,12.41,834.0,28.85,0.0
101,2023,287,1337.0,12.41,825.0,28.76,0.0
101,2023,287,1338.0,12.41,819.0,28.63,0.0
101,2023,287,1339.0,12.41,818.0,28.51,0.0
101,2023,287,1340.0,12.4,817.0,28.67,0.0
101,2023,287,1341.0,12.39,818.0,28.86,0.0
101,2023,287,1342.0,12.39,824.0,28.85,0.0
101,2023,287,1343.0,12.42,833.0,28.71,0.0
101,2023,287,1344.0,12.41,622.2,28.76,0.0
101,2023,287,1345.0,12.42,666.2,28.75,0.0
101,2023,287,1346.0,12.42,867.0,28.77,0.0
101,2023,287,1347.0,12.42,901.0,28.85,0.0
101,2023,287,1348.0,12.42,928.0,28.86,0.0
101,2023,287,1349.0,12.42,880.0,28.9,0.0
101,2023,287,1350.0,12.42,749.0,28.85,0.0
101,2023,287,1351.0,12.42,879.0,28.59,0.0
101,2023,287,1352.0,12.42,975.0,28.77,0.0
101,2023,287,1353.0,12.42,979.0,28.69,0.0
101,2023,287,1354.0,12.41,940.0,28.7,0.0
101,2023,287,1355.0,12.42,725.0,28.77,0.0
101,2023,287,1356.0,12.41,414.4,28.44,0.0
101,2023,287,1357.0,12.41,437.0,28.33,0.0
101,2023,287,1358.0,12.41,379.0,28.28,0.0
101,2023,287,1359.0,12.42,352.8,28.07,0.0
101,2023,287,1400.0,12.41,332.8,27.89,0.0
101,2023,287,1401.0,12.42,305.9,27.8,0.0
101,2023,287,1402.0,12.41,291.6,27.82,0.0
101,2023,287,1403.0,12.41,362.2,27.84,0.0
101,2023,287,1404.0,12.41,292.0,27.74,0.0
101,2023,287,1405.0,12.41,316.2,27.71,0.0
101,2023,287,1406.0,12.42,764.0,27.61,0.0
101,2023,287,1407.0,12.41,789.0,27.77,0.0
101,2023,287,1408.0,12.41,777.0,27.99,0.0
101,2023,287,1409.0,12.42,767.0,28.17,0.0
101,2023,287,1410.0,12.42,760.0,28.26,0.0
101,2023,287,1411.0,12.41,753.0,28.15,0.0
101,2023,287,1412.0,12.41,753.0,28.27,0.0
101,2023,287,1413.0,12.42,632.9,28.27,0.0
101,2023,287,1414.0,12.41,729.0,28.5,0.0
101,2023,287,1415.0,12.42,727.0,28.78,0.0
101,2023,287,1416.0,12.41,734.0,28.77,0.0
101,2023,287,1417.0,12.41,766.0,28.99,0.0
101,2023,287,1418.0,12.4,742.0,29.18,0.0
101,2023,287,1419.0,12.38,615.9,28.96,0.0
101,2023,287,1420.0,12.36,246.8,28.89,0.0
101,2023,287,1421.0,12.41,230.1,28.74,0.0
101,2023,287,1422.0,12.4,289.2,28.55,0.0
101,2023,287,1423.0,12.4,650.2,28.51,0.0
101,2023,287,1424.0,12.4,519.7,28.53,0.0
101,2023,287,1425.0,12.4,520.7,28.36,0.0
101,2023,287,1426.0,12.4,818.0,28.31,0.0
101,2023,287,1427.0,12.41,761.0,28.41,0.0
101,2023,287,1428.0,12.41,803.0,28.4,0.0
101,2023,287,1429.0,12.41,441.8,28.4,0.0
101,2023,287,1430.0,12.41,426.8,28.18,0.0
101,2023,287,1431.0,12.41,423.1,27.95,0.0
101,2023,287,1432.0,12.42,495.3,28.04,0.0
101,2023,287,1433.0,12.42,509.1,27.81,0.0
101,2023,287,1434.0,12.42,523.3,27.79,0.0
101,2023,287,1435.0,12.42,588.2,27.74,0.0
101,2023,287,1436.0,12.42,764.0,27.86,0.0
101,2023,287,1437.0,12.42,772.0,27.93,0.0
101,2023,287,1438.0,12.42,604.5,28.01,0.0
101,2023,287,1439.0,12.42,657.9,28.05,0.0
101,2023,287,1440.0,12.42,638.7,28.25,0.0
101,2023,287,1441.0,12.42,679.0,28.27,0.0
101,2023,287,1442.0,12.43,562.6,28.26,0.0
101,2023,287,1443.0,12.43,522.5,28.29,0.0
101,2023,287,1444.0,12.43,687.9,28.29,0.0
101,2023,287,1445.0,12.43,729.0,28.09,0.0
101,2023,287,1446.0,12.42,778.0,27.91,0.0
101,2023,287,1447.0,12.43,495.2,27.94,0.0
101,2023,287,1448.0,12.43,274.8,27.87,0.0
101,2023,287,1449.0,12.42,268.7,27.84,0.0
101,2023,287,1450.0,12.42,281.3,27.69,0.0
101,2023,287,1451.0,12.42,344.9,27.49,0.0
101,2023,287,1452.0,12.42,404.4,27.52,0.0
101,2023,287,1453.0,12.42,376.2,27.51,0.0
101,2023,287,1454.0,12.43,604.5,27.58,0.0
101,2023,287,1455.0,12.43,579.6,27.71,0.0
101,2023,287,1456.0,12.43,619.5,27.61,0.0
101,2023,287,1457.0,12.43,618.6,27.73,0.0
101,2023,287,1458.0,12.43,627.3,27.77,0.0
101,2023,287,1459.0,12.43,647.1,27.8,0.0
101,2023,287,1500.0,12.43,623.2,27.95,0.0
101,2023,287,1501.0,12.43,592.0,28.03,0.0
101,2023,287,1502.0,12.43,666.5,28.09,0.0
101,2023,287,1503.0,12.43,373.3,28.12,0.0
101,2023,287,1504.0,12.43,246.4,28.14,0.0
101,2023,287,1505.0,12.43,237.4,28.06,0.0
101,2023,287,1506.0,12.43,231.4,27.82,0.0
101,2023,287,1507.0,12.42,242.6,27.61,0.0
101,2023,287,1508.0,12.42,355.0,27.57,0.0
101,2023,287,1509.0,12.43,543.5,27.52,0.0
101,2023,287,1510.0,12.43,348.2,27.59,0.0
101,2023,287,1511.0,12.43,282.7,27.73,0.0
101,2023,287,1512.0,12.43,468.5,27.74,0.0
101,2023,287,1513.0,12.43,330.3,27.82,0.0
101,2023,287,1514.0,12.43,265.9,27.77,0.0
101,2023,287,1515.0,12.43,263.8,27.72,0.0
101,2023,287,1516.0,12.43,268.7,27.75,0.0
101,2023,287,1517.0,12.43,274.5,27.73,0.0
101,2023,287,1518.0,12.43,274.3,27.83,0.0
101,2023,287,1519.0,12.43,270.0,27.7,0.0
101,2023,287,1520.0,12.43,235.3,27.71,0.0
101,2023,287,1521.0,12.43,233.1,27.69,0.0
101,2023,287,1522.0,12.43,235.2,27.61,0.0
101,2023,287,1523.0,12.43,188.6,27.6,0.0
101,2023,287,1524.0,12.44,178.6,27.59,0.0
101,2023,287,1525.0,12.43,168.0,27.49,0.0
101,2023,287,1526.0,12.42,169.6,27.47,0.0
101,2023,287,1527.0,12.42,207.4,27.43,0.0
101,2023,287,1528.0,12.42,229.5,27.48,0.0
101,2023,287,1529.0,12.43,319.6,27.42,0.0
101,2023,287,1530.0,12.43,262.5,27.41,0.0
101,2023,287,1531.0,12.43,289.4,27.43,0.0
101,2023,287,1532.0,12.43,292.7,27.45,0.0
101,2023,287,1533.0,12.43,238.6,27.48,0.0
101,2023,287,1534.0,12.43,228.3,27.37,0.0
101,2023,287,1535.0,12.43,330.6,27.4,0.0
101,2023,287,1536.0,12.42,370.1,27.44,0.0
101,2023,287,1537.0,12.44,300.0,27.53,0.0
101,2023,287,1538.0,12.44,185.9,27.67,0.0
101,2023,287,1539.0,12.44,173.3,27.6,0.0
101,2023,287,1540.0,12.44,172.7,27.49,0.0
101,2023,287,1541.0,12.44,173.7,27.47,0.0
101,2023,287,1542.0,12.44,172.0,27.45,0.0
101,2023,287,1543.0,12.44,161.1,27.36,0.0
101,2023,287,1544.0,12.44,146.1,27.29,0.0
101,2023,287,1545.0,12.44,136.0,27.25,0.0
101,2023,287,1546.0,12.45,131.8,27.16,0.0
101,2023,287,1547.0,12.45,130.8,27.17,0.0
101,2023,287,1548.0,12.45,130.6,27.19,0.0
101,2023,287,1549.0,12.45,125.6,27.19,0.0
101,2023,287,1550.0,12.45,123.7,27.14,0.0
101,2023,287,1551.0,12.45,123.5,27.15,0.0
101,2023,287,1552.0,12.45,122.3,27.17,0.0
101,2023,287,1553.0,12.45,124.1,27.19,0.0
101,2023,287,1554.0,12.45,125.6,27.21,0.0
101,2023,287,1555.0,12.45,125.0,27.14,0.0
101,2023,287,1556.0,12.45,125.3,27.14,0.0
101,2023,287,1557.0,12.46,124.8,27.15,0.0
101,2023,287,1558.0,12.45,133.7,27.1,0.0
101,2023,287,1559.0,12.45,163.8,27.03,0.0
101,2023,287,1600.0,12.46,177.1,27.05,0.0
101,2023,287,1601.0,12.46,175.2,27.11,0.0
101,2023,287,1602.0,12.46,161.7,27.11,0.0
101,2023,287,1603.0,12.46,172.3,27.04,0.0
101,2023,287,1604.0,12.46,209.0,27.02,0.0
101,2023,287,1605.0,12.46,201.5,27.03,0.0
101,2023,287,1606.0,12.46,199.9,26.99,0.0
101,2023,287,1607.0,12.46,197.4,26.99,0.0
101,2023,287,1608.0,12.46,192.7,27.0,0.0
101,2023,287,1609.0,12.46,188.7,26.98,0.0
101,2023,287,1610.0,12.46,183.3,27.04,0.0
101,2023,287,1611.0,12.46,158.4,27.05,0.0
101,2023,287,1612.0,12.46,158.5,27.06,0.0
101,2023,287,1613.0,12.46,143.0,27.04,0.0
101,2023,287,1614.0,12.45,81.7,27.01,0.0
101,2023,287,1615.0,12.46,68.23,26.94,0.0
101,2023,287,1616.0,12.43,59.57,26.86,0.0
101,2023,287,1617.0,12.42,54.18,26.77,0.0
101,2023,287,1618.0,12.4,48.15,26.7,0.0
101,2023,287,1619.0,12.39,42.22,26.65,0.0
101,2023,287,1620.0,12.37,37.06,26.61,0.0
101,2023,287,1621.0,12.35,34.52,26.57,0.0
101,2023,287,1622.0,12.33,33.09,26.57,0.0
101,2023,287,1623.0,12.32,31.9,26.52,0.0
101,2023,287,1624.0,12.3,30.72,26.43,0.0
101,2023,287,1625.0,12.28,29.39,26.32,0.0
101,2023,287,1626.0,12.27,27.78,26.26,0.0
101,2023,287,1627.0,12.24,26.51,26.21,0.0
101,2023,287,1628.0,12.25,25.16,26.17,0.0
101,2023,287,1629.0,12.24,23.78,26.13,0.0
101,2023,287,1630.0,12.23,22.59,26.1,0.0
101,2023,287,1631.0,12.22,21.44,26.09,0.0
101,2023,287,1632.0,12.2,20.05,26.06,0.0
101,2023,287,1633.0,12.2,18.73,26.03,0.0
101,2023,287,1634.0,12.2,17.66,26.0,0.0
101,2023,287,1635.0,12.2,16.64,25.97,0.0
101,2023,287,1636.0,12.2,15.74,25.96,0.0
101,2023,287,1637.0,12.2,14.58,25.95,0.0
101,2023,287,1638.0,12.19,13.57,25.91,0.0
101,2023,287,1639.0,12.18,12.47,25.88,0.0
101,2023,287,1640.0,12.17,11.48,25.84,0.0
101,2023,287,1641.0,12.17,10.49,25.82,0.0
101,2023,287,1642.0,12.16,9.62,25.79,0.0
101,2023,287,1643.0,12.13,8.69,25.79,0.0
101,2023,287,1644.0,12.11,7.87,25.78,0.0
101,2023,287,1645.0,12.11,7.19,25.75,0.0
101,2023,287,1646.0,12.1,6.769,25.72,0.0
101,2023,287,1647.0,12.14,6.741,25.7,0.0
101,2023,287,1648.0,12.14,6.262,25.68,0.0
101,2023,287,1649.0,12.13,6.093,25.68,0.0
101,2023,287,1650.0,12.12,6.854,25.67,0.0
101,2023,287,1651.0,12.08,7.98,25.65,0.0
101,2023,287,1652.0,12.08,8.29,25.62,0.0
101,2023,287,1653.0,12.11,8.21,25.59,0.0
101,2023,287,1654.0,12.11,7.14,25.54,0.0
101,2023,287,1655.0,12.11,6.008,25.51,0.0
101,2023,287,1656.0,12.11,5.416,25.49,0.0
101,2023,287,1657.0,12.11,5.416,25.48,0.0
101,2023,287,1658.0,12.11,5.416,25.45,0.0
101,2023,287,1659.0,12.11,6.403,25.45,0.0
101,2023,287,1700.0,12.11,6.769,25.43,0.0
101,2023,287,1701.0,12.11,6.092,25.39,0.0
101,2023,287,1702.0,12.11,5.416,25.38,0.0
101,2023,287,1703.0,12.1,5.416,25.35,0.0
101,2023,287,1704.0,12.1,5.416,25.35,0.0
101,2023,287,1705.0,12.1,5.416,25.34,0.0
101,2023,287,1706.0,12.1,5.274,25.34,0.0
101,2023,287,1707.0,12.1,4.88,25.31,0.0
101,2023,287,1708.0,12.09,4.739,25.27,0.0
101,2023,287,1709.0,12.09,4.739,25.25,0.0
101,2023,287,1710.0,12.09,4.739,25.24,0.0
101,2023,287,1711.0,12.09,4.626,25.22,0.0
101,2023,287,1712.0,12.09,4.09,25.2,0.0
101,2023,287,1713.0,12.09,4.062,25.17,0.0
101,2023,287,1714.0,12.08,4.005,25.15,0.0
101,2023,287,1715.0,12.08,3.752,25.16,0.0
101,2023,287,1716.0,12.08,3.723,25.15,0.0
101,2023,287,1717.0,12.08,3.695,25.15,0.0
101,2023,287,1718.0,12.07,3.159,25.12,0.0
101,2023,287,1719.0,12.07,3.046,25.11,0.0
101,2023,287,1720.0,12.07,2.821,25.1,0.0
101,2023,287,1721.0,12.07,2.398,25.07,0.0
101,2023,287,1722.0,12.06,2.369,25.05,0.0
101,2023,287,1723.0,12.06,2.313,25.03,0.0
101,2023,287,1724.0,12.06,1.834,25.01,0.0
101,2023,287,1725.0,12.06,1.693,24.98,0.0
101,2023,287,1726.0,12.06,1.693,24.98,0.0
101,2023,287,1727.0,12.06,1.41,24.98,0.0
101,2023,287,1728.0,12.05,1.044,24.98,0.0
101,2023,287,1729.0,12.05,1.016,24.96,0.0
101,2023,287,1730.0,12.05,1.016,24.98,0.0
101,2023,287,1731.0,12.04,1.016,24.94,0.0
101,2023,287,1732.0,12.03,0.0,24.92,0.0
101,2023,287,1733.0,12.0,0.0,24.9,0.0
101,2023,287,1734.0,12.01,0.0,24.88,0.0
101,2023,287,1735.0,12.0,0.0,24.87,0.0
101,2023,287,1736.0,11.97,0.0,24.83,0.0
101,2023,287,1737.0,11.98,0.0,24.81,0.0
101,2023,287,1738.0,11.99,0.0,24.81,0.0
101,2023,287,1739.0,11.98,0.0,24.81,0.0
101,2023,287,1740.0,12.01,0.0,24.78,0.0
101,2023,287,1741.0,12.01,0.0,24.76,0.0
101,2023,287,1742.0,12.01,0.0,24.74,0.0
101,2023,287,1743.0,12.02,0.0,24.72,0.0
101,2023,287,1744.0,12.02,0.0,24.71,0.0
101,2023,287,1745.0,12.02,0.0,24.69,0.0
101,2023,287,1746.0,12.01,0.0,24.68,0.0
101,2023,287,1747.0,12.02,0.0,24.66,0.0
101,2023,287,1748.0,12.02,0.0,24.65,0.0
101,2023,287,1749.0,12.02,0.0,24.63,0.0
101,2023,287,1750.0,12.02,0.0,24.62,0.0
101,2023,287,1751.0,12.02,0.0,24.62,0.0
101,2023,287,1752.0,12.01,0.0,24.63,0.0
101,2023,287,1753.0,12.02,0.0,24.6,0.0
101,2023,287,1754.0,12.01,0.0,24.58,0.0
101,2023,287,1755.0,12.01,0.0,24.55,0.0
101,2023,287,1756.0,12.01,0.0,24.53,0.0
101,2023,287,1757.0,12.01,0.0,24.52,0.0
101,2023,287,1758.0,12.01,0.0,24.51,0.0
101,2023,287,1759.0,12.01,0.0,24.47,0.0
101,2023,287,1800.0,12.01,0.0,24.45,0.0
101,2023,287,1801.0,12.01,0.0,24.43,0.0
101,2023,287,1802.0,12.01,0.0,24.41,0.0
101,2023,287,1803.0,12.01,0.0,24.39,0.0
101,2023,287,1804.0,12.01,0.0,24.36,0.0
101,2023,287,1805.0,12.0,0.0,24.35,0.0
101,2023,287,1806.0,12.0,0.0,24.33,0.0
101,2023,287,1807.0,12.01,0.0,24.32,0.0
101,2023,287,1808.0,12.01,0.0,24.3,0.0
101,2023,287,1809.0,12.01,0.0,24.28,0.0
101,2023,287,1810.0,12.0,0.0,24.26,0.0
101,2023,287,1811.0,12.0,0.0,24.25,0.0
101,2023,287,1812.0,12.0,0.0,24.23,0.0
101,2023,287,1813.0,12.0,0.0,24.21,0.0
101,2023,287,1814.0,12.0,0.0,24.2,0.0
101,2023,287,1815.0,12.0,0.0,24.18,0.0
101,2023,287,1816.0,12.0,0.0,24.16,0.0
101,2023,287,1817.0,12.0,0.0,24.14,0.0
101,2023,287,1818.0,12.0,0.0,24.11,0.0
101,2023,287,1819.0,12.0,0.0,24.1,0.0
101,2023,287,1820.0,11.99,0.0,24.08,0.0
101,2023,287,1821.0,12.0,0.0,24.04,0.0
101,2023,287,1822.0,11.99,0.0,24.02,0.0
101,2023,287,1823.0,12.0,0.0,24.0,0.0
101,2023,287,1824.0,11.99,0.0,23.99,0.0
101,2023,287,1825.0,11.99,0.0,23.97,0.0
101,2023,287,1826.0,11.99,0.0,23.94,0.0
101,2023,287,1827.0,11.99,0.0,23.93,0.0
101,2023,287,1828.0,11.97,0.0,23.91,0.0
101,2023,287,1829.0,11.97,0.0,23.9,0.0
101,2023,287,1830.0,11.98,0.0,23.88,0.0
101,2023,287,1831.0,11.98,0.0,23.88,0.0
101,2023,287,1832.0,11.95,0.0,23.85,0.0
101,2023,287,1833.0,11.92,0.0,23.83,0.0
101,2023,287,1834.0,11.95,0.0,23.83,0.0
101,2023,287,1835.0,11.96,0.0,23.82,0.0
101,2023,287,1836.0,11.97,0.0,23.81,0.0
101,2023,287,1837.0,11.98,0.0,23.81,0.0
101,2023,287,1838.0,11.98,0.0,23.79,0.0
101,2023,287,1839.0,11.98,0.0,23.78,0.0
101,2023,287,1840.0,11.98,0.0,23.78,0.0
101,2023,287,1841.0,11.98,0.0,23.76,0.0
101,2023,287,1842.0,11.98,0.0,23.75,0.0
101,2023,287,1843.0,11.99,0.0,23.75,0.0
101,2023,287,1844.0,11.98,0.0,23.74,0.0
101,2023,287,1845.0,11.99,0.0,23.72,0.0
101,2023,287,1846.0,11.98,0.0,23.71,0.0
101,2023,287,1847.0,11.98,0.0,23.7,0.0
101,2023,287,1848.0,11.98,0.0,23.68,0.0
101,2023,287,1849.0,11.99,0.0,23.68,0.0
101,2023,287,1850.0,11.98,0.0,23.67,0.0
101,2023,287,1851.0,11.98,0.0,23.67,0.0
101,2023,287,1852.0,11.98,0.0,23.68,0.0
101,2023,287,1853.0,11.99,0.0,23.68,0.0
101,2023,287,1854.0,11.98,0.0,23.67,0.0
101,2023,287,1855.0,11.98,0.0,23.67,0.0
101,2023,287,1856.0,11.98,0.0,23.68,0.0
101,2023,287,1857.0,11.98,0.0,23.69,0.0
101,2023,287,1858.0,11.98,0.0,23.68,0.0
101,2023,287,1859.0,11.98,0.0,23.67,0.0
101,2023,287,1900.0,11.98,0.0,23.67,0.0
101,2023,287,1901.0,11.98,0.0,23.65,0.0
101,2023,287,1902.0,11.98,0.0,23.64,0.0
101,2023,287,1903.0,11.98,0.0,23.63,0.0
101,2023,287,1904.0,11.98,0.0,23.64,0.0
101,2023,287,1905.0,11.98,0.0,23.63,0.0
101,2023,287,1906.0,11.98,0.0,23.62,0.0
101,2023,287,1907.0,11.98,0.0,23.63,0.0
101,2023,287,1908.0,11.98,0.0,23.65,0.0
101,2023,287,1909.0,11.98,0.0,23.64,0.0
101,2023,287,1910.0,11.98,0.0,23.63,0.0
101,2023,287,1911.0,11.98,0.0,23.63,0.0
101,2023,287,1912.0,11.98,0.0,23.63,0.0
101,2023,287,1913.0,11.98,0.0,23.63,0.0
101,2023,287,1914.0,11.97,0.0,23.63,0.0
101,2023,287,1915.0,11.98,0.0,23.62,0.0
101,2023,287,1916.0,11.97,0.0,23.62,0.0
101,2023,287,1917.0,11.98,0.0,23.61,0.0
101,2023,287,1918.0,11.97,0.0,23.61,0.0
101,2023,287,1919.0,11.98,0.0,23.6,0.0
101,2023,287,1920.0,11.97,0.0,23.59,0.0
101,2023,287,1921.0,11.98,0.0,23.58,0.0
101,2023,287,1922.0,11.98,0.0,23.57,0.0
101,2023,287,1923.0,11.97,0.0,23.57,0.0
101,2023,287,1924.0,11.97,0.0,23.57,0.0
101,2023,287,1925.0,11.97,0.0,23.56,0.0
101,2023,287,1926.0,11.97,0.0,23.57,0.0
101,2023,287,1927.0,11.97,0.0,23.58,0.0
101,2023,287,1928.0,11.97,0.0,23.58,0.0
101,2023,287,1929.0,11.97,0.0,23.59,0.0
101,2023,287,1930.0,11.97,0.0,23.6,0.0
101,2023,287,1931.0,11.97,0.0,23.61,0.0
101,2023,287,1932.0,11.97,0.0,23.61,0.0
101,2023,287,1933.0,11.97,0.0,23.6,0.0
101,2023,287,1934.0,11.97,0.0,23.61,0.0
101,2023,287,1935.0,11.97,0.0,23.62,0.0
101,2023,287,1936.0,11.97,0.0,23.63,0.0
101,2023,287,1937.0,11.97,0.0,23.65,0.0
101,2023,287,1938.0,11.97,0.0,23.66,0.0
101,2023,287,1939.0,11.97,0.0,23.69,0.0
101,2023,287,1940.0,11.97,0.0,23.72,0.0
101,2023,287,1941.0,11.97,0.0,23.72,0.0
101,2023,287,1942.0,11.97,0.0,23.73,0.0
101,2023,287,1943.0,11.97,0.0,23.73,0.0
101,2023,287,1944.0,11.97,0.0,23.73,0.0
101,2023,287,1945.0,11.96,0.0,23.73,0.0
101,2023,287,1946.0,11.96,0.0,23.74,0.0
101,2023,287,1947.0,11.96,0.0,23.73,0.0
101,2023,287,1948.0,11.96,0.0,23.73,0.0
101,2023,287,1949.0,11.96,0.0,23.73,0.0
101,2023,287,1950.0,11.96,0.0,23.71,0.0
101,2023,287,1951.0,11.96,0.0,23.71,0.0
101,2023,287,1952.0,11.96,0.0,23.7,0.0
101,2023,287,1953.0,11.96,0.0,23.68,0.0
101,2023,287,1954.0,11.95,0.0,23.68,0.0
101,2023,287,1955.0,11.93,0.0,23.68,0.0
101,2023,287,1956.0,11.94,0.0,23.68,0.0
101,2023,287,1957.0,11.95,0.0,23.69,0.0
101,2023,287,1958.0,11.95,0.0,23.69,0.0
101,2023,287,1959.0,11.95,0.0,23.71,0.0
101,2023,287,2000.0,11.95,0.0,23.71,0.0
101,2023,287,2001.0,11.95,0.0,23.7,0.0
101,2023,287,2002.0,11.95,0.0,23.7,0.0
101,2023,287,2003.0,11.95,0.0,23.7,0.0
101,2023,287,2004.0,11.95,0.0,23.71,0.0
101,2023,287,2005.0,11.94,0.0,23.7,0.0
101,2023,287,2006.0,11.91,0.0,23.69,0.0
101,2023,287,2007.0,11.9,0.0,23.68,0.0
101,2023,287,2008.0,11.9,0.0,23.69,0.0
101,2023,287,2009.0,11.92,0.0,23.7,0.0
101,2023,287,2010.0,11.93,0.0,23.7,0.0
101,2023,287,2011.0,11.93,0.0,23.71,0.0
101,2023,287,2012.0,11.93,0.0,23.7,0.0
101,2023,287,2013.0,11.93,0.0,23.7,0.0
101,2023,287,2014.0,11.93,0.0,23.7,0.0
101,2023,287,2015.0,11.93,0.0,23.69,0.0
101,2023,287,2016.0,11.93,0.0,23.68,0.0
101,2023,287,2017.0,11.93,0.0,23.68,0.0
101,2023,287,2018.0,11.93,0.0,23.66,0.0
101,2023,287,2019.0,11.93,0.0,23.65,0.0
101,2023,287,2020.0,11.93,0.0,23.63,0.0
101,2023,287,2021.0,11.93,0.0,23.61,0.0
101,2023,287,2022.0,11.93,0.0,23.58,0.0
101,2023,287,2023.0,11.93,0.0,23.56,0.0
101,2023,287,2024.0,11.93,0.0,23.55,0.0
101,2023,287,2025.0,11.94,0.0,23.53,0.0
101,2023,287,2026.0,11.93,0.0,23.53,0.0
101,2023,287,2027.0,11.93,0.0,23.52,0.0
101,2023,287,2028.0,11.93,0.0,23.51,0.0
101,2023,287,2029.0,11.93,0.0,23.5,0.0
101,2023,287,2030.0,11.93,0.0,23.49,0.0
101,2023,287,2031.0,11.93,0.0,23.47,0.0
101,2023,287,2032.0,11.93,0.0,23.46,0.0
101,2023,287,2033.0,11.93,0.0,23.45,0.0
101,2023,287,2034.0,11.93,0.0,23.43,0.0
101,2023,287,2035.0,11.93,0.0,23.41,0.0
101,2023,287,2036.0,11.93,0.0,23.4,0.0
101,2023,287,2037.0,11.93,0.0,23.38,0.0
101,2023,287,2038.0,11.93,0.0,23.36,0.0
101,2023,287,2039.0,11.93,0.0,23.35,0.0
101,2023,287,2040.0,11.93,0.0,23.35,0.0
101,2023,287,2041.0,11.93,0.0,23.34,0.0
101,2023,287,2042.0,11.93,0.0,23.34,0.0
101,2023,287,2043.0,11.93,0.0,23.32,0.0
101,2023,287,2044.0,11.93,0.0,23.31,0.0
101,2023,287,2045.0,11.93,0.0,23.29,0.0
101,2023,287,2046.0,11.93,0.0,23.28,0.0
101,2023,287,2047.0,11.93,0.0,23.26,0.0
101,2023,287,2048.0,11.93,0.0,23.26,0.0
101,2023,287,2049.0,11.94,0.0,23.24,0.0
101,2023,287,2050.0,11.93,0.0,23.24,0.0
101,2023,287,2051.0,11.93,0.0,23.23,0.0
101,2023,287,2052.0,11.93,0.0,23.22,0.0
101,2023,287,2053.0,11.94,0.0,23.21,0.0
101,2023,287,2054.0,11.94,0.0,23.21,0.0
101,2023,287,2055.0,11.94,0.0,23.22,0.0
101,2023,287,2056.0,11.93,0.0,23.23,0.0
101,2023,287,2057.0,11.94,0.0,23.23,0.0
101,2023,287,2058.0,11.93,0.0,23.23,0.0
101,2023,287,2059.0,11.93,0.0,23.24,0.0
101,2023,287,2100.0,11.93,0.0,23.25,0.0
101,2023,287,2101.0,11.93,0.0,23.25,0.0
101,2023,287,2102.0,11.93,0.0,23.25,0.0
101,2023,287,2103.0,11.94,0.0,23.25,0.0
101,2023,287,2104.0,11.93,0.0,23.24,0.0
101,2023,287,2105.0,11.94,0.0,23.25,0.0
101,2023,287,2106.0,11.93,0.0,23.25,0.0
101,2023,287,2107.0,11.94,0.0,23.24,0.0
101,2023,287,2108.0,11.94,0.0,23.24,0.0
101,2023,287,2109.0,11.94,0.0,23.23,0.0
101,2023,287,2110.0,11.93,0.0,23.22,0.0
101,2023,287,2111.0,11.93,0.0,23.21,0.0
101,2023,287,2112.0,11.93,0.0,23.2,0.0
101,2023,287,2113.0,11.93,0.0,23.19,0.0
101,2023,287,2114.0,11.93,0.0,23.18,0.0
101,2023,287,2115.0,11.94,0.0,23.16,0.0
101,2023,287,2116.0,11.93,0.0,23.14,0.0
101,2023,287,2117.0,11.94,0.0,23.13,0.0
101,2023,287,2118.0,11.93,0.0,23.12,0.0
101,2023,287,2119.0,11.93,0.0,23.11,0.0
101,2023,287,2120.0,11.93,0.0,23.1,0.0
101,2023,287,2121.0,11.93,0.0,23.09,0.0
101,2023,287,2122.0,11.93,0.0,23.09,0.0
101,2023,287,2123.0,11.93,0.0,23.08,0.0
101,2023,287,2124.0,11.92,0.0,23.07,0.0
101,2023,287,2125.0,11.93,0.0,23.06,0.0
101,2023,287,2126.0,11.91,0.0,23.07,0.0
101,2023,287,2127.0,11.92,0.0,23.07,0.0
101,2023,287,2128.0,11.92,0.0,23.08,0.0
101,2023,287,2129.0,11.92,0.0,23.08,0.0
101,2023,287,2130.0,11.91,0.0,23.07,0.0
101,2023,287,2131.0,11.9,0.0,23.06,0.0
101,2023,287,2132.0,11.89,0.0,23.07,0.0
101,2023,287,2133.0,11.89,0.0,23.08,0.0
101,2023,287,2134.0,11.9,0.0,23.08,0.0
101,2023,287,2135.0,11.91,0.0,23.09,0.0
101,2023,287,2136.0,11.91,0.0,23.08,0.0
101,2023,287,2137.0,11.92,0.0,23.09,0.0
101,2023,287,2138.0,11.92,0.0,23.09,0.0
101,2023,287,2139.0,11.92,0.0,23.09,0.0
101,2023,287,2140.0,11.92,0.0,23.08,0.0
101,2023,287,2141.0,11.92,0.0,23.09,0.0
101,2023,287,2142.0,11.92,0.0,23.08,0.0
101,2023,287,2143.0,11.92,0.0,23.06,0.0
101,2023,287,2144.0,11.92,0.0,23.06,0.0
101,2023,287,2145.0,11.92,0.0,23.06,0.0
101,2023,287,2146.0,11.92,0.0,23.06,0.0
101,2023,287,2147.0,11.93,0.0,23.06,0.0
101,2023,287,2148.0,11.93,0.0,23.06,0.0
101,2023,287,2149.0,11.93,0.0,23.06,0.0
101,2023,287,2150.0,11.93,0.0,23.04,0.0
101,2023,287,2151.0,11.93,0.0,23.03,0.0
101,2023,287,2152.0,11.93,0.0,23.02,0.0
101,2023,287,2153.0,11.93,0.0,23.04,0.0
101,2023,287,2154.0,11.93,0.0,23.03,0.0
101,2023,287,2155.0,11.93,0.0,23.03,0.0
101,2023,287,2156.0,11.93,0.0,23.01,0.0
101,2023,287,2157.0,11.93,0.0,23.0,0.0
101,2023,287,2158.0,11.93,0.0,22.99,0.0
101,2023,287,2159.0,11.93,0.0,22.99,0.0
101,2023,287,2200.0,11.93,0.0,22.99,0.0
101,2023,287,2201.0,11.93,0.0,22.97,0.0
101,2023,287,2202.0,11.93,0.0,22.95,0.0
101,2023,287,2203.0,11.93,0.0,22.94,0.0
101,2023,287,2204.0,11.93,0.0,22.93,0.0
101,2023,287,2205.0,11.93,0.0,22.91,0.0
101,2023,287,2206.0,11.93,0.0,22.89,0.0
101,2023,287,2207.0,11.93,0.0,22.87,0.0
101,2023,287,2208.0,11.93,0.0,22.85,0.0
101,2023,287,2209.0,11.94,0.0,22.82,0.0
101,2023,287,2210.0,11.93,0.0,22.8,0.0
101,2023,287,2211.0,11.93,0.0,22.78,0.0
101,2023,287,2212.0,11.93,0.0,22.76,0.0
101,2023,287,2213.0,11.93,0.0,22.74,0.0
101,2023,287,2214.0,11.93,0.0,22.72,0.0
101,2023,287,2215.0,11.93,0.0,22.71,0.0
101,2023,287,2216.0,11.93,0.0,22.7,0.0
101,2023,287,2217.0,11.93,0.0,22.7,0.0
101,2023,287,2218.0,11.93,0.0,22.69,0.0
101,2023,287,2219.0,11.93,0.0,22.69,0.0
101,2023,287,2220.0,11.93,0.0,22.69,0.0
101,2023,287,2221.0,11.93,0.0,22.67,0.0
101,2023,287,2222.0,11.93,0.0,22.67,0.0
101,2023,287,2223.0,11.93,0.0,22.65,0.0
101,2023,287,2224.0,11.93,0.0,22.64,0.0
101,2023,287,2225.0,11.93,0.0,22.62,0.0
101,2023,287,2226.0,11.93,0.0,22.64,0.0
101,2023,287,2227.0,11.93,0.0,22.6,0.0
101,2023,287,2228.0,11.94,0.0,22.57,0.0
101,2023,287,2229.0,11.94,0.0,22.55,0.0
101,2023,287,2230.0,11.93,0.0,22.53,0.0
101,2023,287,2231.0,11.94,0.0,22.5,0.0
101,2023,287,2232.0,11.93,0.0,22.49,0.0
101,2023,287,2233.0,11.94,0.0,22.47,0.0
101,2023,287,2234.0,11.93,0.0,22.47,0.0
101,2023,287,2235.0,11.93,0.0,22.47,0.0
101,2023,287,2236.0,11.93,0.0,22.46,0.0
101,2023,287,2237.0,11.94,0.0,22.45,0.0
101,2023,287,2238.0,11.93,0.0,22.45,0.0
101,2023,287,2239.0,11.93,0.0,22.44,0.0
101,2023,287,2240.0,11.93,0.0,22.42,0.0
101,2023,287,2241.0,11.93,0.0,22.42,0.0
101,2023,287,2242.0,11.93,0.0,22.43,0.0
101,2023,287,2243.0,11.93,0.0,22.42,0.0
101,2023,287,2244.0,11.93,0.0,22.42,0.0
101,2023,287,2245.0,11.93,0.0,22.41,0.0
101,2023,287,2246.0,11.93,0.0,22.39,0.0
101,2023,287,2247.0,11.93,0.0,22.38,0.0
101,2023,287,2248.0,11.93,0.0,22.38,0.0
101,2023,287,2249.0,11.93,0.0,22.36,0.0
101,2023,287,2250.0,11.93,0.0,22.36,0.0
101,2023,287,2251.0,11.93,0.0,22.33,0.0
101,2023,287,2252.0,11.93,0.0,22.31,0.0
101,2023,287,2253.0,11.93,0.0,22.26,0.0
101,2023,287,2254.0,11.92,0.0,22.18,0.0
101,2023,287,2255.0,11.93,0.0,22.13,0.0
101,2023,287,2256.0,11.93,0.0,22.1,0.0
101,2023,287,2257.0,11.93,0.0,22.07,0.0
101,2023,287,2258.0,11.92,0.0,22.06,0.0
101,2023,287,2259.0,11.93,0.0,22.07,0.0
101,2023,287,2300.0,11.93,0.0,22.07,0.0
101,2023,287,2301.0,11.93,0.0,22.05,0.0
101,2023,287,2302.0,11.92,0.0,22.02,0.0
101,2023,287,2303.0,11.92,0.0,22.0,0.0
101,2023,287,2304.0,11.92,0.0,21.98,0.0
101,2023,287,2305.0,11.92,0.0,21.97,0.0
101,2023,287,2306.0,11.92,0.0,21.95,0.0
101,2023,287,2307.0,11.92,0.0,21.93,0.0
101,2023,287,2308.0,11.92,0.0,21.92,0.0
101,2023,287,2309.0,11.92,0.0,21.9,0.0
101,2023,287,2310.0,11.92,0.0,21.91,0.0
101,2023,287,2311.0,11.92,0.0,21.92,0.0
101,2023,287,2312.0,11.92,0.0,21.92,0.0
101,2023,287,2313.0,11.92,0.0,21.93,0.0
101,2023,287,2314.0,11.92,0.0,21.94,0.0
101,2023,287,2315.0,11.92,0.0,21.92,0.0
101,2023,287,2316.0,11.92,0.0,21.94,0.0
101,2023,287,2317.0,11.92,0.0,21.93,0.0
101,2023,287,2318.0,11.91,0.0,21.94,0.0
101,2023,287,2319.0,11.92,0.0,21.94,0.0
101,2023,287,2320.0,11.92,0.0,21.91,0.0
101,2023,287,2321.0,11.92,0.0,21.9,0.0
101,2023,287,2322.0,11.92,0.0,21.92,0.0
101,2023,287,2323.0,11.91,0.0,21.92,0.0
101,2023,287,2324.0,11.91,0.0,21.91,0.0
101,2023,287,2325.0,11.91,0.0,21.88,0.0
101,2023,287,2326.0,11.91,0.0,21.86,0.0
101,2023,287,2327.0,11.91,0.0,21.88,0.0
101,2023,287,2328.0,11.91,0.0,21.87,0.0
101,2023,287,2329.0,11.91,0.0,21.85,0.0
101,2023,287,2330.0,11.91,0.0,21.83,0.0
101,2023,287,2331.0,11.91,0.0,21.86,0.0
101,2023,287,2332.0,11.91,0.0,21.87,0.0
101,2023,287,2333.0,11.91,0.0,21.84,0.0
101,2023,287,2334.0,11.9,0.0,21.83,0.0
101,2023,287,2335.0,11.9,0.0,21.83,0.0
101,2023,287,2336.0,11.9,0.0,21.8,0.0
101,2023,287,2337.0,11.9,0.0,21.81,0.0
101,2023,287,2338.0,11.89,0.0,21.81,0.0
101,2023,287,2339.0,11.89,0.0,21.81,0.0
101,2023,287,2340.0,11.89,0.0,21.79,0.0
101,2023,287,2341.0,11.89,0.0,21.77,0.0
101,2023,287,2342.0,11.88,0.0,21.78,0.0
101,2023,287,2343.0,11.89,0.0,21.78,0.0
101,2023,287,2344.0,11.89,0.0,21.75,0.0
101,2023,287,2345.0,11.89,0.0,21.73,0.0
101,2023,287,2346.0,11.9,0.0,21.75,0.0
101,2023,287,2347.0,11.9,0.0,21.7,0.0
101,2023,287,2348.0,11.9,0.0,21.54,0.0
101,2023,287,2349.0,11.91,0.0,21.53,0.0
101,2023,287,2350.0,11.91,0.0,21.53,0.0
101,2023,287,2351.0,11.91,0.0,21.54,0.0
101,2023,287,2352.0,11.9,0.0,21.52,0.0
101,2023,287,2353.0,11.91,0.0,21.53,0.0
101,2023,287,2354.0,11.9,0.0,21.52,0.0
101,2023,287,2355.0,11.91,0.0,21.51,0.0
101,2023,287,2356.0,11.9,0.0,21.48,0.0
101,2023,287,2357.0,11.91,0.0,21.36,0.0
101,2023,287,2358.0,11.9,0.0,21.31,0.0
101,2023,287,2359.0,11.91,0.0,21.26,0.0
