a,b,dia_juliano,d,e,f,g,h
101,2023,6,2400,12.71,0,22.41,0
101,2023,6,1,12.71,0,22.38,0
101,2023,6,2,12.71,0,22.38,0
101,2023,6,3,12.71,0,22.34,0
101,2023,6,4,12.71,0,22.33,0
101,2023,6,5,12.71,0,22.31,0
101,2023,6,6,12.71,0,22.28,0
101,2023,6,7,12.71,0,22.25,0
101,2023,6,8,12.71,0,22.28,0
101,2023,6,9,12.71,0,22.31,0
101,2023,6,10,12.71,0,22.31,0
101,2023,6,11,12.71,0,22.3,0
101,2023,6,12,12.71,0,22.33,0
101,2023,6,13,12.71,0,22.33,0
101,2023,6,14,12.71,0,22.36,0
101,2023,6,15,12.71,0,22.39,0
101,2023,6,16,12.71,0,22.43,0
101,2023,6,17,12.71,0,22.43,0
101,2023,6,18,12.71,0,22.43,0
101,2023,6,19,12.71,0,22.44,0
101,2023,6,20,12.71,0,22.42,0
101,2023,6,21,12.71,0,22.41,0
101,2023,6,22,12.71,0,22.41,0
101,2023,6,23,12.71,0,22.39,0
101,2023,6,24,12.71,0,22.39,0
101,2023,6,25,12.71,0,22.39,0
101,2023,6,26,12.71,0,22.4,0
101,2023,6,27,12.71,0,22.4,0
101,2023,6,28,12.7,0,22.39,0
101,2023,6,29,12.71,0,22.38,0
101,2023,6,30,12.71,0,22.39,0
101,2023,6,31,12.7,0,22.39,0
101,2023,6,32,12.7,0,22.41,0
101,2023,6,33,12.7,0,22.37,0
101,2023,6,34,12.7,0,22.37,0
101,2023,6,35,12.7,0,22.34,0
101,2023,6,36,12.7,0,22.35,0
101,2023,6,37,12.7,0,22.34,0
101,2023,6,38,12.7,0,22.34,0
101,2023,6,39,12.7,0,22.34,0
101,2023,6,40,12.7,0,22.33,0
101,2023,6,41,12.7,0,22.35,0
101,2023,6,42,12.7,0,22.34,0
101,2023,6,43,12.7,0,22.32,0
101,2023,6,44,12.7,0,22.3,0
101,2023,6,45,12.7,0,22.28,0
101,2023,6,46,12.7,0,22.25,0
101,2023,6,47,12.7,0,22.23,0
101,2023,6,48,12.7,0,22.25,0
101,2023,6,49,12.7,0,22.24,0
101,2023,6,50,12.7,0,22.25,0
101,2023,6,51,12.7,0,22.23,0
101,2023,6,52,12.7,0,22.22,0
101,2023,6,53,12.7,0,22.22,0
101,2023,6,54,12.7,0,22.22,0
101,2023,6,55,12.7,0,22.22,0
101,2023,6,56,12.7,0,22.21,0
101,2023,6,57,12.7,0,22.23,0
101,2023,6,58,12.7,0,22.27,0
101,2023,6,59,12.7,0,22.29,0
101,2023,6,100,12.7,0,22.3,0
101,2023,6,101,12.7,0,22.31,0
101,2023,6,102,12.7,0,22.31,0
101,2023,6,103,12.7,0,22.32,0
101,2023,6,104,12.7,0,22.3,0
101,2023,6,105,12.7,0,22.3,0
101,2023,6,106,12.7,0,22.29,0
101,2023,6,107,12.7,0,22.28,0
101,2023,6,108,12.7,0,22.24,0
101,2023,6,109,12.69,0,22.26,0
101,2023,6,110,12.7,0,22.26,0
101,2023,6,111,12.69,0,22.25,0
101,2023,6,112,12.7,0,22.26,0
101,2023,6,113,12.7,0,22.26,0
101,2023,6,114,12.69,0,22.27,0
101,2023,6,115,12.69,0,22.27,0
101,2023,6,116,12.69,0,22.29,0
101,2023,6,117,12.69,0,22.31,0
101,2023,6,118,12.69,0,22.33,0
101,2023,6,119,12.69,0,22.32,0
101,2023,6,120,12.69,0,22.33,0
101,2023,6,121,12.69,0,22.32,0
101,2023,6,122,12.69,0,22.31,0
101,2023,6,123,12.69,0,22.32,0
101,2023,6,124,12.69,0,22.32,0
101,2023,6,125,12.69,0,22.31,0
101,2023,6,126,12.69,0,22.31,0
101,2023,6,127,12.69,0,22.3,0
101,2023,6,128,12.69,0,22.32,0
101,2023,6,129,12.69,0,22.27,0
101,2023,6,130,12.69,0,22.21,0
101,2023,6,131,12.69,0,22.21,0
101,2023,6,132,12.69,0,22.16,0
101,2023,6,133,12.69,0,22.13,0
101,2023,6,134,12.69,0,22.1,0
101,2023,6,135,12.69,0,22.15,0
101,2023,6,136,12.69,0,22.15,0
101,2023,6,137,12.69,0,22.07,0
101,2023,6,138,12.69,0,22.08,0
101,2023,6,139,12.69,0,22.05,0
101,2023,6,140,12.69,0,21.99,0
101,2023,6,141,12.69,0,22.02,0
101,2023,6,142,12.69,0,22.04,0
101,2023,6,143,12.69,0,22.1,0
101,2023,6,144,12.68,0,22.11,0
101,2023,6,145,12.68,0,22.1,0
101,2023,6,146,12.68,0,22.02,0
101,2023,6,147,12.68,0,22.08,0
101,2023,6,148,12.68,0,22.11,0
101,2023,6,149,12.68,0,22.13,0
101,2023,6,150,12.68,0,22.13,0
101,2023,6,151,12.68,0,22.11,0
101,2023,6,152,12.68,0,22.11,0
101,2023,6,153,12.68,0,22.09,0
101,2023,6,154,12.68,0.056,22.02,0
101,2023,6,155,12.68,0.028,21.98,0
101,2023,6,156,12.68,0,21.98,0
101,2023,6,157,12.68,0,21.96,0
101,2023,6,158,12.68,0,21.95,0
101,2023,6,159,12.68,0,22,0
101,2023,6,200,12.68,0,22.05,0
101,2023,6,201,12.68,0,22.08,0
101,2023,6,202,12.68,0,22.1,0
101,2023,6,203,12.68,0,22.1,0
101,2023,6,204,12.68,0,22.1,0
101,2023,6,205,12.68,0,22.12,0
101,2023,6,206,12.68,0,22.13,0
101,2023,6,207,12.68,0,22.15,0
101,2023,6,208,12.68,0,22.18,0
101,2023,6,209,12.68,0,22.2,0
101,2023,6,210,12.68,0,22.2,0
101,2023,6,211,12.68,0,22.18,0
101,2023,6,212,12.68,0,22.2,0
101,2023,6,213,12.68,0,22.22,0
101,2023,6,214,12.68,0,22.22,0
101,2023,6,215,12.67,0,22.2,0
101,2023,6,216,12.68,0,22.19,0
101,2023,6,217,12.68,0,22.2,0
101,2023,6,218,12.68,0,22.21,0
101,2023,6,219,12.68,0,22.25,0
101,2023,6,220,12.67,0,22.22,0
101,2023,6,221,12.67,0,22.22,0
101,2023,6,222,12.67,0,22.23,0
101,2023,6,223,12.67,0,22.2,0
101,2023,6,224,12.68,0,22.19,0
101,2023,6,225,12.67,0,22.17,0
101,2023,6,226,12.67,0,22.16,0
101,2023,6,227,12.67,0,22.15,0
101,2023,6,228,12.67,0,22.15,0
101,2023,6,229,12.67,0,22.14,0
101,2023,6,230,12.67,0,22.14,0
101,2023,6,231,12.67,0,22.12,0
101,2023,6,232,12.67,0,22.11,0
101,2023,6,233,12.67,0,22.13,0
101,2023,6,234,12.67,0,22.1,0
101,2023,6,235,12.67,0,22.06,0
101,2023,6,236,12.67,0,22.04,0
101,2023,6,237,12.67,0,22.05,0
101,2023,6,238,12.67,0,22.08,0
101,2023,6,239,12.67,0,22.09,0
101,2023,6,240,12.67,0,22.1,0
101,2023,6,241,12.67,0,22.09,0
101,2023,6,242,12.67,0,22.07,0
101,2023,6,243,12.67,0,22.08,0
101,2023,6,244,12.66,0,22.07,0
101,2023,6,245,12.67,0,22.04,0
101,2023,6,246,12.67,0,22.06,0
101,2023,6,247,12.66,0,22.03,0
101,2023,6,248,12.66,0,22.02,0
101,2023,6,249,12.66,0,22.04,0
101,2023,6,250,12.66,0,22.01,0
101,2023,6,251,12.66,0,21.99,0
101,2023,6,252,12.66,0,21.97,0
101,2023,6,253,12.66,0,21.97,0
101,2023,6,254,12.66,0,22,0
101,2023,6,255,12.66,0,21.99,0
101,2023,6,256,12.66,0,21.97,0
101,2023,6,257,12.66,0,21.96,0
101,2023,6,258,12.66,0,21.95,0
101,2023,6,259,12.66,0,21.98,0
101,2023,6,300,12.66,0,21.97,0
101,2023,6,301,12.66,0,21.95,0
101,2023,6,302,12.66,0,21.94,0
101,2023,6,303,12.66,0,21.95,0
101,2023,6,304,12.66,0,21.96,0
101,2023,6,305,12.66,0,21.96,0
101,2023,6,306,12.66,0,21.98,0
101,2023,6,307,12.66,0,22,0
101,2023,6,308,12.66,0,22,0
101,2023,6,309,12.65,0,21.97,0
101,2023,6,310,12.66,0,21.96,0
101,2023,6,311,12.66,0,21.93,0
101,2023,6,312,12.66,0,21.91,0
101,2023,6,313,12.66,0,21.93,0
101,2023,6,314,12.66,0,21.97,0
101,2023,6,315,12.65,0,21.96,0
101,2023,6,316,12.65,0,22,0
101,2023,6,317,12.65,0,22.01,0
101,2023,6,318,12.65,0,22,0
101,2023,6,319,12.65,0,22,0
101,2023,6,320,12.65,0,22.02,0
101,2023,6,321,12.65,0,22.01,0
101,2023,6,322,12.65,0,22.05,0
101,2023,6,323,12.65,0,22.07,0
101,2023,6,324,12.65,0,22.04,0
101,2023,6,325,12.65,0,22.05,0
101,2023,6,326,12.65,0,22.04,0
101,2023,6,327,12.65,0,22.01,0
101,2023,6,328,12.65,0,22.04,0
101,2023,6,329,12.65,0,22.05,0
101,2023,6,330,12.65,0,22.04,0
101,2023,6,331,12.65,0,22.01,0
101,2023,6,332,12.65,0,21.97,0
101,2023,6,333,12.65,0,21.98,0
101,2023,6,334,12.65,0,22,0
101,2023,6,335,12.65,0,22.01,0
101,2023,6,336,12.65,0,22.03,0
101,2023,6,337,12.65,0,22.06,0
101,2023,6,338,12.65,0,22.06,0
101,2023,6,339,12.65,0,22.08,0
101,2023,6,340,12.65,0,22.08,0
101,2023,6,341,12.65,0,22.05,0
101,2023,6,342,12.65,0,22.06,0
101,2023,6,343,12.64,0,22.07,0
101,2023,6,344,12.64,0,22.06,0
101,2023,6,345,12.64,0,22.05,0
101,2023,6,346,12.64,0,22.08,0
101,2023,6,347,12.64,0,22.09,0
101,2023,6,348,12.64,0,22.08,0
101,2023,6,349,12.64,0,22.09,0
101,2023,6,350,12.64,0,22.06,0
101,2023,6,351,12.64,0,22.05,0
101,2023,6,352,12.64,0,22.05,0
101,2023,6,353,12.64,0,22.04,0
101,2023,6,354,12.64,0,22.04,0
101,2023,6,355,12.64,0,22,0
101,2023,6,356,12.64,0,21.97,0
101,2023,6,357,12.64,0,22,0
101,2023,6,358,12.64,0,22,0
101,2023,6,359,12.64,0,22.02,0
101,2023,6,400,12.64,0,22.01,0
101,2023,6,401,12.64,0,22.03,0
101,2023,6,402,12.64,0,22.01,0
101,2023,6,403,12.64,0,22.01,0
101,2023,6,404,12.64,0,22,0
101,2023,6,405,12.64,0,21.96,0
101,2023,6,406,12.64,0,21.96,0
101,2023,6,407,12.64,0,21.95,0
101,2023,6,408,12.64,0,21.91,0
101,2023,6,409,12.64,0,21.91,0
101,2023,6,410,12.64,0,21.91,0
101,2023,6,411,12.64,0,21.92,0
101,2023,6,412,12.64,0,21.93,0
101,2023,6,413,12.64,0,21.95,0
101,2023,6,414,12.64,0.028,21.95,0
101,2023,6,415,12.64,0,21.91,0
101,2023,6,416,12.64,0,21.86,0
101,2023,6,417,12.64,0,21.89,0
101,2023,6,418,12.64,0,21.86,0
101,2023,6,419,12.64,0,21.8,0
101,2023,6,420,12.64,0,21.75,0
101,2023,6,421,12.64,0,21.74,0
101,2023,6,422,12.64,0,21.75,0
101,2023,6,423,12.64,0,21.77,0
101,2023,6,424,12.64,0.028,21.75,0
101,2023,6,425,12.64,0,21.74,0
101,2023,6,426,12.64,0,21.74,0
101,2023,6,427,12.64,0.028,21.71,0
101,2023,6,428,12.64,0,21.68,0
101,2023,6,429,12.64,0,21.72,0
101,2023,6,430,12.64,0,21.7,0
101,2023,6,431,12.64,0,21.7,0
101,2023,6,432,12.64,0.028,21.72,0
101,2023,6,433,12.64,0,21.71,0
101,2023,6,434,12.64,0,21.74,0
101,2023,6,435,12.63,0,21.78,0
101,2023,6,436,12.63,0,21.8,0
101,2023,6,437,12.63,0,21.8,0
101,2023,6,438,12.63,0,21.79,0
101,2023,6,439,12.63,0,21.78,0
101,2023,6,440,12.63,0,21.76,0
101,2023,6,441,12.63,0.028,21.74,0
101,2023,6,442,12.63,0,21.74,0
101,2023,6,443,12.63,0.028,21.74,0
101,2023,6,444,12.63,0,21.74,0
101,2023,6,445,12.63,0,21.72,0
101,2023,6,446,12.63,0.028,21.73,0
101,2023,6,447,12.63,0.028,21.73,0
101,2023,6,448,12.63,0.085,21.68,0
101,2023,6,449,12.63,0.056,21.7,0
101,2023,6,450,12.63,0.31,21.71,0
101,2023,6,451,12.63,0.479,21.71,0
101,2023,6,452,12.63,0.677,21.68,0
101,2023,6,453,12.63,0.677,21.67,0
101,2023,6,454,12.63,0.677,21.67,0
101,2023,6,455,12.63,0.677,21.67,0
101,2023,6,456,12.63,0.846,21.62,0
101,2023,6,457,12.63,1.156,21.62,0
101,2023,6,458,12.63,1.353,21.63,0
101,2023,6,459,12.63,1.353,21.63,0
101,2023,6,500,12.63,1.41,21.64,0
101,2023,6,501,12.63,1.861,21.68,0
101,2023,6,502,12.63,2.03,21.69,0
101,2023,6,503,12.63,2.143,21.66,0
101,2023,6,504,12.63,2.679,21.67,0
101,2023,6,505,12.63,2.763,21.66,0
101,2023,6,506,12.63,3.299,21.69,0
101,2023,6,507,12.63,3.581,21.66,0
101,2023,6,508,12.63,4.06,21.68,0
101,2023,6,509,12.62,4.399,21.66,0
101,2023,6,510,12.62,4.681,21.65,0
101,2023,6,511,12.62,5.16,21.69,0
101,2023,6,512,12.62,5.78,21.77,0
101,2023,6,513,12.62,6.401,21.77,0
101,2023,6,514,12.63,7.25,21.77,0
101,2023,6,515,12.63,8.21,21.81,0
101,2023,6,516,12.63,9.25,21.91,0
101,2023,6,517,12.64,9.98,21.86,0
101,2023,6,518,12.65,10.6,21.79,0
101,2023,6,519,12.65,11.31,21.79,0
101,2023,6,520,12.66,12.01,21.8,0
101,2023,6,521,12.67,12.52,21.82,0
101,2023,6,522,12.68,13.34,21.77,0
101,2023,6,523,12.69,15.31,21.79,0
101,2023,6,524,12.71,16.95,21.79,0
101,2023,6,525,12.73,17.99,21.81,0
101,2023,6,526,12.75,19.17,21.78,0
101,2023,6,527,12.77,20.27,21.77,0
101,2023,6,528,12.8,21.29,21.77,0
101,2023,6,529,12.82,22.16,21.77,0
101,2023,6,530,12.85,23.26,21.76,0
101,2023,6,531,12.88,24.36,21.72,0
101,2023,6,532,12.91,25.43,21.73,0
101,2023,6,533,12.94,26.65,21.76,0
101,2023,6,534,12.97,28.28,21.81,0
101,2023,6,535,13.01,29.41,21.8,0
101,2023,6,536,13.04,30.11,21.83,0
101,2023,6,537,13.08,31.24,21.83,0
101,2023,6,538,13.12,32.57,21.85,0
101,2023,6,539,13.16,38.26,21.89,0
101,2023,6,540,13.2,49.26,21.88,0
101,2023,6,541,13.24,55.55,21.88,0
101,2023,6,542,13.25,57.69,21.91,0
101,2023,6,543,13.26,60.2,21.9,0
101,2023,6,544,13.26,62.63,21.9,0
101,2023,6,545,13.26,64.37,21.92,0
101,2023,6,546,13.26,66.38,21.98,0
101,2023,6,547,13.26,68.86,22.03,0
101,2023,6,548,13.26,71.5,22.06,0
101,2023,6,549,13.26,74.2,22.09,0
101,2023,6,550,13.26,76.7,22.13,0
101,2023,6,551,13.26,78.5,22.14,0
101,2023,6,552,13.26,81.2,22.17,0
101,2023,6,553,13.26,84.1,22.22,0
101,2023,6,554,13.26,86.7,22.25,0
101,2023,6,555,13.26,88.9,22.28,0
101,2023,6,556,13.26,91,22.33,0
101,2023,6,557,13.26,93.8,22.37,0
101,2023,6,558,13.26,96.7,22.44,0
101,2023,6,559,13.26,98.9,22.49,0
101,2023,6,600,13.26,101.3,22.53,0
101,2023,6,601,13.26,104.5,22.59,0
101,2023,6,602,13.26,107,22.62,0
101,2023,6,603,13.26,109.4,22.65,0
101,2023,6,604,13.26,111.2,22.74,0
101,2023,6,605,13.26,113.4,22.78,0
101,2023,6,606,13.26,116.5,22.85,0
101,2023,6,607,13.26,119.4,22.91,0
101,2023,6,608,13.25,121.9,22.96,0
101,2023,6,609,13.26,124,23.01,0
101,2023,6,610,13.25,128.1,23.08,0
101,2023,6,611,13.25,131.4,23.11,0
101,2023,6,612,13.25,132.7,23.15,0
101,2023,6,613,13.25,136.4,23.22,0
101,2023,6,614,13.25,140.7,23.26,0
101,2023,6,615,13.25,144.3,23.35,0
101,2023,6,616,13.25,147.9,23.4,0
101,2023,6,617,13.25,151.3,23.49,0
101,2023,6,618,13.24,155.6,23.55,0
101,2023,6,619,13.24,159.3,23.59,0
101,2023,6,620,13.24,163.3,23.73,0
101,2023,6,621,13.24,166,23.81,0
101,2023,6,622,13.24,170.4,23.71,0
101,2023,6,623,13.24,174.8,23.75,0
101,2023,6,624,13.24,179.1,23.8,0
101,2023,6,625,13.24,183.3,23.92,0
101,2023,6,626,13.24,187.5,24.03,0
101,2023,6,627,13.23,190.5,24.09,0
101,2023,6,628,13.23,194.6,24.07,0
101,2023,6,629,13.23,198.4,24.11,0
101,2023,6,630,13.23,203.5,24.14,0
101,2023,6,631,13.23,208.3,24.2,0
101,2023,6,632,13.23,213,24.22,0
101,2023,6,633,13.23,216.9,24.27,0
101,2023,6,634,13.23,221,24.33,0
101,2023,6,635,13.23,225,24.37,0
101,2023,6,636,13.22,228.5,24.39,0
101,2023,6,637,13.22,232.3,24.39,0
101,2023,6,638,13.22,236.5,24.51,0
101,2023,6,639,13.22,240.4,24.51,0
101,2023,6,640,13.22,245.1,24.52,0
101,2023,6,641,13.22,248.9,24.57,0
101,2023,6,642,13.22,252.8,24.58,0
101,2023,6,643,13.22,255.4,24.59,0
101,2023,6,644,13.22,257.3,24.7,0
101,2023,6,645,13.22,260.3,24.83,0
101,2023,6,646,13.21,263.3,24.9,0
101,2023,6,647,13.21,266.6,24.9,0
101,2023,6,648,13.21,270.3,24.94,0
101,2023,6,649,13.21,272.9,25.02,0
101,2023,6,650,13.21,275.5,24.88,0
101,2023,6,651,13.21,278.6,24.91,0
101,2023,6,652,13.21,282.9,24.96,0
101,2023,6,653,13.2,286.3,25.01,0
101,2023,6,654,13.2,289.7,25,0
101,2023,6,655,13.2,293.7,25.01,0
101,2023,6,656,13.2,297.3,25.05,0
101,2023,6,657,13.2,301.8,25.18,0
101,2023,6,658,13.2,305.6,25.26,0
101,2023,6,659,13.2,310.6,25.27,0
101,2023,6,700,13.2,315.8,25.25,0
101,2023,6,701,13.2,318.3,25.28,0
101,2023,6,702,13.19,326.7,25.34,0
101,2023,6,703,13.19,328.6,25.49,0
101,2023,6,704,13.19,332.7,25.42,0
101,2023,6,705,13.19,338.3,25.41,0
101,2023,6,706,13.19,342.2,25.4,0
101,2023,6,707,13.19,344.8,25.54,0
101,2023,6,708,13.19,348.9,25.58,0
101,2023,6,709,13.18,356.5,25.66,0
101,2023,6,710,13.18,358.1,25.65,0
101,2023,6,711,13.18,361.5,25.69,0
101,2023,6,712,13.18,333.6,25.65,0
101,2023,6,713,13.18,370.5,25.64,0
101,2023,6,714,13.18,374.2,25.68,0
101,2023,6,715,13.18,378.6,25.76,0
101,2023,6,716,13.18,383.6,25.84,0
101,2023,6,717,13.18,389.3,25.86,0
101,2023,6,718,13.18,390.4,25.77,0
101,2023,6,719,13.17,232.2,25.78,0
101,2023,6,720,13.17,371.2,25.75,0
101,2023,6,721,13.17,260.5,25.86,0
101,2023,6,722,13.17,230.9,25.85,0
101,2023,6,723,13.17,413.6,25.76,0
101,2023,6,724,13.17,416.3,25.83,0
101,2023,6,725,13.17,422.9,25.95,0
101,2023,6,726,13.17,429.5,26.1,0
101,2023,6,727,13.17,400.5,26.02,0
101,2023,6,728,13.17,393.5,25.94,0
101,2023,6,729,13.17,449.2,25.95,0
101,2023,6,730,13.16,270,26.1,0
101,2023,6,731,13.16,333.4,26.11,0
101,2023,6,732,13.16,475.3,26.01,0
101,2023,6,733,13.16,511.5,26.12,0
101,2023,6,734,13.16,564,26.3,0
101,2023,6,735,13.16,569.1,26.47,0
101,2023,6,736,13.16,564.9,26.62,0
101,2023,6,737,13.16,530.4,26.56,0
101,2023,6,738,13.15,521.7,26.51,0
101,2023,6,739,13.15,544.1,26.59,0
101,2023,6,740,13.15,572.6,26.7,0
101,2023,6,741,13.15,609.2,26.72,0
101,2023,6,742,13.15,632.7,26.76,0
101,2023,6,743,13.14,582.3,26.89,0
101,2023,6,744,13.15,619.8,26.85,0
101,2023,6,745,13.15,326.3,27,0
101,2023,6,746,13.15,422.2,27.01,0
101,2023,6,747,13.14,697.2,27.01,0
101,2023,6,748,13.14,547.2,27.07,0
101,2023,6,749,13.14,670.7,27.14,0
101,2023,6,750,13.14,629.1,27.12,0
101,2023,6,751,13.14,287.1,27.06,0
101,2023,6,752,13.14,307,26.86,0
101,2023,6,753,13.14,687.6,26.62,0
101,2023,6,754,13.14,597.3,26.74,0
101,2023,6,755,13.14,323.7,26.82,0
101,2023,6,756,13.14,437.5,26.74,0
101,2023,6,757,13.13,520.1,26.86,0
101,2023,6,758,13.14,369.7,26.95,0
101,2023,6,759,13.14,469.5,26.95,0
101,2023,6,800,13.13,257.3,26.9,0
101,2023,6,801,13.14,242,26.83,0
101,2023,6,802,13.14,437,26.75,0
101,2023,6,803,13.14,727,26.93,0
101,2023,6,804,13.14,653.5,27.1,0
101,2023,6,805,13.14,316.5,27.18,0
101,2023,6,806,13.14,235.5,27,0
101,2023,6,807,13.14,610.5,26.97,0
101,2023,6,808,13.14,677.6,27.02,0
101,2023,6,809,13.13,490.6,27.15,0
101,2023,6,810,13.14,215.7,27.27,0
101,2023,6,811,13.13,395.7,27.2,0
101,2023,6,812,13.13,242.6,27.17,0
101,2023,6,813,13.13,314.7,27.07,0
101,2023,6,814,13.13,404.4,26.99,0
101,2023,6,815,13.13,673.9,27.02,0
101,2023,6,816,13.13,421.8,27.11,0
101,2023,6,817,13.13,219.9,27.12,0
101,2023,6,818,13.13,206.3,27.12,0
101,2023,6,819,13.13,344.2,27.08,0
101,2023,6,820,13.13,308.7,27.05,0
101,2023,6,821,13.13,219.4,27.08,0
101,2023,6,822,13.13,224.6,27.11,0
101,2023,6,823,13.13,220.3,27.08,0
101,2023,6,824,13.13,213,27.03,0
101,2023,6,825,13.13,220.9,26.98,0
101,2023,6,826,13.14,414.5,26.96,0
101,2023,6,827,13.13,734,27.07,0
101,2023,6,828,13.14,710,27.21,0
101,2023,6,829,13.14,718,27.49,0
101,2023,6,830,13.14,729,27.76,0
101,2023,6,831,13.13,599.7,28,0
101,2023,6,832,13.13,429.1,27.8,0
101,2023,6,833,13.13,751,27.76,0
101,2023,6,834,13.13,548.7,27.95,0
101,2023,6,835,13.13,568.6,27.94,0
101,2023,6,836,13.13,645.6,27.93,0
101,2023,6,837,13.13,398.2,27.91,0
101,2023,6,838,13.12,710,27.76,0
101,2023,6,839,13.13,764,27.78,0
101,2023,6,840,13.12,754,27.97,0
101,2023,6,841,13.12,752,28.3,0
101,2023,6,842,13.12,761,28.44,0
101,2023,6,843,13.12,242.5,28.4,0
101,2023,6,844,13.12,327.4,28.19,0
101,2023,6,845,13.12,197.1,28.06,0
101,2023,6,846,13.12,350.3,27.86,0
101,2023,6,847,13.11,766,27.8,0
101,2023,6,848,13.12,780,27.88,0
101,2023,6,849,13.12,783,28.03,0
101,2023,6,850,13.12,802,28.4,0
101,2023,6,851,13.11,714,28.45,0
101,2023,6,852,13.11,274.6,28.66,0
101,2023,6,853,13.11,235.4,28.29,0
101,2023,6,854,13.11,216.7,28.03,0
101,2023,6,855,13.11,221.4,28.01,0
101,2023,6,856,13.11,724,27.99,0
101,2023,6,857,13.11,453.2,27.99,0
101,2023,6,858,13.11,407.7,28.18,0
101,2023,6,859,13.11,223,28.21,0
101,2023,6,900,13.11,187.3,28.07,0
101,2023,6,901,13.11,182.4,27.93,0
101,2023,6,902,13.11,393.5,27.82,0
101,2023,6,903,13.11,840,27.83,0
101,2023,6,904,13.11,704,27.99,0
101,2023,6,905,13.12,662.4,28.19,0
101,2023,6,906,13.11,842,28.48,0
101,2023,6,907,13.11,844,28.83,0
101,2023,6,908,13.11,830,28.82,0
101,2023,6,909,13.11,825,28.76,0
101,2023,6,910,13.11,827,28.78,0
101,2023,6,911,13.11,832,28.74,0
101,2023,6,912,13.11,831,28.81,0
101,2023,6,913,13.11,843,28.92,0
101,2023,6,914,13.11,852,29,0
101,2023,6,915,13.1,859,28.89,0
101,2023,6,916,13.1,863,29,0
101,2023,6,917,13.11,866,28.87,0
101,2023,6,918,13.1,867,28.81,0
101,2023,6,919,13.1,864,28.98,0
101,2023,6,920,13.1,864,29.04,0
101,2023,6,921,13.1,866,29.03,0
101,2023,6,922,13.1,874,28.94,0
101,2023,6,923,13.1,885,29.15,0
101,2023,6,924,13.1,884,29.39,0
101,2023,6,925,13.09,886,29.48,0
101,2023,6,926,13.09,893,29.46,0
101,2023,6,927,13.09,903,29.55,0
101,2023,6,928,13.09,912,29.65,0
101,2023,6,929,13.09,917,29.83,0
101,2023,6,930,13.09,909,29.69,0
101,2023,6,931,13.09,903,29.62,0
101,2023,6,932,13.09,898,29.78,0
101,2023,6,933,13.09,893,29.71,0
101,2023,6,934,13.09,901,29.59,0
101,2023,6,935,13.08,915,29.83,0
101,2023,6,936,13.09,920,29.53,0
101,2023,6,937,13.08,919,29.39,0
101,2023,6,938,13.08,921,29.68,0
101,2023,6,939,13.08,931,29.92,0
101,2023,6,940,13.08,943,29.81,0
101,2023,6,941,13.08,956,29.76,0
101,2023,6,942,13.08,961,29.76,0
101,2023,6,943,13.08,961,29.8,0
101,2023,6,944,13.08,951,29.67,0
101,2023,6,945,13.08,941,29.73,0
101,2023,6,946,13.08,931,29.8,0
101,2023,6,947,13.08,925,29.86,0
101,2023,6,948,13.08,927,29.83,0
101,2023,6,949,13.08,932,29.85,0
101,2023,6,950,13.08,934,29.77,0
101,2023,6,951,13.08,937,29.78,0
101,2023,6,952,13.08,945,29.91,0
101,2023,6,953,13.08,948,29.93,0
101,2023,6,954,13.08,948,29.91,0
101,2023,6,955,13.08,946,30.16,0
101,2023,6,956,13.08,948,30.12,0
101,2023,6,957,13.08,960,30.06,0
101,2023,6,958,13.08,971,30.28,0
101,2023,6,959,13.08,978,30.36,0
101,2023,6,1000,13.08,992,30,0
101,2023,6,1001,13.08,1000,29.83,0
101,2023,6,1002,13.08,1005,30.14,0
101,2023,6,1003,13.08,1000,30.27,0
101,2023,6,1004,13.08,1007,30.47,0
101,2023,6,1005,13.08,753,30.56,0
101,2023,6,1006,13.08,315.9,30.53,0
101,2023,6,1007,13.08,583.8,30.58,0
101,2023,6,1008,13.08,913,30.28,0
101,2023,6,1009,13.08,1038,30.11,0
101,2023,6,1010,13.08,1027,30.12,0
101,2023,6,1011,13.08,675.7,30.27,0
101,2023,6,1012,13.08,554.5,30.39,0
101,2023,6,1013,13.08,972,30.34,0
101,2023,6,1014,13.08,942,30.24,0
101,2023,6,1015,13.08,1010,30.42,0
101,2023,6,1016,13.08,1000,30.46,0
101,2023,6,1017,13.08,991,30.19,0
101,2023,6,1018,13.09,987,30.02,0
101,2023,6,1019,13.08,984,30.08,0
101,2023,6,1020,13.08,990,30.13,0
101,2023,6,1021,13.08,927,30.12,0
101,2023,6,1022,13.08,621.3,30.21,0
101,2023,6,1023,13.08,1010,30.32,0
101,2023,6,1024,13.08,1011,30.39,0
101,2023,6,1025,13.08,1012,30.49,0
101,2023,6,1026,13.08,1011,30.47,0
101,2023,6,1027,13.08,1006,30.48,0
101,2023,6,1028,13.08,1000,30.32,0
101,2023,6,1029,13.08,997,30.41,0
101,2023,6,1030,13.08,1001,30.52,0
101,2023,6,1031,13.08,1010,30.5,0
101,2023,6,1032,13.08,1016,30.63,0
101,2023,6,1033,13.08,1014,30.62,0
101,2023,6,1034,13.09,1022,30.5,0
101,2023,6,1035,13.08,1022,30.28,0
101,2023,6,1036,13.08,1026,30.18,0
101,2023,6,1037,13.08,1017,30.22,0
101,2023,6,1038,13.09,1013,30.44,0
101,2023,6,1039,13.08,1006,30.65,0
101,2023,6,1040,13.08,1003,30.74,0
101,2023,6,1041,13.08,1007,30.75,0
101,2023,6,1042,13.08,1018,30.59,0
101,2023,6,1043,13.08,1042,30.39,0
101,2023,6,1044,13.08,1072,30.5,0
101,2023,6,1045,13.08,1104,30.62,0
101,2023,6,1046,13.08,847,30.78,0
101,2023,6,1047,13.08,520.5,31.01,0
101,2023,6,1048,13.08,1067,30.82,0
101,2023,6,1049,13.08,1057,30.88,0
101,2023,6,1050,13.08,1041,30.57,0
101,2023,6,1051,13.08,1040,30.69,0
101,2023,6,1052,13.08,1039,30.89,0
101,2023,6,1053,13.08,1032,31.16,0
101,2023,6,1054,13.08,1030,31.19,0
101,2023,6,1055,13.08,1032,31.29,0
101,2023,6,1056,13.08,1027,31.14,0
101,2023,6,1057,13.09,1026,31.22,0
101,2023,6,1058,13.08,1033,31.42,0
101,2023,6,1059,13.08,1037,31.43,0
101,2023,6,1100,13.08,1045,31.44,0
101,2023,6,1101,13.08,1051,31.3,0
101,2023,6,1102,13.08,1061,31.07,0
101,2023,6,1103,13.08,1079,30.95,0
101,2023,6,1104,13.08,1095,30.85,0
101,2023,6,1105,13.08,1118,31.16,0
101,2023,6,1106,13.08,1092,31.27,0
101,2023,6,1107,13.08,514.5,31.1,0
101,2023,6,1108,13.09,613.1,31.19,0
101,2023,6,1109,13.08,294.9,31.15,0
101,2023,6,1110,13.08,292.8,30.97,0
101,2023,6,1111,13.08,503.9,30.84,0
101,2023,6,1112,13.08,368.3,30.79,0
101,2023,6,1113,13.08,968,30.66,0
101,2023,6,1114,13.08,1129,30.9,0
101,2023,6,1115,13.08,1114,30.96,0
101,2023,6,1116,13.08,1113,31.05,0
101,2023,6,1117,13.08,1106,31.35,0
101,2023,6,1118,13.08,871,31.44,0
101,2023,6,1119,13.08,321.1,31.01,0
101,2023,6,1120,13.08,301.7,30.99,0
101,2023,6,1121,13.08,318.1,30.89,0
101,2023,6,1122,13.08,377.7,30.77,0
101,2023,6,1123,13.08,696.1,30.59,0
101,2023,6,1124,13.08,440.4,30.74,0
101,2023,6,1125,13.08,524.4,30.87,0
101,2023,6,1126,13.08,777,30.86,0
101,2023,6,1127,13.08,1035,31.03,0
101,2023,6,1128,13.08,1187,31.17,0
101,2023,6,1129,13.08,1157,31.07,0
101,2023,6,1130,13.08,1207,31.08,0
101,2023,6,1131,13.08,608.4,31.44,0
101,2023,6,1132,13.08,439.2,31.63,0
101,2023,6,1133,13.08,613.8,31.41,0
101,2023,6,1134,13.08,473.3,31.41,0
101,2023,6,1135,13.08,443.3,31.15,0
101,2023,6,1136,13.08,607.4,31.17,0
101,2023,6,1137,13.08,685.9,31.03,0
101,2023,6,1138,13.08,481.6,31.14,0
101,2023,6,1139,13.08,493.7,31.27,0
101,2023,6,1140,13.08,755,31.16,0
101,2023,6,1141,13.08,1067,31,0
101,2023,6,1142,13.08,1241,30.85,0
101,2023,6,1143,13.08,1208,31.05,0
101,2023,6,1144,13.08,1179,30.92,0
101,2023,6,1145,13.08,1158,30.92,0
101,2023,6,1146,13.08,1127,30.89,0
101,2023,6,1147,13.08,424.8,31,0
101,2023,6,1148,13.08,276.1,31.01,0
101,2023,6,1149,13.08,250.3,30.72,0
101,2023,6,1150,13.08,241.7,30.55,0
101,2023,6,1151,13.08,231.2,30.44,0
101,2023,6,1152,13.08,228.2,30.29,0
101,2023,6,1153,13.07,239.2,30.06,0
101,2023,6,1154,13.08,239,30.06,0
101,2023,6,1155,13.08,253.1,30,0
101,2023,6,1156,13.08,255.7,29.98,0
101,2023,6,1157,13.08,282.2,29.94,0
101,2023,6,1158,13.08,383.7,29.99,0
101,2023,6,1159,13.08,1050,30.1,0
101,2023,6,1200,13.08,1076,30.34,0
101,2023,6,1201,13.08,1084,30.56,0
101,2023,6,1202,13.08,1102,30.83,0
101,2023,6,1203,13.08,1116,31,0
101,2023,6,1204,13.08,879,30.99,0
101,2023,6,1205,13.08,357.8,30.56,0
101,2023,6,1206,13.08,402.8,30.42,0
101,2023,6,1207,13.08,1056,30.63,0
101,2023,6,1208,13.08,1040,31.13,0
101,2023,6,1209,13.08,1024,31.12,0
101,2023,6,1210,13.09,1018,31.15,0
101,2023,6,1211,13.08,1014,31.06,0
101,2023,6,1212,13.08,1008,30.93,0
101,2023,6,1213,13.08,993,30.72,0
101,2023,6,1214,13.08,1014,30.97,0
101,2023,6,1215,13.08,1010,30.93,0
101,2023,6,1216,13.08,1004,30.97,0
101,2023,6,1217,13.08,1001,31.37,0
101,2023,6,1218,13.08,993,31.6,0
101,2023,6,1219,13.08,994,31.6,0
101,2023,6,1220,13.08,1003,31.59,0
101,2023,6,1221,13.08,1016,31.67,0
101,2023,6,1222,13.08,1030,31.84,0
101,2023,6,1223,13.08,1041,31.6,0
101,2023,6,1224,13.08,1060,31.64,0
101,2023,6,1225,13.08,1078,31.52,0
101,2023,6,1226,13.08,1092,31.84,0
101,2023,6,1227,13.08,1123,31.98,0
101,2023,6,1228,13.08,656.7,31.84,0
101,2023,6,1229,13.08,315.8,31.68,0
101,2023,6,1230,13.08,568.7,31.63,0
101,2023,6,1231,13.08,937,31.61,0
101,2023,6,1232,13.08,1047,31.48,0
101,2023,6,1233,13.08,1036,31.52,0
101,2023,6,1234,13.08,1026,31.46,0
101,2023,6,1235,13.08,1023,31.47,0
101,2023,6,1236,13.08,1035,31.75,0
101,2023,6,1237,13.08,1050,31.81,0
101,2023,6,1238,13.08,1057,31.74,0
101,2023,6,1239,13.08,985,31.43,0
101,2023,6,1240,13.08,1069,31.59,0
101,2023,6,1241,13.08,1027,31.58,0
101,2023,6,1242,13.08,906,31.37,0
101,2023,6,1243,13.08,964,31.41,0
101,2023,6,1244,13.08,966,31.43,0
101,2023,6,1245,13.08,965,31.39,0
101,2023,6,1246,13.08,977,31.56,0
101,2023,6,1247,13.08,994,31.6,0
101,2023,6,1248,13.08,904,31.81,0
101,2023,6,1249,13.08,466.8,31.68,0
101,2023,6,1250,13.08,967,31.27,0
101,2023,6,1251,13.08,978,30.93,0
101,2023,6,1252,13.08,968,31.2,0
101,2023,6,1253,13.08,978,31.51,0
101,2023,6,1254,13.08,989,31.55,0
101,2023,6,1255,13.08,848,31.59,0
101,2023,6,1256,13.08,295.2,31.3,0
101,2023,6,1257,13.08,694.5,31.12,0
101,2023,6,1258,13.08,679.2,30.99,0
101,2023,6,1259,13.08,671.6,31.11,0
101,2023,6,1300,13.08,640.2,31.1,0
101,2023,6,1301,13.08,621.1,31.19,0
101,2023,6,1302,13.08,908,31.28,0
101,2023,6,1303,13.08,961,31.34,0
101,2023,6,1304,13.08,964,31.25,0
101,2023,6,1305,13.08,956,31.28,0
101,2023,6,1306,13.08,774,31.22,0
101,2023,6,1307,13.08,924,31.22,0
101,2023,6,1308,13.08,910,31.67,0
101,2023,6,1309,13.08,894,31.58,0
101,2023,6,1310,13.08,904,31.52,0
101,2023,6,1311,13.08,906,31.69,0
101,2023,6,1312,13.08,914,31.87,0
101,2023,6,1313,13.08,921,31.59,0
101,2023,6,1314,13.08,919,31.23,0
101,2023,6,1315,13.08,914,30.94,0
101,2023,6,1316,13.08,919,31.14,0
101,2023,6,1317,13.08,927,31.29,0
101,2023,6,1318,13.08,860,31.31,0
101,2023,6,1319,13.08,902,31.25,0
101,2023,6,1320,13.08,891,31.4,0
101,2023,6,1321,13.08,887,31.3,0
101,2023,6,1322,13.08,880,30.93,0
101,2023,6,1323,13.08,875,30.89,0
101,2023,6,1324,13.08,874,31.09,0
101,2023,6,1325,13.08,871,31.03,0
101,2023,6,1326,13.08,871,30.93,0
101,2023,6,1327,13.08,874,30.91,0
101,2023,6,1328,13.08,875,30.85,0
101,2023,6,1329,13.08,874,31,0
101,2023,6,1330,13.08,871,31.03,0
101,2023,6,1331,13.08,873,31.12,0
101,2023,6,1332,13.08,887,31.23,0
101,2023,6,1333,13.08,898,31.16,0
101,2023,6,1334,13.08,816,31.15,0
101,2023,6,1335,13.08,725,31.45,0
101,2023,6,1336,13.08,847,31.35,0
101,2023,6,1337,13.08,850,31.15,0
101,2023,6,1338,13.08,850,31.08,0
101,2023,6,1339,13.08,847,31.06,0
101,2023,6,1340,13.08,844,31.11,0
101,2023,6,1341,13.08,840,31.1,0
101,2023,6,1342,13.08,838,31.11,0
101,2023,6,1343,13.08,838,31.22,0
101,2023,6,1344,13.08,837,31.02,0
101,2023,6,1345,13.08,835,30.98,0
101,2023,6,1346,13.08,833,31.09,0
101,2023,6,1347,13.08,831,31.09,0
101,2023,6,1348,13.08,825,31.07,0
101,2023,6,1349,13.08,818,30.84,0
101,2023,6,1350,13.08,816,30.95,0
101,2023,6,1351,13.08,816,31.19,0
101,2023,6,1352,13.08,816,31.37,0
101,2023,6,1353,13.08,816,31.43,0
101,2023,6,1354,13.08,815,31.38,0
101,2023,6,1355,13.08,813,31.27,0
101,2023,6,1356,13.08,810,31.11,0
101,2023,6,1357,13.08,808,31.13,0
101,2023,6,1358,13.08,804,31.22,0
101,2023,6,1359,13.08,799,31.27,0
101,2023,6,1400,13.08,795,31.04,0
101,2023,6,1401,13.08,793,30.91,0
101,2023,6,1402,13.08,790,30.88,0
101,2023,6,1403,13.08,786,30.84,0
101,2023,6,1404,13.08,784,30.86,0
101,2023,6,1405,13.08,783,31,0
101,2023,6,1406,13.08,781,30.93,0
101,2023,6,1407,13.08,777,30.71,0
101,2023,6,1408,13.08,768,30.73,0
101,2023,6,1409,13.08,770,30.83,0
101,2023,6,1410,13.08,770,30.75,0
101,2023,6,1411,13.08,765,30.66,0
101,2023,6,1412,13.08,761,30.59,0
101,2023,6,1413,13.08,758,30.76,0
101,2023,6,1414,13.08,755,30.7,0
101,2023,6,1415,13.09,752,30.78,0
101,2023,6,1416,13.08,745,31.02,0
101,2023,6,1417,13.08,742,31.03,0
101,2023,6,1418,13.09,738,30.93,0
101,2023,6,1419,13.08,737,30.7,0
101,2023,6,1420,13.08,736,30.54,0
101,2023,6,1421,13.09,735,30.67,0
101,2023,6,1422,13.09,731,30.67,0
101,2023,6,1423,13.09,729,30.71,0
101,2023,6,1424,13.08,726,30.62,0
101,2023,6,1425,13.09,724,30.33,0
101,2023,6,1426,13.09,720,30.17,0
101,2023,6,1427,13.09,716,30.06,0
101,2023,6,1428,13.09,713,30.31,0
101,2023,6,1429,13.09,710,30.32,0
101,2023,6,1430,13.09,706,30.31,0
101,2023,6,1431,13.09,703,30.35,0
101,2023,6,1432,13.09,702,30.26,0
101,2023,6,1433,13.09,696.3,30.25,0
101,2023,6,1434,13.09,693.2,30.32,0
101,2023,6,1435,13.09,689.4,30.33,0
101,2023,6,1436,13.09,700,30.46,0
101,2023,6,1437,13.09,686.6,30.54,0
101,2023,6,1438,13.09,680.2,30.45,0
101,2023,6,1439,13.09,677,30.27,0
101,2023,6,1440,13.09,672.6,30.24,0
101,2023,6,1441,13.09,667.3,30.16,0
101,2023,6,1442,13.09,666.4,29.96,0
101,2023,6,1443,13.09,665.9,29.93,0
101,2023,6,1444,13.09,665.7,30.13,0
101,2023,6,1445,13.09,664.1,30.16,0
101,2023,6,1446,13.09,661.9,30.2,0
101,2023,6,1447,13.09,658.6,30.31,0
101,2023,6,1448,13.09,652.6,30.19,0
101,2023,6,1449,13.09,643.8,30.06,0
101,2023,6,1450,13.09,638.3,30.13,0
101,2023,6,1451,13.09,633.6,30.04,0
101,2023,6,1452,13.09,628.4,29.95,0
101,2023,6,1453,13.09,626.2,30.07,0
101,2023,6,1454,13.09,623.9,30,0
101,2023,6,1455,13.09,615.4,30.05,0
101,2023,6,1456,13.09,610.9,30.13,0
101,2023,6,1457,13.09,606.2,30.18,0
101,2023,6,1458,13.09,603.5,30.15,0
101,2023,6,1459,13.09,600.6,29.91,0
101,2023,6,1500,13.09,597.5,29.94,0
101,2023,6,1501,13.09,591.6,30.01,0
101,2023,6,1502,13.09,593.6,29.95,0
101,2023,6,1503,13.09,602.7,29.7,0
101,2023,6,1504,13.1,612.3,29.65,0
101,2023,6,1505,13.1,602.8,29.66,0
101,2023,6,1506,13.09,583.5,29.71,0
101,2023,6,1507,13.09,575.3,29.81,0
101,2023,6,1508,13.1,572.1,29.87,0
101,2023,6,1509,13.1,567.7,29.64,0
101,2023,6,1510,13.1,564,29.59,0
101,2023,6,1511,13.1,561.6,29.49,0
101,2023,6,1512,13.1,560.2,29.53,0
101,2023,6,1513,13.1,556.8,29.56,0
101,2023,6,1514,13.1,554.5,29.65,0
101,2023,6,1515,13.1,552.7,29.73,0
101,2023,6,1516,13.1,546.1,29.68,0
101,2023,6,1517,13.1,542,29.7,0
101,2023,6,1518,13.1,537,29.79,0
101,2023,6,1519,13.1,533.1,29.79,0
101,2023,6,1520,13.1,528.3,29.83,0
101,2023,6,1521,13.1,528.1,29.74,0
101,2023,6,1522,13.1,532.1,29.74,0
101,2023,6,1523,13.1,492,29.61,0
101,2023,6,1524,13.1,463.6,29.66,0
101,2023,6,1525,13.1,510.4,29.73,0
101,2023,6,1526,13.1,504.6,29.71,0
101,2023,6,1527,13.1,501.8,29.5,0
101,2023,6,1528,13.1,498.3,29.32,0
101,2023,6,1529,13.1,495.4,29.42,0
101,2023,6,1530,13.1,491.8,29.52,0
101,2023,6,1531,13.1,486.7,29.55,0
101,2023,6,1532,13.1,483.3,29.37,0
101,2023,6,1533,13.1,477.7,29.26,0
101,2023,6,1534,13.1,472.7,29.38,0
101,2023,6,1535,13.1,471.1,29.43,0
101,2023,6,1536,13.1,466.4,29.31,0
101,2023,6,1537,13.09,458.6,29.21,0
101,2023,6,1538,13.1,457.5,29.24,0
101,2023,6,1539,13.1,453.8,29.17,0
101,2023,6,1540,13.1,453.7,29.14,0
101,2023,6,1541,13.1,449,29.21,0
101,2023,6,1542,13.1,444.2,29.2,0
101,2023,6,1543,13.1,439.1,29.27,0
101,2023,6,1544,13.1,436,29.22,0
101,2023,6,1545,13.1,432.6,29.18,0
101,2023,6,1546,13.1,431.2,29.25,0
101,2023,6,1547,13.1,431.5,29.15,0
101,2023,6,1548,13.1,421.5,29.32,0
101,2023,6,1549,13.1,363.3,29.43,0
101,2023,6,1550,13.11,408.9,29.46,0
101,2023,6,1551,13.1,408.1,29.48,0
101,2023,6,1552,13.1,403.1,29.54,0
101,2023,6,1553,13.11,388,29.39,0
101,2023,6,1554,13.1,377.8,29.33,0
101,2023,6,1555,13.1,392.2,29.3,0
101,2023,6,1556,13.11,389.1,29.37,0
101,2023,6,1557,13.11,385.2,29.43,0
101,2023,6,1558,13.11,380.6,29.19,0
101,2023,6,1559,13.1,375.5,29.01,0
101,2023,6,1600,13.11,369.3,29.02,0
101,2023,6,1601,13.1,323.6,28.93,0
101,2023,6,1602,13.1,365,28.79,0
101,2023,6,1603,13.1,361.5,28.83,0
101,2023,6,1604,13.11,354.4,28.89,0
101,2023,6,1605,13.1,352.8,28.89,0
101,2023,6,1606,13.11,349.8,28.8,0
101,2023,6,1607,13.11,346.6,28.77,0
101,2023,6,1608,13.11,342.1,28.82,0
101,2023,6,1609,13.11,336.4,28.97,0
101,2023,6,1610,13.11,331.8,28.99,0
101,2023,6,1611,13.11,329,28.92,0
101,2023,6,1612,13.1,325.9,28.94,0
101,2023,6,1613,13.11,321.3,28.79,0
101,2023,6,1614,13.11,316.3,28.74,0
101,2023,6,1615,13.11,306.1,28.81,0
101,2023,6,1616,13.11,300.4,28.88,0
101,2023,6,1617,13.11,297.1,28.88,0
101,2023,6,1618,13.11,295.2,28.86,0
101,2023,6,1619,13.11,296.4,28.89,0
101,2023,6,1620,13.11,293.4,28.89,0
101,2023,6,1621,13.11,289.3,28.77,0
101,2023,6,1622,13.11,282.8,28.73,0
101,2023,6,1623,13.11,277,28.74,0
101,2023,6,1624,13.11,276.1,28.76,0
101,2023,6,1625,13.11,273.7,28.64,0
101,2023,6,1626,13.11,269.2,28.5,0
101,2023,6,1627,13.11,263.8,28.41,0
101,2023,6,1628,13.11,258.7,28.4,0
101,2023,6,1629,13.11,255.7,28.4,0
101,2023,6,1630,13.11,254,28.39,0
101,2023,6,1631,13.11,249.8,28.36,0
101,2023,6,1632,13.11,245.4,28.35,0
101,2023,6,1633,13.11,239.9,28.28,0
101,2023,6,1634,13.11,234.4,28.25,0
101,2023,6,1635,13.11,230.2,28.25,0
101,2023,6,1636,13.11,226.5,28.33,0
101,2023,6,1637,13.11,222.1,28.35,0
101,2023,6,1638,13.11,218,28.32,0
101,2023,6,1639,13.11,213.4,28.21,0
101,2023,6,1640,13.11,209.8,28.16,0
101,2023,6,1641,13.11,206.9,28.11,0
101,2023,6,1642,13.11,203.6,28.06,0
101,2023,6,1643,13.11,199.8,28.03,0
101,2023,6,1644,13.11,195.5,28.03,0
101,2023,6,1645,13.12,190.9,28.03,0
101,2023,6,1646,13.11,186.8,28.05,0
101,2023,6,1647,13.12,183.1,28.03,0
101,2023,6,1648,13.12,179.5,28.03,0
101,2023,6,1649,13.12,175.6,27.94,0
101,2023,6,1650,13.12,173,27.89,0
101,2023,6,1651,13.12,170,27.9,0
101,2023,6,1652,13.12,166,27.84,0
101,2023,6,1653,13.12,160.9,27.77,0
101,2023,6,1654,13.12,155.8,27.74,0
101,2023,6,1655,13.12,151.6,27.74,0
101,2023,6,1656,13.12,146,27.67,0
101,2023,6,1657,13.12,141.9,27.64,0
101,2023,6,1658,13.12,139.8,27.61,0
101,2023,6,1659,13.12,135.7,27.55,0
101,2023,6,1700,13.12,132.1,27.49,0
101,2023,6,1701,13.12,127.6,27.48,0
101,2023,6,1702,13.12,123.3,27.51,0
101,2023,6,1703,13.12,120.1,27.47,0
101,2023,6,1704,13.12,117.5,27.47,0
101,2023,6,1705,13.12,114.6,27.47,0
101,2023,6,1706,13.12,110.5,27.46,0
101,2023,6,1707,13.12,106.5,27.41,0
101,2023,6,1708,13.12,102.6,27.41,0
101,2023,6,1709,13.12,99.7,27.44,0
101,2023,6,1710,13.13,97,27.41,0
101,2023,6,1711,13.13,93.6,27.36,0
101,2023,6,1712,13.13,89.5,27.34,0
101,2023,6,1713,13.13,85.5,27.32,0
101,2023,6,1714,13.13,81.5,27.31,0
101,2023,6,1715,13.13,77.4,27.28,0
101,2023,6,1716,13.13,72.3,27.28,0
101,2023,6,1717,13.12,65.5,27.24,0
101,2023,6,1718,13.12,66.88,27.24,0
101,2023,6,1719,13.12,62.66,27.21,0
101,2023,6,1720,13.12,57.22,27.18,0
101,2023,6,1721,13.11,58.57,27.15,0
101,2023,6,1722,13.11,56.54,27.11,0
101,2023,6,1723,13.1,53.56,27.09,0
101,2023,6,1724,13.1,50.29,27.05,0
101,2023,6,1725,13.09,47.16,27.01,0
101,2023,6,1726,13.08,43.61,26.97,0
101,2023,6,1727,13.08,39.3,26.95,0
101,2023,6,1728,13.07,35.24,26.92,0
101,2023,6,1729,13.06,31.81,26.9,0
101,2023,6,1730,13.05,29.86,26.86,0
101,2023,6,1731,13.04,28.57,26.85,0
101,2023,6,1732,13.04,27.38,26.81,0
101,2023,6,1733,13.03,25.07,26.76,0
101,2023,6,1734,13.02,23.44,26.72,0
101,2023,6,1735,13.01,22,26.71,0
101,2023,6,1736,13.01,20.68,26.68,0
101,2023,6,1737,13,19.1,26.65,0
101,2023,6,1738,13,17.52,26.62,0
101,2023,6,1739,12.99,16.12,26.6,0
101,2023,6,1740,12.99,14.68,26.57,0
101,2023,6,1741,12.98,13.33,26.52,0
101,2023,6,1742,12.98,12.09,26.48,0
101,2023,6,1743,12.97,10.9,26.45,0
101,2023,6,1744,12.97,9.8,26.4,0
101,2023,6,1745,12.96,8.82,26.36,0
101,2023,6,1746,12.96,7.97,26.34,0
101,2023,6,1747,12.95,7.13,26.32,0
101,2023,6,1748,12.95,6.339,26.31,0
101,2023,6,1749,12.95,5.635,26.28,0
101,2023,6,1750,12.94,5.015,26.25,0
101,2023,6,1751,12.94,4.395,26.21,0
101,2023,6,1752,12.94,4.085,26.18,0
101,2023,6,1753,12.93,3.747,26.18,0
101,2023,6,1754,12.93,3.297,26.16,0
101,2023,6,1755,12.92,3.015,26.15,0
101,2023,6,1756,12.92,2.451,26.13,0
101,2023,6,1757,12.92,2.339,26.12,0
101,2023,6,1758,12.91,1.86,26.09,0
101,2023,6,1759,12.91,1.691,26.07,0
101,2023,6,1800,12.91,1.493,26.05,0
101,2023,6,1801,12.91,1.014,26.01,0
101,2023,6,1802,12.9,0.986,25.97,0
101,2023,6,1803,12.9,0.535,25.97,0
101,2023,6,1804,12.9,0.338,25.96,0
101,2023,6,1805,12.89,0.338,25.95,0
101,2023,6,1806,12.89,0.338,25.93,0
101,2023,6,1807,12.89,0.338,25.91,0
101,2023,6,1808,12.89,0.338,25.88,0
101,2023,6,1809,12.89,0.338,25.85,0
101,2023,6,1810,12.88,0.338,25.81,0
101,2023,6,1811,12.88,0.31,25.78,0
101,2023,6,1812,12.88,0.31,25.77,0
101,2023,6,1813,12.88,0.254,25.76,0
101,2023,6,1814,12.88,0.225,25.74,0
101,2023,6,1815,12.88,0.225,25.73,0
101,2023,6,1816,12.87,0.113,25.71,0
101,2023,6,1817,12.87,0.197,25.7,0
101,2023,6,1818,12.87,0.113,25.68,0
101,2023,6,1819,12.86,0.169,25.65,0
101,2023,6,1820,12.86,0.113,25.62,0
101,2023,6,1821,12.86,0.085,25.6,0
101,2023,6,1822,12.86,0.056,25.6,0
101,2023,6,1823,12.86,0.141,25.59,0
101,2023,6,1824,12.86,0.085,25.58,0
101,2023,6,1825,12.86,0.113,25.57,0
101,2023,6,1826,12.85,0.028,25.57,0
101,2023,6,1827,12.85,0,25.57,0
101,2023,6,1828,12.85,0,25.56,0
101,2023,6,1829,12.85,0,25.55,0
101,2023,6,1830,12.85,0,25.52,0
101,2023,6,1831,12.84,0,25.51,0
101,2023,6,1832,12.84,0.028,25.51,0
101,2023,6,1833,12.84,0.028,25.5,0
101,2023,6,1834,12.84,0.028,25.49,0
101,2023,6,1835,12.84,0,25.47,0
101,2023,6,1836,12.84,0,25.46,0
101,2023,6,1837,12.84,0,25.47,0
101,2023,6,1838,12.84,0.028,25.48,0
101,2023,6,1839,12.83,0,25.47,0
101,2023,6,1840,12.84,0.028,25.47,0
101,2023,6,1841,12.83,0,25.44,0
101,2023,6,1842,12.83,0,25.43,0
101,2023,6,1843,12.83,0,25.41,0
101,2023,6,1844,12.83,0,25.4,0
101,2023,6,1845,12.83,0,25.39,0
101,2023,6,1846,12.83,0,25.38,0
101,2023,6,1847,12.83,0,25.37,0
101,2023,6,1848,12.83,0,25.37,0
101,2023,6,1849,12.82,0,25.35,0
101,2023,6,1850,12.82,0.028,25.33,0
101,2023,6,1851,12.82,0,25.32,0
101,2023,6,1852,12.82,0.028,25.3,0
101,2023,6,1853,12.82,0.028,25.29,0
101,2023,6,1854,12.82,0.028,25.29,0
101,2023,6,1855,12.82,0,25.28,0
101,2023,6,1856,12.82,0.028,25.27,0
101,2023,6,1857,12.82,0,25.27,0
101,2023,6,1858,12.82,0,25.26,0
101,2023,6,1859,12.81,0,25.25,0
101,2023,6,1900,12.82,0,25.24,0
101,2023,6,1901,12.81,0,25.23,0
101,2023,6,1902,12.81,0,25.22,0
101,2023,6,1903,12.81,0,25.21,0
101,2023,6,1904,12.81,0,25.19,0
101,2023,6,1905,12.81,0,25.18,0
101,2023,6,1906,12.81,0,25.15,0
101,2023,6,1907,12.81,0.028,25.14,0
101,2023,6,1908,12.81,0,25.11,0
101,2023,6,1909,12.81,0,25.09,0
101,2023,6,1910,12.81,0,25.11,0
101,2023,6,1911,12.81,0,25.12,0
101,2023,6,1912,12.8,0,25.13,0
101,2023,6,1913,12.8,0,25.14,0
101,2023,6,1914,12.8,0,25.12,0
101,2023,6,1915,12.8,0,25.11,0
101,2023,6,1916,12.8,0,25.09,0
101,2023,6,1917,12.8,0,25.1,0
101,2023,6,1918,12.8,0,25.11,0
101,2023,6,1919,12.8,0,25.11,0
101,2023,6,1920,12.8,0,25.1,0
101,2023,6,1921,12.8,0,25.1,0
101,2023,6,1922,12.8,0,25.11,0
101,2023,6,1923,12.8,0,25.12,0
101,2023,6,1924,12.8,0,25.11,0
101,2023,6,1925,12.8,0,25.09,0
101,2023,6,1926,12.8,0,25.09,0
101,2023,6,1927,12.79,0,25.09,0
101,2023,6,1928,12.8,0,25.07,0
101,2023,6,1929,12.79,0,25.04,0
101,2023,6,1930,12.79,0,25.04,0
101,2023,6,1931,12.79,0,25.04,0
101,2023,6,1932,12.79,0,25.02,0
101,2023,6,1933,12.79,0,25.01,0
101,2023,6,1934,12.79,0,25.01,0
101,2023,6,1935,12.79,0,25,0
101,2023,6,1936,12.79,0,24.98,0
101,2023,6,1937,12.79,0,24.96,0
101,2023,6,1938,12.79,0,24.96,0
101,2023,6,1939,12.79,0,24.96,0
101,2023,6,1940,12.79,0,24.95,0
101,2023,6,1941,12.79,0,24.92,0
101,2023,6,1942,12.79,0,24.9,0
101,2023,6,1943,12.79,0,24.9,0
101,2023,6,1944,12.79,0,24.88,0
101,2023,6,1945,12.79,0,24.88,0
101,2023,6,1946,12.78,0,24.88,0
101,2023,6,1947,12.79,0,24.87,0
101,2023,6,1948,12.79,0,24.87,0
101,2023,6,1949,12.78,0,24.87,0
101,2023,6,1950,12.78,0,24.88,0
101,2023,6,1951,12.78,0,24.88,0
101,2023,6,1952,12.78,0,24.86,0
101,2023,6,1953,12.79,0,24.84,0
101,2023,6,1954,12.78,0,24.82,0
101,2023,6,1955,12.78,0,24.8,0
101,2023,6,1956,12.78,0,24.8,0
101,2023,6,1957,12.78,0,24.8,0
101,2023,6,1958,12.78,0,24.8,0
101,2023,6,1959,12.78,0,24.78,0
101,2023,6,2000,12.78,0,24.78,0
101,2023,6,2001,12.78,0,24.76,0
101,2023,6,2002,12.78,0,24.77,0
101,2023,6,2003,12.78,0,24.76,0
101,2023,6,2004,12.78,0,24.75,0
101,2023,6,2005,12.78,0,24.75,0
101,2023,6,2006,12.78,0,24.73,0
101,2023,6,2007,12.78,0,24.72,0
101,2023,6,2008,12.78,0,24.73,0
101,2023,6,2009,12.77,0,24.73,0
101,2023,6,2010,12.77,0,24.71,0
101,2023,6,2011,12.77,0,24.7,0
101,2023,6,2012,12.78,0,24.7,0
101,2023,6,2013,12.77,0,24.68,0
101,2023,6,2014,12.77,0,24.7,0
101,2023,6,2015,12.77,0,24.7,0
101,2023,6,2016,12.77,0,24.7,0
101,2023,6,2017,12.77,0,24.7,0
101,2023,6,2018,12.77,0,24.7,0
101,2023,6,2019,12.77,0,24.71,0
101,2023,6,2020,12.77,0,24.73,0
101,2023,6,2021,12.77,0,24.71,0
101,2023,6,2022,12.77,0,24.7,0
101,2023,6,2023,12.77,0,24.7,0
101,2023,6,2024,12.77,0,24.68,0
101,2023,6,2025,12.77,0,24.68,0
101,2023,6,2026,12.77,0,24.68,0
101,2023,6,2027,12.77,0,24.67,0
101,2023,6,2028,12.77,0,24.65,0
101,2023,6,2029,12.77,0,24.65,0
101,2023,6,2030,12.77,0,24.63,0
101,2023,6,2031,12.77,0,24.63,0
101,2023,6,2032,12.77,0,24.63,0
101,2023,6,2033,12.77,0,24.61,0
101,2023,6,2034,12.76,0,24.6,0
101,2023,6,2035,12.76,0,24.6,0
101,2023,6,2036,12.77,0,24.6,0
101,2023,6,2037,12.77,0,24.61,0
101,2023,6,2038,12.76,0,24.62,0
101,2023,6,2039,12.76,0,24.64,0
101,2023,6,2040,12.76,0,24.63,0
101,2023,6,2041,12.76,0,24.63,0
101,2023,6,2042,12.76,0,24.63,0
101,2023,6,2043,12.76,0,24.64,0
101,2023,6,2044,12.76,0,24.62,0
101,2023,6,2045,12.76,0,24.61,0
101,2023,6,2046,12.76,0,24.6,0
101,2023,6,2047,12.76,0,24.58,0
101,2023,6,2048,12.76,0,24.59,0
101,2023,6,2049,12.76,0,24.59,0
101,2023,6,2050,12.76,0,24.58,0
101,2023,6,2051,12.76,0,24.56,0
101,2023,6,2052,12.76,0,24.56,0
101,2023,6,2053,12.76,0,24.58,0
101,2023,6,2054,12.76,0,24.59,0
101,2023,6,2055,12.76,0,24.59,0
101,2023,6,2056,12.76,0,24.59,0
101,2023,6,2057,12.76,0,24.59,0
101,2023,6,2058,12.76,0,24.59,0
101,2023,6,2059,12.76,0,24.59,0
101,2023,6,2100,12.76,0,24.6,0
101,2023,6,2101,12.76,0,24.59,0
101,2023,6,2102,12.76,0,24.59,0
101,2023,6,2103,12.76,0,24.59,0
101,2023,6,2104,12.75,0,24.58,0
101,2023,6,2105,12.75,0,24.57,0
101,2023,6,2106,12.75,0,24.57,0
101,2023,6,2107,12.76,0,24.55,0
101,2023,6,2108,12.75,0,24.53,0
101,2023,6,2109,12.75,0,24.51,0
101,2023,6,2110,12.75,0,24.5,0
101,2023,6,2111,12.75,0,24.47,0
101,2023,6,2112,12.75,0,24.44,0
101,2023,6,2113,12.75,0,24.43,0
101,2023,6,2114,12.75,0,24.42,0
101,2023,6,2115,12.75,0,24.41,0
101,2023,6,2116,12.75,0,24.4,0
101,2023,6,2117,12.75,0,24.38,0
101,2023,6,2118,12.75,0,24.38,0
101,2023,6,2119,12.75,0,24.38,0
101,2023,6,2120,12.75,0,24.37,0
101,2023,6,2121,12.75,0,24.36,0
101,2023,6,2122,12.75,0,24.36,0
101,2023,6,2123,12.75,0,24.33,0
101,2023,6,2124,12.75,0,24.31,0
101,2023,6,2125,12.75,0,24.31,0
101,2023,6,2126,12.75,0,24.28,0
101,2023,6,2127,12.75,0,24.28,0
101,2023,6,2128,12.75,0,24.26,0
101,2023,6,2129,12.75,0,24.26,0
101,2023,6,2130,12.75,0,24.25,0
101,2023,6,2131,12.75,0,24.24,0
101,2023,6,2132,12.75,0,24.22,0
101,2023,6,2133,12.75,0,24.2,0
101,2023,6,2134,12.75,0,24.2,0
101,2023,6,2135,12.75,0,24.18,0
101,2023,6,2136,12.75,0,24.16,0
101,2023,6,2137,12.75,0,24.14,0
101,2023,6,2138,12.75,0,24.13,0
101,2023,6,2139,12.75,0,24.11,0
101,2023,6,2140,12.75,0,24.1,0
101,2023,6,2141,12.75,0,24.08,0
101,2023,6,2142,12.75,0,24.08,0
101,2023,6,2143,12.75,0,24.08,0
101,2023,6,2144,12.75,0,24.06,0
101,2023,6,2145,12.75,0,24.05,0
101,2023,6,2146,12.75,0,24.05,0
101,2023,6,2147,12.75,0,24.03,0
101,2023,6,2148,12.75,0,24.03,0
101,2023,6,2149,12.75,0,24.01,0
101,2023,6,2150,12.75,0,24,0
101,2023,6,2151,12.75,0,23.98,0
101,2023,6,2152,12.75,0,23.97,0
101,2023,6,2153,12.75,0,23.94,0
101,2023,6,2154,12.75,0,23.92,0
101,2023,6,2155,12.75,0,23.89,0
101,2023,6,2156,12.75,0,23.88,0
101,2023,6,2157,12.75,0,23.88,0
101,2023,6,2158,12.74,0,23.87,0
101,2023,6,2159,12.75,0,23.85,0
101,2023,6,2200,12.75,0,23.85,0
101,2023,6,2201,12.74,0,23.84,0
101,2023,6,2202,12.74,0,23.82,0
101,2023,6,2203,12.75,0,23.8,0
101,2023,6,2204,12.74,0,23.8,0
101,2023,6,2205,12.74,0,23.8,0
101,2023,6,2206,12.74,0,23.79,0
101,2023,6,2207,12.74,0,23.77,0
101,2023,6,2208,12.74,0,23.77,0
101,2023,6,2209,12.74,0,23.75,0
101,2023,6,2210,12.74,0,23.75,0
101,2023,6,2211,12.74,0,23.74,0
101,2023,6,2212,12.74,0,23.73,0
101,2023,6,2213,12.74,0,23.72,0
101,2023,6,2214,12.74,0,23.71,0
101,2023,6,2215,12.74,0,23.7,0
101,2023,6,2216,12.74,0,23.7,0
101,2023,6,2217,12.74,0,23.69,0
101,2023,6,2218,12.74,0,23.67,0
101,2023,6,2219,12.74,0,23.67,0
101,2023,6,2220,12.74,0,23.66,0
101,2023,6,2221,12.74,0,23.66,0
101,2023,6,2222,12.74,0,23.65,0
101,2023,6,2223,12.74,0,23.66,0
101,2023,6,2224,12.74,0,23.65,0
101,2023,6,2225,12.74,0,23.66,0
101,2023,6,2226,12.74,0,23.66,0
101,2023,6,2227,12.74,0,23.65,0
101,2023,6,2228,12.74,0,23.63,0
101,2023,6,2229,12.74,0,23.62,0
101,2023,6,2230,12.74,0,23.62,0
101,2023,6,2231,12.73,0,23.61,0
101,2023,6,2232,12.74,0,23.6,0
101,2023,6,2233,12.73,0,23.59,0
101,2023,6,2234,12.73,0,23.56,0
101,2023,6,2235,12.73,0,23.55,0
101,2023,6,2236,12.73,0,23.53,0
101,2023,6,2237,12.73,0,23.48,0
101,2023,6,2238,12.73,0,23.47,0
101,2023,6,2239,12.73,0,23.43,0
101,2023,6,2240,12.73,0,23.43,0
101,2023,6,2241,12.73,0,23.43,0
101,2023,6,2242,12.73,0,23.42,0
101,2023,6,2243,12.73,0,23.41,0
101,2023,6,2244,12.73,0,23.4,0
101,2023,6,2245,12.73,0,23.4,0
101,2023,6,2246,12.73,0,23.39,0
101,2023,6,2247,12.73,0,23.35,0
101,2023,6,2248,12.73,0,23.36,0
101,2023,6,2249,12.73,0,23.34,0
101,2023,6,2250,12.73,0,23.32,0
101,2023,6,2251,12.73,0,23.32,0
101,2023,6,2252,12.73,0,23.3,0
101,2023,6,2253,12.73,0,23.26,0
101,2023,6,2254,12.73,0,23.28,0
101,2023,6,2255,12.73,0,23.3,0
101,2023,6,2256,12.73,0,23.3,0
101,2023,6,2257,12.73,0,23.31,0
101,2023,6,2258,12.73,0,23.29,0
101,2023,6,2259,12.73,0,23.28,0
101,2023,6,2300,12.73,0,23.31,0
101,2023,6,2301,12.73,0,23.31,0
101,2023,6,2302,12.73,0,23.33,0
101,2023,6,2303,12.73,0,23.37,0
101,2023,6,2304,12.73,0,23.4,0
101,2023,6,2305,12.73,0,23.4,0
101,2023,6,2306,12.73,0,23.37,0
101,2023,6,2307,12.73,0,23.37,0
101,2023,6,2308,12.73,0,23.35,0
101,2023,6,2309,12.73,0,23.33,0
101,2023,6,2310,12.73,0,23.31,0
101,2023,6,2311,12.73,0,23.27,0
101,2023,6,2312,12.73,0,23.23,0
101,2023,6,2313,12.73,0,23.21,0
101,2023,6,2314,12.73,0,23.16,0
101,2023,6,2315,12.73,0,23.14,0
101,2023,6,2316,12.73,0,23.13,0
101,2023,6,2317,12.73,0,23.11,0
101,2023,6,2318,12.73,0,23.09,0
101,2023,6,2319,12.73,0,23.08,0
101,2023,6,2320,12.73,0,23.07,0
101,2023,6,2321,12.73,0,23.05,0
101,2023,6,2322,12.73,0,23.05,0
101,2023,6,2323,12.73,0,23.05,0
101,2023,6,2324,12.73,0,23.06,0
101,2023,6,2325,12.73,0,23.07,0
101,2023,6,2326,12.73,0,23.07,0
101,2023,6,2327,12.73,0,23.08,0
101,2023,6,2328,12.73,0,23.08,0
101,2023,6,2329,12.73,0,23.09,0
101,2023,6,2330,12.73,0,23.12,0
101,2023,6,2331,12.73,0,23.09,0
101,2023,6,2332,12.72,0,23.09,0
101,2023,6,2333,12.73,0,23.1,0
101,2023,6,2334,12.72,0,23.1,0
101,2023,6,2335,12.72,0,23.08,0
101,2023,6,2336,12.72,0,23.05,0
101,2023,6,2337,12.72,0,23.03,0
101,2023,6,2338,12.72,0,22.99,0
101,2023,6,2339,12.72,0,22.91,0
101,2023,6,2340,12.72,0,22.79,0
101,2023,6,2341,12.72,0,22.65,0
101,2023,6,2342,12.72,0,22.59,0
101,2023,6,2343,12.72,0,22.55,0
101,2023,6,2344,12.72,0,22.53,0
101,2023,6,2345,12.72,0,22.53,0
101,2023,6,2346,12.72,0,22.52,0
101,2023,6,2347,12.72,0,22.52,0
101,2023,6,2348,12.72,0,22.55,0
101,2023,6,2349,12.72,0,22.58,0
101,2023,6,2350,12.72,0,22.6,0
101,2023,6,2351,12.72,0,22.6,0
101,2023,6,2352,12.72,0,22.6,0
101,2023,6,2353,12.72,0,22.61,0
101,2023,6,2354,12.72,0,22.6,0
101,2023,6,2355,12.72,0,22.6,0
101,2023,6,2356,12.72,0,22.6,0
101,2023,6,2357,12.72,0,22.6,0
101,2023,6,2358,12.72,0,22.59,0
101,2023,6,2359,12.72,0,22.57,0
