a,b,dia_juliano,d,e,f,g,h
101,2023,82,530.0,12.55,5.471,22.26,0.0
101,2023,82,531.0,12.54,6.12,22.25,0.0
101,2023,82,532.0,12.54,6.768,22.26,0.0
101,2023,82,533.0,12.54,7.44,22.24,0.0
101,2023,82,534.0,12.54,7.92,22.23,0.0
101,2023,82,535.0,12.54,8.6,22.24,0.0
101,2023,82,536.0,12.55,9.48,22.26,0.0
101,2023,82,537.0,12.55,10.29,22.28,0.0
101,2023,82,538.0,12.55,11.14,22.28,0.0
101,2023,82,539.0,12.55,11.9,22.27,0.0
101,2023,82,540.0,12.55,12.58,22.28,0.0
101,2023,82,541.0,12.55,13.39,22.3,0.0
101,2023,82,542.0,12.56,14.55,22.32,0.0
101,2023,82,543.0,12.56,15.48,22.34,0.0
101,2023,82,544.0,12.57,16.5,22.33,0.0
101,2023,82,545.0,12.57,17.48,22.33,0.0
101,2023,82,546.0,12.58,18.41,22.33,0.0
101,2023,82,547.0,12.59,19.82,22.33,0.0
101,2023,82,548.0,12.6,21.12,22.31,0.0
101,2023,82,549.0,12.62,22.81,22.31,0.0
101,2023,82,550.0,12.64,24.7,22.31,0.0
101,2023,82,551.0,12.67,27.66,22.29,0.0
101,2023,82,552.0,12.73,33.27,22.3,0.0
101,2023,82,553.0,12.84,39.37,22.33,0.0
101,2023,82,554.0,12.98,44.72,22.35,0.0
101,2023,82,555.0,13.06,44.84,22.36,0.0
101,2023,82,556.0,13.12,46.47,22.37,0.0
101,2023,82,557.0,13.2,52.03,22.38,0.0
101,2023,82,558.0,13.25,63.28,22.43,0.0
101,2023,82,559.0,13.25,64.72,22.53,0.0
101,2023,82,600.0,13.25,75.7,22.61,0.0
101,2023,82,601.0,13.25,85.4,22.65,0.0
101,2023,82,602.0,13.24,78.1,22.64,0.0
101,2023,82,603.0,13.25,102.7,22.66,0.0
101,2023,82,604.0,13.24,121.3,22.74,0.0
101,2023,82,605.0,13.24,145.8,22.8,0.0
101,2023,82,606.0,13.24,154.8,22.89,0.0
101,2023,82,607.0,13.24,148.8,23.01,0.0
101,2023,82,608.0,13.24,132.6,23.15,0.0
101,2023,82,609.0,13.24,124.5,23.24,0.0
101,2023,82,610.0,13.23,130.0,23.13,0.0
101,2023,82,611.0,13.23,110.6,23.18,0.0
101,2023,82,612.0,13.23,137.3,23.14,0.0
101,2023,82,613.0,13.23,158.6,23.16,0.0
101,2023,82,614.0,13.23,158.4,23.26,0.0
101,2023,82,615.0,13.23,154.1,23.23,0.0
101,2023,82,616.0,13.23,151.7,23.31,0.0
101,2023,82,617.0,13.23,146.7,23.37,0.0
101,2023,82,618.0,13.23,117.2,23.27,0.0
101,2023,82,619.0,13.23,146.9,23.23,0.0
101,2023,82,620.0,13.23,145.7,23.35,0.0
101,2023,82,621.0,13.22,116.7,23.45,0.0
101,2023,82,622.0,13.22,112.4,23.33,0.0
101,2023,82,623.0,13.22,92.5,23.35,0.0
101,2023,82,624.0,13.21,83.0,23.33,0.0
101,2023,82,625.0,13.22,87.0,23.31,0.0
101,2023,82,626.0,13.21,90.9,23.4,0.0
101,2023,82,627.0,13.2,90.9,23.4,0.0
101,2023,82,628.0,13.21,91.2,23.36,0.0
101,2023,82,629.0,13.22,112.2,23.39,0.0
101,2023,82,630.0,13.23,135.3,23.39,0.0
101,2023,82,631.0,13.23,145.1,23.41,0.0
101,2023,82,632.0,13.23,165.5,23.4,0.0
101,2023,82,633.0,13.22,108.1,23.38,0.0
101,2023,82,634.0,13.22,101.7,23.41,0.0
101,2023,82,635.0,13.22,103.4,23.5,0.0
101,2023,82,636.0,13.22,192.4,23.54,0.0
101,2023,82,637.0,13.22,221.9,23.79,0.0
101,2023,82,638.0,13.22,193.4,23.96,0.0
101,2023,82,639.0,13.22,199.9,24.01,0.0
101,2023,82,640.0,13.22,219.2,24.09,0.0
101,2023,82,641.0,13.21,132.1,24.09,0.0
101,2023,82,642.0,13.17,79.0,24.09,0.0
101,2023,82,643.0,13.17,80.6,24.09,0.0
101,2023,82,644.0,13.16,82.0,24.05,0.0
101,2023,82,645.0,13.15,83.1,23.96,0.0
101,2023,82,646.0,13.16,88.2,23.96,0.0
101,2023,82,647.0,13.16,95.6,23.91,0.0
101,2023,82,648.0,13.16,107.0,23.89,0.0
101,2023,82,649.0,13.16,112.5,23.89,0.0
101,2023,82,650.0,13.16,107.3,23.9,0.0
101,2023,82,651.0,13.17,104.5,23.91,0.0
101,2023,82,652.0,13.17,110.2,23.9,0.0
101,2023,82,653.0,13.16,112.5,23.92,0.0
101,2023,82,654.0,13.17,113.4,23.91,0.0
101,2023,82,655.0,13.2,124.1,23.94,0.0
101,2023,82,656.0,13.22,237.5,24.01,0.0
101,2023,82,657.0,13.22,318.0,24.18,0.0
101,2023,82,658.0,13.22,324.6,24.27,0.0
101,2023,82,659.0,13.22,308.8,24.3,0.0
101,2023,82,700.0,13.22,320.5,24.34,0.0
101,2023,82,701.0,13.21,331.6,24.24,0.0
101,2023,82,702.0,13.21,314.1,24.39,0.0
101,2023,82,703.0,13.21,248.5,24.61,0.0
101,2023,82,704.0,13.21,328.5,24.6,0.0
101,2023,82,705.0,13.21,338.6,24.73,0.0
101,2023,82,706.0,13.2,292.8,24.93,0.0
101,2023,82,707.0,13.2,350.7,25.08,0.0
101,2023,82,708.0,13.2,327.3,25.08,0.0
101,2023,82,709.0,13.2,326.3,25.25,0.0
101,2023,82,710.0,13.2,371.4,25.22,0.0
101,2023,82,711.0,13.2,369.7,25.16,0.0
101,2023,82,712.0,13.19,382.1,25.2,0.0
101,2023,82,713.0,13.19,406.6,25.28,0.0
101,2023,82,714.0,13.19,346.9,25.44,0.0
101,2023,82,715.0,13.19,432.8,25.38,0.0
101,2023,82,716.0,13.18,434.2,25.39,0.0
101,2023,82,717.0,13.18,416.6,25.39,0.0
101,2023,82,718.0,13.18,368.7,25.3,0.0
101,2023,82,719.0,13.18,401.8,25.32,0.0
101,2023,82,720.0,13.18,395.1,25.43,0.0
101,2023,82,721.0,13.18,393.3,25.55,0.0
101,2023,82,722.0,13.18,388.5,25.59,0.0
101,2023,82,723.0,13.17,192.8,25.73,0.0
101,2023,82,724.0,13.14,83.2,25.87,0.0
101,2023,82,725.0,13.11,68.55,25.92,0.0
101,2023,82,726.0,13.09,62.57,25.82,0.0
101,2023,82,727.0,13.08,60.91,25.68,0.0
101,2023,82,728.0,13.08,60.82,25.53,0.0
101,2023,82,729.0,13.07,60.59,25.39,0.0
101,2023,82,730.0,13.07,60.62,25.15,0.0
101,2023,82,731.0,13.07,59.44,25.01,0.0
101,2023,82,732.0,13.07,61.33,24.88,0.0
101,2023,82,733.0,13.07,66.15,24.8,0.0
101,2023,82,734.0,13.08,69.93,24.74,0.0
101,2023,82,735.0,13.1,75.3,24.74,0.0
101,2023,82,736.0,13.13,94.7,24.74,0.0
101,2023,82,737.0,13.17,126.9,24.75,0.0
101,2023,82,738.0,13.18,144.2,24.75,0.0
101,2023,82,739.0,13.18,160.3,24.8,0.0
101,2023,82,740.0,13.18,199.3,24.84,0.0
101,2023,82,741.0,13.18,526.2,24.88,0.0
101,2023,82,742.0,13.19,545.5,25.12,0.0
101,2023,82,743.0,13.18,383.5,25.34,0.0
101,2023,82,744.0,13.18,627.3,25.12,0.0
101,2023,82,745.0,13.18,659.5,25.32,0.0
101,2023,82,746.0,13.18,651.3,25.36,0.0
101,2023,82,747.0,13.18,613.9,25.59,0.0
101,2023,82,748.0,13.17,569.9,25.54,0.0
101,2023,82,749.0,13.17,387.9,25.77,0.0
101,2023,82,750.0,13.16,413.1,25.82,0.0
101,2023,82,751.0,13.16,561.5,25.78,0.0
101,2023,82,752.0,13.16,596.0,25.92,0.0
101,2023,82,753.0,13.16,609.9,25.97,0.0
101,2023,82,754.0,13.16,578.8,26.13,0.0
101,2023,82,755.0,13.15,563.3,26.38,0.0
101,2023,82,756.0,13.15,574.4,26.58,0.0
101,2023,82,757.0,13.15,595.6,26.58,0.0
101,2023,82,758.0,13.15,618.3,26.67,0.0
101,2023,82,759.0,13.14,617.5,27.0,0.0
101,2023,82,800.0,13.14,606.0,26.86,0.0
101,2023,82,801.0,13.14,591.8,27.01,0.0
101,2023,82,802.0,13.14,586.5,27.04,0.0
101,2023,82,803.0,13.13,601.6,27.05,0.0
101,2023,82,804.0,13.13,619.5,27.12,0.0
101,2023,82,805.0,13.13,583.1,27.28,0.0
101,2023,82,806.0,13.13,575.6,27.08,0.0
101,2023,82,807.0,13.12,271.1,27.15,0.0
101,2023,82,808.0,13.12,312.5,26.99,0.0
101,2023,82,809.0,13.12,699.4,26.88,0.0
101,2023,82,810.0,13.12,747.0,26.82,0.0
101,2023,82,811.0,13.12,677.6,26.92,0.0
101,2023,82,812.0,13.12,447.3,26.83,0.0
101,2023,82,813.0,13.12,552.4,26.8,0.0
101,2023,82,814.0,13.12,407.7,26.91,0.0
101,2023,82,815.0,13.12,498.8,27.03,0.0
101,2023,82,816.0,13.12,643.0,26.88,0.0
101,2023,82,817.0,13.12,547.0,26.96,0.0
101,2023,82,818.0,13.11,609.7,26.95,0.0
101,2023,82,819.0,13.11,382.0,26.92,0.0
101,2023,82,820.0,13.11,275.1,26.91,0.0
101,2023,82,821.0,13.11,237.3,26.91,0.0
101,2023,82,822.0,13.11,226.6,26.85,0.0
101,2023,82,823.0,13.11,293.0,26.85,0.0
101,2023,82,824.0,13.12,505.6,26.87,0.0
101,2023,82,825.0,13.12,430.1,26.99,0.0
101,2023,82,826.0,13.12,472.9,26.96,0.0
101,2023,82,827.0,13.12,587.0,26.9,0.0
101,2023,82,828.0,13.12,629.7,26.94,0.0
101,2023,82,829.0,13.12,663.0,26.98,0.0
101,2023,82,830.0,13.11,681.2,27.06,0.0
101,2023,82,831.0,13.11,662.8,27.08,0.0
101,2023,82,832.0,13.11,790.0,27.22,0.0
101,2023,82,833.0,13.11,419.5,27.37,0.0
101,2023,82,834.0,13.11,440.2,27.26,0.0
101,2023,82,835.0,13.11,311.4,27.07,0.0
101,2023,82,836.0,13.11,431.5,26.94,0.0
101,2023,82,837.0,13.11,710.0,27.01,0.0
101,2023,82,838.0,13.11,510.2,27.04,0.0
101,2023,82,839.0,13.11,247.3,26.93,0.0
101,2023,82,840.0,13.11,228.7,26.82,0.0
101,2023,82,841.0,13.11,214.0,26.79,0.0
101,2023,82,842.0,13.11,187.0,26.73,0.0
101,2023,82,843.0,13.11,157.4,26.57,0.0
101,2023,82,844.0,13.11,132.0,26.5,0.0
101,2023,82,845.0,13.12,110.8,26.45,0.0
101,2023,82,846.0,13.12,97.3,26.14,0.0
101,2023,82,847.0,13.12,102.9,25.71,0.0
101,2023,82,848.0,13.12,126.3,25.36,0.0
101,2023,82,849.0,13.12,161.9,25.16,0.0
101,2023,82,850.0,13.13,194.4,25.12,0.0
101,2023,82,851.0,13.13,215.4,25.05,0.0
101,2023,82,852.0,13.13,222.9,25.11,0.0
101,2023,82,853.0,13.13,225.9,25.16,0.0
101,2023,82,854.0,13.14,239.1,25.24,0.0
101,2023,82,855.0,13.14,282.3,25.26,0.0
101,2023,82,856.0,13.14,308.7,25.3,0.0
101,2023,82,857.0,13.14,306.3,25.23,0.0
101,2023,82,858.0,13.14,317.0,25.19,0.0
101,2023,82,859.0,13.14,537.7,25.2,0.0
101,2023,82,900.0,13.15,896.0,25.29,0.0
101,2023,82,901.0,13.15,898.0,25.52,0.0
101,2023,82,902.0,13.15,897.0,25.66,0.0
101,2023,82,903.0,13.15,875.0,25.94,0.0
101,2023,82,904.0,13.14,857.0,26.17,0.0
101,2023,82,905.0,13.14,842.0,26.22,0.0
101,2023,82,906.0,13.14,825.0,26.35,0.0
101,2023,82,907.0,13.14,824.0,26.45,0.0
101,2023,82,908.0,13.14,817.0,26.63,0.0
101,2023,82,909.0,13.14,813.0,26.67,0.0
101,2023,82,910.0,13.13,810.0,27.01,0.0
101,2023,82,911.0,13.13,806.0,27.06,0.0
101,2023,82,912.0,13.12,812.0,27.1,0.0
101,2023,82,913.0,13.13,820.0,27.04,0.0
101,2023,82,914.0,13.12,809.0,27.13,0.0
101,2023,82,915.0,13.12,810.0,27.15,0.0
101,2023,82,916.0,13.12,814.0,27.23,0.0
101,2023,82,917.0,13.11,823.0,27.27,0.0
101,2023,82,918.0,13.11,829.0,27.4,0.0
101,2023,82,919.0,13.11,845.0,27.51,0.0
101,2023,82,920.0,13.11,441.1,27.52,0.0
101,2023,82,921.0,13.11,711.0,27.58,0.0
101,2023,82,922.0,13.1,518.7,27.69,0.0
101,2023,82,923.0,13.1,390.7,27.7,0.0
101,2023,82,924.0,13.1,840.0,27.73,0.0
101,2023,82,925.0,13.1,913.0,27.8,0.0
101,2023,82,926.0,13.1,891.0,27.88,0.0
101,2023,82,927.0,13.1,885.0,27.95,0.0
101,2023,82,928.0,13.1,876.0,28.1,0.0
101,2023,82,929.0,13.1,867.0,28.32,0.0
101,2023,82,930.0,13.1,858.0,28.43,0.0
101,2023,82,931.0,13.1,852.0,28.32,0.0
101,2023,82,932.0,13.1,852.0,28.41,0.0
101,2023,82,933.0,13.1,854.0,28.47,0.0
101,2023,82,934.0,13.1,861.0,28.48,0.0
101,2023,82,935.0,13.1,874.0,28.52,0.0
101,2023,82,936.0,13.1,885.0,28.48,0.0
101,2023,82,937.0,13.1,889.0,28.56,0.0
101,2023,82,938.0,13.1,900.0,28.68,0.0
101,2023,82,939.0,13.1,915.0,28.87,0.0
101,2023,82,940.0,13.1,903.0,28.9,0.0
101,2023,82,941.0,13.1,880.0,28.82,0.0
101,2023,82,942.0,13.1,862.0,28.95,0.0
101,2023,82,943.0,13.1,858.0,29.0,0.0
101,2023,82,944.0,13.1,866.0,29.02,0.0
101,2023,82,945.0,13.1,887.0,28.95,0.0
101,2023,82,946.0,13.1,912.0,28.88,0.0
101,2023,82,947.0,13.1,921.0,28.98,0.0
101,2023,82,948.0,13.1,923.0,29.1,0.0
101,2023,82,949.0,13.1,895.0,29.0,0.0
101,2023,82,950.0,13.1,887.0,29.12,0.0
101,2023,82,951.0,13.1,870.0,29.15,0.0
101,2023,82,952.0,13.1,881.0,29.23,0.0
101,2023,82,953.0,13.1,879.0,29.35,0.0
101,2023,82,954.0,13.11,496.8,29.3,0.0
101,2023,82,955.0,13.11,152.5,28.98,0.0
101,2023,82,956.0,13.1,156.9,28.66,0.0
101,2023,82,957.0,13.11,621.4,28.5,0.0
101,2023,82,958.0,13.11,922.0,28.63,0.0
101,2023,82,959.0,13.1,932.0,28.82,0.0
101,2023,82,1000.0,13.11,929.0,28.88,0.0
101,2023,82,1001.0,13.11,941.0,28.96,0.0
101,2023,82,1002.0,13.11,949.0,29.07,0.0
101,2023,82,1003.0,13.11,940.0,29.0,0.0
101,2023,82,1004.0,13.11,911.0,29.0,0.0
101,2023,82,1005.0,13.11,923.0,29.07,0.0
101,2023,82,1006.0,13.1,865.0,29.18,0.0
101,2023,82,1007.0,13.11,898.0,29.21,0.0
101,2023,82,1008.0,13.11,909.0,29.19,0.0
101,2023,82,1009.0,13.11,914.0,29.09,0.0
101,2023,82,1010.0,13.1,920.0,29.34,0.0
101,2023,82,1011.0,13.11,926.0,29.5,0.0
101,2023,82,1012.0,13.11,936.0,29.59,0.0
101,2023,82,1013.0,13.11,947.0,29.67,0.0
101,2023,82,1014.0,13.11,946.0,29.64,0.0
101,2023,82,1015.0,13.11,860.0,29.47,0.0
101,2023,82,1016.0,13.11,924.0,29.33,0.0
101,2023,82,1017.0,13.11,921.0,29.4,0.0
101,2023,82,1018.0,13.11,923.0,29.39,0.0
101,2023,82,1019.0,13.11,945.0,29.23,0.0
101,2023,82,1020.0,13.11,966.0,29.17,0.0
101,2023,82,1021.0,13.11,580.2,29.23,0.0
101,2023,82,1022.0,13.11,242.9,29.2,0.0
101,2023,82,1023.0,13.11,457.9,29.08,0.0
101,2023,82,1024.0,13.11,964.0,29.15,0.0
101,2023,82,1025.0,13.11,947.0,29.38,0.0
101,2023,82,1026.0,13.1,934.0,29.41,0.0
101,2023,82,1027.0,13.11,931.0,29.48,0.0
101,2023,82,1028.0,13.11,938.0,29.52,0.0
101,2023,82,1029.0,13.11,946.0,29.5,0.0
101,2023,82,1030.0,13.11,952.0,29.36,0.0
101,2023,82,1031.0,13.11,952.0,29.36,0.0
101,2023,82,1032.0,13.11,970.0,29.56,0.0
101,2023,82,1033.0,13.11,862.0,29.62,0.0
101,2023,82,1034.0,13.11,960.0,29.51,0.0
101,2023,82,1035.0,13.11,962.0,29.51,0.0
101,2023,82,1036.0,13.11,955.0,29.54,0.0
101,2023,82,1037.0,13.11,952.0,29.47,0.0
101,2023,82,1038.0,13.11,952.0,29.46,0.0
101,2023,82,1039.0,13.11,950.0,29.45,0.0
101,2023,82,1040.0,13.11,953.0,29.53,0.0
101,2023,82,1041.0,13.11,960.0,29.69,0.0
101,2023,82,1042.0,13.11,966.0,29.6,0.0
101,2023,82,1043.0,13.11,970.0,29.65,0.0
101,2023,82,1044.0,13.11,970.0,29.59,0.0
101,2023,82,1045.0,13.11,969.0,29.62,0.0
101,2023,82,1046.0,13.11,970.0,29.68,0.0
101,2023,82,1047.0,13.11,981.0,29.52,0.0
101,2023,82,1048.0,13.11,988.0,29.55,0.0
101,2023,82,1049.0,13.11,1012.0,29.69,0.0
101,2023,82,1050.0,13.11,580.8,29.74,0.0
101,2023,82,1051.0,13.11,395.6,29.55,0.0
101,2023,82,1052.0,13.11,990.0,29.49,0.0
101,2023,82,1053.0,13.11,981.0,29.52,0.0
101,2023,82,1054.0,13.11,967.0,29.49,0.0
101,2023,82,1055.0,13.11,967.0,29.49,0.0
101,2023,82,1056.0,13.11,972.0,29.48,0.0
101,2023,82,1057.0,13.11,986.0,29.45,0.0
101,2023,82,1058.0,13.11,850.0,29.48,0.0
101,2023,82,1059.0,13.11,947.0,29.59,0.0
101,2023,82,1100.0,13.11,990.0,29.67,0.0
101,2023,82,1101.0,13.11,967.0,29.79,0.0
101,2023,82,1102.0,13.11,989.0,29.86,0.0
101,2023,82,1103.0,13.11,945.0,29.76,0.0
101,2023,82,1104.0,13.11,986.0,29.66,0.0
101,2023,82,1105.0,13.11,992.0,29.68,0.0
101,2023,82,1106.0,13.11,987.0,29.55,0.0
101,2023,82,1107.0,13.11,982.0,29.67,0.0
101,2023,82,1108.0,13.11,986.0,29.61,0.0
101,2023,82,1109.0,13.11,960.0,29.51,0.0
101,2023,82,1110.0,13.11,995.0,29.47,0.0
101,2023,82,1111.0,13.11,1005.0,29.49,0.0
101,2023,82,1112.0,13.11,1018.0,29.55,0.0
101,2023,82,1113.0,13.11,974.0,29.5,0.0
101,2023,82,1114.0,13.11,1046.0,29.48,0.0
101,2023,82,1115.0,13.11,1033.0,29.54,0.0
101,2023,82,1116.0,13.11,1011.0,29.66,0.0
101,2023,82,1117.0,13.11,1008.0,29.72,0.0
101,2023,82,1118.0,13.11,1003.0,29.75,0.0
101,2023,82,1119.0,13.1,992.0,29.71,0.0
101,2023,82,1120.0,13.11,987.0,29.63,0.0
101,2023,82,1121.0,13.1,982.0,29.7,0.0
101,2023,82,1122.0,13.11,980.0,29.81,0.0
101,2023,82,1123.0,13.11,973.0,30.01,0.0
101,2023,82,1124.0,13.11,979.0,30.15,0.0
101,2023,82,1125.0,13.1,990.0,30.06,0.0
101,2023,82,1126.0,13.1,959.0,29.93,0.0
101,2023,82,1127.0,13.1,962.0,29.87,0.0
101,2023,82,1128.0,13.1,560.3,29.88,0.0
101,2023,82,1129.0,13.11,817.0,29.98,0.0
101,2023,82,1130.0,13.1,412.4,30.0,0.0
101,2023,82,1131.0,13.1,480.5,29.63,0.0
101,2023,82,1132.0,13.1,691.1,29.59,0.0
101,2023,82,1133.0,13.1,876.0,29.57,0.0
101,2023,82,1134.0,13.11,980.0,29.63,0.0
101,2023,82,1135.0,13.1,1000.0,29.64,0.0
101,2023,82,1136.0,13.1,984.0,29.59,0.0
101,2023,82,1137.0,13.1,978.0,29.53,0.0
101,2023,82,1138.0,13.1,977.0,29.68,0.0
101,2023,82,1139.0,13.1,978.0,29.95,0.0
101,2023,82,1140.0,13.1,901.0,29.95,0.0
101,2023,82,1141.0,13.1,785.0,29.82,0.0
101,2023,82,1142.0,13.11,959.0,29.87,0.0
101,2023,82,1143.0,13.1,957.0,29.87,0.0
101,2023,82,1144.0,13.1,955.0,29.85,0.0
101,2023,82,1145.0,13.1,957.0,29.96,0.0
101,2023,82,1146.0,13.1,952.0,29.96,0.0
101,2023,82,1147.0,13.1,951.0,29.89,0.0
101,2023,82,1148.0,13.1,948.0,29.81,0.0
101,2023,82,1149.0,13.1,940.0,30.01,0.0
101,2023,82,1150.0,13.1,940.0,30.04,0.0
101,2023,82,1151.0,13.11,936.0,29.93,0.0
101,2023,82,1152.0,13.1,952.0,29.96,0.0
101,2023,82,1153.0,13.1,955.0,29.95,0.0
101,2023,82,1154.0,13.1,956.0,30.29,0.0
101,2023,82,1155.0,13.1,951.0,30.49,0.0
101,2023,82,1156.0,13.11,952.0,30.58,0.0
101,2023,82,1157.0,13.1,945.0,30.73,0.0
101,2023,82,1158.0,13.1,947.0,30.52,0.0
101,2023,82,1159.0,13.1,944.0,30.21,0.0
101,2023,82,1200.0,13.1,941.0,30.12,0.0
101,2023,82,1201.0,13.1,937.0,30.05,0.0
101,2023,82,1202.0,13.1,932.0,30.23,0.0
101,2023,82,1203.0,13.1,932.0,30.34,0.0
101,2023,82,1204.0,13.1,940.0,30.27,0.0
101,2023,82,1205.0,13.1,959.0,30.28,0.0
101,2023,82,1206.0,13.1,976.0,30.32,0.0
101,2023,82,1207.0,13.1,969.0,30.58,0.0
101,2023,82,1208.0,13.1,952.0,30.54,0.0
101,2023,82,1209.0,13.1,936.0,30.33,0.0
101,2023,82,1210.0,13.1,936.0,30.32,0.0
101,2023,82,1211.0,13.1,931.0,30.23,0.0
101,2023,82,1212.0,13.1,847.0,30.42,0.0
101,2023,82,1213.0,13.1,727.0,30.15,0.0
101,2023,82,1214.0,13.1,926.0,30.12,0.0
101,2023,82,1215.0,13.1,923.0,30.31,0.0
101,2023,82,1216.0,13.1,923.0,30.48,0.0
101,2023,82,1217.0,13.1,927.0,30.14,0.0
101,2023,82,1218.0,13.1,815.0,30.28,0.0
101,2023,82,1219.0,13.1,883.0,30.4,0.0
101,2023,82,1220.0,13.1,611.1,30.33,0.0
101,2023,82,1221.0,13.1,799.0,30.43,0.0
101,2023,82,1222.0,13.1,829.0,30.68,0.0
101,2023,82,1223.0,13.1,911.0,30.78,0.0
101,2023,82,1224.0,13.1,910.0,30.57,0.0
101,2023,82,1225.0,13.1,910.0,30.42,0.0
101,2023,82,1226.0,13.1,917.0,30.38,0.0
101,2023,82,1227.0,13.1,916.0,30.08,0.0
101,2023,82,1228.0,13.1,898.0,30.05,0.0
101,2023,82,1229.0,13.1,883.0,30.13,0.0
101,2023,82,1230.0,13.1,875.0,30.2,0.0
101,2023,82,1231.0,13.1,877.0,30.47,0.0
101,2023,82,1232.0,13.1,869.0,30.57,0.0
101,2023,82,1233.0,13.1,878.0,30.47,0.0
101,2023,82,1234.0,13.1,880.0,30.29,0.0
101,2023,82,1235.0,13.1,879.0,30.14,0.0
101,2023,82,1236.0,13.1,870.0,30.28,0.0
101,2023,82,1237.0,13.1,867.0,30.4,0.0
101,2023,82,1238.0,13.1,869.0,30.54,0.0
101,2023,82,1239.0,13.1,868.0,30.19,0.0
101,2023,82,1240.0,13.1,866.0,30.13,0.0
101,2023,82,1241.0,13.1,865.0,30.3,0.0
101,2023,82,1242.0,13.1,861.0,30.17,0.0
101,2023,82,1243.0,13.1,857.0,30.21,0.0
101,2023,82,1244.0,13.1,859.0,30.23,0.0
101,2023,82,1245.0,13.1,857.0,30.24,0.0
101,2023,82,1246.0,13.1,861.0,30.09,0.0
101,2023,82,1247.0,13.1,857.0,30.11,0.0
101,2023,82,1248.0,13.1,857.0,30.32,0.0
101,2023,82,1249.0,13.1,855.0,30.42,0.0
101,2023,82,1250.0,13.1,851.0,30.23,0.0
101,2023,82,1251.0,13.1,842.0,30.09,0.0
101,2023,82,1252.0,13.1,848.0,30.25,0.0
101,2023,82,1253.0,13.1,851.0,30.35,0.0
101,2023,82,1254.0,13.1,862.0,30.61,0.0
101,2023,82,1255.0,13.1,837.0,30.45,0.0
101,2023,82,1256.0,13.1,526.4,30.41,0.0
101,2023,82,1257.0,13.1,841.0,30.31,0.0
101,2023,82,1258.0,13.1,843.0,30.23,0.0
101,2023,82,1259.0,13.1,849.0,30.48,0.0
101,2023,82,1300.0,13.1,858.0,30.24,0.0
101,2023,82,1301.0,13.1,860.0,30.36,0.0
101,2023,82,1302.0,13.1,863.0,30.25,0.0
101,2023,82,1303.0,13.1,860.0,30.26,0.0
101,2023,82,1304.0,13.1,855.0,30.39,0.0
101,2023,82,1305.0,13.1,854.0,30.34,0.0
101,2023,82,1306.0,13.1,858.0,30.24,0.0
101,2023,82,1307.0,13.1,858.0,30.17,0.0
101,2023,82,1308.0,13.1,857.0,30.16,0.0
101,2023,82,1309.0,13.1,849.0,30.17,0.0
101,2023,82,1310.0,13.1,841.0,30.07,0.0
101,2023,82,1311.0,13.1,834.0,30.27,0.0
101,2023,82,1312.0,13.1,833.0,30.29,0.0
101,2023,82,1313.0,13.1,831.0,30.19,0.0
101,2023,82,1314.0,13.1,833.0,30.24,0.0
101,2023,82,1315.0,13.1,838.0,30.17,0.0
101,2023,82,1316.0,13.1,847.0,30.42,0.0
101,2023,82,1317.0,13.1,852.0,30.3,0.0
101,2023,82,1318.0,13.1,431.3,30.25,0.0
101,2023,82,1319.0,13.1,688.5,30.26,0.0
101,2023,82,1320.0,13.1,849.0,30.07,0.0
101,2023,82,1321.0,13.1,849.0,30.27,0.0
101,2023,82,1322.0,13.1,849.0,30.33,0.0
101,2023,82,1323.0,13.1,857.0,30.14,0.0
101,2023,82,1324.0,13.1,861.0,30.35,0.0
101,2023,82,1325.0,13.1,870.0,30.32,0.0
101,2023,82,1326.0,13.1,880.0,30.32,0.0
101,2023,82,1327.0,13.1,815.0,30.54,0.0
101,2023,82,1328.0,13.1,847.0,30.65,0.0
101,2023,82,1329.0,13.1,844.0,30.73,0.0
101,2023,82,1330.0,13.1,855.0,30.74,0.0
101,2023,82,1331.0,13.09,873.0,30.56,0.0
101,2023,82,1332.0,13.09,881.0,30.34,0.0
101,2023,82,1333.0,13.1,885.0,30.06,0.0
101,2023,82,1334.0,13.1,880.0,30.15,0.0
101,2023,82,1335.0,13.09,870.0,30.33,0.0
101,2023,82,1336.0,13.09,892.0,30.53,0.0
101,2023,82,1337.0,13.09,904.0,30.54,0.0
101,2023,82,1338.0,13.09,908.0,30.53,0.0
101,2023,82,1339.0,13.09,394.3,30.47,0.0
101,2023,82,1340.0,13.08,244.0,30.19,0.0
101,2023,82,1341.0,13.09,256.4,30.04,0.0
101,2023,82,1342.0,13.09,254.7,29.86,0.0
101,2023,82,1343.0,13.09,422.5,29.76,0.0
101,2023,82,1344.0,13.08,741.0,29.84,0.0
101,2023,82,1345.0,13.09,806.0,29.99,0.0
101,2023,82,1346.0,13.09,514.6,29.91,0.0
101,2023,82,1347.0,13.09,792.0,29.88,0.0
101,2023,82,1348.0,13.09,810.0,30.11,0.0
101,2023,82,1349.0,13.09,819.0,30.2,0.0
101,2023,82,1350.0,13.08,831.0,30.14,0.0
101,2023,82,1351.0,13.08,847.0,30.26,0.0
101,2023,82,1352.0,13.08,838.0,30.58,0.0
101,2023,82,1353.0,13.08,706.0,30.65,0.0
101,2023,82,1354.0,13.08,275.9,30.25,0.0
101,2023,82,1355.0,13.08,200.0,29.91,0.0
101,2023,82,1356.0,13.08,193.3,29.76,0.0
101,2023,82,1357.0,13.08,260.3,29.67,0.0
101,2023,82,1358.0,13.08,586.3,29.61,0.0
101,2023,82,1359.0,13.08,503.7,29.7,0.0
101,2023,82,1400.0,13.08,188.4,29.74,0.0
101,2023,82,1401.0,13.08,163.3,29.56,0.0
101,2023,82,1402.0,13.08,150.1,29.39,0.0
101,2023,82,1403.0,13.08,143.5,29.32,0.0
101,2023,82,1404.0,13.09,529.8,29.37,0.0
101,2023,82,1405.0,13.08,701.0,29.52,0.0
101,2023,82,1406.0,13.08,711.0,29.76,0.0
101,2023,82,1407.0,13.08,717.0,29.92,0.0
101,2023,82,1408.0,13.08,581.9,29.78,0.0
101,2023,82,1409.0,13.09,665.5,29.73,0.0
101,2023,82,1410.0,13.08,733.0,29.69,0.0
101,2023,82,1411.0,13.08,741.0,29.76,0.0
101,2023,82,1412.0,13.08,759.0,29.89,0.0
101,2023,82,1413.0,13.08,501.7,29.99,0.0
101,2023,82,1414.0,13.08,297.8,30.14,0.0
101,2023,82,0.0,13.08,346.8,30.05,0.0
101,2023,82,1416.0,13.08,263.1,29.97,0.0
101,2023,82,1417.0,13.08,347.0,29.84,0.0
101,2023,82,1418.0,13.08,248.7,29.68,0.0
101,2023,82,1419.0,13.07,158.1,29.54,0.0
101,2023,82,1420.0,13.07,151.2,29.46,0.0
101,2023,82,1421.0,13.07,282.0,29.41,0.0
101,2023,82,1422.0,13.06,190.7,29.42,0.0
101,2023,82,1423.0,13.07,290.0,29.49,0.0
101,2023,82,1424.0,13.08,508.9,29.47,0.0
101,2023,82,1425.0,13.08,474.0,29.56,0.0
101,2023,82,1426.0,13.09,591.9,29.57,0.0
101,2023,82,1427.0,13.08,622.9,29.63,0.0
101,2023,82,1428.0,13.09,619.4,29.73,0.0
101,2023,82,1429.0,13.08,618.2,29.94,0.0
101,2023,82,1430.0,13.08,620.1,29.99,0.0
101,2023,82,1431.0,13.08,620.1,30.1,0.0
101,2023,82,1432.0,13.08,587.4,29.95,0.0
101,2023,82,1433.0,13.08,434.8,29.95,0.0
101,2023,82,1434.0,13.08,559.2,29.93,0.0
101,2023,82,1435.0,13.08,612.3,29.86,0.0
101,2023,82,1436.0,13.08,613.8,29.93,0.0
101,2023,82,1437.0,13.08,617.0,30.0,0.0
101,2023,82,1438.0,13.08,616.9,30.04,0.0
101,2023,82,1439.0,13.08,623.5,29.95,0.0
101,2023,82,1440.0,13.08,638.7,29.91,0.0
101,2023,82,1441.0,13.08,650.0,30.12,0.0
101,2023,82,1442.0,13.08,649.7,30.26,0.0
101,2023,82,1443.0,13.08,644.4,30.24,0.0
101,2023,82,1444.0,13.08,393.3,30.3,0.0
101,2023,82,1445.0,13.07,155.3,30.39,0.0
101,2023,82,1446.0,13.08,157.8,30.18,0.0
101,2023,82,1447.0,13.08,263.5,29.86,0.0
101,2023,82,1448.0,13.07,538.5,29.66,0.0
101,2023,82,1449.0,13.07,439.6,29.56,0.0
101,2023,82,1450.0,13.08,476.4,29.58,0.0
101,2023,82,1451.0,13.07,156.1,29.58,0.0
101,2023,82,1452.0,13.07,134.6,29.41,0.0
101,2023,82,1453.0,13.06,126.8,29.31,0.0
101,2023,82,1454.0,13.07,317.3,29.25,0.0
101,2023,82,1455.0,13.08,538.2,29.15,0.0
101,2023,82,1456.0,13.08,551.3,29.16,0.0
101,2023,82,1457.0,13.08,547.0,29.28,0.0
101,2023,82,1458.0,13.08,457.9,29.27,0.0
101,2023,82,1459.0,13.07,186.8,29.26,0.0
101,2023,82,1500.0,13.07,109.6,29.27,0.0
101,2023,82,1501.0,13.06,103.3,29.09,0.0
101,2023,82,1502.0,13.07,111.0,28.97,0.0
101,2023,82,1503.0,13.08,236.2,28.92,0.0
101,2023,82,1504.0,13.08,503.0,28.87,0.0
101,2023,82,1505.0,13.08,510.4,28.94,0.0
101,2023,82,1506.0,13.08,438.3,28.97,0.0
101,2023,82,1507.0,13.08,135.7,29.03,0.0
101,2023,82,1508.0,13.08,132.1,29.03,0.0
101,2023,82,1509.0,13.08,145.8,28.98,0.0
101,2023,82,1510.0,13.09,161.1,28.86,0.0
101,2023,82,1511.0,13.09,171.8,28.78,0.0
101,2023,82,1512.0,13.09,183.8,28.79,0.0
101,2023,82,1513.0,13.09,196.4,28.75,0.0
101,2023,82,1514.0,13.09,285.7,28.76,0.0
101,2023,82,1515.0,13.09,528.5,28.83,0.0
101,2023,82,1516.0,13.09,303.8,28.96,0.0
101,2023,82,1517.0,13.09,149.2,29.0,0.0
101,2023,82,1518.0,13.09,132.4,28.93,0.0
101,2023,82,1519.0,13.09,118.2,28.81,0.0
101,2023,82,1520.0,13.09,110.2,28.72,0.0
101,2023,82,1521.0,13.09,105.4,28.59,0.0
101,2023,82,1522.0,13.09,106.2,28.5,0.0
101,2023,82,1523.0,13.09,111.1,28.5,0.0
101,2023,82,1524.0,13.09,206.6,28.46,0.0
101,2023,82,1525.0,13.09,366.1,28.46,0.0
101,2023,82,1526.0,13.09,219.9,28.51,0.0
101,2023,82,1527.0,13.1,105.6,28.55,0.0
101,2023,82,1528.0,13.09,96.3,28.52,0.0
101,2023,82,1529.0,13.08,95.9,28.5,0.0
101,2023,82,1530.0,13.08,95.2,28.45,0.0
101,2023,82,1531.0,13.07,94.5,28.43,0.0
101,2023,82,1532.0,13.07,93.3,28.4,0.0
101,2023,82,1533.0,13.07,94.2,28.35,0.0
101,2023,82,1534.0,13.08,94.3,28.3,0.0
101,2023,82,1535.0,13.09,93.2,28.27,0.0
101,2023,82,1536.0,13.1,93.9,28.26,0.0
101,2023,82,1537.0,13.1,92.3,28.23,0.0
101,2023,82,1538.0,13.1,97.1,28.22,0.0
101,2023,82,1539.0,13.1,102.3,28.22,0.0
101,2023,82,1540.0,13.1,103.6,28.18,0.0
101,2023,82,1541.0,13.1,102.2,28.16,0.0
101,2023,82,1542.0,13.1,100.3,28.14,0.0
101,2023,82,1543.0,13.1,91.2,28.14,0.0
101,2023,82,1544.0,13.1,89.5,28.13,0.0
101,2023,82,1545.0,13.1,90.0,28.15,0.0
101,2023,82,1546.0,13.1,94.8,28.14,0.0
101,2023,82,1547.0,13.1,105.1,28.12,0.0
101,2023,82,1548.0,13.1,108.3,28.12,0.0
101,2023,82,1549.0,13.1,100.8,28.1,0.0
101,2023,82,1550.0,13.1,130.2,28.12,0.0
101,2023,82,1551.0,13.11,229.8,28.16,0.0
101,2023,82,1552.0,13.1,137.7,28.19,0.0
101,2023,82,1553.0,13.11,113.8,28.17,0.0
101,2023,82,1554.0,13.11,108.8,28.18,0.0
101,2023,82,1555.0,13.11,106.2,28.16,0.0
101,2023,82,1556.0,13.11,100.1,28.18,0.0
101,2023,82,1557.0,13.11,97.2,28.15,0.0
101,2023,82,1558.0,13.1,97.9,28.08,0.0
101,2023,82,1559.0,13.1,100.4,28.05,0.0
101,2023,82,1600.0,13.11,238.8,28.05,0.0
101,2023,82,1601.0,13.11,302.9,28.08,0.0
101,2023,82,1602.0,13.11,308.4,28.15,0.0
101,2023,82,1603.0,13.11,306.3,28.25,0.0
101,2023,82,1604.0,13.11,286.3,28.27,0.0
101,2023,82,1605.0,13.11,295.4,28.29,0.0
101,2023,82,1606.0,13.1,198.1,28.26,0.0
101,2023,82,1607.0,13.09,171.3,28.21,0.0
101,2023,82,1608.0,13.1,270.4,28.13,0.0
101,2023,82,1609.0,13.1,262.4,28.12,0.0
101,2023,82,1610.0,13.11,277.4,28.19,0.0
101,2023,82,1611.0,13.11,275.3,28.23,0.0
101,2023,82,1612.0,13.11,274.5,28.29,0.0
101,2023,82,1613.0,13.11,274.0,28.32,0.0
101,2023,82,1614.0,13.11,274.3,28.34,0.0
101,2023,82,1615.0,13.11,278.7,28.32,0.0
101,2023,82,1616.0,13.11,282.5,28.36,0.0
101,2023,82,1617.0,13.11,282.3,28.38,0.0
101,2023,82,1618.0,13.11,279.9,28.39,0.0
101,2023,82,1619.0,13.1,279.0,28.38,0.0
101,2023,82,1620.0,13.11,274.7,28.37,0.0
101,2023,82,1621.0,13.11,265.0,28.3,0.0
101,2023,82,1622.0,13.11,255.6,28.32,0.0
101,2023,82,1623.0,13.11,245.8,28.34,0.0
101,2023,82,1624.0,13.11,240.3,28.42,0.0
101,2023,82,1625.0,13.1,237.8,28.37,0.0
101,2023,82,1626.0,13.1,229.7,28.32,0.0
101,2023,82,1627.0,13.09,223.1,28.25,0.0
101,2023,82,1628.0,13.09,170.6,28.19,0.0
101,2023,82,1629.0,13.06,85.9,28.14,0.0
101,2023,82,1630.0,13.07,172.1,28.13,0.0
101,2023,82,1631.0,13.07,217.4,28.13,0.0
101,2023,82,1632.0,13.07,211.2,28.16,0.0
101,2023,82,1633.0,13.07,205.8,28.15,0.0
101,2023,82,1634.0,13.07,203.8,28.11,0.0
101,2023,82,1635.0,13.06,196.0,27.97,0.0
101,2023,82,1636.0,13.06,189.2,27.96,0.0
101,2023,82,1637.0,13.04,124.9,27.96,0.0
101,2023,82,1638.0,13.05,175.3,27.88,0.0
101,2023,82,1639.0,13.05,177.1,27.89,0.0
101,2023,82,1640.0,13.03,85.2,27.91,0.0
101,2023,82,1641.0,13.01,67.71,27.88,0.0
101,2023,82,1642.0,13.01,119.0,27.86,0.0
101,2023,82,1643.0,12.99,60.33,27.83,0.0
101,2023,82,1644.0,13.0,153.5,27.8,0.0
101,2023,82,1645.0,13.01,157.8,27.82,0.0
101,2023,82,1646.0,13.01,155.9,27.83,0.0
101,2023,82,1647.0,13.01,154.5,27.84,0.0
101,2023,82,1648.0,13.01,153.6,27.82,0.0
101,2023,82,1649.0,13.02,153.8,27.82,0.0
101,2023,82,1650.0,13.02,153.1,27.8,0.0
101,2023,82,1651.0,13.01,151.8,27.82,0.0
101,2023,82,1652.0,13.01,150.4,27.82,0.0
101,2023,82,1653.0,13.01,147.0,27.82,0.0
101,2023,82,1654.0,13.01,144.1,27.82,0.0
101,2023,82,1655.0,13.01,142.7,27.82,0.0
101,2023,82,1656.0,13.0,140.4,27.81,0.0
101,2023,82,1657.0,12.99,136.4,27.82,0.0
101,2023,82,1658.0,12.99,130.3,27.81,0.0
101,2023,82,1659.0,12.99,122.8,27.84,0.0
101,2023,82,1700.0,12.99,116.1,27.84,0.0
101,2023,82,1701.0,12.98,107.5,27.8,0.0
101,2023,82,1702.0,12.98,91.9,27.78,0.0
101,2023,82,1703.0,12.97,89.4,27.81,0.0
101,2023,82,1704.0,12.96,92.1,27.75,0.0
101,2023,82,1705.0,12.96,88.2,27.7,0.0
101,2023,82,1706.0,12.95,82.9,27.64,0.0
101,2023,82,1707.0,12.94,55.18,27.59,0.0
101,2023,82,1708.0,12.93,31.5,27.56,0.0
101,2023,82,1709.0,12.92,28.88,27.5,0.0
101,2023,82,1710.0,12.92,27.42,27.47,0.0
101,2023,82,1711.0,12.91,26.07,27.39,0.0
101,2023,82,1712.0,12.9,24.54,27.31,0.0
101,2023,82,1713.0,12.9,23.36,27.27,0.0
101,2023,82,1714.0,12.9,22.91,27.25,0.0
101,2023,82,1715.0,12.89,22.21,27.22,0.0
101,2023,82,1716.0,12.89,22.26,27.19,0.0
101,2023,82,1717.0,12.88,22.15,27.15,0.0
101,2023,82,1718.0,12.88,21.84,27.12,0.0
101,2023,82,1719.0,12.88,20.94,27.08,0.0
101,2023,82,1720.0,12.87,19.36,27.05,0.0
101,2023,82,1721.0,12.86,20.52,27.01,0.0
101,2023,82,1722.0,12.86,17.36,26.97,0.0
101,2023,82,1723.0,12.85,14.43,26.95,0.0
101,2023,82,1724.0,12.84,13.16,26.9,0.0
101,2023,82,1725.0,12.84,12.57,26.88,0.0
101,2023,82,1726.0,12.83,12.06,26.88,0.0
101,2023,82,1727.0,12.83,11.19,26.86,0.0
101,2023,82,1728.0,12.83,10.34,26.84,0.0
101,2023,82,1729.0,12.83,9.67,26.81,0.0
101,2023,82,1730.0,12.83,8.96,26.77,0.0
101,2023,82,1731.0,12.82,7.95,26.73,0.0
101,2023,82,1732.0,12.82,6.651,26.71,0.0
101,2023,82,1733.0,12.82,5.495,26.69,0.0
101,2023,82,1734.0,12.82,4.622,26.66,0.0
101,2023,82,1735.0,12.82,4.058,26.65,0.0
101,2023,82,1736.0,12.81,3.804,26.62,0.0
101,2023,82,1737.0,12.81,3.607,26.62,0.0
101,2023,82,1738.0,12.81,3.156,26.61,0.0
101,2023,82,1739.0,12.81,2.959,26.58,0.0
101,2023,82,1740.0,12.81,2.452,26.56,0.0
101,2023,82,1741.0,12.81,2.367,26.54,0.0
101,2023,82,1742.0,12.81,2.057,26.53,0.0
101,2023,82,1743.0,12.8,1.719,26.51,0.0
101,2023,82,1744.0,12.8,1.691,26.49,0.0
101,2023,82,1745.0,12.8,1.522,26.48,0.0
101,2023,82,1746.0,12.8,1.015,26.48,0.0
101,2023,82,1747.0,12.8,0.986,26.48,0.0
101,2023,82,1748.0,12.8,0.0,26.49,0.0
101,2023,82,1749.0,12.8,0.0,26.48,0.0
101,2023,82,1750.0,12.8,0.0,26.46,0.0
101,2023,82,1751.0,12.79,0.0,26.45,0.0
101,2023,82,1752.0,12.79,0.0,26.44,0.0
101,2023,82,1753.0,12.79,0.0,26.44,0.0
101,2023,82,1754.0,12.79,0.0,26.45,0.0
101,2023,82,1755.0,12.79,0.0,26.44,0.0
101,2023,82,1756.0,12.79,0.0,26.43,0.0
101,2023,82,1757.0,12.79,0.0,26.41,0.0
101,2023,82,1758.0,12.79,0.0,26.39,0.0
101,2023,82,1759.0,12.78,0.0,26.39,0.0
