a,b,dia_juliano,d,e,f,g,h
101,2023,49,530,12.58,4.146,21.6,0
101,2023,49,531,12.58,4.4,21.56,0
101,2023,49,532,12.58,5.021,21.53,0
101,2023,49,533,12.58,5.613,21.53,0
101,2023,49,534,12.58,6.318,21.59,0
101,2023,49,535,12.58,7.33,21.62,0
101,2023,49,536,12.58,8.57,21.61,0
101,2023,49,537,12.58,9.9,21.62,0
101,2023,49,538,12.58,11.31,21.62,0
101,2023,49,539,12.59,12.83,21.6,0
101,2023,49,540,12.59,14.44,21.62,0
101,2023,49,541,12.6,15.99,21.62,0
101,2023,49,542,12.61,17.69,21.59,0
101,2023,49,543,12.62,19.27,21.58,0
101,2023,49,544,12.63,21.04,21.55,0
101,2023,49,545,12.64,22.76,21.55,0
101,2023,49,546,12.66,24.51,21.55,0
101,2023,49,547,12.67,26.2,21.55,0
101,2023,49,548,12.69,27.95,21.53,0
101,2023,49,549,12.71,29.9,21.51,0
101,2023,49,550,12.74,31.76,21.52,0
101,2023,49,551,12.76,33.51,21.53,0
101,2023,49,552,12.79,35,21.54,0
101,2023,49,553,12.82,36.67,21.55,0
101,2023,49,554,12.85,38.19,21.57,0
101,2023,49,555,12.89,40,21.6,0
101,2023,49,556,12.93,41.77,21.64,0
101,2023,49,557,12.97,43.58,21.66,0
101,2023,49,558,13.02,45.38,21.68,0
101,2023,49,559,13.08,47.5,21.71,0
101,2023,49,600,13.14,50.1,21.74,0
101,2023,49,601,13.21,52.21,21.76,0
101,2023,49,602,13.25,58.61,21.77,0
101,2023,49,603,13.25,66.99,21.8,0
101,2023,49,604,13.26,72.8,21.83,0
101,2023,49,605,13.26,69.22,21.89,0
101,2023,49,606,13.26,63.41,21.93,0
101,2023,49,607,13.26,72.3,21.94,0
101,2023,49,608,13.26,87.7,21.97,0
101,2023,49,609,13.26,94.3,22.02,0
101,2023,49,610,13.26,94.3,22.06,0
101,2023,49,611,13.26,99.7,22.13,0
101,2023,49,612,13.25,115.4,22.21,0
101,2023,49,613,13.25,120.2,22.34,0
101,2023,49,614,13.25,122.6,22.44,0
101,2023,49,615,13.25,128.4,22.52,0
101,2023,49,616,13.25,123.9,22.59,0
101,2023,49,617,13.25,125.9,22.68,0
101,2023,49,618,13.25,134.2,22.79,0
101,2023,49,619,13.25,141.6,22.8,0
101,2023,49,620,13.24,146.4,22.92,0
101,2023,49,621,13.24,148.2,23.04,0
101,2023,49,622,13.24,150.5,23.13,0
101,2023,49,623,13.24,150.6,23.22,0
101,2023,49,624,13.24,120.8,23.15,0
101,2023,49,625,13.24,90.7,23.21,0
101,2023,49,626,13.23,87.6,23.27,0
101,2023,49,627,13.23,86.5,23.27,0
101,2023,49,628,13.23,86.7,23.3,0
101,2023,49,629,13.23,88.7,23.26,0
101,2023,49,630,13.23,88.8,23.25,0
101,2023,49,631,13.23,125.6,23.27,0
101,2023,49,632,13.23,167.8,23.42,0
101,2023,49,633,13.23,166.6,23.51,0
101,2023,49,634,13.23,169.9,23.59,0
101,2023,49,635,13.23,181.6,23.59,0
101,2023,49,636,13.23,191,23.61,0
101,2023,49,637,13.23,195.4,23.63,0
101,2023,49,638,13.23,158,23.67,0
101,2023,49,639,13.23,108.2,23.57,0
101,2023,49,640,13.23,97.3,23.54,0
101,2023,49,641,13.23,92.2,23.52,0
101,2023,49,642,13.22,86.3,23.52,0
101,2023,49,643,13.22,84.7,23.49,0
101,2023,49,644,13.22,83.8,23.53,0
101,2023,49,645,13.22,80.8,23.51,0
101,2023,49,646,13.22,77.8,23.46,0
101,2023,49,647,13.23,75.6,23.47,0
101,2023,49,648,13.23,73.4,23.47,0
101,2023,49,649,13.23,69.06,23.38,0
101,2023,49,650,13.23,65.88,23.28,0
101,2023,49,651,13.23,62.38,23.25,0
101,2023,49,652,13.23,60.32,23.25,0
101,2023,49,653,13.23,64.16,23.2,0
101,2023,49,654,13.23,71.7,23.19,0
101,2023,49,655,13.23,75.3,23.22,0
101,2023,49,656,13.23,72,23.27,0
101,2023,49,657,13.23,63.7,23.27,0
101,2023,49,658,13.23,59.22,23.26,0
101,2023,49,659,13.23,64.29,23.29,0
101,2023,49,700,13.23,82.8,23.33,0
101,2023,49,701,13.23,105.6,23.3,0
101,2023,49,702,13.23,112.5,23.21,0
101,2023,49,703,13.23,116.8,23.19,0
101,2023,49,704,13.23,113.4,23.26,0
101,2023,49,705,13.23,110.2,23.25,0
101,2023,49,706,13.23,109.4,23.16,0
101,2023,49,707,13.23,106.4,23.2,0
101,2023,49,708,13.23,103.4,23.24,0
101,2023,49,709,13.23,101.2,23.26,0
101,2023,49,710,13.23,96.2,23.29,0
101,2023,49,711,13.23,93.9,23.24,0
101,2023,49,712,13.23,96.1,23.18,0
101,2023,49,713,13.23,100.6,23.18,0
101,2023,49,714,13.23,105.6,23.22,0
101,2023,49,715,13.23,110.3,23.23,0
101,2023,49,716,13.23,114.2,23.16,0
101,2023,49,717,13.23,114.7,23.16,0
101,2023,49,718,13.23,112.7,23.1,0
101,2023,49,719,13.23,111.4,23.15,0
101,2023,49,720,13.23,112.8,23.23,0
101,2023,49,721,13.23,116.1,23.3,0
101,2023,49,722,13.23,122.7,23.34,0
101,2023,49,723,13.23,122.4,23.37,0
101,2023,49,724,13.23,115.3,23.37,0
101,2023,49,725,13.23,105.4,23.36,0
101,2023,49,726,13.23,96.8,23.3,0
101,2023,49,727,13.23,93.2,23.26,0
101,2023,49,728,13.22,94.8,23.24,0
101,2023,49,729,13.23,98.2,23.32,0
101,2023,49,730,13.22,101.3,23.29,0
101,2023,49,731,13.22,100.4,23.34,0
101,2023,49,732,13.22,98.4,23.41,0
101,2023,49,733,13.23,101.9,23.47,0
101,2023,49,734,13.22,108.4,23.43,0
101,2023,49,735,13.22,113.3,23.27,0
101,2023,49,736,13.22,118.2,23.36,0
101,2023,49,737,13.22,122.7,23.44,0
101,2023,49,738,13.22,125.7,23.4,0
101,2023,49,739,13.22,129.3,23.32,0
101,2023,49,740,13.22,135.6,23.34,0
101,2023,49,741,13.22,142.2,23.36,0
101,2023,49,742,13.22,146,23.37,0
101,2023,49,743,13.22,147.2,23.43,0
101,2023,49,744,13.22,142.2,23.43,0
101,2023,49,745,13.22,133.7,23.5,0
101,2023,49,746,13.22,137,23.54,0
101,2023,49,747,13.22,160.2,23.53,0
101,2023,49,748,13.22,182.3,23.56,0
101,2023,49,749,13.22,201.9,23.58,0
101,2023,49,750,13.22,222.3,23.62,0
101,2023,49,751,13.22,243.9,23.65,0
101,2023,49,752,13.22,261.1,23.78,0
101,2023,49,753,13.22,270.9,23.81,0
101,2023,49,754,13.22,276.1,23.91,0
101,2023,49,755,13.22,279,24.01,0
101,2023,49,756,13.22,276.6,24.04,0
101,2023,49,757,13.22,276.8,23.95,0
101,2023,49,758,13.22,284,24.06,0
101,2023,49,759,13.22,291.3,24.14,0
101,2023,49,800,13.22,297.3,24.26,0
101,2023,49,801,13.22,303.6,24.29,0
101,2023,49,802,13.22,308.8,24.27,0
101,2023,49,803,13.21,315.5,24.34,0
101,2023,49,804,13.21,333.2,24.45,0
101,2023,49,805,13.21,348.9,24.46,0
101,2023,49,806,13.21,348.5,24.52,0
101,2023,49,807,13.21,340,24.6,0
101,2023,49,808,13.21,319,24.64,0
101,2023,49,809,13.21,296,24.79,0
101,2023,49,810,13.21,284.4,24.77,0
101,2023,49,811,13.2,291,24.7,0
101,2023,49,812,13.2,323.9,24.8,0
101,2023,49,813,13.2,325.8,24.9,0
101,2023,49,814,13.2,316.6,24.93,0
101,2023,49,815,13.2,303.7,25.02,0
101,2023,49,816,13.2,282.7,25.05,0
101,2023,49,817,13.2,268.7,25.04,0
101,2023,49,818,13.2,262.6,25.12,0
101,2023,49,819,13.2,261.8,25.18,0
101,2023,49,820,13.2,275.2,25.19,0
101,2023,49,821,13.2,285.9,25.25,0
101,2023,49,822,13.2,293.3,25.31,0
101,2023,49,823,13.19,298.4,25.36,0
101,2023,49,824,13.19,311.6,25.39,0
101,2023,49,825,13.19,323.9,25.37,0
101,2023,49,826,13.19,332.9,25.46,0
101,2023,49,827,13.19,344.6,25.6,0
101,2023,49,828,13.19,362.2,25.58,0
101,2023,49,829,13.19,379.9,25.58,0
101,2023,49,830,13.18,512.1,25.59,0
101,2023,49,831,13.18,824,25.67,0
101,2023,49,832,13.18,906,25.88,0
101,2023,49,833,13.18,898,26.08,0
101,2023,49,834,13.18,934,26.32,0
101,2023,49,835,13.18,765,26.53,0
101,2023,49,836,13.17,767,26.56,0
101,2023,49,837,13.17,708,26.51,0
101,2023,49,838,13.17,675.2,26.63,0
101,2023,49,839,13.16,885,26.65,0
101,2023,49,840,13.16,871,26.72,0
101,2023,49,841,13.16,851,26.71,0
101,2023,49,842,13.16,847,26.93,0
101,2023,49,843,13.15,845,27.14,0
101,2023,49,844,13.15,842,27.27,0
101,2023,49,845,13.15,808,27.27,0
101,2023,49,846,13.15,845,27.1,0
101,2023,49,847,13.14,849,27.02,0
101,2023,49,848,13.14,837,27.14,0
101,2023,49,849,13.14,788,27.41,0
101,2023,49,850,13.14,731,27.52,0
101,2023,49,851,13.14,709,27.49,0
101,2023,49,852,13.13,746,27.34,0
101,2023,49,853,13.13,810,27.38,0
101,2023,49,854,13.13,840,27.51,0
101,2023,49,855,13.13,871,27.57,0
101,2023,49,856,13.13,878,27.79,0
101,2023,49,857,13.12,886,27.76,0
101,2023,49,858,13.12,914,27.79,0
101,2023,49,859,13.12,698,28,0
101,2023,49,900,13.12,597.5,27.9,0
101,2023,49,901,13.12,829,27.83,0
101,2023,49,902,13.12,855,27.96,0
101,2023,49,903,13.12,954,28.15,0
101,2023,49,904,13.11,795,28.26,0
101,2023,49,905,13.11,905,28.11,0
101,2023,49,906,13.11,921,28.11,0
101,2023,49,907,13.11,911,28.12,0
101,2023,49,908,13.11,961,28.03,0
101,2023,49,909,13.11,746,28.04,0
101,2023,49,910,13.11,440.4,27.94,0
101,2023,49,911,13.11,382.7,27.9,0
101,2023,49,912,13.1,827,27.88,0
101,2023,49,913,13.11,560.7,28.03,0
101,2023,49,914,13.1,733,28.05,0
101,2023,49,915,13.1,990,28.18,0
101,2023,49,916,13.1,735,28.34,0
101,2023,49,917,13.1,405.2,28.38,0
101,2023,49,918,13.1,400.8,28.44,0
101,2023,49,919,13.1,974,28.45,0
101,2023,49,920,13.1,668.1,28.57,0
101,2023,49,921,13.1,768,28.67,0
101,2023,49,922,13.1,950,28.73,0
101,2023,49,923,13.1,949,28.6,0
101,2023,49,924,13.1,936,28.6,0
101,2023,49,925,13.1,928,28.57,0
101,2023,49,926,13.1,934,28.59,0
101,2023,49,927,13.1,954,28.84,0
101,2023,49,928,13.1,862,29.13,0
101,2023,49,929,13.1,739,28.91,0
101,2023,49,930,13.1,756,28.75,0
101,2023,49,931,13.1,681.8,28.75,0
101,2023,49,932,13.1,950,28.67,0
101,2023,49,933,13.11,556.1,28.63,0
101,2023,49,934,13.1,390.5,28.59,0
101,2023,49,935,13.11,470,28.48,0
101,2023,49,936,13.11,816,28.51,0
101,2023,49,937,13.11,435,28.47,0
101,2023,49,938,13.11,421.8,28.36,0
101,2023,49,939,13.11,647.6,28.26,0
101,2023,49,940,13.11,337.4,28.35,0
101,2023,49,941,13.11,341.7,28.39,0
101,2023,49,942,13.1,542.6,28.33,0
101,2023,49,943,13.11,377.5,28.23,0
101,2023,49,944,13.11,457.8,28.26,0
101,2023,49,945,13.11,868,28.26,0
101,2023,49,946,13.11,787,28.34,0
101,2023,49,947,13.11,282,28.4,0
101,2023,49,948,13.11,310.7,28.37,0
101,2023,49,949,13.11,308.6,28.26,0
101,2023,49,950,13.11,325.6,28.16,0
101,2023,49,951,13.11,356.9,28.12,0
101,2023,49,952,13.11,387.2,28.24,0
101,2023,49,953,13.11,414.5,28.24,0
101,2023,49,954,13.11,428.6,28.28,0
101,2023,49,955,13.11,429.1,28.12,0
101,2023,49,956,13.11,432.9,28.07,0
101,2023,49,957,13.11,424.5,28.16,0
101,2023,49,958,13.11,427.2,28.2,0
101,2023,49,959,13.11,437.7,28.01,0
101,2023,49,1000,13.11,435.3,28,0
101,2023,49,1001,13.11,435.6,28.08,0
101,2023,49,1002,13.11,433.9,28.17,0
101,2023,49,1003,13.11,423.4,28.22,0
101,2023,49,1004,13.11,409.9,28.17,0
101,2023,49,1005,13.11,404.6,28.16,0
101,2023,49,1006,13.11,404,28.09,0
101,2023,49,1007,13.11,381.9,28.05,0
101,2023,49,1008,13.11,402.2,28.07,0
101,2023,49,1009,13.11,445.6,28.12,0
101,2023,49,1010,13.11,491.7,28.21,0
101,2023,49,1011,13.11,386.6,28.27,0
101,2023,49,1012,13.11,332.7,28.28,0
101,2023,49,1013,13.11,428.8,28.32,0
101,2023,49,1014,13.11,582.2,28.37,0
101,2023,49,1015,13.11,613.8,28.57,0
101,2023,49,1016,13.11,570.1,28.82,0
101,2023,49,1017,13.11,508.2,28.95,0
101,2023,49,1018,13.11,531,28.94,0
101,2023,49,1019,13.11,517.4,28.77,0
101,2023,49,1020,13.11,536.9,28.75,0
101,2023,49,1021,13.1,562.3,28.8,0
101,2023,49,1022,13.11,564.5,28.85,0
101,2023,49,1023,13.11,544.7,28.85,0
101,2023,49,1024,13.1,549.6,28.79,0
101,2023,49,1025,13.11,436.3,28.81,0
101,2023,49,1026,13.11,776,28.86,0
101,2023,49,1027,13.11,937,28.96,0
101,2023,49,1028,13.1,1021,29.21,0
101,2023,49,1029,13.11,1003,29.29,0
101,2023,49,1030,13.11,993,29.37,0
101,2023,49,1031,13.11,983,29.25,0
101,2023,49,1032,13.11,981,29.41,0
101,2023,49,1033,13.11,970,29.61,0
101,2023,49,1034,13.1,970,29.42,0
101,2023,49,1035,13.11,973,29.58,0
101,2023,49,1036,13.1,985,29.84,0
101,2023,49,1037,13.1,996,29.82,0
101,2023,49,1038,13.1,930,29.66,0
101,2023,49,1039,13.11,645.5,29.85,0
101,2023,49,1040,13.11,247.7,29.8,0
101,2023,49,1041,13.11,239.3,29.87,0
101,2023,49,1042,13.1,260.6,29.8,0
101,2023,49,1043,13.11,306,29.62,0
101,2023,49,1044,13.1,891,29.55,0
101,2023,49,1045,13.11,1062,29.71,0
101,2023,49,1046,13.1,983,29.77,0
101,2023,49,1047,13.1,1081,29.94,0
101,2023,49,1048,13.1,1078,30.12,0
101,2023,49,1049,13.1,1094,30.18,0
101,2023,49,1050,13.1,676.6,30.34,0
101,2023,49,1051,13.1,947,30.29,0
101,2023,49,1052,13.1,1118,30.24,0
101,2023,49,1053,13.1,1106,30.23,0
101,2023,49,1054,13.1,671.6,30.07,0
101,2023,49,1055,13.1,840,30.02,0
101,2023,49,1056,13.1,1063,30.1,0
101,2023,49,1057,13.1,1055,30.34,0
101,2023,49,1058,13.1,1053,30.47,0
101,2023,49,1059,13.1,1091,30.41,0
101,2023,49,1100,13.1,711,30.36,0
101,2023,49,1101,13.1,309.5,30.24,0
101,2023,49,1102,13.1,312.3,30.07,0
101,2023,49,1103,13.1,316.2,29.96,0
101,2023,49,1104,13.1,407.5,29.69,0
101,2023,49,1105,13.1,1041,29.82,0
101,2023,49,1106,13.1,1122,30.17,0
101,2023,49,1107,13.1,1024,30.17,0
101,2023,49,1108,13.1,352.6,30.28,0
101,2023,49,1109,13.1,624.8,30.13,0
101,2023,49,1110,13.1,1106,30.12,0
101,2023,49,1111,13.1,1036,30.18,0
101,2023,49,1112,13.1,1078,30.41,0
101,2023,49,1113,13.1,1079,30.46,0
101,2023,49,1114,13.1,888,30.6,0
101,2023,49,1115,13.1,617,30.68,0
101,2023,49,1116,13.1,740,30.53,0
101,2023,49,1117,13.09,640.3,30.73,0
101,2023,49,1118,13.1,1006,30.75,0
101,2023,49,1119,13.1,746,30.58,0
101,2023,49,1120,13.09,1163,30.56,0
101,2023,49,1121,13.1,645.6,30.74,0
101,2023,49,1122,13.09,331.6,30.53,0
101,2023,49,1123,13.09,343.6,30.28,0
101,2023,49,1124,13.09,586.2,29.95,0
101,2023,49,1125,13.09,998,29.86,0
101,2023,49,1126,13.09,1168,30.01,0
101,2023,49,1127,13.09,1170,30.34,0
101,2023,49,1128,13.09,536.3,30.49,0
101,2023,49,1129,13.09,328,30.38,0
101,2023,49,1130,13.09,298.4,30.15,0
101,2023,49,1131,13.09,287.2,29.95,0
101,2023,49,1132,13.09,285.6,29.8,0
101,2023,49,1133,13.09,303.4,29.78,0
101,2023,49,1134,13.09,387.5,29.75,0
101,2023,49,1135,13.09,334.6,29.81,0
101,2023,49,1136,13.09,347.7,29.87,0
101,2023,49,1137,13.09,358.7,29.68,0
101,2023,49,1138,13.09,480.2,29.68,0
101,2023,49,1139,13.09,1133,29.89,0
101,2023,49,1140,13.09,1151,30.17,0
101,2023,49,1141,13.09,1160,30.41,0
101,2023,49,1142,13.09,1133,30.5,0
101,2023,49,1143,13.09,1096,30.47,0
101,2023,49,1144,13.09,1139,30.67,0
101,2023,49,1145,13.09,936,30.71,0
101,2023,49,1146,13.09,1098,30.76,0
101,2023,49,1147,13.09,757,30.69,0
101,2023,49,1148,13.09,367.1,30.57,0
101,2023,49,1149,13.09,325.4,30.45,0
101,2023,49,1150,13.09,328.8,30.39,0
101,2023,49,1151,13.09,334,30.26,0
101,2023,49,1152,13.09,341.4,30.16,0
101,2023,49,1153,13.09,353,30.01,0
101,2023,49,1154,13.09,370.2,29.84,0
101,2023,49,1155,13.09,384.5,29.81,0
101,2023,49,1156,13.09,392.8,29.83,0
101,2023,49,1157,13.09,399.6,29.8,0
101,2023,49,1158,13.09,396.3,29.91,0
101,2023,49,1159,13.09,388.5,30,0
101,2023,49,1200,13.09,407.3,30.07,0
101,2023,49,1201,13.09,490.1,30.12,0
101,2023,49,1202,13.09,647.3,30.07,0
101,2023,49,1203,13.09,1089,30.02,0
101,2023,49,1204,13.09,1141,30.21,0
101,2023,49,1205,13.09,960,30.38,0
101,2023,49,1206,13.09,597.7,30.53,0
101,2023,49,1207,13.09,821,30.44,0
101,2023,49,1208,13.09,1065,30.42,0
101,2023,49,1209,13.09,1062,30.49,0
101,2023,49,1210,13.09,1056,30.59,0
101,2023,49,1211,13.09,1043,30.74,0
101,2023,49,1212,13.09,1038,30.82,0
101,2023,49,1213,13.09,1031,30.69,0
101,2023,49,1214,13.09,1027,30.64,0
101,2023,49,1215,13.09,994,30.99,0
101,2023,49,1216,13.09,382.5,31.06,0
101,2023,49,1217,13.09,489.5,30.86,0
101,2023,49,1218,13.09,1028,30.83,0
101,2023,49,1219,13.09,967,31.15,0
101,2023,49,1220,13.09,1030,31.44,0
101,2023,49,1221,13.09,926,31.5,0
101,2023,49,1222,13.08,977,31.47,0
101,2023,49,1223,13.08,985,31.45,0
101,2023,49,1224,13.09,788,31.18,0
101,2023,49,1225,13.09,435,31.12,0
101,2023,49,1226,13.08,399.1,31.29,0
101,2023,49,1227,13.08,905,31.39,0
101,2023,49,1228,13.08,790,31.39,0
101,2023,49,1229,13.08,687.4,31.09,0
101,2023,49,1230,13.08,632.2,30.95,0
101,2023,49,1231,13.08,708,30.77,0
101,2023,49,1232,13.08,934,30.83,0
101,2023,49,1233,13.08,998,31,0
101,2023,49,1234,13.08,992,30.94,0
101,2023,49,1235,13.08,998,31.12,0
101,2023,49,1236,13.08,994,31.41,0
101,2023,49,1237,13.08,922,31.51,0
101,2023,49,1238,13.08,985,31.45,0
101,2023,49,1239,13.08,981,31.34,0
101,2023,49,1240,13.08,998,31.2,0
101,2023,49,1241,13.08,1011,31.04,0
101,2023,49,1242,13.08,1019,31.12,0
101,2023,49,1243,13.09,1019,31.24,0
101,2023,49,1244,13.08,888,31.19,0
101,2023,49,1245,13.08,1005,31.1,0
101,2023,49,1246,13.08,471.1,31.07,0
101,2023,49,1247,13.08,407.2,30.98,0
101,2023,49,1248,13.08,830,30.79,0
101,2023,49,1249,13.09,971,30.87,0
101,2023,49,1250,13.08,971,31.03,0
101,2023,49,1251,13.08,970,31.12,0
101,2023,49,1252,13.08,969,31.36,0
101,2023,49,1253,13.08,965,31.22,0
101,2023,49,1254,13.09,964,31.18,0
101,2023,49,1255,13.08,967,31.21,0
101,2023,49,1256,13.09,974,31.27,0
101,2023,49,1257,13.08,984,31.45,0
101,2023,49,1258,13.08,992,31.34,0
101,2023,49,1259,13.08,1005,31.27,0
101,2023,49,1300,13.08,1011,31.24,0
101,2023,49,1301,13.08,710,31.36,0
101,2023,49,1302,13.08,282.9,31.4,0
101,2023,49,1303,13.08,244,31.34,0
101,2023,49,1304,13.08,244.9,31.18,0
101,2023,49,1305,13.08,253.2,30.98,0
101,2023,49,1306,13.08,263.5,30.82,0
101,2023,49,1307,13.08,289.7,30.7,0
101,2023,49,1308,13.08,758,30.68,0
101,2023,49,1309,13.08,1049,30.77,0
101,2023,49,1310,13.08,1048,30.95,0
101,2023,49,1311,13.08,1009,31.19,0
101,2023,49,1312,13.08,996,31.56,0
101,2023,49,1313,13.08,951,31.61,0
101,2023,49,1314,13.08,981,31.25,0
101,2023,49,1315,13.08,970,31.06,0
101,2023,49,1316,13.08,646,31.25,0
101,2023,49,1317,13.08,334,31.09,0
101,2023,49,1318,13.08,340.4,30.87,0
101,2023,49,1319,13.08,825,30.95,0
101,2023,49,1320,13.08,1019,31.05,0
101,2023,49,1321,13.08,969,31.21,0
101,2023,49,1322,13.08,875,31.41,0
101,2023,49,1323,13.08,934,31.22,0
101,2023,49,1324,13.08,964,31.22,0
101,2023,49,1325,13.08,934,31.33,0
101,2023,49,1326,13.08,956,31.17,0
101,2023,49,1327,13.08,957,31.41,0
101,2023,49,1328,13.08,990,31.63,0
101,2023,49,1329,13.08,515.3,31.43,0
101,2023,49,1330,13.08,347.4,31.06,0
101,2023,49,1331,13.08,295.9,30.75,0
101,2023,49,1332,13.08,319.1,30.55,0
101,2023,49,1333,13.08,792,30.46,0
101,2023,49,1334,13.08,870,30.58,0
101,2023,49,1335,13.08,882,30.76,0
101,2023,49,1336,13.08,914,30.65,0
101,2023,49,1337,13.08,785,30.69,0
101,2023,49,1338,13.08,813,30.84,0
101,2023,49,1339,13.08,927,31.01,0
101,2023,49,1340,13.08,976,31.16,0
101,2023,49,1341,13.08,939,31.09,0
101,2023,49,1342,13.08,973,31.01,0
101,2023,49,1343,13.08,959,31.09,0
101,2023,49,1344,13.08,946,31.13,0
101,2023,49,1345,13.08,926,31.07,0
101,2023,49,1346,13.07,785,30.97,0
101,2023,49,1347,13.08,801,31,0
101,2023,49,1348,13.07,920,31.16,0
101,2023,49,1349,13.08,923,31.37,0
101,2023,49,1350,13.07,935,31.46,0
101,2023,49,1351,13.08,729,31.43,0
101,2023,49,1352,13.08,304.6,31.34,0
101,2023,49,1353,13.08,265.4,30.9,0
101,2023,49,1354,13.08,269.3,30.55,0
101,2023,49,1355,13.08,459.8,30.4,0
101,2023,49,1356,13.08,626.1,30.52,0
101,2023,49,1357,13.08,621.1,30.4,0
101,2023,49,1358,13.08,856,30.3,0
101,2023,49,1359,13.08,855,30.64,0
101,2023,49,1400,13.08,834,31.05,0
101,2023,49,1401,13.08,827,31.33,0
101,2023,49,1402,13.08,819,31.29,0
101,2023,49,1403,13.08,777,31.23,0
101,2023,49,1404,13.08,747,31.26,0
101,2023,49,1405,13.08,800,31.27,0
101,2023,49,1406,13.08,800,31.2,0
101,2023,49,1407,13.08,807,31.05,0
101,2023,49,1408,13.08,802,31.06,0
101,2023,49,1409,13.08,806,31.19,0
101,2023,49,1410,13.08,755,31.08,0
101,2023,49,1411,13.08,714,30.91,0
101,2023,49,1412,13.08,785,30.96,0
101,2023,49,1413,13.08,720,30.97,0
101,2023,49,1414,13.08,352.5,30.98,0
101,2023,49,1415,13.08,454.2,30.84,0
101,2023,49,1416,13.08,776,30.86,0
101,2023,49,1417,13.08,764,30.76,0
101,2023,49,1418,13.08,757,30.76,0
101,2023,49,1419,13.08,758,30.78,0
101,2023,49,1420,13.08,762,30.77,0
101,2023,49,1421,13.08,765,30.79,0
101,2023,49,1422,13.08,769,31.06,0
101,2023,49,1423,13.08,768,31.23,0
101,2023,49,1424,13.08,736,31.18,0
101,2023,49,1425,13.08,366.7,31.08,0
101,2023,49,1426,13.08,505.5,31.03,0
101,2023,49,1427,13.08,666,30.92,0
101,2023,49,1428,13.08,702,30.8,0
101,2023,49,1429,13.08,707,30.76,0
101,2023,49,1430,13.08,711,30.74,0
101,2023,49,1431,13.08,707,30.83,0
101,2023,49,1432,13.08,701,30.73,0
101,2023,49,1433,13.08,696.8,30.85,0
101,2023,49,1434,13.08,690,30.74,0
101,2023,49,1435,13.08,685.4,30.72,0
101,2023,49,1436,13.08,682.4,30.68,0
101,2023,49,1437,13.08,680.3,30.66,0
101,2023,49,1438,13.08,677.3,30.68,0
101,2023,49,1439,13.08,678.5,30.69,0
101,2023,49,1440,13.08,677,30.78,0
101,2023,49,1441,13.08,688.3,30.9,0
101,2023,49,1442,13.08,490,30.74,0
101,2023,49,1443,13.09,388.3,30.35,0
101,2023,49,1444,13.08,648,30.19,0
101,2023,49,1445,13.08,647.6,30.36,0
101,2023,49,1446,13.08,645.2,30.48,0
101,2023,49,1447,13.08,647.5,30.53,0
101,2023,49,1448,13.08,640.7,30.46,0
101,2023,49,1449,13.08,622.3,30.48,0
101,2023,49,1450,13.09,647.1,30.47,0
101,2023,49,1451,13.08,644.9,30.49,0
101,2023,49,1452,13.08,634.4,30.48,0
101,2023,49,1453,13.08,618.5,30.41,0
101,2023,49,1454,13.08,626.8,30.47,0
101,2023,49,1455,13.08,614.9,30.49,0
101,2023,49,1456,13.08,606.6,30.44,0
101,2023,49,1457,13.08,622.3,30.35,0
101,2023,49,1458,13.09,627.9,30.16,0
101,2023,49,1459,13.08,633.1,30.12,0
101,2023,49,1500,13.08,643.4,30.1,0
101,2023,49,1501,13.09,647.5,30.01,0
101,2023,49,1502,13.08,645.2,30.29,0
101,2023,49,1503,13.08,635.3,30.39,0
101,2023,49,1504,13.08,625.6,30.33,0
101,2023,49,1505,13.08,621.7,30.58,0
101,2023,49,1506,13.08,610.5,30.77,0
101,2023,49,1507,13.08,609.7,30.71,0
101,2023,49,1508,13.08,604.3,30.68,0
101,2023,49,1509,13.08,596.6,30.46,0
101,2023,49,1510,13.08,604.8,30.42,0
101,2023,49,1511,13.08,616.8,30.48,0
101,2023,49,1512,13.09,616.3,30.55,0
101,2023,49,1513,13.08,497.3,30.36,0
101,2023,49,1514,13.08,188.2,30.23,0
101,2023,49,1515,13.08,160,30.05,0
101,2023,49,1516,13.08,151.9,29.8,0
101,2023,49,1517,13.08,175.5,29.67,0
101,2023,49,1518,13.08,353.4,29.64,0
101,2023,49,1519,13.09,479.1,29.72,0
101,2023,49,1520,13.08,460.5,29.85,0
101,2023,49,1521,13.08,332.6,29.85,0
101,2023,49,1522,13.08,366.6,29.73,0
101,2023,49,1523,13.09,517.7,29.6,0
101,2023,49,1524,13.08,541.7,29.5,0
101,2023,49,1525,13.09,544.7,29.51,0
101,2023,49,1526,13.09,537.6,29.63,0
101,2023,49,1527,13.09,531.3,29.73,0
101,2023,49,1528,13.09,527.3,29.76,0
101,2023,49,1529,13.09,515.4,29.76,0
101,2023,49,1530,13.09,425.8,29.67,0
101,2023,49,1531,13.09,475.6,29.74,0
101,2023,49,1532,13.09,498.1,29.74,0
101,2023,49,1533,13.09,501.6,29.74,0
101,2023,49,1534,13.09,502,29.62,0
101,2023,49,1535,13.09,481.6,29.58,0
101,2023,49,1536,13.09,494.4,29.53,0
101,2023,49,1537,13.09,492.6,29.53,0
101,2023,49,1538,13.09,489,29.61,0
101,2023,49,1539,13.09,485.6,29.71,0
101,2023,49,1540,13.09,482.8,29.59,0
101,2023,49,1541,13.09,480.5,29.53,0
101,2023,49,1542,13.09,456.8,29.56,0
101,2023,49,1543,13.09,205.9,29.45,0
101,2023,49,1544,13.09,252.4,29.33,0
101,2023,49,1545,13.09,325.4,29.28,0
101,2023,49,1546,13.09,353.9,29.25,0
101,2023,49,1547,13.09,361.4,29.3,0
101,2023,49,1548,13.09,407.7,29.32,0
101,2023,49,1549,13.09,450.3,29.33,0
101,2023,49,1550,13.09,464.4,29.31,0
101,2023,49,1551,13.09,463.8,29.29,0
101,2023,49,1552,13.09,462,29.27,0
101,2023,49,1553,13.09,456.6,29.33,0
101,2023,49,1554,13.09,448.5,29.42,0
101,2023,49,1555,13.09,446.6,29.46,0
101,2023,49,1556,13.09,442.6,29.56,0
101,2023,49,1557,13.09,441.1,29.62,0
101,2023,49,1558,13.09,437.2,29.64,0
101,2023,49,1559,13.09,395,29.58,0
101,2023,49,1600,13.09,382.7,29.42,0
101,2023,49,1601,13.09,378.5,29.31,0
101,2023,49,1602,13.09,296.3,29.22,0
101,2023,49,1603,13.09,193.3,29.19,0
101,2023,49,1604,13.09,392.4,29.2,0
101,2023,49,1605,13.09,383.8,29.24,0
101,2023,49,1606,13.09,393.9,29.29,0
101,2023,49,1607,13.09,415.1,29.31,0
101,2023,49,1608,13.09,410.1,29.26,0
101,2023,49,1609,13.09,389.9,29.28,0
101,2023,49,1610,13.09,307.6,29.26,0
101,2023,49,1611,13.09,320.6,29.25,0
101,2023,49,1612,13.09,262.1,29.21,0
101,2023,49,1613,13.09,188.7,29.09,0
101,2023,49,1614,13.09,168.7,28.99,0
101,2023,49,1615,13.09,165.7,28.9,0
101,2023,49,1616,13.09,166.8,28.79,0
101,2023,49,1617,13.09,177.2,28.77,0
101,2023,49,1618,13.09,213,28.72,0
101,2023,49,1619,13.09,256,28.68,0
101,2023,49,1620,13.09,269.1,28.66,0
101,2023,49,1621,13.09,307.1,28.67,0
101,2023,49,1622,13.09,316.1,28.69,0
101,2023,49,1623,13.09,315.5,28.69,0
101,2023,49,1624,13.1,295.6,28.69,0
101,2023,49,1625,13.09,320.4,28.67,0
101,2023,49,1626,13.1,287.9,28.62,0
101,2023,49,1627,13.1,254.1,28.68,0
101,2023,49,1628,13.1,181.7,28.63,0
101,2023,49,1629,13.1,159,28.6,0
101,2023,49,1630,13.1,176.5,28.59,0
101,2023,49,1631,13.1,270.8,28.57,0
101,2023,49,1632,13.1,295.4,28.55,0
101,2023,49,1633,13.1,287.9,28.6,0
101,2023,49,1634,13.1,277.7,28.62,0
101,2023,49,1635,13.1,282.9,28.56,0
101,2023,49,1636,13.1,285.8,28.49,0
101,2023,49,1637,13.1,284.1,28.43,0
101,2023,49,1638,13.1,275.4,28.44,0
101,2023,49,1639,13.1,256.9,28.47,0
101,2023,49,1640,13.1,268.1,28.49,0
101,2023,49,1641,13.1,271.4,28.47,0
101,2023,49,1642,13.1,269.2,28.44,0
101,2023,49,1643,13.1,265.2,28.45,0
101,2023,49,1644,13.1,246.4,28.48,0
101,2023,49,1645,13.1,212.3,28.43,0
101,2023,49,1646,13.1,157.5,28.46,0
101,2023,49,1647,13.1,153.9,28.44,0
101,2023,49,1648,13.09,157.7,28.41,0
101,2023,49,1649,13.1,160,28.34,0
101,2023,49,1650,13.1,157.9,28.3,0
101,2023,49,1651,13.1,184.4,28.28,0
101,2023,49,1652,13.1,187.5,28.27,0
101,2023,49,1653,13.1,132.7,28.22,0
101,2023,49,1654,13.1,105.8,28.21,0
101,2023,49,1655,13.1,133.6,28.22,0
101,2023,49,1656,13.1,113.2,28.2,0
101,2023,49,1657,13.1,94.5,28.17,0
101,2023,49,1658,13.1,93.1,28.18,0
101,2023,49,1659,13.1,104.8,28.11,0
101,2023,49,1700,13.1,87.9,28.06,0
101,2023,49,1701,13.1,66.81,28.02,0
101,2023,49,1702,13.1,62.81,27.98,0
101,2023,49,1703,13.1,81.3,27.92,0
101,2023,49,1704,13.11,115.9,27.89,0
101,2023,49,1705,13.11,91.3,27.85,0
101,2023,49,1706,13.11,77.9,27.83,0
101,2023,49,1707,13.11,62.72,27.79,0
101,2023,49,1708,13.1,49.87,27.75,0
101,2023,49,1709,13.11,45.62,27.68,0
101,2023,49,1710,13.11,43.45,27.65,0
101,2023,49,1711,13.1,41.84,27.63,0
101,2023,49,1712,13.1,40.24,27.59,0
101,2023,49,1713,13.1,38.86,27.57,0
101,2023,49,1714,13.1,37.53,27.54,0
101,2023,49,1715,13.09,36.43,27.49,0
101,2023,49,1716,13.09,39.98,27.47,0
101,2023,49,1717,13.09,43.14,27.43,0
101,2023,49,1718,13.09,39.7,27.4,0
101,2023,49,1719,13.08,40.52,27.38,0
101,2023,49,1720,13.08,36.1,27.36,0
101,2023,49,1721,13.07,31.76,27.34,0
101,2023,49,1722,13.07,29.93,27.31,0
101,2023,49,1723,13.06,28.35,27.27,0
101,2023,49,1724,13.05,26.91,27.23,0
101,2023,49,1725,13.04,25.5,27.21,0
101,2023,49,1726,13.04,24.29,27.19,0
101,2023,49,1727,13.03,23.14,27.16,0
101,2023,49,1728,13.02,22.06,27.14,0
101,2023,49,1729,13.02,21.16,27.12,0
101,2023,49,1730,13.01,20.57,27.1,0
101,2023,49,1731,13,21.16,27.05,0
101,2023,49,1732,13,25.42,27.03,0
101,2023,49,1733,12.99,25.73,26.99,0
101,2023,49,1734,12.98,22.91,26.95,0
101,2023,49,1735,12.98,21.36,26.92,0
101,2023,49,1736,12.98,20.68,26.91,0
101,2023,49,1737,12.97,19.47,26.87,0
101,2023,49,1738,12.96,18.57,26.85,0
101,2023,49,1739,12.96,17.61,26.83,0
101,2023,49,1740,12.95,16.09,26.81,0
101,2023,49,1741,12.95,14.71,26.78,0
101,2023,49,1742,12.95,13.47,26.75,0
101,2023,49,1743,12.94,12.12,26.74,0
101,2023,49,1744,12.94,10.79,26.71,0
101,2023,49,1745,12.93,9.55,26.67,0
101,2023,49,1746,12.93,8.43,26.64,0
101,2023,49,1747,12.93,7.72,26.62,0
101,2023,49,1748,12.92,7.02,26.59,0
101,2023,49,1749,12.92,6.369,26.55,0
101,2023,49,1750,12.91,5.664,26.52,0
101,2023,49,1751,12.91,5.016,26.49,0
101,2023,49,1752,12.91,4.368,26.47,0
101,2023,49,1753,12.9,3.889,26.46,0
101,2023,49,1754,12.9,3.635,26.43,0
101,2023,49,1755,12.9,3.044,26.39,0
101,2023,49,1756,12.9,2.508,26.36,0
101,2023,49,1757,12.89,2.367,26.33,0
101,2023,49,1758,12.89,1.804,26.3,0
101,2023,49,1759,12.89,1.691,26.29,0
