a,b,dia_juliano,d,e,f,g,h
101,2022,321,2400,12.77,0,23.1,0
101,2022,321,1,12.77,0,23.09,0
101,2022,321,2,12.77,0,23.08,0
101,2022,321,3,12.77,0,23.08,0
101,2022,321,4,12.77,0,23.07,0
101,2022,321,5,12.77,0,23.07,0
101,2022,321,6,12.77,0,23.08,0
101,2022,321,7,12.77,0,23.09,0
101,2022,321,8,12.77,0,23.09,0
101,2022,321,9,12.77,0,23.09,0
101,2022,321,10,12.77,0,23.11,0
101,2022,321,11,12.77,0,23.11,0
101,2022,321,12,12.76,0,23.12,0
101,2022,321,13,12.76,0,23.13,0
101,2022,321,14,12.77,0,23.12,0
101,2022,321,15,12.76,0,23.13,0
101,2022,321,16,12.76,0,23.14,0
101,2022,321,17,12.77,0,23.16,0
101,2022,321,18,12.76,0,23.16,0
101,2022,321,19,12.76,0,23.16,0
101,2022,321,20,12.76,0,23.15,0
101,2022,321,21,12.76,0,23.15,0
101,2022,321,22,12.76,0,23.15,0
101,2022,321,23,12.76,0,23.15,0
101,2022,321,24,12.76,0,23.14,0
101,2022,321,25,12.76,0,23.14,0
101,2022,321,26,12.76,0,23.13,0
101,2022,321,27,12.76,0,23.13,0
101,2022,321,28,12.76,0,23.15,0
101,2022,321,29,12.76,0,23.16,0
101,2022,321,30,12.76,0,23.15,0
101,2022,321,31,12.76,0,23.14,0
101,2022,321,32,12.76,0,23.12,0
101,2022,321,33,12.76,0,23.09,0
101,2022,321,34,12.76,0,23.08,0
101,2022,321,35,12.76,0,23.09,0
101,2022,321,36,12.76,0,23.09,0
101,2022,321,37,12.76,0,23.11,0
101,2022,321,38,12.76,0,23.11,0
101,2022,321,39,12.76,0,23.11,0
101,2022,321,40,12.76,0,23.12,0
101,2022,321,41,12.76,0,23.12,0
101,2022,321,42,12.76,0,23.13,0
101,2022,321,43,12.76,0,23.12,0
101,2022,321,44,12.76,0,23.12,0
101,2022,321,45,12.76,0,23.11,0
101,2022,321,46,12.76,0,23.11,0
101,2022,321,47,12.76,0,23.1,0
101,2022,321,48,12.76,0,23.05,0
101,2022,321,49,12.76,0,22.99,0
101,2022,321,50,12.76,0,22.96,0
101,2022,321,51,12.76,0,22.94,0
101,2022,321,52,12.76,0,22.92,0
101,2022,321,53,12.75,0,22.9,0
101,2022,321,54,12.76,0,22.88,0
101,2022,321,55,12.75,0,22.86,0
101,2022,321,56,12.76,0,22.85,0
101,2022,321,57,12.75,0,22.84,0
101,2022,321,58,12.75,0,22.83,0
101,2022,321,59,12.75,0,22.81,0
101,2022,321,100,12.75,0,22.81,0
101,2022,321,101,12.75,0,22.81,0
101,2022,321,102,12.75,0,22.82,0
101,2022,321,103,12.75,0,22.82,0
101,2022,321,104,12.75,0,22.82,0
101,2022,321,105,12.75,0,22.81,0
101,2022,321,106,12.75,0,22.81,0
101,2022,321,107,12.75,0,22.81,0
101,2022,321,108,12.75,0,22.79,0
101,2022,321,109,12.75,0,22.77,0
101,2022,321,110,12.75,0,22.77,0
101,2022,321,111,12.75,0,22.77,0
101,2022,321,112,12.75,0,22.77,0
101,2022,321,113,12.75,0,22.76,0
101,2022,321,114,12.75,0,22.75,0
101,2022,321,115,12.75,0,22.74,0
101,2022,321,116,12.75,0,22.73,0
101,2022,321,117,12.75,0,22.72,0
101,2022,321,118,12.75,0,22.71,0
101,2022,321,119,12.75,0,22.69,0
101,2022,321,120,12.75,0,22.68,0
101,2022,321,121,12.75,0,22.67,0
101,2022,321,122,12.75,0,22.65,0
101,2022,321,123,12.75,0,22.64,0
101,2022,321,124,12.75,0,22.61,0
101,2022,321,125,12.75,0,22.6,0
101,2022,321,126,12.75,0,22.59,0
101,2022,321,127,12.75,0,22.57,0
101,2022,321,128,12.75,0,22.57,0
101,2022,321,129,12.75,0,22.57,0
101,2022,321,130,12.75,0,22.57,0
101,2022,321,131,12.75,0,22.57,0
101,2022,321,132,12.75,0,22.59,0
101,2022,321,133,12.75,0,22.69,0
101,2022,321,134,12.75,0,22.77,0
101,2022,321,135,12.75,0,22.84,0
101,2022,321,136,12.75,0,22.85,0
101,2022,321,137,12.75,0,22.88,0
101,2022,321,138,12.75,0,22.91,0
101,2022,321,139,12.75,0,22.95,0
101,2022,321,140,12.75,0,22.97,0
101,2022,321,141,12.75,0,22.97,0
101,2022,321,142,12.75,0,22.97,0
101,2022,321,143,12.75,0,22.98,0
101,2022,321,144,12.75,0,22.99,0
101,2022,321,145,12.75,0,23,0
101,2022,321,146,12.75,0,23.01,0
101,2022,321,147,12.74,0,22.99,0
101,2022,321,148,12.74,0,22.99,0
101,2022,321,149,12.74,0,22.99,0
101,2022,321,150,12.74,0,23,0
101,2022,321,151,12.74,0,23.01,0
101,2022,321,152,12.74,0,23.02,0
101,2022,321,153,12.74,0,23.03,0
101,2022,321,154,12.74,0,23.04,0
101,2022,321,155,12.74,0,23.05,0
101,2022,321,156,12.74,0,23.03,0
101,2022,321,157,12.74,0,23.04,0
101,2022,321,158,12.74,0,23.04,0
101,2022,321,159,12.74,0,23.06,0
101,2022,321,200,12.74,0,23.08,0
101,2022,321,201,12.74,0,23.07,0
101,2022,321,202,12.74,0,23.05,0
101,2022,321,203,12.74,0,23.03,0
101,2022,321,204,12.74,0,23.04,0
101,2022,321,205,12.74,0,23.04,0
101,2022,321,206,12.74,0,23.05,0
101,2022,321,207,12.74,0,23.03,0
101,2022,321,208,12.74,0,23.03,0
101,2022,321,209,12.74,0,23.02,0
101,2022,321,210,12.74,0,23.02,0
101,2022,321,211,12.74,0,23.03,0
101,2022,321,212,12.74,0,23.04,0
101,2022,321,213,12.73,0,23.03,0
101,2022,321,214,12.74,0,23.03,0
101,2022,321,215,12.74,0,23.03,0
101,2022,321,216,12.74,0,23.01,0
101,2022,321,217,12.73,0,23.01,0
101,2022,321,218,12.73,0,23,0
101,2022,321,219,12.73,0,23.01,0
101,2022,321,220,12.73,0,23.01,0
101,2022,321,221,12.73,0,23.02,0
101,2022,321,222,12.73,0,23.01,0
101,2022,321,223,12.73,0,23,0
101,2022,321,224,12.73,0,23,0
101,2022,321,225,12.73,0,23,0
101,2022,321,226,12.73,0,22.99,0
101,2022,321,227,12.73,0,23,0
101,2022,321,228,12.73,0,22.99,0
101,2022,321,229,12.73,0,22.99,0
101,2022,321,230,12.73,0,22.99,0
101,2022,321,231,12.73,0,22.99,0
101,2022,321,232,12.73,0,22.99,0
101,2022,321,233,12.73,0,22.99,0
101,2022,321,234,12.73,0,23,0
101,2022,321,235,12.73,0,23,0
101,2022,321,236,12.73,0,22.99,0
101,2022,321,237,12.73,0,22.99,0
101,2022,321,238,12.73,0,23,0
101,2022,321,239,12.73,0,23,0
101,2022,321,240,12.73,0,23,0
101,2022,321,241,12.73,0,23,0
101,2022,321,242,12.73,0,23,0
101,2022,321,243,12.73,0,22.99,0
101,2022,321,244,12.73,0,23,0
101,2022,321,245,12.73,0,23.01,0
101,2022,321,246,12.73,0,23.01,0
101,2022,321,247,12.73,0,23.01,0
101,2022,321,248,12.73,0,23.02,0
101,2022,321,249,12.73,0,23.04,0
101,2022,321,250,12.73,0,23.01,0
101,2022,321,251,12.73,0,23.01,0
101,2022,321,252,12.73,0,23.01,0
101,2022,321,253,12.73,0,23.02,0
101,2022,321,254,12.73,0,23.01,0
101,2022,321,255,12.73,0,23.01,0
101,2022,321,256,12.73,0,23.01,0
101,2022,321,257,12.73,0,23.02,0
101,2022,321,258,12.73,0,23.01,0
101,2022,321,259,12.73,0,23.02,0
101,2022,321,300,12.72,0,23.04,0
101,2022,321,301,12.73,0,23.04,0
101,2022,321,302,12.73,0,23.02,0
101,2022,321,303,12.72,0,23.03,0
101,2022,321,304,12.72,0,23.04,0
101,2022,321,305,12.72,0,23.05,0
101,2022,321,306,12.72,0,23.04,0
101,2022,321,307,12.72,0,23.05,0
101,2022,321,308,12.72,0,23.06,0
101,2022,321,309,12.72,0,23.04,0
101,2022,321,310,12.72,0,23.05,0
101,2022,321,311,12.72,0,23.04,0
101,2022,321,312,12.72,0,23.05,0
101,2022,321,313,12.72,0,23.06,0
101,2022,321,314,12.72,0,23.06,0
101,2022,321,315,12.72,0,23.08,0
101,2022,321,316,12.72,0,23.09,0
101,2022,321,317,12.72,0,23.09,0
101,2022,321,318,12.72,0,23.09,0
101,2022,321,319,12.72,0,23.07,0
101,2022,321,320,12.72,0,23.06,0
101,2022,321,321,12.72,0,23.04,0
101,2022,321,322,12.72,0,23.03,0
101,2022,321,323,12.72,0,23.02,0
101,2022,321,324,12.72,0,23.03,0
101,2022,321,325,12.72,0,23.02,0
101,2022,321,326,12.72,0,23.01,0
101,2022,321,327,12.72,0,23,0
101,2022,321,328,12.72,0,22.99,0
101,2022,321,329,12.72,0,22.99,0
101,2022,321,330,12.72,0,22.97,0
101,2022,321,331,12.72,0,22.96,0
101,2022,321,332,12.72,0,22.96,0
101,2022,321,333,12.72,0,22.96,0
101,2022,321,334,12.72,0,22.96,0
101,2022,321,335,12.71,0,22.96,0
101,2022,321,336,12.71,0,22.96,0
101,2022,321,337,12.71,0,22.96,0
101,2022,321,338,12.71,0,22.96,0
101,2022,321,339,12.71,0,22.96,0
101,2022,321,340,12.71,0,22.96,0
101,2022,321,341,12.71,0,22.96,0
101,2022,321,342,12.71,0,22.97,0
101,2022,321,343,12.71,0,22.98,0
101,2022,321,344,12.71,0,22.99,0
101,2022,321,345,12.71,0,22.98,0
101,2022,321,346,12.71,0,22.99,0
101,2022,321,347,12.71,0,23,0
101,2022,321,348,12.71,0,22.99,0
101,2022,321,349,12.71,0,22.98,0
101,2022,321,350,12.71,0,22.98,0
101,2022,321,351,12.71,0,22.98,0
101,2022,321,352,12.71,0,22.96,0
101,2022,321,353,12.71,0,22.96,0
101,2022,321,354,12.71,0,22.96,0
101,2022,321,355,12.71,0,22.96,0
101,2022,321,356,12.71,0,22.96,0
101,2022,321,357,12.71,0,22.96,0
101,2022,321,358,12.71,0,22.96,0
101,2022,321,359,12.71,0,22.96,0
101,2022,321,400,12.71,0,22.95,0
101,2022,321,401,12.71,0,22.93,0
101,2022,321,402,12.71,0,22.9,0
101,2022,321,403,12.71,0,22.89,0
101,2022,321,404,12.71,0,22.87,0
101,2022,321,405,12.71,0,22.84,0
101,2022,321,406,12.71,0,22.8,0
101,2022,321,407,12.71,0,22.77,0
101,2022,321,408,12.71,0,22.74,0
101,2022,321,409,12.71,0,22.74,0
101,2022,321,410,12.71,0,22.72,0
101,2022,321,411,12.71,0,22.7,0
101,2022,321,412,12.71,0,22.68,0
101,2022,321,413,12.71,0,22.64,0
101,2022,321,414,12.71,0,22.62,0
101,2022,321,415,12.71,0,22.6,0
101,2022,321,416,12.71,0,22.57,0
101,2022,321,417,12.71,0,22.54,0
101,2022,321,418,12.71,0,22.52,0
101,2022,321,419,12.7,0,22.49,0
101,2022,321,420,12.71,0,22.47,0
101,2022,321,421,12.71,0,22.45,0
101,2022,321,422,12.7,0,22.43,0
101,2022,321,423,12.7,0,22.41,0
101,2022,321,424,12.7,0,22.4,0
101,2022,321,425,12.7,0,22.39,0
101,2022,321,426,12.7,0,22.38,0
101,2022,321,427,12.7,0,22.37,0
101,2022,321,428,12.7,0,22.36,0
101,2022,321,429,12.7,0,22.35,0
101,2022,321,430,12.7,0,22.33,0
101,2022,321,431,12.7,0,22.3,0
101,2022,321,432,12.7,0,22.31,0
101,2022,321,433,12.7,.169,22.3,0
101,2022,321,434,12.7,.338,22.3,0
101,2022,321,435,12.7,.479,22.29,0
101,2022,321,436,12.7,.564,22.3,0
101,2022,321,437,12.7,.676,22.3,0
101,2022,321,438,12.7,.789,22.28,0
101,2022,321,439,12.7,1.296,22.27,0
101,2022,321,440,12.7,1.437,22.26,0
101,2022,321,441,12.7,1.916,22.27,0
101,2022,321,442,12.7,2.114,22.26,0
101,2022,321,443,12.7,2.649,22.25,0
101,2022,321,444,12.7,2.706,22.25,0
101,2022,321,445,12.7,2.847,22.25,0
101,2022,321,446,12.7,3.326,22.25,0
101,2022,321,447,12.7,3.467,22.25,0
101,2022,321,448,12.7,4.03,22.27,0
101,2022,321,449,12.7,4.058,22.27,0
101,2022,321,450,12.7,4.058,22.28,0
101,2022,321,451,12.7,4.284,22.29,0
101,2022,321,452,12.7,4.481,22.28,0
101,2022,321,453,12.7,5.214,22.28,0
101,2022,321,454,12.7,5.749,22.28,0
101,2022,321,455,12.7,6.313,22.29,0
101,2022,321,456,12.7,6.426,22.3,0
101,2022,321,457,12.69,6.567,22.28,0
101,2022,321,458,12.7,7.1,22.28,0
101,2022,321,459,12.7,7.58,22.3,0
101,2022,321,500,12.7,8,22.3,0
101,2022,321,501,12.69,8.57,22.33,0
101,2022,321,502,12.7,9.3,22.33,0
101,2022,321,503,12.7,10.32,22.35,0
101,2022,321,504,12.69,11.53,22.37,0
101,2022,321,505,12.69,12.03,22.38,0
101,2022,321,506,12.7,12.37,22.4,0
101,2022,321,507,12.7,13.39,22.4,0
101,2022,321,508,12.71,14.66,22.42,0
101,2022,321,509,12.71,15.61,22.42,0
101,2022,321,510,12.71,15.67,22.42,0
101,2022,321,511,12.71,15.64,22.42,0
101,2022,321,512,12.71,15.78,22.42,0
101,2022,321,513,12.7,16.21,22.42,0
101,2022,321,514,12.7,17.11,22.42,0
101,2022,321,515,12.7,17.67,22.43,0
101,2022,321,516,12.7,17.47,22.44,0
101,2022,321,517,12.7,16.74,22.45,0
101,2022,321,518,12.7,16.29,22.45,0
101,2022,321,519,12.7,16.99,22.46,0
101,2022,321,520,12.7,18.12,22.47,0
101,2022,321,521,12.7,18.43,22.48,0
101,2022,321,522,12.7,18.54,22.49,0
101,2022,321,523,12.71,19.36,22.52,0
101,2022,321,524,12.71,20.83,22.52,0
101,2022,321,525,12.72,22.69,22.52,0
101,2022,321,526,12.72,24.46,22.53,0
101,2022,321,527,12.73,25.2,22.56,0
101,2022,321,528,12.73,25.34,22.57,0
101,2022,321,529,12.74,25.53,22.59,0
101,2022,321,530,12.74,24.6,22.6,0
101,2022,321,531,12.73,21.53,22.62,0
101,2022,321,532,12.73,17.33,22.63,0
101,2022,321,533,12.73,13.84,22.62,0
101,2022,321,534,12.72,12.85,22.62,0
101,2022,321,535,12.72,13.95,22.61,0
101,2022,321,536,12.72,15.39,22.6,0
101,2022,321,537,12.72,16.26,22.58,0
101,2022,321,538,12.72,17.25,22.57,0
101,2022,321,539,12.72,18.85,22.56,0
101,2022,321,540,12.72,20.86,22.47,0
101,2022,321,541,12.73,22.72,22.46,0
101,2022,321,542,12.73,24.49,22.44,0
101,2022,321,543,12.74,26.44,22.43,0
101,2022,321,544,12.74,28.35,22.41,0
101,2022,321,545,12.75,29.03,22.38,0
101,2022,321,546,12.75,29.56,22.31,0
101,2022,321,547,12.76,30.78,22.28,0
101,2022,321,548,12.77,31.99,22.3,0
101,2022,321,549,12.78,32.27,22.32,0
101,2022,321,550,12.78,32.1,22.32,0
101,2022,321,551,12.79,31.59,22.32,0
101,2022,321,552,12.8,32.07,22.32,0
101,2022,321,553,12.81,35.26,22.32,0
101,2022,321,554,12.83,38.39,22.31,0
101,2022,321,555,12.84,38.89,22.32,0
101,2022,321,556,12.86,40.02,22.33,0
101,2022,321,557,12.88,44.45,22.34,0
101,2022,321,558,12.9,46.67,22.3,0
101,2022,321,559,12.92,46.14,22.32,0
101,2022,321,600,12.94,53.15,22.34,0
101,2022,321,601,12.97,56.45,22.35,0
101,2022,321,602,12.99,57.78,22.38,0
101,2022,321,603,13.02,56.9,22.4,0
101,2022,321,604,13.04,54.84,22.41,0
101,2022,321,605,13.07,59.16,22.44,0
101,2022,321,606,13.1,61.58,22.45,0
101,2022,321,607,13.14,66.74,22.41,0
101,2022,321,608,13.18,80.4,22.42,0
101,2022,321,609,13.23,90.7,22.42,0
101,2022,321,610,13.25,93.5,22.43,0
101,2022,321,611,13.26,101.2,22.47,0
101,2022,321,612,13.26,107,22.45,0
101,2022,321,613,13.26,108.5,22.49,0
101,2022,321,614,13.26,115.2,22.5,0
101,2022,321,615,13.26,120,22.43,0
101,2022,321,616,13.26,122.5,22.52,0
101,2022,321,617,13.26,119.9,22.49,0
101,2022,321,618,13.26,115.7,22.45,0
101,2022,321,619,13.26,118.3,22.51,0
101,2022,321,620,13.26,121.2,22.58,0
101,2022,321,621,13.26,116.7,22.56,0
101,2022,321,622,13.26,108.3,22.52,0
101,2022,321,623,13.26,103.3,22.5,0
101,2022,321,624,13.26,101.7,22.49,0
101,2022,321,625,13.26,99.9,22.36,0
101,2022,321,626,13.26,98.4,22.45,0
101,2022,321,627,13.26,93.1,22.49,0
101,2022,321,628,13.26,91.5,22.52,0
101,2022,321,629,13.26,96.5,22.5,0
101,2022,321,630,13.26,105.6,22.52,0
101,2022,321,631,13.26,117.1,22.54,0
101,2022,321,632,13.26,120.7,22.51,0
101,2022,321,633,13.26,123.9,22.39,0
101,2022,321,634,13.26,138.3,22.39,0
101,2022,321,635,13.26,154.1,22.42,0
101,2022,321,636,13.26,164.3,22.49,0
101,2022,321,637,13.26,168,22.53,0
101,2022,321,638,13.26,169.1,22.59,0
101,2022,321,639,13.26,167,22.57,0
101,2022,321,640,13.26,168.3,22.58,0
101,2022,321,641,13.26,167.9,22.54,0
101,2022,321,642,13.26,168.5,22.62,0
101,2022,321,643,13.26,168.7,22.66,0
101,2022,321,644,13.26,170.6,22.58,0
101,2022,321,645,13.26,174.6,22.59,0
101,2022,321,646,13.26,180.5,22.62,0
101,2022,321,647,13.26,189.1,22.65,0
101,2022,321,648,13.26,197.2,22.65,0
101,2022,321,649,13.26,201.3,22.69,0
101,2022,321,650,13.26,202.2,22.8,0
101,2022,321,651,13.26,205.2,22.74,0
101,2022,321,652,13.26,205.9,22.67,0
101,2022,321,653,13.26,206,22.79,0
101,2022,321,654,13.26,205.6,22.76,0
101,2022,321,655,13.26,205.6,22.82,0
101,2022,321,656,13.26,204.9,22.78,0
101,2022,321,657,13.26,203.4,22.87,0
101,2022,321,658,13.26,201.4,22.96,0
101,2022,321,659,13.26,199.1,22.94,0
101,2022,321,700,13.26,196,22.94,0
101,2022,321,701,13.26,195.1,22.91,0
101,2022,321,702,13.26,198,22.91,0
101,2022,321,703,13.26,203,22.96,0
101,2022,321,704,13.26,207.4,23.01,0
101,2022,321,705,13.26,211.7,23,0
101,2022,321,706,13.26,217.8,22.97,0
101,2022,321,707,13.26,225.9,22.99,0
101,2022,321,708,13.26,235.1,23.03,0
101,2022,321,709,13.26,245.5,23.07,0
101,2022,321,710,13.26,257.2,23.09,0
101,2022,321,711,13.26,279.2,23.19,0
101,2022,321,712,13.26,307.5,23.25,0
101,2022,321,713,13.26,321.6,23.25,0
101,2022,321,714,13.26,324.6,23.25,0
101,2022,321,715,13.26,316.2,23.28,0
101,2022,321,716,13.26,298.6,23.32,0
101,2022,321,717,13.25,254.8,23.37,0
101,2022,321,718,13.25,222.3,23.42,0
101,2022,321,719,13.25,191,23.39,0
101,2022,321,720,13.25,157.5,23.38,0
101,2022,321,721,13.25,142.6,23.41,0
101,2022,321,722,13.25,147.9,23.48,0
101,2022,321,723,13.25,158.7,23.43,0
101,2022,321,724,13.25,151.3,23.41,0
101,2022,321,725,13.25,153,23.39,0
101,2022,321,726,13.25,169.3,23.37,0
101,2022,321,727,13.25,196.6,23.32,0
101,2022,321,728,13.25,230.2,23.28,0
101,2022,321,729,13.25,261.4,23.2,0
101,2022,321,730,13.25,281.9,23.21,0
101,2022,321,731,13.25,291.8,23.24,0
101,2022,321,732,13.25,299.1,23.2,0
101,2022,321,733,13.25,306.8,23.18,0
101,2022,321,734,13.25,312.9,23.21,0
101,2022,321,735,13.25,318.7,23.27,0
101,2022,321,736,13.25,324.2,23.3,0
101,2022,321,737,13.25,326.9,23.27,0
101,2022,321,738,13.25,326.9,23.2,0
101,2022,321,739,13.25,326.6,23.25,0
101,2022,321,740,13.25,325.9,23.38,0
101,2022,321,741,13.25,327.6,23.34,0
101,2022,321,742,13.24,338.8,23.31,0
101,2022,321,743,13.24,357.6,23.42,0
101,2022,321,744,13.24,384.8,23.42,0
101,2022,321,745,13.24,409.5,23.51,0
101,2022,321,746,13.24,434.8,23.6,0
101,2022,321,747,13.24,474.3,23.71,0
101,2022,321,748,13.24,486.1,23.73,0
101,2022,321,749,13.24,485.6,23.77,0
101,2022,321,750,13.24,470.6,23.87,0
101,2022,321,751,13.24,455.5,23.95,0
101,2022,321,752,13.23,413.7,23.95,0
101,2022,321,753,13.23,367.1,23.98,0
101,2022,321,754,13.23,334.7,23.97,0
101,2022,321,755,13.23,320.3,24.03,0
101,2022,321,756,13.23,340.4,24.18,0
101,2022,321,757,13.23,362.1,24.24,0
101,2022,321,758,13.23,352.3,24.35,0
101,2022,321,759,13.23,345.1,24.32,0
101,2022,321,800,13.23,342,24.33,0
101,2022,321,801,13.23,365,24.33,0
101,2022,321,802,13.22,416.1,24.33,0
101,2022,321,803,13.22,436.1,24.42,0
101,2022,321,804,13.22,445.7,24.39,0
101,2022,321,805,13.22,448.4,24.34,0
101,2022,321,806,13.22,459.5,24.4,0
101,2022,321,807,13.22,478.9,24.51,0
101,2022,321,808,13.22,554.1,24.56,0
101,2022,321,809,13.22,499.3,24.56,0
101,2022,321,810,13.22,473.2,24.57,0
101,2022,321,811,13.22,441.7,24.67,0
101,2022,321,812,13.22,396.1,24.72,0
101,2022,321,813,13.21,409.7,24.78,0
101,2022,321,814,13.22,400.6,24.75,0
101,2022,321,815,13.22,408.6,24.73,0
101,2022,321,816,13.21,431.5,24.75,0
101,2022,321,817,13.21,498.1,24.72,0
101,2022,321,818,13.21,500.8,24.82,0
101,2022,321,819,13.21,541.9,24.87,0
101,2022,321,820,13.21,644.8,25.01,0
101,2022,321,821,13.21,857,25.08,0
101,2022,321,822,13.21,790,25.12,0
101,2022,321,823,13.21,767,25.2,0
101,2022,321,824,13.21,789,25.34,0
101,2022,321,825,13.2,744,25.3,0
101,2022,321,826,13.2,776,25.42,0
101,2022,321,827,13.2,773,25.5,0
101,2022,321,828,13.2,762,25.54,0
101,2022,321,829,13.2,743,25.64,0
101,2022,321,830,13.19,756,25.71,0
101,2022,321,831,13.19,759,25.68,0
101,2022,321,832,13.19,756,25.64,0
101,2022,321,833,13.19,755,25.8,0
101,2022,321,834,13.19,753,25.88,0
101,2022,321,835,13.19,752,25.97,0
101,2022,321,836,13.18,753,25.84,0
101,2022,321,837,13.18,754,25.9,0
101,2022,321,838,13.18,755,25.9,0
101,2022,321,839,13.18,758,25.86,0
101,2022,321,840,13.18,762,26,0
101,2022,321,841,13.18,765,25.98,0
101,2022,321,842,13.18,767,25.98,0
101,2022,321,843,13.18,771,26.2,0
101,2022,321,844,13.18,772,26.16,0
101,2022,321,845,13.17,777,26.32,0
101,2022,321,846,13.17,779,26.39,0
101,2022,321,847,13.17,781,26.23,0
101,2022,321,848,13.17,782,26.21,0
101,2022,321,849,13.17,785,26.25,0
101,2022,321,850,13.17,789,26.35,0
101,2022,321,851,13.17,791,26.44,0
101,2022,321,852,13.17,714,26.53,0
101,2022,321,853,13.17,804,26.5,0
101,2022,321,854,13.17,802,26.77,0
101,2022,321,855,13.17,789,26.56,0
101,2022,321,856,13.17,717,26.61,0
101,2022,321,857,13.17,860,26.72,0
101,2022,321,858,13.17,552.5,26.77,0
101,2022,321,859,13.17,419,26.79,0
101,2022,321,900,13.17,859,26.74,0
101,2022,321,901,13.17,849,26.95,0
101,2022,321,902,13.17,848,27.05,0
101,2022,321,903,13.17,853,26.95,0
101,2022,321,904,13.17,841,27.1,0
101,2022,321,905,13.17,565.4,27.1,0
101,2022,321,906,13.16,834,27.24,0
101,2022,321,907,13.16,870,27.07,0
101,2022,321,908,13.16,866,27.14,0
101,2022,321,909,13.16,857,27.15,0
101,2022,321,910,13.16,854,27.03,0
101,2022,321,911,13.16,866,26.9,0
101,2022,321,912,13.16,697.3,26.94,0
101,2022,321,913,13.16,728,26.99,0
101,2022,321,914,13.16,826,27.04,0
101,2022,321,915,13.16,932,27.14,0
101,2022,321,916,13.16,862,27.2,0
101,2022,321,917,13.16,614.9,27.18,0
101,2022,321,918,13.16,898,27.07,0
101,2022,321,919,13.16,932,27.13,0
101,2022,321,920,13.16,929,27.32,0
101,2022,321,921,13.16,919,27.44,0
101,2022,321,922,13.16,936,27.45,0
101,2022,321,923,13.17,875,27.56,0
101,2022,321,924,13.17,929,27.55,0
101,2022,321,925,13.17,939,27.63,0
101,2022,321,926,13.16,928,27.56,0
101,2022,321,927,13.16,924,27.44,0
101,2022,321,928,13.17,858,27.4,0
101,2022,321,929,13.17,952,27.36,0
101,2022,321,930,13.17,752,27.37,0
101,2022,321,931,13.16,705,27.51,0
101,2022,321,932,13.17,266.3,27.57,0
101,2022,321,933,13.16,404.9,27.49,0
101,2022,321,934,13.17,866,27.31,0
101,2022,321,935,13.17,938,27.3,0
101,2022,321,936,13.17,985,27.48,0
101,2022,321,937,13.17,877,27.74,0
101,2022,321,938,13.16,416.4,27.88,0
101,2022,321,939,13.17,1001,27.79,0
101,2022,321,940,13.16,809,27.85,0
101,2022,321,941,13.17,759,27.95,0
101,2022,321,942,13.17,704,27.76,0
101,2022,321,943,13.17,997,27.75,0
101,2022,321,944,13.17,1020,27.89,0
101,2022,321,945,13.16,1040,27.97,0
101,2022,321,946,13.16,1034,28.31,0
101,2022,321,947,13.17,1021,28.27,0
101,2022,321,948,13.17,1027,28.24,0
101,2022,321,949,13.17,610.2,28.29,0
101,2022,321,950,13.16,1031,28.2,0
101,2022,321,951,13.16,1057,28.4,0
101,2022,321,952,13.16,1053,28.64,0
101,2022,321,953,13.16,1055,28.76,0
101,2022,321,954,13.16,1058,28.8,0
101,2022,321,955,13.16,1067,28.69,0
101,2022,321,956,13.16,1041,28.76,0
101,2022,321,957,13.16,847,28.87,0
101,2022,321,958,13.16,1077,29.07,0
101,2022,321,959,13.16,1095,29,0
101,2022,321,1000,13.16,826,28.99,0
101,2022,321,1001,13.16,542.2,28.9,0
101,2022,321,1002,13.16,840,28.71,0
101,2022,321,1003,13.15,384.1,28.76,0
101,2022,321,1004,13.16,330,28.67,0
101,2022,321,1005,13.15,343.6,28.56,0
101,2022,321,1006,13.15,477.2,28.37,0
101,2022,321,1007,13.15,416.2,28.12,0
101,2022,321,1008,13.15,703,28.14,0
101,2022,321,1009,13.15,435.1,28.24,0
101,2022,321,1010,13.15,951,28.28,0
101,2022,321,1011,13.15,1215,28.47,0
101,2022,321,1012,13.15,1194,28.73,0
101,2022,321,1013,13.15,1182,28.5,0
101,2022,321,1014,13.15,1176,28.58,0
101,2022,321,1015,13.15,1169,28.9,0
101,2022,321,1016,13.15,1161,28.92,0
101,2022,321,1017,13.15,1152,28.96,0
101,2022,321,1018,13.15,1145,28.93,0
101,2022,321,1019,13.15,1146,28.95,0
101,2022,321,1020,13.15,1155,29.02,0
101,2022,321,1021,13.15,1168,29.13,0
101,2022,321,1022,13.15,1192,29.26,0
101,2022,321,1023,13.15,1240,29.32,0
101,2022,321,1024,13.15,1255,29.58,0
101,2022,321,1025,13.15,1283,29.61,0
101,2022,321,1026,13.15,1208,29.62,0
101,2022,321,1027,13.15,1193,29.72,0
101,2022,321,1028,13.15,938,29.67,0
101,2022,321,1029,13.15,645.5,29.82,0
101,2022,321,1030,13.14,853,29.93,0
101,2022,321,1031,13.15,1293,29.84,0
101,2022,321,1032,13.15,1272,29.95,0
101,2022,321,1033,13.14,1262,30.03,0
101,2022,321,1034,13.14,1239,29.98,0
101,2022,321,1035,13.14,1102,29.9,0
101,2022,321,1036,13.14,1170,29.95,0
101,2022,321,1037,13.14,1204,29.93,0
101,2022,321,1038,13.14,1180,30.05,0
101,2022,321,1039,13.14,843,30.11,0
101,2022,321,1040,13.14,1084,30.26,0
101,2022,321,1041,13.14,1235,30.36,0
101,2022,321,1042,13.14,1235,30.21,0
101,2022,321,1043,13.14,1251,30.03,0
101,2022,321,1044,13.14,1262,29.82,0
101,2022,321,1045,13.14,1114,29.8,0
101,2022,321,1046,13.14,914,29.87,0
101,2022,321,1047,13.14,889,29.64,0
101,2022,321,1048,13.14,954,29.52,0
101,2022,321,1049,13.14,1008,29.4,0
101,2022,321,1050,13.14,923,29.25,0
101,2022,321,1051,13.14,1210,29.39,0
101,2022,321,1052,13.14,1022,29.76,0
101,2022,321,1053,13.14,493.4,29.69,0
101,2022,321,1054,13.13,484.3,29.66,0
101,2022,321,1055,13.13,543.5,29.61,0
101,2022,321,1056,13.13,684.2,29.33,0
101,2022,321,1057,13.13,662.8,29.4,0
101,2022,321,1058,13.13,604.9,29.54,0
101,2022,321,1059,13.14,648.8,29.56,0
101,2022,321,1100,13.13,915,29.54,0
101,2022,321,1101,13.13,920,29.26,0
101,2022,321,1102,13.13,739,29.17,0
101,2022,321,1103,13.13,687.1,29.37,0
101,2022,321,1104,13.13,737,29.48,0
101,2022,321,1105,13.13,844,29.31,0
101,2022,321,1106,13.13,873,29.2,0
101,2022,321,1107,13.13,818,29.34,0
101,2022,321,1108,13.13,885,29.1,0
101,2022,321,1109,13.14,981,29.3,0
101,2022,321,1110,13.13,957,29.47,0
101,2022,321,1111,13.14,799,29.49,0
101,2022,321,1112,13.13,647.7,29.46,0
101,2022,321,1113,13.13,628.4,29.41,0
101,2022,321,1114,13.14,695.1,29.4,0
101,2022,321,1115,13.13,758,29.42,0
101,2022,321,1116,13.14,598.8,29.56,0
101,2022,321,1117,13.13,595.7,29.58,0
101,2022,321,1118,13.13,569.4,29.34,0
101,2022,321,1119,13.13,533.3,29.09,0
101,2022,321,1120,13.13,523.6,29.08,0
101,2022,321,1121,13.13,563,29.07,0
101,2022,321,1122,13.13,576.3,29.2,0
101,2022,321,1123,13.14,526.2,29.22,0
101,2022,321,1124,13.13,510.1,29.12,0
101,2022,321,1125,13.13,493.3,28.97,0
101,2022,321,1126,13.14,478.6,28.97,0
101,2022,321,1127,13.14,465.3,29.02,0
101,2022,321,1128,13.13,455,29.17,0
101,2022,321,1129,13.13,465.8,29.28,0
101,2022,321,1130,13.13,492.4,29.34,0
101,2022,321,1131,13.13,503.6,29.28,0
101,2022,321,1132,13.13,507.3,29.19,0
101,2022,321,1133,13.14,572.5,29.16,0
101,2022,321,1134,13.14,688,29.31,0
101,2022,321,1135,13.14,644.2,29.23,0
101,2022,321,1136,13.14,681.4,29.22,0
101,2022,321,1137,13.14,662,29.09,0
101,2022,321,1138,13.13,739,29.11,0
101,2022,321,1139,13.14,789,29.03,0
101,2022,321,1140,13.14,943,29.1,0
101,2022,321,1141,13.14,974,29.26,0
101,2022,321,1142,13.13,677.9,29.42,0
101,2022,321,1143,13.13,627.9,29.39,0
101,2022,321,1144,13.13,916,29.46,0
101,2022,321,1145,13.14,842,29.67,0
101,2022,321,1146,13.13,851,29.79,0
101,2022,321,1147,13.14,704,29.7,0
101,2022,321,1148,13.13,639,29.63,0
101,2022,321,1149,13.13,619.5,29.58,0
101,2022,321,1150,13.13,593.8,29.54,0
101,2022,321,1151,13.13,588.2,29.67,0
101,2022,321,1152,13.13,590.6,29.59,0
101,2022,321,1153,13.13,607.6,29.62,0
101,2022,321,1154,13.13,566.8,29.59,0
101,2022,321,1155,13.13,560.4,29.63,0
101,2022,321,1156,13.13,527.1,29.67,0
101,2022,321,1157,13.13,653.6,29.49,0
101,2022,321,1158,13.13,636.1,29.39,0
101,2022,321,1159,13.13,589.9,29.39,0
101,2022,321,1200,13.13,863,29.25,0
101,2022,321,1201,13.13,633.6,29.3,0
101,2022,321,1202,13.13,492.3,29.24,0
101,2022,321,1203,13.13,489.3,29.29,0
101,2022,321,1204,13.13,502.6,29.44,0
101,2022,321,1205,13.13,588,29.5,0
101,2022,321,1206,13.13,551.3,29.38,0
101,2022,321,1207,13.13,516.7,29.24,0
101,2022,321,1208,13.13,508.9,29.26,0
101,2022,321,1209,13.13,500.9,29.25,0
101,2022,321,1210,13.13,492.9,29.26,0
101,2022,321,1211,13.13,488,29.23,0
101,2022,321,1212,13.13,482.9,29.18,0
101,2022,321,1213,13.13,476,29.16,0
101,2022,321,1214,13.13,473.6,29.19,0
101,2022,321,1215,13.13,480.2,29.14,0
101,2022,321,1216,13.13,497.1,29.11,0
101,2022,321,1217,13.13,514.3,29.1,0
101,2022,321,1218,13.13,519.2,29.17,0
101,2022,321,1219,13.13,514.7,29.17,0
101,2022,321,1220,13.13,512,29.13,0
101,2022,321,1221,13.13,518.8,29.2,0
101,2022,321,1222,13.13,536.7,29.33,0
101,2022,321,1223,13.13,580.7,29.38,0
101,2022,321,1224,13.13,677.3,29.23,0
101,2022,321,1225,13.13,694.4,29.1,0
101,2022,321,1226,13.13,636.7,29.06,0
101,2022,321,1227,13.13,583.4,29.15,0
101,2022,321,1228,13.13,545.9,29.26,0
101,2022,321,1229,13.13,518.3,29.3,0
101,2022,321,1230,13.13,495.9,29.39,0
101,2022,321,1231,13.13,470,29.47,0
101,2022,321,1232,13.13,453.1,29.45,0
101,2022,321,1233,13.13,441.9,29.43,0
101,2022,321,1234,13.13,435.9,29.28,0
101,2022,321,1235,13.12,434.1,29.29,0
101,2022,321,1236,13.13,430.4,29.31,0
101,2022,321,1237,13.13,423.7,29.29,0
101,2022,321,1238,13.13,414.5,29.14,0
101,2022,321,1239,13.13,406.4,29.15,0
101,2022,321,1240,13.13,402.6,29.13,0
101,2022,321,1241,13.13,403.5,28.94,0
101,2022,321,1242,13.13,411.9,28.91,0
101,2022,321,1243,13.13,424.7,28.95,0
101,2022,321,1244,13.13,447.3,29.07,0
101,2022,321,1245,13.13,492.6,29.16,0
101,2022,321,1246,13.13,615.4,29.14,0
101,2022,321,1247,13.13,896,29.16,0
101,2022,321,1248,13.13,974,29.2,0
101,2022,321,1249,13.13,975,29.37,0
101,2022,321,1250,13.13,694,29.59,0
101,2022,321,1251,13.13,816,29.56,0
101,2022,321,1252,13.12,640.1,29.55,0
101,2022,321,1253,13.12,569.8,29.6,0
101,2022,321,1254,13.12,669,29.7,0
101,2022,321,1255,13.12,547.4,29.81,0
101,2022,321,1256,13.12,489.7,29.71,0
101,2022,321,1257,13.13,481.1,29.69,0
101,2022,321,1258,13.13,474.1,29.56,0
101,2022,321,1259,13.13,472.8,29.58,0
101,2022,321,1300,13.12,480.2,29.5,0
101,2022,321,1301,13.12,496.7,29.43,0
101,2022,321,1302,13.12,517.5,29.47,0
101,2022,321,1303,13.12,532.6,29.29,0
101,2022,321,1304,13.12,558.4,29.25,0
101,2022,321,1305,13.12,636.2,29.27,0
101,2022,321,1306,13.12,976,29.31,0
101,2022,321,1307,13.13,904,29.51,0
101,2022,321,1308,13.12,780,29.43,0
101,2022,321,1309,13.13,669.2,29.34,0
101,2022,321,1310,13.13,672,29.31,0
101,2022,321,1311,13.13,666.3,29.41,0
101,2022,321,1312,13.13,592,29.46,0
101,2022,321,1313,13.13,735,29.44,0
101,2022,321,1314,13.12,999,29.54,0
101,2022,321,1315,13.13,961,29.57,0
101,2022,321,1316,13.13,735,29.73,0
101,2022,321,1317,13.13,794,29.71,0
101,2022,321,1318,13.13,965,29.7,0
101,2022,321,1319,13.13,987,29.91,0
101,2022,321,1320,13.13,634.8,29.97,0
101,2022,321,1321,13.13,773,29.95,0
101,2022,321,1322,13.13,828,29.79,0
101,2022,321,1323,13.13,810,29.57,0
101,2022,321,1324,13.13,913,29.68,0
101,2022,321,1325,13.13,1011,29.81,0
101,2022,321,1326,13.13,892,30.01,0
101,2022,321,1327,13.13,753,30.28,0
101,2022,321,1328,13.12,606.8,30.26,0
101,2022,321,1329,13.13,434.5,29.92,0
101,2022,321,1330,13.13,456.6,29.76,0
101,2022,321,1331,13.13,737,29.73,0
101,2022,321,1332,13.13,967,29.74,0
101,2022,321,1333,13.13,974,29.87,0
101,2022,321,1334,13.13,647.6,30,0
101,2022,321,1335,13.13,433.2,30.1,0
101,2022,321,1336,13.13,395.1,29.68,0
101,2022,321,1337,13.13,408.6,29.47,0
101,2022,321,1338,13.13,444.3,29.46,0
101,2022,321,1339,13.13,468.2,29.36,0
101,2022,321,1340,13.13,481.4,29.19,0
101,2022,321,1341,13.13,493.7,29.08,0
101,2022,321,1342,13.13,499,29.03,0
101,2022,321,1343,13.13,500,28.98,0
101,2022,321,1344,13.13,496.2,28.98,0
101,2022,321,1345,13.13,485,29.01,0
101,2022,321,1346,13.13,473.4,29.02,0
101,2022,321,1347,13.13,469.6,29.22,0
101,2022,321,1348,13.13,473.4,29.28,0
101,2022,321,1349,13.13,483.3,29.09,0
101,2022,321,1350,13.13,494.4,28.96,0
101,2022,321,1351,13.13,490.6,28.89,0
101,2022,321,1352,13.13,474.5,28.98,0
101,2022,321,1353,13.13,474.3,29.09,0
101,2022,321,1354,13.13,479.9,29.13,0
101,2022,321,1355,13.13,485.9,29.1,0
101,2022,321,1356,13.13,500.9,29.12,0
101,2022,321,1357,13.13,527.9,29.02,0
101,2022,321,1358,13.13,558.7,28.96,0
101,2022,321,1359,13.13,566.2,29.09,0
101,2022,321,1400,13.13,539.7,29.18,0
101,2022,321,1401,13.13,500.7,29.14,0
101,2022,321,1402,13.13,478.3,29.14,0
101,2022,321,1403,13.13,472,28.84,0
101,2022,321,1404,13.13,533.6,28.82,0
101,2022,321,1405,13.13,671.9,28.95,0
101,2022,321,1406,13.13,670.2,28.98,0
101,2022,321,1407,13.13,653.7,28.98,0
101,2022,321,1408,13.13,568.8,29.07,0
101,2022,321,1409,13.13,489.1,29.15,0
101,2022,321,1410,13.13,492.9,29.12,0
101,2022,321,1411,13.13,591.6,29.22,0
101,2022,321,1412,13.13,626.1,29.16,0
101,2022,321,1413,13.13,582.8,29.13,0
101,2022,321,1414,13.13,583.3,29.13,0
101,2022,321,1415,13.13,808,29.22,0
101,2022,321,1416,13.13,886,29.22,0
101,2022,321,1417,13.13,820,29.15,0
101,2022,321,1418,13.13,796,29.13,0
101,2022,321,1419,13.13,764,28.93,0
101,2022,321,1420,13.14,811,28.91,0
101,2022,321,1421,13.13,827,29,0
101,2022,321,1422,13.13,815,29.19,0
101,2022,321,1423,13.14,806,29.3,0
101,2022,321,1424,13.13,784,29.18,0
101,2022,321,1425,13.14,710,29.19,0
101,2022,321,1426,13.13,742,29.21,0
101,2022,321,1427,13.14,740,29.02,0
101,2022,321,1428,13.14,734,28.93,0
101,2022,321,1429,13.14,732,29.07,0
101,2022,321,1430,13.13,746,29.06,0
101,2022,321,1431,13.14,767,29.04,0
101,2022,321,1432,13.14,789,29.13,0
101,2022,321,1433,13.14,801,29.16,0
101,2022,321,1434,13.14,775,29.3,0
101,2022,321,1435,13.14,541.6,29.52,0
101,2022,321,1436,13.14,277.8,29.35,0
101,2022,321,1437,13.14,523.8,29.06,0
101,2022,321,1438,13.14,562.9,28.98,0
101,2022,321,1439,13.14,692.9,28.96,0
101,2022,321,1440,13.13,690.6,28.97,0
101,2022,321,1441,13.14,695.2,28.94,0
101,2022,321,1442,13.14,688.5,29.03,0
101,2022,321,1443,13.14,681.4,29.04,0
101,2022,321,1444,13.14,683.9,29,0
101,2022,321,1445,13.14,689,29.03,0
101,2022,321,1446,13.14,691.2,28.95,0
101,2022,321,1447,13.14,685,29.04,0
101,2022,321,1448,13.14,670.4,29.21,0
101,2022,321,1449,13.14,421.9,29.08,0
101,2022,321,1450,13.14,213.3,28.81,0
101,2022,321,1451,13.14,191,28.57,0
101,2022,321,1452,13.14,451.2,28.5,0
101,2022,321,1453,13.14,602.7,28.52,0
101,2022,321,1454,13.14,592.6,28.71,0
101,2022,321,1455,13.14,591,28.68,0
101,2022,321,1456,13.14,586.3,28.63,0
101,2022,321,1457,13.14,575.4,28.59,0
101,2022,321,1458,13.14,567,28.68,0
101,2022,321,1459,13.14,565.6,28.75,0
101,2022,321,1500,13.14,562.4,28.68,0
101,2022,321,1501,13.14,557,28.61,0
101,2022,321,1502,13.14,551.1,28.61,0
101,2022,321,1503,13.14,546.4,28.52,0
101,2022,321,1504,13.14,547.6,28.48,0
101,2022,321,1505,13.14,544.7,28.47,0
101,2022,321,1506,13.14,542,28.49,0
101,2022,321,1507,13.14,537,28.38,0
101,2022,321,1508,13.14,531.7,28.36,0
101,2022,321,1509,13.14,528.7,28.49,0
101,2022,321,1510,13.14,522.6,28.48,0
101,2022,321,1511,13.15,515.8,28.57,0
101,2022,321,1512,13.14,509.8,28.61,0
101,2022,321,1513,13.15,510.5,28.47,0
101,2022,321,1514,13.15,505.9,28.41,0
101,2022,321,1515,13.14,503.9,28.43,0
101,2022,321,1516,13.14,498.8,28.4,0
101,2022,321,1517,13.14,493.2,28.35,0
101,2022,321,1518,13.14,488.6,28.37,0
101,2022,321,1519,13.15,485.4,28.44,0
101,2022,321,1520,13.14,479.8,28.27,0
101,2022,321,1521,13.15,476.4,28.24,0
101,2022,321,1522,13.15,472.9,28.31,0
101,2022,321,1523,13.15,467.7,28.34,0
101,2022,321,1524,13.14,463.1,28.24,0
101,2022,321,1525,13.14,457.7,28.21,0
101,2022,321,1526,13.15,453.7,28.25,0
101,2022,321,1527,13.14,449.5,28.29,0
101,2022,321,1528,13.15,445.5,28.3,0
101,2022,321,1529,13.15,441.9,28.39,0
101,2022,321,1530,13.15,438.6,28.39,0
101,2022,321,1531,13.15,434,28.34,0
101,2022,321,1532,13.15,428.4,28.21,0
101,2022,321,1533,13.15,422.8,28.16,0
101,2022,321,1534,13.15,418.2,28.18,0
101,2022,321,1535,13.15,414,28.12,0
101,2022,321,1536,13.15,409.1,28.15,0
101,2022,321,1537,13.15,406.7,28.11,0
101,2022,321,1538,13.15,402.5,28.12,0
101,2022,321,1539,13.15,396.6,28.14,0
101,2022,321,1540,13.15,391.1,28.06,0
101,2022,321,1541,13.15,387.2,28.13,0
101,2022,321,1542,13.15,383.9,28.21,0
101,2022,321,1543,13.15,380.5,28.22,0
101,2022,321,1544,13.15,378.7,28.22,0
101,2022,321,1545,13.15,373.7,28.13,0
101,2022,321,1546,13.15,369,28.07,0
101,2022,321,1547,13.15,363.2,28.06,0
101,2022,321,1548,13.15,358.7,28,0
101,2022,321,1549,13.15,354.5,27.92,0
101,2022,321,1550,13.15,350,27.99,0
101,2022,321,1551,13.15,344.4,28.16,0
101,2022,321,1552,13.15,340.5,28.1,0
101,2022,321,1553,13.15,337.3,27.95,0
101,2022,321,1554,13.15,332.7,27.93,0
101,2022,321,1555,13.15,327.6,27.93,0
101,2022,321,1556,13.15,322.8,27.97,0
101,2022,321,1557,13.15,319.4,28.06,0
101,2022,321,1558,13.15,315.4,27.98,0
101,2022,321,1559,13.15,310.8,27.9,0
101,2022,321,1600,13.15,306.8,27.97,0
101,2022,321,1601,13.15,301.4,28,0
101,2022,321,1602,13.15,296.2,27.88,0
101,2022,321,1603,13.15,290.8,27.76,0
101,2022,321,1604,13.15,287.7,27.7,0
101,2022,321,1605,13.15,285,27.65,0
101,2022,321,1606,13.15,279.6,27.63,0
101,2022,321,1607,13.15,275.9,27.63,0
101,2022,321,1608,13.15,273,27.68,0
101,2022,321,1609,13.15,269.4,27.65,0
101,2022,321,1610,13.15,265.3,27.58,0
101,2022,321,1611,13.15,260.5,27.52,0
101,2022,321,1612,13.15,256.8,27.52,0
101,2022,321,1613,13.16,253.1,27.49,0
101,2022,321,1614,13.15,249,27.5,0
101,2022,321,1615,13.15,243.6,27.39,0
101,2022,321,1616,13.16,239.3,27.3,0
101,2022,321,1617,13.16,235.6,27.26,0
101,2022,321,1618,13.16,231.4,27.25,0
101,2022,321,1619,13.16,227.3,27.28,0
101,2022,321,1620,13.16,222.8,27.27,0
101,2022,321,1621,13.16,219.2,27.23,0
101,2022,321,1622,13.16,214.9,27.22,0
101,2022,321,1623,13.16,209.9,27.21,0
101,2022,321,1624,13.16,205.2,27.18,0
101,2022,321,1625,13.16,201.1,27.2,0
101,2022,321,1626,13.16,197.1,27.17,0
101,2022,321,1627,13.16,193,27.11,0
101,2022,321,1628,13.16,189.3,27.04,0
101,2022,321,1629,13.16,185.4,27.01,0
101,2022,321,1630,13.16,181.8,27.05,0
101,2022,321,1631,13.16,177.7,27.03,0
101,2022,321,1632,13.16,172.9,26.95,0
101,2022,321,1633,13.16,168.5,26.89,0
101,2022,321,1634,13.16,163.9,26.88,0
101,2022,321,1635,13.16,159.4,26.92,0
101,2022,321,1636,13.16,155.1,26.89,0
101,2022,321,1637,13.16,150.5,26.89,0
101,2022,321,1638,13.16,146.6,26.86,0
101,2022,321,1639,13.16,142.7,26.84,0
101,2022,321,1640,13.16,139.3,26.81,0
101,2022,321,1641,13.16,135.7,26.78,0
101,2022,321,1642,13.16,132.1,26.76,0
101,2022,321,1643,13.17,128.2,26.73,0
101,2022,321,1644,13.17,124.5,26.72,0
101,2022,321,1645,13.17,120.6,26.67,0
101,2022,321,1646,13.17,116.8,26.63,0
101,2022,321,1647,13.17,112.9,26.64,0
101,2022,321,1648,13.17,108.8,26.63,0
101,2022,321,1649,13.17,104.8,26.6,0
101,2022,321,1650,13.17,100.7,26.57,0
101,2022,321,1651,13.17,96.8,26.53,0
101,2022,321,1652,13.16,93.1,26.52,0
101,2022,321,1653,13.17,89.3,26.49,0
101,2022,321,1654,13.17,85.3,26.47,0
101,2022,321,1655,13.17,81.6,26.45,0
101,2022,321,1656,13.17,78.2,26.43,0
101,2022,321,1657,13.17,74.9,26.4,0
101,2022,321,1658,13.17,71.3,26.36,0
101,2022,321,1659,13.16,67.68,26.34,0
101,2022,321,1700,13.17,64.44,26.29,0
101,2022,321,1701,13.16,61.62,26.27,0
101,2022,321,1702,13.16,58.67,26.24,0
101,2022,321,1703,13.15,55.48,26.21,0
101,2022,321,1704,13.15,52.13,26.18,0
101,2022,321,1705,13.14,48.7,26.13,0
101,2022,321,1706,13.13,45.66,26.1,0
101,2022,321,1707,13.12,42.67,26.08,0
101,2022,321,1708,13.12,39.6,26.05,0
101,2022,321,1709,13.11,36.53,26.02,0
101,2022,321,1710,13.1,33.77,25.98,0
101,2022,321,1711,13.09,31.49,25.98,0
101,2022,321,1712,13.08,28.96,25.96,0
101,2022,321,1713,13.07,26.25,25.93,0
101,2022,321,1714,13.06,23.72,25.91,0
101,2022,321,1715,13.06,21.46,25.88,0
101,2022,321,1716,13.05,19.46,25.82,0
101,2022,321,1717,13.05,17.55,25.79,0
101,2022,321,1718,13.04,15.55,25.74,0
101,2022,321,1719,13.03,13.61,25.69,0
101,2022,321,1720,13.03,11.63,25.66,0
101,2022,321,1721,13.02,9.97,25.64,0
101,2022,321,1722,13.02,8.73,25.57,0
101,2022,321,1723,13.01,7.69,25.54,0
101,2022,321,1724,13.01,6.817,25.51,0
101,2022,321,1725,13.01,5.972,25.48,0
101,2022,321,1726,13,5.24,25.45,0
101,2022,321,1727,13,4.564,25.44,0
101,2022,321,1728,12.99,4.085,25.42,0
101,2022,321,1729,12.99,3.803,25.39,0
101,2022,321,1730,12.98,3.324,25.35,0
101,2022,321,1731,12.98,2.817,25.32,0
101,2022,321,1732,12.97,2.479,25.3,0
101,2022,321,1733,12.97,2.028,25.29,0
101,2022,321,1734,12.97,1.859,25.26,0
101,2022,321,1735,12.96,1.465,25.24,0
101,2022,321,1736,12.96,1.352,25.22,0
101,2022,321,1737,12.96,1.014,25.21,0
101,2022,321,1738,12.95,.676,25.22,0
101,2022,321,1739,12.95,.676,25.22,0
101,2022,321,1740,12.95,.535,25.19,0
101,2022,321,1741,12.94,.338,25.15,0
101,2022,321,1742,12.94,.282,25.14,0
101,2022,321,1743,12.94,.113,25.13,0
101,2022,321,1744,12.94,.085,25.1,0
101,2022,321,1745,12.93,.028,25.07,0
101,2022,321,1746,12.93,.028,25.04,0
101,2022,321,1747,12.93,0,25.01,0
101,2022,321,1748,12.93,0,25,0
101,2022,321,1749,12.92,0,24.98,0
101,2022,321,1750,12.92,0,24.95,0
101,2022,321,1751,12.92,0,24.9,0
101,2022,321,1752,12.91,0,24.86,0
101,2022,321,1753,12.91,0,24.84,0
101,2022,321,1754,12.91,0,24.84,0
101,2022,321,1755,12.91,0,24.82,0
101,2022,321,1756,12.91,0,24.8,0
101,2022,321,1757,12.91,0,24.79,0
101,2022,321,1758,12.9,0,24.77,0
101,2022,321,1759,12.9,0,24.75,0
101,2022,321,1800,12.9,0,24.72,0
101,2022,321,1801,12.9,0,24.72,0
101,2022,321,1802,12.9,0,24.69,0
101,2022,321,1803,12.89,0,24.68,0
101,2022,321,1804,12.89,0,24.67,0
101,2022,321,1805,12.89,0,24.67,0
101,2022,321,1806,12.89,0,24.64,0
101,2022,321,1807,12.89,0,24.62,0
101,2022,321,1808,12.89,0,24.58,0
101,2022,321,1809,12.88,0,24.55,0
101,2022,321,1810,12.88,0,24.51,0
101,2022,321,1811,12.88,0,24.48,0
101,2022,321,1812,12.88,0,24.46,0
101,2022,321,1813,12.88,0,24.43,0
101,2022,321,1814,12.88,0,24.42,0
101,2022,321,1815,12.88,0,24.4,0
101,2022,321,1816,12.88,0,24.38,0
101,2022,321,1817,12.88,0,24.37,0
101,2022,321,1818,12.87,0,24.36,0
101,2022,321,1819,12.87,0,24.33,0
101,2022,321,1820,12.87,0,24.32,0
101,2022,321,1821,12.87,0,24.3,0
101,2022,321,1822,12.87,0,24.29,0
101,2022,321,1823,12.86,0,24.27,0
101,2022,321,1824,12.86,0,24.25,0
101,2022,321,1825,12.86,0,24.24,0
101,2022,321,1826,12.86,0,24.22,0
101,2022,321,1827,12.86,0,24.21,0
101,2022,321,1828,12.86,0,24.2,0
101,2022,321,1829,12.86,0,24.19,0
101,2022,321,1830,12.86,0,24.18,0
101,2022,321,1831,12.86,0,24.17,0
101,2022,321,1832,12.86,0,24.15,0
101,2022,321,1833,12.86,0,24.12,0
101,2022,321,1834,12.85,0,24.09,0
101,2022,321,1835,12.85,0,24.07,0
101,2022,321,1836,12.85,0,24.05,0
101,2022,321,1837,12.85,0,24.03,0
101,2022,321,1838,12.85,0,24.01,0
101,2022,321,1839,12.85,0,24.01,0
101,2022,321,1840,12.85,0,24.01,0
101,2022,321,1841,12.85,0,24.01,0
101,2022,321,1842,12.85,0,24,0
101,2022,321,1843,12.85,0,23.99,0
101,2022,321,1844,12.85,0,23.97,0
101,2022,321,1845,12.84,0,23.96,0
101,2022,321,1846,12.84,0,23.95,0
101,2022,321,1847,12.84,0,23.95,0
101,2022,321,1848,12.84,0,23.94,0
101,2022,321,1849,12.84,0,23.93,0
101,2022,321,1850,12.84,0,23.91,0
101,2022,321,1851,12.84,0,23.89,0
101,2022,321,1852,12.84,0,23.88,0
101,2022,321,1853,12.84,0,23.86,0
101,2022,321,1854,12.84,0,23.86,0
101,2022,321,1855,12.84,0,23.85,0
101,2022,321,1856,12.84,0,23.83,0
101,2022,321,1857,12.84,0,23.81,0
101,2022,321,1858,12.84,0,23.8,0
101,2022,321,1859,12.84,0,23.79,0
101,2022,321,1900,12.83,0,23.76,0
101,2022,321,1901,12.83,0,23.76,0
101,2022,321,1902,12.83,0,23.76,0
101,2022,321,1903,12.83,0,23.74,0
101,2022,321,1904,12.83,0,23.75,0
101,2022,321,1905,12.83,0,23.74,0
101,2022,321,1906,12.83,0,23.74,0
101,2022,321,1907,12.83,0,23.74,0
101,2022,321,1908,12.83,0,23.72,0
101,2022,321,1909,12.83,0,23.72,0
101,2022,321,1910,12.83,0,23.7,0
101,2022,321,1911,12.83,0,23.69,0
101,2022,321,1912,12.83,0,23.69,0
101,2022,321,1913,12.83,0,23.67,0
101,2022,321,1914,12.83,0,23.66,0
101,2022,321,1915,12.83,0,23.65,0
101,2022,321,1916,12.82,0,23.65,0
101,2022,321,1917,12.82,0,23.63,0
101,2022,321,1918,12.82,0,23.62,0
101,2022,321,1919,12.82,0,23.6,0
101,2022,321,1920,12.82,0,23.59,0
101,2022,321,1921,12.82,0,23.58,0
101,2022,321,1922,12.82,0,23.56,0
101,2022,321,1923,12.82,0,23.55,0
101,2022,321,1924,12.82,0,23.54,0
101,2022,321,1925,12.82,0,23.52,0
101,2022,321,1926,12.82,0,23.5,0
101,2022,321,1927,12.82,0,23.47,0
101,2022,321,1928,12.82,0,23.46,0
101,2022,321,1929,12.82,0,23.44,0
101,2022,321,1930,12.82,0,23.44,0
101,2022,321,1931,12.82,0,23.43,0
101,2022,321,1932,12.82,0,23.44,0
101,2022,321,1933,12.82,0,23.43,0
101,2022,321,1934,12.82,0,23.43,0
101,2022,321,1935,12.82,0,23.42,0
101,2022,321,1936,12.82,0,23.42,0
101,2022,321,1937,12.82,0,23.42,0
101,2022,321,1938,12.82,0,23.41,0
101,2022,321,1939,12.81,0,23.41,0
101,2022,321,1940,12.81,0,23.39,0
101,2022,321,1941,12.81,0,23.39,0
101,2022,321,1942,12.81,0,23.37,0
101,2022,321,1943,12.81,0,23.35,0
101,2022,321,1944,12.81,0,23.34,0
101,2022,321,1945,12.81,0,23.34,0
101,2022,321,1946,12.81,0,23.33,0
101,2022,321,1947,12.81,0,23.33,0
101,2022,321,1948,12.81,0,23.33,0
101,2022,321,1949,12.81,0,23.32,0
101,2022,321,1950,12.81,0,23.31,0
101,2022,321,1951,12.81,0,23.31,0
101,2022,321,1952,12.81,0,23.3,0
101,2022,321,1953,12.81,0,23.3,0
101,2022,321,1954,12.81,0,23.29,0
101,2022,321,1955,12.81,0,23.29,0
101,2022,321,1956,12.81,0,23.29,0
101,2022,321,1957,12.81,0,23.28,0
101,2022,321,1958,12.81,0,23.28,0
101,2022,321,1959,12.81,0,23.27,0
101,2022,321,2000,12.81,0,23.27,0
101,2022,321,2001,12.81,0,23.26,0
101,2022,321,2002,12.81,0,23.27,0
101,2022,321,2003,12.81,0,23.25,0
101,2022,321,2004,12.81,0,23.26,0
101,2022,321,2005,12.81,0,23.26,0
101,2022,321,2006,12.81,0,23.25,0
101,2022,321,2007,12.81,0,23.26,0
101,2022,321,2008,12.8,0,23.26,0
101,2022,321,2009,12.8,0,23.26,0
101,2022,321,2010,12.8,0,23.27,0
101,2022,321,2011,12.8,0,23.28,0
101,2022,321,2012,12.8,0,23.28,0
101,2022,321,2013,12.81,0,23.27,0
101,2022,321,2014,12.81,0,23.29,0
101,2022,321,2015,12.81,0,23.3,0
101,2022,321,2016,12.8,0,23.3,0
101,2022,321,2017,12.81,0,23.32,0
101,2022,321,2018,12.8,0,23.32,0
101,2022,321,2019,12.8,0,23.3,0
101,2022,321,2020,12.8,0,23.3,0
101,2022,321,2021,12.8,0,23.29,0
101,2022,321,2022,12.8,0,23.29,0
101,2022,321,2023,12.8,0,23.3,0
101,2022,321,2024,12.8,0,23.28,0
101,2022,321,2025,12.8,0,23.28,0
101,2022,321,2026,12.8,0,23.28,0
101,2022,321,2027,12.8,0,23.28,0
101,2022,321,2028,12.8,0,23.28,0
101,2022,321,2029,12.8,0,23.27,0
101,2022,321,2030,12.8,0,23.26,0
101,2022,321,2031,12.8,0,23.27,0
101,2022,321,2032,12.8,0,23.25,0
101,2022,321,2033,12.8,0,23.25,0
101,2022,321,2034,12.8,0,23.25,0
101,2022,321,2035,12.8,0,23.25,0
101,2022,321,2036,12.8,0,23.23,0
101,2022,321,2037,12.8,0,23.22,0
101,2022,321,2038,12.8,0,23.22,0
101,2022,321,2039,12.8,0,23.22,0
101,2022,321,2040,12.8,0,23.21,0
101,2022,321,2041,12.8,0,23.17,0
101,2022,321,2042,12.8,0,23.16,0
101,2022,321,2043,12.8,0,23.16,0
101,2022,321,2044,12.79,0,23.14,0
101,2022,321,2045,12.8,0,23.13,0
101,2022,321,2046,12.79,0,23.11,0
101,2022,321,2047,12.79,0,23.08,0
101,2022,321,2048,12.79,0,23.07,0
101,2022,321,2049,12.79,0,23.05,0
101,2022,321,2050,12.79,0,23.03,0
101,2022,321,2051,12.79,0,23.04,0
101,2022,321,2052,12.79,0,23.01,0
101,2022,321,2053,12.79,0,22.99,0
101,2022,321,2054,12.79,0,22.98,0
101,2022,321,2055,12.79,0,22.99,0
101,2022,321,2056,12.79,0,22.98,0
101,2022,321,2057,12.79,0,22.98,0
101,2022,321,2058,12.79,0,22.97,0
101,2022,321,2059,12.79,0,22.96,0
101,2022,321,2100,12.79,0,22.95,0
101,2022,321,2101,12.79,0,22.93,0
101,2022,321,2102,12.79,0,22.93,0
101,2022,321,2103,12.79,0,22.93,0
101,2022,321,2104,12.79,0,22.91,0
101,2022,321,2105,12.79,0,22.9,0
101,2022,321,2106,12.79,0,22.9,0
101,2022,321,2107,12.79,0,22.88,0
101,2022,321,2108,12.79,0,22.83,0
101,2022,321,2109,12.79,0,22.83,0
101,2022,321,2110,12.79,0,22.79,0
101,2022,321,2111,12.79,0,22.78,0
101,2022,321,2112,12.79,0,22.76,0
101,2022,321,2113,12.79,0,22.74,0
101,2022,321,2114,12.79,0,22.7,0
101,2022,321,2115,12.79,0,22.65,0
101,2022,321,2116,12.79,0,22.62,0
101,2022,321,2117,12.79,0,22.62,0
101,2022,321,2118,12.79,0,22.62,0
101,2022,321,2119,12.79,0,22.61,0
101,2022,321,2120,12.79,0,22.6,0
101,2022,321,2121,12.79,0,22.61,0
101,2022,321,2122,12.79,0,22.61,0
101,2022,321,2123,12.79,0,22.63,0
101,2022,321,2124,12.79,0,22.62,0
101,2022,321,2125,12.79,0,22.61,0
101,2022,321,2126,12.79,0,22.59,0
101,2022,321,2127,12.79,0,22.6,0
101,2022,321,2128,12.79,0,22.6,0
101,2022,321,2129,12.79,0,22.59,0
101,2022,321,2130,12.79,0,22.57,0
101,2022,321,2131,12.79,0,22.57,0
101,2022,321,2132,12.79,0,22.55,0
101,2022,321,2133,12.79,0,22.55,0
101,2022,321,2134,12.79,0,22.57,0
101,2022,321,2135,12.79,0,22.57,0
101,2022,321,2136,12.79,0,22.57,0
101,2022,321,2137,12.79,0,22.59,0
101,2022,321,2138,12.79,0,22.58,0
101,2022,321,2139,12.79,0,22.58,0
101,2022,321,2140,12.79,0,22.59,0
101,2022,321,2141,12.79,0,22.6,0
101,2022,321,2142,12.78,0,22.61,0
101,2022,321,2143,12.79,0,22.59,0
101,2022,321,2144,12.78,0,22.61,0
101,2022,321,2145,12.78,0,22.59,0
101,2022,321,2146,12.78,0,22.62,0
101,2022,321,2147,12.78,0,22.63,0
101,2022,321,2148,12.78,0,22.64,0
101,2022,321,2149,12.78,0,22.65,0
101,2022,321,2150,12.78,0,22.66,0
101,2022,321,2151,12.79,0,22.69,0
101,2022,321,2152,12.78,0,22.69,0
101,2022,321,2153,12.78,0,22.69,0
101,2022,321,2154,12.78,0,22.69,0
101,2022,321,2155,12.78,0,22.68,0
101,2022,321,2156,12.78,0,22.67,0
101,2022,321,2157,12.78,0,22.67,0
101,2022,321,2158,12.78,0,22.66,0
101,2022,321,2159,12.78,0,22.64,0
101,2022,321,2200,12.78,0,22.63,0
101,2022,321,2201,12.78,0,22.57,0
101,2022,321,2202,12.78,.028,22.53,0
101,2022,321,2203,12.78,0,22.5,0
101,2022,321,2204,12.78,0,22.44,0
101,2022,321,2205,12.78,.028,22.38,0
101,2022,321,2206,12.78,0,22.32,0
101,2022,321,2207,12.78,.028,22.28,0
101,2022,321,2208,12.78,.028,22.26,0
101,2022,321,2209,12.78,0,22.23,0
101,2022,321,2210,12.78,0,22.22,0
101,2022,321,2211,12.78,0,22.19,0
101,2022,321,2212,12.78,0,22.15,0
101,2022,321,2213,12.78,.056,22.12,0
101,2022,321,2214,12.78,.028,22.09,0
101,2022,321,2215,12.78,.028,22.08,0
101,2022,321,2216,12.78,0,22.09,0
101,2022,321,2217,12.78,0,22.11,0
101,2022,321,2218,12.78,0,22.11,0
101,2022,321,2219,12.78,0,22.09,0
101,2022,321,2220,12.78,0,22.08,0
101,2022,321,2221,12.78,0,22.09,0
101,2022,321,2222,12.78,0,22.09,0
101,2022,321,2223,12.78,0,22.11,0
101,2022,321,2224,12.78,0,22.1,0
101,2022,321,2225,12.78,0,22.09,0
101,2022,321,2226,12.78,0,22.06,0
101,2022,321,2227,12.78,0,22.04,0
101,2022,321,2228,12.78,0,22.02,0
101,2022,321,2229,12.78,0,21.99,0
101,2022,321,2230,12.78,0,21.96,0
101,2022,321,2231,12.77,0,21.93,0
101,2022,321,2232,12.78,0,21.97,0
101,2022,321,2233,12.77,.028,22.01,0
101,2022,321,2234,12.77,0,22.04,0
101,2022,321,2235,12.77,.056,22.01,0
101,2022,321,2236,12.78,0,21.99,0
101,2022,321,2237,12.77,0,21.97,0
101,2022,321,2238,12.77,0,21.95,0
101,2022,321,2239,12.77,0,21.93,0
101,2022,321,2240,12.77,0,21.92,0
101,2022,321,2241,12.77,0,21.92,0
101,2022,321,2242,12.77,0,21.92,0
101,2022,321,2243,12.77,0,21.92,0
101,2022,321,2244,12.77,0,21.92,0
101,2022,321,2245,12.77,0,21.91,0
101,2022,321,2246,12.77,0,21.92,0
101,2022,321,2247,12.77,0,21.92,0
101,2022,321,2248,12.77,0,21.93,0
101,2022,321,2249,12.77,0,21.97,0
101,2022,321,2250,12.77,0,22,0
101,2022,321,2251,12.77,0,22.03,0
101,2022,321,2252,12.77,0,22.04,0
101,2022,321,2253,12.77,0,22.04,0
101,2022,321,2254,12.77,0,22.03,0
101,2022,321,2255,12.77,0,22,0
101,2022,321,2256,12.77,0,21.96,0
101,2022,321,2257,12.77,0,21.93,0
101,2022,321,2258,12.77,0,21.9,0
101,2022,321,2259,12.77,0,21.88,0
101,2022,321,2300,12.77,0,21.86,0
101,2022,321,2301,12.77,0,21.85,0
101,2022,321,2302,12.77,0,21.83,0
101,2022,321,2303,12.77,0,21.82,0
101,2022,321,2304,12.77,0,21.82,0
101,2022,321,2305,12.77,0,21.81,0
101,2022,321,2306,12.77,0,21.8,0
101,2022,321,2307,12.77,0,21.8,0
101,2022,321,2308,12.77,0,21.79,0
101,2022,321,2309,12.77,0,21.78,0
101,2022,321,2310,12.77,0,21.8,0
101,2022,321,2311,12.77,0,21.8,0
101,2022,321,2312,12.77,0,21.78,0
101,2022,321,2313,12.77,0,21.76,0
101,2022,321,2314,12.77,0,21.76,0
101,2022,321,2315,12.77,0,21.75,0
101,2022,321,2316,12.77,0,21.74,0
101,2022,321,2317,12.77,0,21.73,0
101,2022,321,2318,12.77,0,21.73,0
101,2022,321,2319,12.77,0,21.73,0
101,2022,321,2320,12.77,0,21.73,0
101,2022,321,2321,12.77,0,21.73,0
101,2022,321,2322,12.77,0,21.74,0
101,2022,321,2323,12.77,0,21.76,0
101,2022,321,2324,12.77,0,21.81,0
101,2022,321,2325,12.76,0,21.85,0
101,2022,321,2326,12.77,0,21.87,0
101,2022,321,2327,12.77,0,21.88,0
101,2022,321,2328,12.77,0,21.89,0
101,2022,321,2329,12.76,0,21.91,0
101,2022,321,2330,12.76,0,21.92,0
101,2022,321,2331,12.76,0,21.94,0
101,2022,321,2332,12.76,0,21.96,0
101,2022,321,2333,12.76,0,21.99,0
101,2022,321,2334,12.76,0,22.02,0
101,2022,321,2335,12.76,0,22.03,0
101,2022,321,2336,12.76,0,22.05,0
101,2022,321,2337,12.76,0,22.06,0
101,2022,321,2338,12.76,0,22.07,0
101,2022,321,2339,12.76,0,22.07,0
101,2022,321,2340,12.76,0,22.09,0
101,2022,321,2341,12.76,0,22.09,0
101,2022,321,2342,12.76,0,22.1,0
101,2022,321,2343,12.76,0,22.12,0
101,2022,321,2344,12.76,0,22.13,0
101,2022,321,2345,12.76,0,22.14,0
101,2022,321,2346,12.76,0,22.13,0
101,2022,321,2347,12.76,.028,22.11,0
101,2022,321,2348,12.76,.028,22.08,0
101,2022,321,2349,12.76,.085,22.09,0
101,2022,321,2350,12.76,0,22.08,0
101,2022,321,2351,12.76,0,22.06,0
101,2022,321,2352,12.76,.028,22.04,0
101,2022,321,2353,12.76,.085,22.02,0
101,2022,321,2354,12.76,.028,22.02,0
101,2022,321,2355,12.76,0,21.99,0
101,2022,321,2356,12.76,0,21.96,0
101,2022,321,2357,12.76,0,21.98,0
101,2022,321,2358,12.76,0,22,0
101,2022,321,2359,12.76,0,22,0
