a,b,dia_juliano,d,e,f,g,h
101,2022,340,1,12.75,0.0,21.9,0.0
101,2022,340,2,12.75,0.0,21.89,0.0
101,2022,340,3,12.75,0.0,21.88,0.0
101,2022,340,4,12.75,0.0,21.88,0.0
101,2022,340,5,12.75,0.0,21.86,0.0
101,2022,340,6,12.75,0.0,21.86,0.0
101,2022,340,7,12.75,0.0,21.87,0.0
101,2022,340,8,12.75,0.0,21.86,0.0
101,2022,340,9,12.75,0.0,21.86,0.0
101,2022,340,10,12.75,0.0,21.87,0.0
101,2022,340,11,12.75,0.0,21.86,0.0
101,2022,340,12,12.75,0.0,21.87,0.0
101,2022,340,13,12.75,0.0,21.88,0.0
101,2022,340,14,12.75,0.0,21.87,0.0
101,2022,340,15,12.75,0.0,21.86,0.0
101,2022,340,16,12.75,0.0,21.87,0.0
101,2022,340,17,12.75,0.0,21.88,0.0
101,2022,340,18,12.75,0.0,21.86,0.0
101,2022,340,19,12.75,0.0,21.87,0.0
101,2022,340,20,12.75,0.0,21.87,0.0
101,2022,340,21,12.75,0.0,21.86,0.0
101,2022,340,22,12.75,0.0,21.85,0.0
101,2022,340,23,12.75,0.0,21.86,0.0
101,2022,340,24,12.75,0.0,21.88,0.0
101,2022,340,25,12.75,0.0,21.88,0.0
101,2022,340,26,12.75,0.0,21.88,0.0
101,2022,340,27,12.75,0.0,21.87,0.0
101,2022,340,28,12.75,0.0,21.88,0.0
101,2022,340,29,12.75,0.0,21.88,0.0
101,2022,340,30,12.75,0.0,21.89,0.0
101,2022,340,31,12.75,0.0,21.9,0.0
101,2022,340,32,12.75,0.0,21.9,0.0
101,2022,340,33,12.75,0.0,21.89,0.0
101,2022,340,34,12.75,0.0,21.88,0.0
101,2022,340,35,12.75,0.0,21.86,0.0
101,2022,340,36,12.75,0.0,21.85,0.0
101,2022,340,37,12.75,0.0,21.85,0.0
101,2022,340,38,12.75,0.0,21.86,0.0
101,2022,340,39,12.75,0.0,21.85,0.0
101,2022,340,40,12.75,0.0,21.83,0.0
101,2022,340,41,12.75,0.0,21.84,0.0
101,2022,340,42,12.75,0.0,21.83,0.0
101,2022,340,43,12.75,0.0,21.84,0.0
101,2022,340,44,12.75,0.0,21.83,0.0
101,2022,340,45,12.75,0.0,21.83,0.0
101,2022,340,46,12.75,0.0,21.84,0.0
101,2022,340,47,12.75,0.0,21.85,0.0
101,2022,340,48,12.75,0.0,21.82,0.0
101,2022,340,49,12.75,0.0,21.82,0.0
101,2022,340,50,12.74,0.0,21.81,0.0
101,2022,340,51,12.74,0.0,21.8,0.0
101,2022,340,52,12.74,0.0,21.8,0.0
101,2022,340,53,12.75,0.0,21.8,0.0
101,2022,340,54,12.74,0.0,21.79,0.0
101,2022,340,55,12.74,0.0,21.78,0.0
101,2022,340,56,12.74,0.0,21.78,0.0
101,2022,340,57,12.74,0.0,21.76,0.0
101,2022,340,58,12.74,0.0,21.76,0.0
101,2022,340,59,12.74,0.0,21.76,0.0
101,2022,340,100,12.74,0.0,21.76,0.0
101,2022,340,101,12.74,0.0,21.76,0.0
101,2022,340,102,12.74,0.0,21.76,0.0
101,2022,340,103,12.74,0.0,21.76,0.0
101,2022,340,104,12.74,0.0,21.76,0.0
101,2022,340,105,12.74,0.0,21.76,0.0
101,2022,340,106,12.74,0.0,21.76,0.0
101,2022,340,107,12.74,0.0,21.77,0.0
101,2022,340,108,12.74,0.0,21.77,0.0
101,2022,340,109,12.74,0.0,21.77,0.0
101,2022,340,110,12.74,0.0,21.76,0.0
101,2022,340,111,12.74,0.0,21.76,0.0
101,2022,340,112,12.74,0.0,21.76,0.0
101,2022,340,113,12.74,0.0,21.77,0.0
101,2022,340,114,12.74,0.0,21.77,0.0
101,2022,340,115,12.74,0.0,21.78,0.0
101,2022,340,116,12.74,0.0,21.78,0.0
101,2022,340,117,12.74,0.0,21.78,0.0
101,2022,340,118,12.74,0.0,21.78,0.0
101,2022,340,119,12.74,0.0,21.78,0.0
101,2022,340,120,12.74,0.0,21.78,0.0
101,2022,340,121,12.74,0.0,21.78,0.0
101,2022,340,122,12.74,0.0,21.78,0.0
101,2022,340,123,12.74,0.0,21.8,0.0
101,2022,340,124,12.73,0.0,21.8,0.0
101,2022,340,125,12.74,0.0,21.8,0.0
101,2022,340,126,12.73,0.0,21.79,0.0
101,2022,340,127,12.73,0.0,21.79,0.0
101,2022,340,128,12.73,0.0,21.8,0.0
101,2022,340,129,12.73,0.0,21.81,0.0
101,2022,340,130,12.73,0.0,21.8,0.0
101,2022,340,131,12.73,0.0,21.8,0.0
101,2022,340,132,12.73,0.0,21.8,0.0
101,2022,340,133,12.73,0.0,21.78,0.0
101,2022,340,134,12.73,0.0,21.78,0.0
101,2022,340,135,12.73,0.0,21.78,0.0
101,2022,340,136,12.73,0.0,21.78,0.0
101,2022,340,137,12.73,0.0,21.78,0.0
101,2022,340,138,12.73,0.0,21.78,0.0
101,2022,340,139,12.73,0.0,21.78,0.0
101,2022,340,140,12.73,0.0,21.78,0.0
101,2022,340,141,12.73,0.0,21.78,0.0
101,2022,340,142,12.73,0.0,21.78,0.0
101,2022,340,143,12.73,0.0,21.78,0.0
101,2022,340,144,12.73,0.0,21.79,0.0
101,2022,340,145,12.73,0.0,21.8,0.0
101,2022,340,146,12.73,0.0,21.8,0.0
101,2022,340,147,12.73,0.0,21.81,0.0
101,2022,340,148,12.73,0.0,21.81,0.0
101,2022,340,149,12.73,0.0,21.81,0.0
101,2022,340,150,12.73,0.0,21.81,0.0
101,2022,340,151,12.73,0.0,21.81,0.0
101,2022,340,152,12.73,0.0,21.82,0.0
101,2022,340,153,12.73,0.0,21.81,0.0
101,2022,340,154,12.73,0.0,21.83,0.0
101,2022,340,155,12.73,0.0,21.83,0.0
101,2022,340,156,12.73,0.0,21.83,0.0
101,2022,340,157,12.73,0.0,21.82,0.0
101,2022,340,158,12.73,0.0,21.83,0.0
101,2022,340,159,12.73,0.0,21.83,0.0
101,2022,340,200,12.73,0.0,21.83,0.0
101,2022,340,201,12.73,0.0,21.84,0.0
101,2022,340,202,12.73,0.0,21.84,0.0
101,2022,340,203,12.73,0.0,21.85,0.0
101,2022,340,204,12.73,0.0,21.84,0.0
101,2022,340,205,12.73,0.0,21.83,0.0
101,2022,340,206,12.73,0.0,21.84,0.0
101,2022,340,207,12.73,0.0,21.83,0.0
101,2022,340,208,12.73,0.0,21.84,0.0
101,2022,340,209,12.73,0.0,21.85,0.0
101,2022,340,210,12.73,0.0,21.86,0.0
101,2022,340,211,12.73,0.0,21.88,0.0
101,2022,340,212,12.73,0.0,21.88,0.0
101,2022,340,213,12.73,0.0,21.88,0.0
101,2022,340,214,12.72,0.0,21.88,0.0
101,2022,340,215,12.73,0.0,21.85,0.0
101,2022,340,216,12.72,0.0,21.86,0.0
101,2022,340,217,12.72,0.0,21.85,0.0
101,2022,340,218,12.72,0.0,21.83,0.0
101,2022,340,219,12.72,0.0,21.83,0.0
101,2022,340,220,12.72,0.0,21.82,0.0
101,2022,340,221,12.72,0.0,21.81,0.0
101,2022,340,222,12.72,0.0,21.8,0.0
101,2022,340,223,12.72,0.0,21.81,0.0
101,2022,340,224,12.72,0.0,21.82,0.0
101,2022,340,225,12.72,0.0,21.83,0.0
101,2022,340,226,12.72,0.0,21.83,0.0
101,2022,340,227,12.72,0.0,21.83,0.0
101,2022,340,228,12.72,0.0,21.84,0.0
101,2022,340,229,12.72,0.0,21.83,0.0
101,2022,340,230,12.72,0.0,21.83,0.0
101,2022,340,231,12.72,0.0,21.83,0.0
101,2022,340,232,12.72,0.0,21.83,0.0
101,2022,340,233,12.72,0.0,21.83,0.0
101,2022,340,234,12.72,0.0,21.83,0.0
101,2022,340,235,12.72,0.0,21.83,0.0
101,2022,340,236,12.72,0.0,21.83,0.0
101,2022,340,237,12.72,0.0,21.82,0.0
101,2022,340,238,12.72,0.0,21.82,0.0
101,2022,340,239,12.72,0.0,21.83,0.0
101,2022,340,240,12.72,0.0,21.83,0.0
101,2022,340,241,12.72,0.0,21.82,0.0
101,2022,340,242,12.72,0.0,21.83,0.0
101,2022,340,243,12.72,0.0,21.83,0.0
101,2022,340,244,12.71,0.0,21.82,0.0
101,2022,340,245,12.71,0.0,21.83,0.0
101,2022,340,246,12.71,0.0,21.82,0.0
101,2022,340,247,12.71,0.0,21.82,0.0
101,2022,340,248,12.71,0.0,21.82,0.0
101,2022,340,249,12.71,0.0,21.83,0.0
101,2022,340,250,12.71,0.0,21.83,0.0
101,2022,340,251,12.71,0.0,21.83,0.0
101,2022,340,252,12.71,0.0,21.83,0.0
101,2022,340,253,12.71,0.0,21.84,0.0
101,2022,340,254,12.71,0.0,21.84,0.0
101,2022,340,255,12.71,0.0,21.85,0.0
101,2022,340,256,12.71,0.0,21.85,0.0
101,2022,340,257,12.71,0.0,21.86,0.0
101,2022,340,258,12.71,0.0,21.86,0.0
101,2022,340,259,12.71,0.0,21.87,0.0
101,2022,340,300,12.71,0.0,21.87,0.0
101,2022,340,301,12.71,0.0,21.88,0.0
101,2022,340,302,12.71,0.0,21.89,0.0
101,2022,340,303,12.71,0.0,21.89,0.0
101,2022,340,304,12.71,0.0,21.9,0.0
101,2022,340,305,12.71,0.0,21.9,0.0
101,2022,340,306,12.71,0.0,21.91,0.0
101,2022,340,307,12.71,0.0,21.92,0.0
101,2022,340,308,12.71,0.0,21.92,0.0
101,2022,340,309,12.71,0.0,21.92,0.0
101,2022,340,310,12.71,0.0,21.94,0.0
101,2022,340,311,12.71,0.0,21.94,0.0
101,2022,340,312,12.71,0.0,21.95,0.0
101,2022,340,313,12.71,0.0,21.95,0.0
101,2022,340,314,12.71,0.0,21.93,0.0
101,2022,340,315,12.71,0.0,21.95,0.0
101,2022,340,316,12.71,0.0,21.96,0.0
101,2022,340,317,12.71,0.0,21.97,0.0
101,2022,340,318,12.7,0.0,21.96,0.0
101,2022,340,319,12.71,0.0,21.95,0.0
101,2022,340,320,12.7,0.0,21.95,0.0
101,2022,340,321,12.7,0.0,21.93,0.0
101,2022,340,322,12.7,0.0,21.93,0.0
101,2022,340,323,12.7,0.0,21.94,0.0
101,2022,340,324,12.7,0.0,21.93,0.0
101,2022,340,325,12.7,0.0,21.94,0.0
101,2022,340,326,12.7,0.0,21.94,0.0
101,2022,340,327,12.7,0.0,21.94,0.0
101,2022,340,328,12.7,0.0,21.96,0.0
101,2022,340,329,12.7,0.0,21.95,0.0
101,2022,340,330,12.7,0.0,21.95,0.0
101,2022,340,331,12.7,0.0,21.96,0.0
101,2022,340,332,12.7,0.0,21.98,0.0
101,2022,340,333,12.7,0.0,21.98,0.0
101,2022,340,334,12.7,0.0,21.99,0.0
101,2022,340,335,12.7,0.0,22.0,0.0
101,2022,340,336,12.7,0.0,21.98,0.0
101,2022,340,337,12.7,0.0,21.98,0.0
101,2022,340,338,12.7,0.0,21.97,0.0
101,2022,340,339,12.7,0.0,21.95,0.0
101,2022,340,340,12.7,0.0,21.93,0.0
101,2022,340,341,12.7,0.0,21.92,0.0
101,2022,340,342,12.7,0.0,21.92,0.0
101,2022,340,343,12.7,0.0,21.91,0.0
101,2022,340,344,12.7,0.0,21.91,0.0
101,2022,340,345,12.7,0.0,21.9,0.0
101,2022,340,346,12.7,0.0,21.9,0.0
101,2022,340,347,12.7,0.0,21.9,0.0
101,2022,340,348,12.7,0.0,21.9,0.0
101,2022,340,349,12.7,0.0,21.91,0.0
101,2022,340,350,12.69,0.0,21.9,0.0
101,2022,340,351,12.69,0.0,21.9,0.0
101,2022,340,352,12.69,0.0,21.9,0.0
101,2022,340,353,12.69,0.0,21.9,0.0
101,2022,340,354,12.69,0.0,21.91,0.0
101,2022,340,355,12.69,0.0,21.92,0.0
101,2022,340,356,12.69,0.0,21.93,0.0
101,2022,340,357,12.69,0.0,21.93,0.0
101,2022,340,358,12.69,0.0,21.95,0.0
101,2022,340,359,12.69,0.0,21.94,0.0
101,2022,340,400,12.69,0.0,21.93,0.0
101,2022,340,401,12.69,0.0,21.92,0.0
101,2022,340,402,12.69,0.0,21.92,0.0
101,2022,340,403,12.69,0.0,21.9,0.0
101,2022,340,404,12.69,0.0,21.88,0.0
101,2022,340,405,12.69,0.0,21.88,0.0
101,2022,340,406,12.69,0.0,21.87,0.0
101,2022,340,407,12.69,0.0,21.86,0.0
101,2022,340,408,12.69,0.0,21.86,0.0
101,2022,340,409,12.69,0.0,21.85,0.0
101,2022,340,410,12.69,0.0,21.85,0.0
101,2022,340,411,12.69,0.0,21.83,0.0
101,2022,340,412,12.69,0.0,21.83,0.0
101,2022,340,413,12.68,0.0,21.81,0.0
101,2022,340,414,12.68,0.0,21.81,0.0
101,2022,340,415,12.68,0.0,21.81,0.0
101,2022,340,416,12.68,0.0,21.81,0.0
101,2022,340,417,12.68,0.0,21.79,0.0
101,2022,340,418,12.68,0.0,21.79,0.0
101,2022,340,419,12.68,0.0,21.8,0.0
101,2022,340,420,12.68,0.0,21.81,0.0
101,2022,340,421,12.68,0.0,21.8,0.0
101,2022,340,422,12.68,0.0,21.79,0.0
101,2022,340,423,12.68,0.0,21.8,0.0
101,2022,340,424,12.68,0.0,21.8,0.0
101,2022,340,425,12.68,0.0,21.82,0.0
101,2022,340,426,12.68,0.0,21.82,0.0
101,2022,340,427,12.68,0.0,21.81,0.0
101,2022,340,428,12.68,0.0,21.81,0.0
101,2022,340,429,12.68,0.0,21.81,0.0
101,2022,340,430,12.68,0.0,21.8,0.0
101,2022,340,431,12.68,0.0,21.81,0.0
101,2022,340,432,12.68,0.0,21.81,0.0
101,2022,340,433,12.68,0.0,21.8,0.0
101,2022,340,434,12.68,0.0,21.8,0.0
101,2022,340,435,12.68,0.0,21.8,0.0
101,2022,340,436,12.68,0.0,21.79,0.0
101,2022,340,437,12.68,0.0,21.79,0.0
101,2022,340,438,12.68,0.0,21.79,0.0
101,2022,340,439,12.68,0.0,21.8,0.0
101,2022,340,440,12.68,0.0,21.78,0.0
101,2022,340,441,12.68,0.0,21.78,0.0
101,2022,340,442,12.68,0.0,21.78,0.0
101,2022,340,443,12.68,0.0,21.78,0.0
101,2022,340,444,12.68,0.0,21.78,0.0
101,2022,340,445,12.68,0.0,21.79,0.0
101,2022,340,446,12.67,0.0,21.8,0.0
101,2022,340,447,12.67,0.0,21.8,0.0
101,2022,340,448,12.67,0.0,21.8,0.0
101,2022,340,449,12.67,0.0,21.8,0.0
101,2022,340,450,12.67,0.0,21.8,0.0
101,2022,340,451,12.67,0.0,21.8,0.0
101,2022,340,452,12.67,0.0,21.79,0.0
101,2022,340,453,12.67,0.0,21.79,0.0
101,2022,340,454,12.67,0.0,21.81,0.0
101,2022,340,455,12.67,0.0,21.82,0.0
101,2022,340,456,12.67,0.0,21.81,0.0
101,2022,340,457,12.67,1.156,21.82,0.0
101,2022,340,458,12.67,1.438,21.87,0.0
101,2022,340,459,12.67,2.001,21.9,0.0
101,2022,340,500,12.67,2.34,21.89,0.0
101,2022,340,501,12.67,2.706,21.88,0.0
101,2022,340,502,12.67,2.988,21.89,0.0
101,2022,340,503,12.67,3.862,21.89,0.0
101,2022,340,504,12.67,4.397,21.89,0.0
101,2022,340,505,12.67,4.933,21.89,0.0
101,2022,340,506,12.67,5.609,21.88,0.0
101,2022,340,507,12.67,6.342,21.88,0.0
101,2022,340,508,12.67,6.962,21.89,0.0
101,2022,340,509,12.67,7.41,21.92,0.0
101,2022,340,510,12.66,7.89,21.92,0.0
101,2022,340,511,12.67,8.43,21.92,0.0
101,2022,340,512,12.66,9.05,21.91,0.0
101,2022,340,513,12.66,9.72,21.85,0.0
101,2022,340,514,12.66,10.46,21.84,0.0
101,2022,340,515,12.66,11.5,21.87,0.0
101,2022,340,516,12.66,12.54,21.87,0.0
101,2022,340,517,12.66,13.7,21.87,0.0
101,2022,340,518,12.66,14.88,21.86,0.0
101,2022,340,519,12.67,16.15,21.85,0.0
101,2022,340,520,12.67,17.56,21.85,0.0
101,2022,340,521,12.68,19.22,21.84,0.0
101,2022,340,522,12.69,20.72,21.84,0.0
101,2022,340,523,12.7,22.21,21.86,0.0
101,2022,340,524,12.71,24.24,21.88,0.0
101,2022,340,525,12.74,27.17,21.86,0.0
101,2022,340,526,12.77,31.37,21.86,0.0
101,2022,340,527,12.81,36.67,21.87,0.0
101,2022,340,528,12.87,42.42,21.89,0.0
101,2022,340,529,12.93,48.23,21.9,0.0
101,2022,340,530,12.99,53.98,21.92,0.0
101,2022,340,531,13.07,59.76,21.95,0.0
101,2022,340,532,13.15,64.35,21.98,0.0
101,2022,340,533,13.22,67.26,22.01,0.0
101,2022,340,534,13.24,69.85,22.0,0.0
101,2022,340,535,13.24,73.1,22.0,0.0
101,2022,340,536,13.24,77.0,21.98,0.0
101,2022,340,537,13.24,80.4,21.98,0.0
101,2022,340,538,13.24,82.8,22.02,0.0
101,2022,340,539,13.24,84.3,22.06,0.0
101,2022,340,540,13.24,84.9,22.07,0.0
101,2022,340,541,13.24,84.9,22.05,0.0
101,2022,340,542,13.24,86.3,22.07,0.0
101,2022,340,543,13.24,90.1,22.08,0.0
101,2022,340,544,13.25,95.0,22.06,0.0
101,2022,340,545,13.24,98.1,22.07,0.0
101,2022,340,546,13.25,99.7,22.13,0.0
101,2022,340,547,13.25,101.1,22.11,0.0
101,2022,340,548,13.24,102.0,22.11,0.0
101,2022,340,549,13.25,101.2,22.11,0.0
101,2022,340,550,13.25,96.5,22.11,0.0
101,2022,340,551,13.25,87.6,22.14,0.0
101,2022,340,552,13.25,78.7,22.16,0.0
101,2022,340,553,13.24,73.4,22.19,0.0
101,2022,340,554,13.25,72.7,22.25,0.0
101,2022,340,555,13.25,76.2,22.28,0.0
101,2022,340,556,13.25,82.3,22.3,0.0
101,2022,340,557,13.25,88.1,22.33,0.0
101,2022,340,558,13.25,93.7,22.34,0.0
101,2022,340,559,13.25,97.0,22.34,0.0
101,2022,340,600,13.24,97.8,22.36,0.0
101,2022,340,601,13.25,95.3,22.34,0.0
101,2022,340,602,13.24,93.8,22.28,0.0
101,2022,340,603,13.25,98.8,22.24,0.0
101,2022,340,604,13.24,105.8,22.3,0.0
101,2022,340,605,13.25,113.0,22.32,0.0
101,2022,340,606,13.24,113.4,22.3,0.0
101,2022,340,607,13.24,114.1,22.32,0.0
101,2022,340,608,13.24,122.1,22.34,0.0
101,2022,340,609,13.24,127.6,22.32,0.0
101,2022,340,610,13.24,127.3,22.31,0.0
101,2022,340,611,13.24,123.7,22.32,0.0
101,2022,340,612,13.24,118.9,22.3,0.0
101,2022,340,613,13.24,112.4,22.31,0.0
101,2022,340,614,13.24,102.2,22.3,0.0
101,2022,340,615,13.24,94.4,22.28,0.0
101,2022,340,616,13.24,90.7,22.28,0.0
101,2022,340,617,13.24,91.5,22.32,0.0
101,2022,340,618,13.24,93.6,22.27,0.0
101,2022,340,619,13.24,92.7,22.28,0.0
101,2022,340,620,13.24,92.6,22.31,0.0
101,2022,340,621,13.24,91.6,22.34,0.0
101,2022,340,622,13.24,92.2,22.32,0.0
101,2022,340,623,13.24,93.2,22.32,0.0
101,2022,340,624,13.24,96.1,22.31,0.0
101,2022,340,625,13.24,101.8,22.35,0.0
101,2022,340,626,13.24,108.6,22.38,0.0
101,2022,340,627,13.24,109.9,22.31,0.0
101,2022,340,628,13.24,107.6,22.31,0.0
101,2022,340,629,13.24,104.5,22.36,0.0
101,2022,340,630,13.24,104.6,22.43,0.0
101,2022,340,631,13.24,107.2,22.43,0.0
101,2022,340,632,13.24,111.0,22.45,0.0
101,2022,340,633,13.24,116.9,22.47,0.0
101,2022,340,634,13.24,123.7,22.52,0.0
101,2022,340,635,13.24,129.8,22.56,0.0
101,2022,340,636,13.24,134.8,22.58,0.0
101,2022,340,637,13.24,137.4,22.64,0.0
101,2022,340,638,13.24,136.9,22.64,0.0
101,2022,340,639,13.24,138.8,22.61,0.0
101,2022,340,640,13.24,142.4,22.61,0.0
101,2022,340,641,13.24,145.8,22.65,0.0
101,2022,340,642,13.24,147.3,22.69,0.0
101,2022,340,643,13.24,149.5,22.74,0.0
101,2022,340,644,13.24,155.7,22.78,0.0
101,2022,340,645,13.24,163.4,22.8,0.0
101,2022,340,646,13.24,173.4,22.8,0.0
101,2022,340,647,13.24,181.9,22.73,0.0
101,2022,340,648,13.23,180.9,22.78,0.0
101,2022,340,649,13.23,172.2,22.88,0.0
101,2022,340,650,13.23,166.9,22.97,0.0
101,2022,340,651,13.23,171.4,22.96,0.0
101,2022,340,652,13.23,186.4,22.85,0.0
101,2022,340,653,13.23,187.7,22.8,0.0
101,2022,340,654,13.23,186.2,22.88,0.0
101,2022,340,655,13.23,193.3,22.97,0.0
101,2022,340,656,13.23,204.3,22.98,0.0
101,2022,340,657,13.23,211.5,22.96,0.0
101,2022,340,658,13.23,207.2,22.95,0.0
101,2022,340,659,13.23,198.8,23.04,0.0
101,2022,340,700,13.23,195.5,23.02,0.0
101,2022,340,701,13.23,198.7,23.0,0.0
101,2022,340,702,13.23,214.4,23.06,0.0
101,2022,340,703,13.23,221.8,23.08,0.0
101,2022,340,704,13.23,226.4,23.15,0.0
101,2022,340,705,13.23,237.9,23.19,0.0
101,2022,340,706,13.22,242.8,23.24,0.0
101,2022,340,707,13.22,247.7,23.28,0.0
101,2022,340,708,13.22,261.2,23.3,0.0
101,2022,340,709,13.22,291.9,23.38,0.0
101,2022,340,710,13.22,309.6,23.48,0.0
101,2022,340,711,13.22,313.2,23.61,0.0
101,2022,340,712,13.22,303.4,23.68,0.0
101,2022,340,713,13.22,278.3,23.82,0.0
101,2022,340,714,13.22,246.7,23.8,0.0
101,2022,340,715,13.22,229.8,23.66,0.0
101,2022,340,716,13.22,220.6,23.72,0.0
101,2022,340,717,13.22,212.7,23.65,0.0
101,2022,340,718,13.22,211.7,23.66,0.0
101,2022,340,719,13.22,201.5,23.64,0.0
101,2022,340,720,13.22,195.4,23.64,0.0
101,2022,340,721,13.22,205.3,23.69,0.0
101,2022,340,722,13.22,220.2,23.77,0.0
101,2022,340,723,13.22,232.8,23.82,0.0
101,2022,340,724,13.22,239.2,23.82,0.0
101,2022,340,725,13.21,231.5,23.83,0.0
101,2022,340,726,13.21,230.8,23.77,0.0
101,2022,340,727,13.22,228.5,23.8,0.0
101,2022,340,728,13.21,211.1,23.81,0.0
101,2022,340,729,13.21,183.9,23.81,0.0
101,2022,340,730,13.21,164.6,23.83,0.0
101,2022,340,731,13.21,157.6,23.84,0.0
101,2022,340,732,13.21,163.5,23.85,0.0
101,2022,340,733,13.21,169.7,23.82,0.0
101,2022,340,734,13.21,167.7,23.82,0.0
101,2022,340,735,13.21,163.9,23.88,0.0
101,2022,340,736,13.21,174.5,23.94,0.0
101,2022,340,737,13.21,188.9,23.94,0.0
101,2022,340,738,13.21,205.0,23.8,0.0
101,2022,340,739,13.21,215.5,23.87,0.0
101,2022,340,740,13.21,207.3,23.96,0.0
101,2022,340,741,13.21,194.8,23.98,0.0
101,2022,340,742,13.21,188.6,23.99,0.0
101,2022,340,743,13.21,182.6,23.98,0.0
101,2022,340,744,13.21,174.2,24.03,0.0
101,2022,340,745,13.21,173.7,24.13,0.0
101,2022,340,746,13.21,181.5,24.12,0.0
101,2022,340,747,13.21,190.8,24.12,0.0
101,2022,340,748,13.21,196.4,24.15,0.0
101,2022,340,749,13.21,199.7,24.15,0.0
101,2022,340,750,13.21,203.9,24.12,0.0
101,2022,340,751,13.21,208.3,24.12,0.0
101,2022,340,752,13.21,197.9,24.12,0.0
101,2022,340,753,13.21,181.3,24.16,0.0
101,2022,340,754,13.21,164.1,24.17,0.0
101,2022,340,755,13.21,138.4,24.18,0.0
101,2022,340,756,13.21,107.3,24.08,0.0
101,2022,340,757,13.21,76.7,23.93,0.0
101,2022,340,758,13.21,57.57,23.82,0.0
101,2022,340,759,13.21,48.27,23.74,0.0
101,2022,340,800,13.21,48.64,23.65,0.0
101,2022,340,801,13.21,62.0,23.58,0.0
101,2022,340,802,13.21,81.0,23.57,0.0
101,2022,340,803,13.21,100.7,23.43,0.0
101,2022,340,804,13.21,121.1,23.48,0.0
101,2022,340,805,13.21,170.1,23.52,0.0
101,2022,340,806,13.21,253.8,23.54,0.0
101,2022,340,807,13.21,308.2,23.57,0.0
101,2022,340,808,13.21,349.5,23.67,0.0
101,2022,340,809,13.21,411.7,23.6,0.0
101,2022,340,810,13.21,433.4,23.67,0.0
101,2022,340,811,13.21,427.9,23.86,0.0
101,2022,340,812,13.21,408.1,23.99,0.0
101,2022,340,813,13.21,388.8,24.04,0.0
101,2022,340,814,13.21,382.1,24.11,0.0
101,2022,340,815,13.2,362.3,24.19,0.0
101,2022,340,816,13.2,342.9,24.3,0.0
101,2022,340,817,13.2,327.8,24.41,0.0
101,2022,340,818,13.2,334.0,24.47,0.0
101,2022,340,819,13.2,360.1,24.42,0.0
101,2022,340,820,13.2,397.8,24.33,0.0
101,2022,340,821,13.2,422.2,24.38,0.0
101,2022,340,822,13.2,436.7,24.5,0.0
101,2022,340,823,13.2,453.4,24.43,0.0
101,2022,340,824,13.2,464.8,24.47,0.0
101,2022,340,825,13.19,478.3,24.55,0.0
101,2022,340,826,13.19,495.0,24.62,0.0
101,2022,340,827,13.19,512.7,24.65,0.0
101,2022,340,828,13.19,540.4,24.59,0.0
101,2022,340,829,13.19,565.6,24.57,0.0
101,2022,340,830,13.19,575.3,24.69,0.0
101,2022,340,831,13.19,562.2,24.71,0.0
101,2022,340,832,13.19,543.2,24.72,0.0
101,2022,340,833,13.18,553.9,24.8,0.0
101,2022,340,834,13.18,561.3,24.9,0.0
101,2022,340,835,13.18,595.0,25.07,0.0
101,2022,340,836,13.18,593.8,25.31,0.0
101,2022,340,837,13.18,606.0,25.48,0.0
101,2022,340,838,13.18,613.4,25.65,0.0
101,2022,340,839,13.18,581.8,25.57,0.0
101,2022,340,840,13.18,605.3,25.41,0.0
101,2022,340,841,13.18,677.6,25.27,0.0
101,2022,340,842,13.18,702.0,25.46,0.0
101,2022,340,843,13.17,719.0,25.6,0.0
101,2022,340,844,13.17,628.8,25.66,0.0
101,2022,340,845,13.17,607.8,25.93,0.0
101,2022,340,846,13.17,565.7,25.72,0.0
101,2022,340,847,13.17,521.2,25.84,0.0
101,2022,340,848,13.16,504.4,25.88,0.0
101,2022,340,849,13.16,475.9,25.85,0.0
101,2022,340,850,13.16,466.2,26.02,0.0
101,2022,340,851,13.16,491.3,26.05,0.0
101,2022,340,852,13.16,504.1,25.97,0.0
101,2022,340,853,13.16,500.5,26.08,0.0
101,2022,340,854,13.16,517.9,26.04,0.0
101,2022,340,855,13.16,560.3,26.07,0.0
101,2022,340,856,13.16,673.5,26.01,0.0
101,2022,340,857,13.16,737.0,26.03,0.0
101,2022,340,858,13.16,542.8,25.98,0.0
101,2022,340,859,13.15,516.9,25.8,0.0
101,2022,340,900,13.16,571.5,25.72,0.0
101,2022,340,901,13.16,583.7,25.79,0.0
101,2022,340,902,13.16,570.4,25.8,0.0
101,2022,340,903,13.15,518.5,25.86,0.0
101,2022,340,904,13.16,454.4,25.82,0.0
101,2022,340,905,13.15,449.4,25.81,0.0
101,2022,340,906,13.15,436.2,25.94,0.0
101,2022,340,907,13.16,423.6,25.96,0.0
101,2022,340,908,13.16,407.8,25.85,0.0
101,2022,340,909,13.15,383.4,25.84,0.0
101,2022,340,910,13.16,378.5,25.81,0.0
101,2022,340,911,13.15,391.8,25.89,0.0
101,2022,340,912,13.15,434.8,25.95,0.0
101,2022,340,913,13.15,529.8,26.04,0.0
101,2022,340,914,13.15,656.3,26.04,0.0
101,2022,340,915,13.15,684.5,26.02,0.0
101,2022,340,916,13.15,681.9,26.08,0.0
101,2022,340,917,13.15,646.5,26.09,0.0
101,2022,340,918,13.15,651.4,26.08,0.0
101,2022,340,919,13.15,605.3,26.19,0.0
101,2022,340,920,13.15,628.4,26.32,0.0
101,2022,340,921,13.15,650.4,26.47,0.0
101,2022,340,922,13.15,651.4,26.33,0.0
101,2022,340,923,13.15,637.4,26.31,0.0
101,2022,340,924,13.15,668.4,26.39,0.0
101,2022,340,925,13.15,623.7,26.53,0.0
101,2022,340,926,13.15,583.7,26.59,0.0
101,2022,340,927,13.15,587.9,26.59,0.0
101,2022,340,928,13.15,595.8,26.49,0.0
101,2022,340,929,13.15,596.6,26.5,0.0
101,2022,340,930,13.15,580.0,26.49,0.0
101,2022,340,931,13.14,543.1,26.46,0.0
101,2022,340,932,13.15,499.2,26.55,0.0
101,2022,340,933,13.15,463.0,26.49,0.0
101,2022,340,934,13.15,473.6,26.52,0.0
101,2022,340,935,13.15,507.1,26.54,0.0
101,2022,340,936,13.14,626.9,26.59,0.0
101,2022,340,937,13.14,737.0,26.66,0.0
101,2022,340,938,13.14,580.7,26.83,0.0
101,2022,340,939,13.14,552.8,26.86,0.0
101,2022,340,940,13.14,717.0,26.79,0.0
101,2022,340,941,13.14,840.0,26.74,0.0
101,2022,340,942,13.14,869.0,26.8,0.0
101,2022,340,943,13.14,963.0,26.8,0.0
101,2022,340,944,13.14,921.0,26.89,0.0
101,2022,340,945,13.14,548.2,27.12,0.0
101,2022,340,946,13.14,490.8,26.95,0.0
101,2022,340,947,13.14,517.1,26.84,0.0
101,2022,340,948,13.14,585.5,26.81,0.0
101,2022,340,949,13.14,512.0,26.88,0.0
101,2022,340,950,13.14,352.3,26.83,0.0
101,2022,340,951,13.14,268.4,26.73,0.0
101,2022,340,952,13.14,257.3,26.67,0.0
101,2022,340,953,13.14,329.6,26.6,0.0
101,2022,340,954,13.14,408.9,26.6,0.0
101,2022,340,955,13.14,462.0,26.6,0.0
101,2022,340,956,13.14,428.2,26.52,0.0
101,2022,340,957,13.14,386.2,26.38,0.0
101,2022,340,958,13.14,371.8,26.31,0.0
101,2022,340,959,13.14,376.1,26.25,0.0
101,2022,340,1000,13.14,387.0,26.29,0.0
101,2022,340,1001,13.14,389.9,26.29,0.0
101,2022,340,1002,13.14,368.4,26.17,0.0
101,2022,340,1003,13.14,369.3,25.87,0.0
101,2022,340,1004,13.15,361.9,25.65,0.0
101,2022,340,1005,13.15,255.1,25.47,0.0
101,2022,340,1006,13.15,236.4,25.34,0.0
101,2022,340,1007,13.15,247.2,25.12,0.0
101,2022,340,1008,13.15,218.0,24.85,0.0
101,2022,340,1009,13.15,182.5,24.73,0.0
101,2022,340,1010,13.15,161.1,24.63,0.0
101,2022,340,1011,13.16,153.6,24.53,0.0
101,2022,340,1012,13.16,156.0,24.57,0.0
101,2022,340,1013,13.16,159.0,24.56,0.0
101,2022,340,1014,13.16,174.8,24.55,0.0
101,2022,340,1015,13.16,203.7,24.56,0.0
101,2022,340,1016,13.17,240.2,24.61,0.0
101,2022,340,1017,13.16,299.0,24.64,0.0
101,2022,340,1018,13.17,348.9,24.71,0.0
101,2022,340,1019,13.16,524.9,24.71,0.0
101,2022,340,1020,13.17,400.2,24.71,0.0
101,2022,340,1021,13.17,430.9,24.74,0.0
101,2022,340,1022,13.17,497.0,24.74,0.0
101,2022,340,1023,13.17,391.6,24.81,0.0
101,2022,340,1024,13.17,345.6,24.9,0.0
101,2022,340,1025,13.17,335.0,24.92,0.0
101,2022,340,1026,13.17,371.1,24.99,0.0
101,2022,340,1027,13.17,478.2,25.07,0.0
101,2022,340,1028,13.17,668.9,25.17,0.0
101,2022,340,1029,13.17,480.1,25.32,0.0
101,2022,340,1030,13.17,416.2,25.43,0.0
101,2022,340,1031,13.17,375.0,25.58,0.0
101,2022,340,1032,13.17,309.1,25.72,0.0
101,2022,340,1033,13.17,253.2,25.75,0.0
101,2022,340,1034,13.17,216.4,25.81,0.0
101,2022,340,1035,13.17,195.5,25.8,0.0
101,2022,340,1036,13.17,184.4,25.79,0.0
101,2022,340,1037,13.17,182.6,25.77,0.0
101,2022,340,1038,13.17,184.9,25.72,0.0
101,2022,340,1039,13.17,189.3,25.71,0.0
101,2022,340,1040,13.17,199.9,25.71,0.0
101,2022,340,1041,13.16,226.2,25.73,0.0
101,2022,340,1042,13.16,254.2,25.75,0.0
101,2022,340,1043,13.16,276.3,25.8,0.0
101,2022,340,1044,13.16,287.9,25.82,0.0
101,2022,340,1045,13.16,292.0,25.87,0.0
101,2022,340,1046,13.16,299.8,25.92,0.0
101,2022,340,1047,13.16,287.5,25.97,0.0
101,2022,340,1048,13.16,276.6,26.01,0.0
101,2022,340,1049,13.16,287.0,26.05,0.0
101,2022,340,1050,13.16,295.5,26.13,0.0
101,2022,340,1051,13.16,787.0,26.17,0.0
101,2022,340,1052,13.16,848.0,26.28,0.0
101,2022,340,1053,13.16,522.7,26.47,0.0
101,2022,340,1054,13.16,411.6,26.67,0.0
101,2022,340,1055,13.16,1058.0,26.82,0.0
101,2022,340,1056,13.16,1151.0,27.04,0.0
101,2022,340,1057,13.16,1095.0,27.31,0.0
101,2022,340,1058,13.16,1145.0,27.57,0.0
101,2022,340,1059,13.16,1095.0,27.69,0.0
101,2022,340,1100,13.15,766.0,27.77,0.0
101,2022,340,1101,13.15,403.0,27.8,0.0
101,2022,340,1102,13.15,484.7,27.67,0.0
101,2022,340,1103,13.15,886.0,27.7,0.0
101,2022,340,1104,13.15,653.7,27.78,0.0
101,2022,340,1105,13.15,707.0,27.8,0.0
101,2022,340,1106,13.15,373.2,27.89,0.0
101,2022,340,1107,13.15,338.7,27.86,0.0
101,2022,340,1108,13.15,884.0,27.78,0.0
101,2022,340,1109,13.15,1118.0,27.86,0.0
101,2022,340,1110,13.15,1062.0,28.01,0.0
101,2022,340,1111,13.15,1047.0,28.11,0.0
101,2022,340,1112,13.15,1092.0,28.09,0.0
101,2022,340,1113,13.15,1102.0,28.05,0.0
101,2022,340,1114,13.15,1096.0,28.17,0.0
101,2022,340,1115,13.15,564.3,28.28,0.0
101,2022,340,1116,13.15,506.1,28.2,0.0
101,2022,340,1117,13.15,1116.0,28.08,0.0
101,2022,340,1118,13.15,449.3,28.16,0.0
101,2022,340,1119,13.15,332.6,28.17,0.0
101,2022,340,1120,13.15,336.8,28.12,0.0
101,2022,340,1121,13.15,510.8,27.97,0.0
101,2022,340,1122,13.15,1167.0,27.93,0.0
101,2022,340,1123,13.15,965.0,28.1,0.0
101,2022,340,1124,13.15,753.0,28.21,0.0
101,2022,340,1125,13.15,597.2,28.25,0.0
101,2022,340,1126,13.15,415.9,28.31,0.0
101,2022,340,1127,13.14,380.0,28.33,0.0
101,2022,340,1128,13.14,1064.0,28.27,0.0
101,2022,340,1129,13.14,1057.0,28.35,0.0
101,2022,340,1130,13.14,1054.0,28.44,0.0
101,2022,340,1131,13.14,1066.0,28.54,0.0
101,2022,340,1132,13.14,1094.0,28.69,0.0
101,2022,340,1133,13.14,1122.0,28.81,0.0
101,2022,340,1134,13.14,926.0,28.84,0.0
101,2022,340,1135,13.14,665.1,28.73,0.0
101,2022,340,1136,13.14,942.0,28.66,0.0
101,2022,340,1137,13.14,1183.0,28.69,0.0
101,2022,340,1138,13.14,874.0,28.61,0.0
101,2022,340,1139,13.14,905.0,28.62,0.0
101,2022,340,1140,13.14,795.0,28.74,0.0
101,2022,340,1141,13.14,384.5,28.6,0.0
101,2022,340,1142,13.14,315.3,28.34,0.0
101,2022,340,1143,13.14,322.1,28.08,0.0
101,2022,340,1144,13.14,339.0,27.77,0.0
101,2022,340,1145,13.14,340.1,27.67,0.0
101,2022,340,1146,13.14,334.1,27.64,0.0
101,2022,340,1147,13.14,338.5,27.62,0.0
101,2022,340,1148,13.14,361.9,27.5,0.0
101,2022,340,1149,13.14,409.3,27.48,0.0
101,2022,340,1150,13.14,427.0,27.52,0.0
101,2022,340,1151,13.14,411.1,27.57,0.0
101,2022,340,1152,13.14,419.5,27.56,0.0
101,2022,340,1153,13.14,447.4,27.59,0.0
101,2022,340,1154,13.14,415.5,27.59,0.0
101,2022,340,1155,13.14,466.4,27.61,0.0
101,2022,340,1156,13.14,950.0,27.64,0.0
101,2022,340,1157,13.14,1051.0,27.71,0.0
101,2022,340,1158,13.14,1049.0,27.91,0.0
101,2022,340,1159,13.14,1215.0,28.06,0.0
101,2022,340,1200,13.14,796.0,28.16,0.0
101,2022,340,1201,13.14,627.2,28.29,0.0
101,2022,340,1202,13.14,1150.0,28.4,0.0
101,2022,340,1203,13.14,664.4,28.64,0.0
101,2022,340,1204,13.14,429.5,28.61,0.0
101,2022,340,1205,13.14,1141.0,28.56,0.0
101,2022,340,1206,13.14,842.0,28.62,0.0
101,2022,340,1207,13.14,394.4,28.7,0.0
101,2022,340,1208,13.14,733.0,28.57,0.0
101,2022,340,1209,13.14,953.0,28.51,0.0
101,2022,340,1210,13.14,1107.0,28.65,0.0
101,2022,340,1211,13.14,872.0,28.65,0.0
101,2022,340,1212,13.14,1097.0,28.78,0.0
101,2022,340,1213,13.14,1139.0,28.79,0.0
101,2022,340,1214,13.13,1079.0,28.87,0.0
101,2022,340,1215,13.13,934.0,29.09,0.0
101,2022,340,1216,13.14,602.8,29.11,0.0
101,2022,340,1217,13.13,430.5,28.9,0.0
101,2022,340,1218,13.13,282.8,28.67,0.0
101,2022,340,1219,13.13,244.3,28.55,0.0
101,2022,340,1220,13.13,227.8,28.53,0.0
101,2022,340,1221,13.13,224.7,28.45,0.0
101,2022,340,1222,13.13,235.0,28.36,0.0
101,2022,340,1223,13.13,252.1,28.29,0.0
101,2022,340,1224,13.13,279.1,28.27,0.0
101,2022,340,1225,13.13,312.8,28.22,0.0
101,2022,340,1226,13.13,630.9,28.25,0.0
101,2022,340,1227,13.13,867.0,28.36,0.0
101,2022,340,1228,13.13,611.1,28.44,0.0
101,2022,340,1229,13.13,335.1,28.46,0.0
101,2022,340,1230,13.13,384.2,28.46,0.0
101,2022,340,1231,13.13,685.7,28.39,0.0
101,2022,340,1232,13.13,1088.0,28.49,0.0
101,2022,340,1233,13.13,1075.0,28.73,0.0
101,2022,340,1234,13.13,900.0,28.94,0.0
101,2022,340,1235,13.13,1024.0,29.03,0.0
101,2022,340,1236,13.13,1050.0,29.05,0.0
101,2022,340,1237,13.13,983.0,29.12,0.0
101,2022,340,1238,13.13,947.0,29.23,0.0
101,2022,340,1239,13.13,979.0,29.32,0.0
101,2022,340,1240,13.13,1050.0,29.4,0.0
101,2022,340,1241,13.13,998.0,29.47,0.0
101,2022,340,1242,13.13,982.0,29.21,0.0
101,2022,340,1243,13.13,1010.0,29.15,0.0
101,2022,340,1244,13.13,1024.0,29.17,0.0
101,2022,340,1245,13.13,1018.0,29.1,0.0
101,2022,340,1246,13.13,992.0,29.22,0.0
101,2022,340,1247,13.13,980.0,29.36,0.0
101,2022,340,1248,13.13,1056.0,29.5,0.0
101,2022,340,1249,13.13,609.5,29.43,0.0
101,2022,340,1250,13.13,793.0,29.1,0.0
101,2022,340,1251,13.12,701.0,28.97,0.0
101,2022,340,1252,13.13,744.0,28.94,0.0
101,2022,340,1253,13.13,726.0,29.03,0.0
101,2022,340,1254,13.13,925.0,29.01,0.0
101,2022,340,1255,13.13,670.6,29.0,0.0
101,2022,340,1256,13.12,671.9,29.05,0.0
101,2022,340,1257,13.12,459.6,28.92,0.0
101,2022,340,1258,13.12,944.0,28.78,0.0
101,2022,340,1259,13.13,938.0,28.8,0.0
101,2022,340,1300,13.13,923.0,28.99,0.0
101,2022,340,1301,13.13,920.0,29.07,0.0
101,2022,340,1302,13.13,918.0,29.02,0.0
101,2022,340,1303,13.12,916.0,29.12,0.0
101,2022,340,1304,13.13,914.0,29.21,0.0
101,2022,340,1305,13.13,912.0,29.37,0.0
101,2022,340,1306,13.13,914.0,29.41,0.0
101,2022,340,1307,13.13,915.0,29.43,0.0
101,2022,340,1308,13.13,916.0,29.36,0.0
101,2022,340,1309,13.13,917.0,29.43,0.0
101,2022,340,1310,13.13,928.0,29.45,0.0
101,2022,340,1311,13.13,954.0,29.51,0.0
101,2022,340,1312,13.13,687.7,29.53,0.0
101,2022,340,1313,13.12,886.0,29.43,0.0
101,2022,340,1314,13.13,838.0,29.45,0.0
101,2022,340,1315,13.13,993.0,29.52,0.0
101,2022,340,1316,13.13,1004.0,29.64,0.0
101,2022,340,1317,13.12,895.0,29.73,0.0
101,2022,340,1318,13.13,519.2,29.74,0.0
101,2022,340,1319,13.13,913.0,29.86,0.0
101,2022,340,1320,13.13,410.3,29.77,0.0
101,2022,340,1321,13.12,202.8,29.62,0.0
101,2022,340,1322,13.13,191.4,29.36,0.0
101,2022,340,1323,13.13,178.1,29.19,0.0
101,2022,340,1324,13.13,168.3,29.01,0.0
101,2022,340,1325,13.12,165.0,28.87,0.0
101,2022,340,1326,13.13,490.7,28.78,0.0
101,2022,340,1327,13.12,892.0,28.82,0.0
101,2022,340,1328,13.13,901.0,29.01,0.0
101,2022,340,1329,13.13,867.0,29.24,0.0
101,2022,340,1330,13.13,787.0,29.37,0.0
101,2022,340,1331,13.12,845.0,29.38,0.0
101,2022,340,1332,13.13,870.0,29.44,0.0
101,2022,340,1333,13.12,867.0,29.56,0.0
101,2022,340,1334,13.13,861.0,29.68,0.0
101,2022,340,1335,13.13,856.0,29.64,0.0
101,2022,340,1336,13.13,855.0,29.65,0.0
101,2022,340,1337,13.13,852.0,29.63,0.0
101,2022,340,1338,13.13,842.0,29.62,0.0
101,2022,340,1339,13.12,841.0,29.64,0.0
101,2022,340,1340,13.13,839.0,29.6,0.0
101,2022,340,1341,13.13,837.0,29.49,0.0
101,2022,340,1342,13.13,835.0,29.52,0.0
101,2022,340,1343,13.12,832.0,29.67,0.0
101,2022,340,1344,13.13,826.0,29.6,0.0
101,2022,340,1345,13.12,822.0,29.6,0.0
101,2022,340,1346,13.13,817.0,29.65,0.0
101,2022,340,1347,13.12,818.0,29.6,0.0
101,2022,340,1348,13.13,819.0,29.47,0.0
101,2022,340,1349,13.12,815.0,29.36,0.0
101,2022,340,1350,13.13,812.0,29.43,0.0
101,2022,340,1351,13.12,808.0,29.61,0.0
101,2022,340,1352,13.13,805.0,29.7,0.0
101,2022,340,1353,13.12,803.0,29.63,0.0
101,2022,340,1354,13.12,800.0,29.48,0.0
101,2022,340,1355,13.12,799.0,29.59,0.0
101,2022,340,1356,13.13,792.0,29.62,0.0
101,2022,340,1357,13.12,786.0,29.69,0.0
101,2022,340,1358,13.12,783.0,29.61,0.0
101,2022,340,1359,13.12,781.0,29.58,0.0
101,2022,340,1400,13.12,782.0,29.57,0.0
101,2022,340,1401,13.12,781.0,29.57,0.0
101,2022,340,1402,13.12,779.0,29.57,0.0
101,2022,340,1403,13.12,790.0,29.75,0.0
101,2022,340,1404,13.12,818.0,29.81,0.0
101,2022,340,1405,13.13,844.0,29.67,0.0
101,2022,340,1406,13.12,867.0,29.72,0.0
101,2022,340,1407,13.12,743.0,29.78,0.0
101,2022,340,1408,13.12,704.0,29.89,0.0
101,2022,340,1409,13.12,325.8,29.74,0.0
101,2022,340,1410,13.12,230.8,29.64,0.0
101,2022,340,1411,13.12,221.3,29.49,0.0
101,2022,340,1412,13.12,731.0,29.42,0.0
101,2022,340,1413,13.12,835.0,29.41,0.0
101,2022,340,1414,13.12,822.0,29.47,0.0
101,2022,340,1415,13.12,802.0,29.64,0.0
101,2022,340,1416,13.12,788.0,29.77,0.0
101,2022,340,1417,13.12,780.0,29.67,0.0
101,2022,340,1418,13.12,783.0,29.63,0.0
101,2022,340,1419,13.12,798.0,29.71,0.0
101,2022,340,1420,13.12,814.0,29.82,0.0
101,2022,340,1421,13.12,819.0,29.9,0.0
101,2022,340,1422,13.12,809.0,29.86,0.0
101,2022,340,1423,13.12,518.4,29.93,0.0
101,2022,340,1424,13.12,243.3,29.74,0.0
101,2022,340,1425,13.12,246.6,29.58,0.0
101,2022,340,1426,13.12,584.2,29.33,0.0
101,2022,340,1427,13.12,594.6,29.23,0.0
101,2022,340,1428,13.12,656.1,29.28,0.0
101,2022,340,1429,13.12,701.0,29.37,0.0
101,2022,340,1430,13.12,683.8,29.46,0.0
101,2022,340,1431,13.12,687.1,29.56,0.0
101,2022,340,1432,13.12,680.3,29.53,0.0
101,2022,340,1433,13.12,674.6,29.5,0.0
101,2022,340,1434,13.12,672.5,29.37,0.0
101,2022,340,1435,13.12,676.1,29.3,0.0
101,2022,340,1436,13.12,678.5,29.3,0.0
101,2022,340,1437,13.12,672.8,29.4,0.0
101,2022,340,1438,13.12,664.4,29.5,0.0
101,2022,340,1439,13.12,660.9,29.38,0.0
101,2022,340,1440,13.12,661.2,29.22,0.0
101,2022,340,1441,13.12,663.1,29.27,0.0
101,2022,340,1442,13.12,659.6,29.46,0.0
101,2022,340,1443,13.12,631.4,29.52,0.0
101,2022,340,1444,13.12,669.5,29.56,0.0
101,2022,340,1445,13.12,676.0,29.48,0.0
101,2022,340,1446,13.12,684.7,29.65,0.0
101,2022,340,1447,13.12,679.9,29.65,0.0
101,2022,340,1448,13.12,668.6,29.72,0.0
101,2022,340,1449,13.12,618.1,29.85,0.0
101,2022,340,1450,13.12,214.2,29.67,0.0
101,2022,340,1451,13.12,375.9,29.34,0.0
101,2022,340,1452,13.12,327.8,29.14,0.0
101,2022,340,1453,13.12,600.5,29.05,0.0
101,2022,340,1454,13.12,604.2,29.14,0.0
101,2022,340,1455,13.12,608.9,29.22,0.0
101,2022,340,1456,13.12,603.3,29.35,0.0
101,2022,340,1457,13.12,596.5,29.31,0.0
101,2022,340,1458,13.12,587.8,29.31,0.0
101,2022,340,1459,13.12,577.5,29.32,0.0
101,2022,340,1500,13.12,579.7,29.33,0.0
101,2022,340,1501,13.12,575.6,29.43,0.0
101,2022,340,1502,13.12,566.3,29.52,0.0
101,2022,340,1503,13.12,559.8,29.38,0.0
101,2022,340,1504,13.12,552.4,29.33,0.0
101,2022,340,1505,13.12,552.0,29.23,0.0
101,2022,340,1506,13.12,550.6,29.3,0.0
101,2022,340,1507,13.12,543.6,29.38,0.0
101,2022,340,1508,13.12,541.2,29.36,0.0
101,2022,340,1509,13.12,535.9,29.26,0.0
101,2022,340,1510,13.12,533.5,29.18,0.0
101,2022,340,1511,13.12,527.3,28.99,0.0
101,2022,340,1512,13.12,522.9,28.92,0.0
101,2022,340,1513,13.13,517.8,28.99,0.0
101,2022,340,1514,13.12,514.4,29.06,0.0
101,2022,340,1515,13.12,514.3,29.0,0.0
101,2022,340,1516,13.12,507.0,28.94,0.0
101,2022,340,1517,13.12,499.6,28.94,0.0
101,2022,340,1518,13.12,495.8,29.0,0.0
101,2022,340,1519,13.12,494.5,28.99,0.0
101,2022,340,1520,13.13,490.0,28.99,0.0
101,2022,340,1521,13.12,485.3,28.99,0.0
101,2022,340,1522,13.12,480.7,29.06,0.0
101,2022,340,1523,13.12,477.2,29.12,0.0
101,2022,340,1524,13.12,473.7,29.13,0.0
101,2022,340,1525,13.12,470.7,29.2,0.0
101,2022,340,1526,13.12,466.4,29.19,0.0
101,2022,340,1527,13.13,461.4,29.13,0.0
101,2022,340,1528,13.13,456.9,28.99,0.0
101,2022,340,1529,13.13,450.9,29.0,0.0
101,2022,340,1530,13.13,443.6,28.91,0.0
101,2022,340,1531,13.13,443.1,28.85,0.0
101,2022,340,1532,13.13,436.8,28.8,0.0
101,2022,340,1533,13.13,439.0,28.76,0.0
101,2022,340,1534,13.12,434.5,28.73,0.0
101,2022,340,1535,13.13,429.3,28.63,0.0
101,2022,340,1536,13.13,426.3,28.55,0.0
101,2022,340,1537,13.12,423.2,28.54,0.0
101,2022,340,1538,13.13,419.1,28.63,0.0
101,2022,340,1539,13.13,413.6,28.72,0.0
101,2022,340,1540,13.13,408.0,28.73,0.0
101,2022,340,1541,13.12,403.9,28.67,0.0
101,2022,340,1542,13.13,398.0,28.69,0.0
101,2022,340,1543,13.12,394.6,28.64,0.0
101,2022,340,1544,13.12,389.6,28.54,0.0
101,2022,340,1545,13.12,386.5,28.5,0.0
101,2022,340,1546,13.13,384.5,28.51,0.0
101,2022,340,1547,13.13,380.1,28.4,0.0
101,2022,340,1548,13.12,376.1,28.36,0.0
101,2022,340,1549,13.12,371.9,28.35,0.0
101,2022,340,1550,13.13,366.4,28.23,0.0
101,2022,340,1551,13.13,362.9,28.24,0.0
101,2022,340,1552,13.13,360.0,28.28,0.0
101,2022,340,1553,13.13,356.0,28.29,0.0
101,2022,340,1554,13.13,351.3,28.26,0.0
101,2022,340,1555,13.13,346.5,28.22,0.0
101,2022,340,1556,13.13,343.1,28.26,0.0
101,2022,340,1557,13.13,338.4,28.3,0.0
101,2022,340,1558,13.13,334.0,28.28,0.0
101,2022,340,1559,13.13,330.2,28.28,0.0
101,2022,340,1600,13.13,325.2,28.25,0.0
101,2022,340,1601,13.13,320.4,28.23,0.0
101,2022,340,1602,13.13,317.8,28.17,0.0
101,2022,340,1603,13.13,314.2,28.11,0.0
101,2022,340,1604,13.13,311.0,28.1,0.0
101,2022,340,1605,13.13,306.6,28.03,0.0
101,2022,340,1606,13.13,301.5,28.02,0.0
101,2022,340,1607,13.13,297.1,27.97,0.0
101,2022,340,1608,13.13,292.9,27.94,0.0
101,2022,340,1609,13.13,289.0,27.97,0.0
101,2022,340,1610,13.13,284.9,28.0,0.0
101,2022,340,1611,13.13,280.5,27.98,0.0
101,2022,340,1612,13.13,276.6,27.94,0.0
101,2022,340,1613,13.13,273.1,27.95,0.0
101,2022,340,1614,13.13,269.4,27.97,0.0
101,2022,340,1615,13.13,265.7,27.99,0.0
101,2022,340,1616,13.13,262.0,27.93,0.0
101,2022,340,1617,13.13,257.9,27.87,0.0
101,2022,340,1618,13.13,254.3,27.88,0.0
101,2022,340,1619,13.13,250.4,27.85,0.0
101,2022,340,1620,13.13,246.2,27.82,0.0
101,2022,340,1621,13.13,241.7,27.86,0.0
101,2022,340,1622,13.13,237.2,27.83,0.0
101,2022,340,1623,13.13,232.9,27.77,0.0
101,2022,340,1624,13.13,228.9,27.72,0.0
101,2022,340,1625,13.13,224.8,27.69,0.0
101,2022,340,1626,13.13,220.6,27.66,0.0
101,2022,340,1627,13.13,216.7,27.67,0.0
101,2022,340,1628,13.13,212.6,27.67,0.0
101,2022,340,1629,13.13,208.6,27.65,0.0
101,2022,340,1630,13.13,204.8,27.63,0.0
101,2022,340,1631,13.13,201.2,27.63,0.0
101,2022,340,1632,13.13,197.9,27.62,0.0
101,2022,340,1633,13.14,194.4,27.59,0.0
101,2022,340,1634,13.13,190.0,27.57,0.0
101,2022,340,1635,13.14,185.7,27.53,0.0
101,2022,340,1636,13.14,181.6,27.46,0.0
101,2022,340,1637,13.14,177.7,27.42,0.0
101,2022,340,1638,13.14,173.2,27.39,0.0
101,2022,340,1639,13.14,169.1,27.37,0.0
101,2022,340,1640,13.14,165.3,27.31,0.0
101,2022,340,1641,13.14,161.5,27.27,0.0
101,2022,340,1642,13.14,157.9,27.24,0.0
101,2022,340,1643,13.14,154.0,27.2,0.0
101,2022,340,1644,13.14,150.0,27.14,0.0
101,2022,340,1645,13.14,146.4,27.11,0.0
101,2022,340,1646,13.14,142.9,27.07,0.0
101,2022,340,1647,13.14,138.8,27.06,0.0
101,2022,340,1648,13.14,134.2,27.03,0.0
101,2022,340,1649,13.14,130.1,27.01,0.0
101,2022,340,1650,13.14,126.0,27.0,0.0
101,2022,340,1651,13.14,122.1,26.95,0.0
101,2022,340,1652,13.14,118.5,26.91,0.0
101,2022,340,1653,13.14,114.9,26.92,0.0
101,2022,340,1654,13.14,111.4,26.9,0.0
101,2022,340,1655,13.14,107.9,26.88,0.0
101,2022,340,1656,13.14,104.5,26.84,0.0
101,2022,340,1657,13.14,100.6,26.83,0.0
101,2022,340,1658,13.14,97.0,26.77,0.0
101,2022,340,1659,13.14,93.5,26.7,0.0
101,2022,340,1700,13.15,89.9,26.66,0.0
101,2022,340,1701,13.14,86.3,26.63,0.0
101,2022,340,1702,13.14,83.0,26.61,0.0
101,2022,340,1703,13.14,79.7,26.57,0.0
101,2022,340,1704,13.15,76.5,26.55,0.0
101,2022,340,1705,13.14,73.2,26.5,0.0
101,2022,340,1706,13.14,69.98,26.47,0.0
101,2022,340,1707,13.14,66.85,26.45,0.0
101,2022,340,1708,13.13,63.19,26.43,0.0
101,2022,340,1709,13.12,55.3,26.39,0.0
101,2022,340,1710,13.12,48.4,26.34,0.0
101,2022,340,1711,13.11,44.34,26.31,0.0
101,2022,340,1712,13.1,37.81,26.28,0.0
101,2022,340,1713,13.08,31.83,26.25,0.0
101,2022,340,1714,13.08,26.59,26.21,0.0
101,2022,340,1715,13.06,22.06,26.19,0.0
101,2022,340,1716,13.06,19.49,26.14,0.0
101,2022,340,1717,13.05,17.97,26.11,0.0
101,2022,340,1718,13.05,16.79,26.05,0.0
101,2022,340,1719,13.04,15.89,26.01,0.0
101,2022,340,1720,13.03,15.07,25.95,0.0
101,2022,340,1721,13.03,14.23,25.91,0.0
101,2022,340,1722,13.02,13.47,25.85,0.0
101,2022,340,1723,13.01,12.68,25.81,0.0
101,2022,340,1724,13.01,12.03,25.79,0.0
101,2022,340,1725,13.0,11.35,25.76,0.0
101,2022,340,1726,13.0,10.71,25.74,0.0
101,2022,340,1727,12.99,10.09,25.7,0.0
101,2022,340,1728,12.99,9.44,25.66,0.0
101,2022,340,1729,12.98,8.79,25.61,0.0
101,2022,340,1730,12.98,8.14,25.57,0.0
101,2022,340,1731,12.98,7.52,25.55,0.0
101,2022,340,1732,12.97,6.649,25.52,0.0
101,2022,340,1733,12.96,5.55,25.48,0.0
101,2022,340,1734,12.96,4.536,25.44,0.0
101,2022,340,1735,12.96,4.029,25.41,0.0
101,2022,340,1736,12.95,3.69,25.38,0.0
101,2022,340,1737,12.95,3.268,25.34,0.0
101,2022,340,1738,12.94,2.958,25.34,0.0
101,2022,340,1739,12.94,2.535,25.31,0.0
101,2022,340,1740,12.94,2.366,25.28,0.0
101,2022,340,1741,12.93,2.113,25.25,0.0
101,2022,340,1742,12.93,1.831,25.22,0.0
101,2022,340,1743,12.93,1.69,25.19,0.0
101,2022,340,1744,12.92,1.38,25.17,0.0
101,2022,340,1745,12.92,1.071,25.14,0.0
101,2022,340,1746,12.92,1.014,25.11,0.0
101,2022,340,1747,12.91,0.0,25.08,0.0
101,2022,340,1748,12.91,0.0,25.04,0.0
101,2022,340,1749,12.91,0.0,25.02,0.0
101,2022,340,1750,12.91,0.0,24.99,0.0
101,2022,340,1751,12.91,0.0,24.96,0.0
101,2022,340,1752,12.9,0.0,24.94,0.0
101,2022,340,1753,12.9,0.0,24.92,0.0
101,2022,340,1754,12.9,0.0,24.88,0.0
101,2022,340,1755,12.89,0.0,24.84,0.0
101,2022,340,1756,12.89,0.0,24.81,0.0
101,2022,340,1757,12.89,0.0,24.77,0.0
101,2022,340,1758,12.89,0.0,24.75,0.0
101,2022,340,1759,12.89,0.0,24.72,0.0
101,2022,340,1800,12.88,0.0,24.7,0.0
101,2022,340,1801,12.88,0.0,24.68,0.0
101,2022,340,1802,12.88,0.0,24.65,0.0
101,2022,340,1803,12.88,0.0,24.64,0.0
101,2022,340,1804,12.88,0.0,24.62,0.0
101,2022,340,1805,12.87,0.0,24.59,0.0
101,2022,340,1806,12.87,0.0,24.57,0.0
101,2022,340,1807,12.87,0.0,24.55,0.0
101,2022,340,1808,12.87,0.0,24.52,0.0
101,2022,340,1809,12.86,0.0,24.51,0.0
101,2022,340,1810,12.86,0.0,24.49,0.0
101,2022,340,1811,12.86,0.0,24.48,0.0
101,2022,340,1812,12.86,0.0,24.46,0.0
101,2022,340,1813,12.86,0.0,24.44,0.0
101,2022,340,1814,12.86,0.0,24.43,0.0
101,2022,340,1815,12.86,0.0,24.41,0.0
101,2022,340,1816,12.86,0.0,24.39,0.0
101,2022,340,1817,12.85,0.0,24.36,0.0
101,2022,340,1818,12.85,0.0,24.35,0.0
101,2022,340,1819,12.85,0.0,24.33,0.0
101,2022,340,1820,12.85,0.0,24.29,0.0
101,2022,340,1821,12.85,0.0,24.28,0.0
101,2022,340,1822,12.85,0.0,24.25,0.0
101,2022,340,1823,12.84,0.0,24.24,0.0
101,2022,340,1824,12.84,0.0,24.23,0.0
101,2022,340,1825,12.84,0.0,24.23,0.0
101,2022,340,1826,12.84,0.0,24.21,0.0
101,2022,340,1827,12.84,0.0,24.19,0.0
101,2022,340,1828,12.84,0.0,24.16,0.0
101,2022,340,1829,12.84,0.0,24.15,0.0
101,2022,340,1830,12.84,0.0,24.12,0.0
101,2022,340,1831,12.84,0.0,24.09,0.0
101,2022,340,1832,12.84,0.0,24.08,0.0
101,2022,340,1833,12.84,0.0,24.07,0.0
101,2022,340,1834,12.83,0.0,24.05,0.0
101,2022,340,1835,12.83,0.0,24.03,0.0
101,2022,340,1836,12.83,0.0,24.0,0.0
101,2022,340,1837,12.83,0.0,23.98,0.0
101,2022,340,1838,12.83,0.0,23.96,0.0
101,2022,340,1839,12.83,0.0,23.94,0.0
101,2022,340,1840,12.83,0.0,23.91,0.0
101,2022,340,1841,12.83,0.0,23.89,0.0
101,2022,340,1842,12.83,0.0,23.86,0.0
101,2022,340,1843,12.82,0.0,23.83,0.0
101,2022,340,1844,12.82,0.0,23.8,0.0
101,2022,340,1845,12.82,0.0,23.77,0.0
101,2022,340,1846,12.82,0.0,23.75,0.0
101,2022,340,1847,12.82,0.0,23.73,0.0
101,2022,340,1848,12.82,0.0,23.71,0.0
101,2022,340,1849,12.82,0.0,23.71,0.0
101,2022,340,1850,12.82,0.0,23.69,0.0
101,2022,340,1851,12.82,0.0,23.67,0.0
101,2022,340,1852,12.82,0.0,23.66,0.0
101,2022,340,1853,12.82,0.0,23.66,0.0
101,2022,340,1854,12.82,0.0,23.66,0.0
101,2022,340,1855,12.82,0.0,23.65,0.0
101,2022,340,1856,12.81,0.0,23.66,0.0
101,2022,340,1857,12.81,0.0,23.69,0.0
101,2022,340,1858,12.81,0.0,23.68,0.0
101,2022,340,1859,12.81,0.0,23.68,0.0
101,2022,340,1900,12.81,0.0,23.69,0.0
101,2022,340,1901,12.81,0.0,23.7,0.0
101,2022,340,1902,12.81,0.0,23.7,0.0
101,2022,340,1903,12.81,0.0,23.69,0.0
101,2022,340,1904,12.81,0.0,23.68,0.0
101,2022,340,1905,12.81,0.0,23.68,0.0
101,2022,340,1906,12.81,0.0,23.68,0.0
101,2022,340,1907,12.81,0.0,23.68,0.0
101,2022,340,1908,12.81,0.0,23.68,0.0
101,2022,340,1909,12.81,0.0,23.67,0.0
101,2022,340,1910,12.8,0.0,23.68,0.0
101,2022,340,1911,12.8,0.0,23.66,0.0
101,2022,340,1912,12.8,0.0,23.65,0.0
101,2022,340,1913,12.8,0.0,23.67,0.0
101,2022,340,1914,12.81,0.0,23.65,0.0
101,2022,340,1915,12.81,0.0,23.65,0.0
101,2022,340,1916,12.81,0.0,23.65,0.0
101,2022,340,1917,12.81,0.0,23.65,0.0
101,2022,340,1918,12.81,0.0,23.64,0.0
101,2022,340,1919,12.8,0.0,23.63,0.0
101,2022,340,1920,12.8,0.0,23.63,0.0
101,2022,340,1921,12.8,0.0,23.61,0.0
101,2022,340,1922,12.8,0.0,23.6,0.0
101,2022,340,1923,12.8,0.0,23.6,0.0
101,2022,340,1924,12.8,0.0,23.58,0.0
101,2022,340,1925,12.8,0.0,23.57,0.0
101,2022,340,1926,12.8,0.0,23.55,0.0
101,2022,340,1927,12.8,0.0,23.55,0.0
101,2022,340,1928,12.8,0.0,23.53,0.0
101,2022,340,1929,12.8,0.0,23.52,0.0
101,2022,340,1930,12.8,0.0,23.49,0.0
101,2022,340,1931,12.8,0.0,23.46,0.0
101,2022,340,1932,12.8,0.0,23.44,0.0
101,2022,340,1933,12.8,0.0,23.42,0.0
101,2022,340,1934,12.79,0.0,23.41,0.0
101,2022,340,1935,12.79,0.0,23.4,0.0
101,2022,340,1936,12.79,0.0,23.38,0.0
101,2022,340,1937,12.79,0.0,23.37,0.0
101,2022,340,1938,12.79,0.0,23.36,0.0
101,2022,340,1939,12.79,0.0,23.35,0.0
101,2022,340,1940,12.79,0.0,23.33,0.0
101,2022,340,1941,12.79,0.0,23.3,0.0
101,2022,340,1942,12.79,0.0,23.3,0.0
101,2022,340,1943,12.79,0.0,23.27,0.0
101,2022,340,1944,12.79,0.0,23.27,0.0
101,2022,340,1945,12.79,0.0,23.24,0.0
101,2022,340,1946,12.79,0.0,23.23,0.0
101,2022,340,1947,12.79,0.0,23.22,0.0
101,2022,340,1948,12.79,0.0,23.23,0.0
101,2022,340,1949,12.79,0.0,23.25,0.0
101,2022,340,1950,12.79,0.0,23.23,0.0
101,2022,340,1951,12.79,0.0,23.23,0.0
101,2022,340,1952,12.79,0.0,23.23,0.0
101,2022,340,1953,12.79,0.0,23.23,0.0
101,2022,340,1954,12.79,0.0,23.23,0.0
101,2022,340,1955,12.79,0.0,23.22,0.0
101,2022,340,1956,12.79,0.0,23.21,0.0
101,2022,340,1957,12.79,0.0,23.2,0.0
101,2022,340,1958,12.78,0.0,23.21,0.0
101,2022,340,1959,12.79,0.0,23.21,0.0
101,2022,340,2000,12.78,0.0,23.21,0.0
101,2022,340,2001,12.79,0.0,23.21,0.0
101,2022,340,2002,12.78,0.0,23.2,0.0
101,2022,340,2003,12.79,0.0,23.19,0.0
101,2022,340,2004,12.79,0.0,23.18,0.0
101,2022,340,2005,12.79,0.0,23.18,0.0
101,2022,340,2006,12.79,0.0,23.17,0.0
101,2022,340,2007,12.78,0.0,23.16,0.0
101,2022,340,2008,12.78,0.0,23.16,0.0
101,2022,340,2009,12.78,0.0,23.15,0.0
101,2022,340,2010,12.78,0.0,23.14,0.0
101,2022,340,2011,12.79,0.0,23.14,0.0
101,2022,340,2012,12.78,0.0,23.14,0.0
101,2022,340,2013,12.78,0.0,23.14,0.0
101,2022,340,2014,12.78,0.0,23.14,0.0
101,2022,340,2015,12.78,0.0,23.13,0.0
101,2022,340,2016,12.78,0.0,23.12,0.0
101,2022,340,2017,12.78,0.0,23.12,0.0
101,2022,340,2018,12.78,0.0,23.12,0.0
101,2022,340,2019,12.78,0.0,23.12,0.0
101,2022,340,2020,12.78,0.0,23.12,0.0
101,2022,340,2021,12.78,0.0,23.12,0.0
101,2022,340,2022,12.78,0.0,23.11,0.0
101,2022,340,2023,12.78,0.0,23.09,0.0
101,2022,340,2024,12.78,0.0,23.08,0.0
101,2022,340,2025,12.78,0.0,23.07,0.0
101,2022,340,2026,12.78,0.0,23.06,0.0
101,2022,340,2027,12.78,0.0,23.07,0.0
101,2022,340,2028,12.78,0.0,23.07,0.0
101,2022,340,2029,12.78,0.0,23.06,0.0
101,2022,340,2030,12.78,0.0,23.04,0.0
101,2022,340,2031,12.77,0.0,23.04,0.0
101,2022,340,2032,12.78,0.0,23.03,0.0
101,2022,340,2033,12.78,0.0,23.02,0.0
101,2022,340,2034,12.77,0.0,23.0,0.0
101,2022,340,2035,12.77,0.0,23.0,0.0
101,2022,340,2036,12.77,0.0,22.99,0.0
101,2022,340,2037,12.77,0.0,22.96,0.0
101,2022,340,2038,12.77,0.0,22.95,0.0
101,2022,340,2039,12.77,0.0,22.95,0.0
101,2022,340,2040,12.77,0.0,22.95,0.0
101,2022,340,2041,12.77,0.0,22.95,0.0
101,2022,340,2042,12.77,0.0,22.94,0.0
101,2022,340,2043,12.77,0.0,22.94,0.0
101,2022,340,2044,12.77,0.0,22.92,0.0
101,2022,340,2045,12.77,0.0,22.9,0.0
101,2022,340,2046,12.77,0.0,22.89,0.0
101,2022,340,2047,12.77,0.0,22.87,0.0
101,2022,340,2048,12.77,0.0,22.86,0.0
101,2022,340,2049,12.77,0.0,22.85,0.0
101,2022,340,2050,12.77,0.0,22.83,0.0
101,2022,340,2051,12.77,0.0,22.81,0.0
101,2022,340,2052,12.77,0.0,22.8,0.0
101,2022,340,2053,12.77,0.0,22.79,0.0
101,2022,340,2054,12.77,0.0,22.78,0.0
101,2022,340,2055,12.77,0.0,22.77,0.0
101,2022,340,2056,12.77,0.0,22.78,0.0
101,2022,340,2057,12.77,0.0,22.78,0.0
101,2022,340,2058,12.77,0.0,22.78,0.0
101,2022,340,2059,12.77,0.0,22.76,0.0
101,2022,340,2100,12.77,0.0,22.76,0.0
101,2022,340,2101,12.77,0.0,22.76,0.0
101,2022,340,2102,12.77,0.0,22.77,0.0
101,2022,340,2103,12.77,0.0,22.77,0.0
101,2022,340,2104,12.77,0.0,22.78,0.0
101,2022,340,2105,12.77,0.0,22.78,0.0
101,2022,340,2106,12.77,0.0,22.77,0.0
101,2022,340,2107,12.77,0.0,22.75,0.0
101,2022,340,2108,12.77,0.0,22.74,0.0
101,2022,340,2109,12.77,0.0,22.74,0.0
101,2022,340,2110,12.77,0.0,22.73,0.0
101,2022,340,2111,12.77,0.0,22.73,0.0
101,2022,340,2112,12.77,0.0,22.72,0.0
101,2022,340,2113,12.77,0.0,22.71,0.0
101,2022,340,2114,12.77,0.0,22.7,0.0
101,2022,340,2115,12.77,0.0,22.69,0.0
101,2022,340,2116,12.77,0.0,22.67,0.0
101,2022,340,2117,12.77,0.0,22.68,0.0
101,2022,340,2118,12.77,0.0,22.68,0.0
101,2022,340,2119,12.77,0.0,22.67,0.0
101,2022,340,2120,12.77,0.0,22.65,0.0
101,2022,340,2121,12.77,0.0,22.66,0.0
101,2022,340,2122,12.77,0.0,22.66,0.0
101,2022,340,2123,12.77,0.0,22.66,0.0
101,2022,340,2124,12.76,0.0,22.66,0.0
101,2022,340,2125,12.77,0.0,22.66,0.0
101,2022,340,2126,12.76,0.0,22.65,0.0
101,2022,340,2127,12.76,0.0,22.64,0.0
101,2022,340,2128,12.76,0.0,22.63,0.0
101,2022,340,2129,12.76,0.0,22.63,0.0
101,2022,340,2130,12.76,0.0,22.63,0.0
101,2022,340,2131,12.76,0.0,22.63,0.0
101,2022,340,2132,12.76,0.0,22.64,0.0
101,2022,340,2133,12.76,0.0,22.63,0.0
101,2022,340,2134,12.76,0.0,22.62,0.0
101,2022,340,2135,12.76,0.0,22.62,0.0
101,2022,340,2136,12.76,0.0,22.62,0.0
101,2022,340,2137,12.76,0.0,22.63,0.0
101,2022,340,2138,12.76,0.0,22.64,0.0
101,2022,340,2139,12.76,0.0,22.64,0.0
101,2022,340,2140,12.76,0.0,22.63,0.0
101,2022,340,2141,12.76,0.0,22.64,0.0
101,2022,340,2142,12.76,0.0,22.65,0.0
101,2022,340,2143,12.76,0.0,22.61,0.0
101,2022,340,2144,12.76,0.0,22.58,0.0
101,2022,340,2145,12.76,0.0,22.58,0.0
101,2022,340,2146,12.76,0.0,22.58,0.0
101,2022,340,2147,12.76,0.0,22.55,0.0
101,2022,340,2148,12.76,0.0,22.55,0.0
101,2022,340,2149,12.76,0.0,22.54,0.0
101,2022,340,2150,12.76,0.0,22.53,0.0
101,2022,340,2151,12.76,0.0,22.54,0.0
101,2022,340,2152,12.76,0.0,22.55,0.0
101,2022,340,2153,12.76,0.0,22.54,0.0
101,2022,340,2154,12.76,0.0,22.53,0.0
101,2022,340,2155,12.76,0.0,22.54,0.0
101,2022,340,2156,12.76,0.0,22.51,0.0
101,2022,340,2157,12.76,0.0,22.5,0.0
101,2022,340,2158,12.76,0.0,22.5,0.0
101,2022,340,2159,12.76,0.0,22.5,0.0
101,2022,340,2200,12.76,0.0,22.48,0.0
101,2022,340,2201,12.76,0.0,22.48,0.0
101,2022,340,2202,12.76,0.0,22.46,0.0
101,2022,340,2203,12.76,0.0,22.43,0.0
101,2022,340,2204,12.76,0.0,22.41,0.0
101,2022,340,2205,12.76,0.0,22.38,0.0
101,2022,340,2206,12.76,0.0,22.36,0.0
101,2022,340,2207,12.76,0.0,22.32,0.0
101,2022,340,2208,12.75,0.0,22.3,0.0
101,2022,340,2209,12.76,0.0,22.27,0.0
101,2022,340,2210,12.75,0.0,22.23,0.0
101,2022,340,2211,12.75,0.0,22.19,0.0
101,2022,340,2212,12.75,0.0,22.14,0.0
101,2022,340,2213,12.75,0.0,22.1,0.0
101,2022,340,2214,12.75,0.0,22.07,0.0
101,2022,340,2215,12.75,0.0,22.05,0.0
101,2022,340,2216,12.75,0.0,22.03,0.0
101,2022,340,2217,12.75,0.0,22.02,0.0
101,2022,340,2218,12.75,0.0,22.05,0.0
101,2022,340,2219,12.75,0.0,22.07,0.0
101,2022,340,2220,12.75,0.0,22.07,0.0
101,2022,340,2221,12.75,0.0,22.08,0.0
101,2022,340,2222,12.75,0.0,22.07,0.0
101,2022,340,2223,12.75,0.0,22.04,0.0
101,2022,340,2224,12.75,0.0,22.01,0.0
101,2022,340,2225,12.75,0.0,21.98,0.0
101,2022,340,2226,12.75,0.0,21.95,0.0
101,2022,340,2227,12.75,0.0,21.95,0.0
101,2022,340,2228,12.75,0.0,21.94,0.0
101,2022,340,2229,12.75,0.0,21.93,0.0
101,2022,340,2230,12.75,0.0,21.94,0.0
101,2022,340,2231,12.75,0.0,21.92,0.0
101,2022,340,2232,12.75,0.0,21.9,0.0
101,2022,340,2233,12.75,0.0,21.9,0.0
101,2022,340,2234,12.75,0.0,21.91,0.0
101,2022,340,2235,12.75,0.0,21.91,0.0
101,2022,340,2236,12.75,0.0,21.89,0.0
101,2022,340,2237,12.75,0.0,21.88,0.0
101,2022,340,2238,12.75,0.0,21.88,0.0
101,2022,340,2239,12.75,0.0,21.89,0.0
101,2022,340,2240,12.75,0.0,21.9,0.0
101,2022,340,2241,12.75,0.0,21.89,0.0
101,2022,340,2242,12.75,0.0,21.87,0.0
101,2022,340,2243,12.75,0.0,21.86,0.0
101,2022,340,2244,12.75,0.0,21.84,0.0
101,2022,340,2245,12.75,0.0,21.84,0.0
101,2022,340,2246,12.75,0.0,21.83,0.0
101,2022,340,2247,12.75,0.0,21.81,0.0
101,2022,340,2248,12.75,0.0,21.78,0.0
101,2022,340,2249,12.75,0.0,21.78,0.0
101,2022,340,2250,12.75,0.0,21.77,0.0
101,2022,340,2251,12.75,0.0,21.73,0.0
101,2022,340,2252,12.75,0.0,21.68,0.0
101,2022,340,2253,12.75,0.0,21.66,0.0
101,2022,340,2254,12.75,0.0,21.64,0.0
101,2022,340,2255,12.75,0.0,21.61,0.0
101,2022,340,2256,12.75,0.0,21.59,0.0
101,2022,340,2257,12.75,0.0,21.58,0.0
101,2022,340,2258,12.75,0.0,21.58,0.0
101,2022,340,2259,12.75,0.0,21.56,0.0
101,2022,340,2300,12.75,0.0,21.54,0.0
101,2022,340,2301,12.75,0.0,21.53,0.0
101,2022,340,2302,12.75,0.0,21.52,0.0
101,2022,340,2303,12.75,0.0,21.51,0.0
101,2022,340,2304,12.75,0.0,21.51,0.0
101,2022,340,2305,12.75,0.0,21.48,0.0
101,2022,340,2306,12.75,0.0,21.46,0.0
101,2022,340,2307,12.75,0.0,21.44,0.0
101,2022,340,2308,12.75,0.0,21.42,0.0
101,2022,340,2309,12.75,0.0,21.42,0.0
101,2022,340,2310,12.75,0.0,21.41,0.0
101,2022,340,2311,12.75,0.0,21.39,0.0
101,2022,340,2312,12.75,0.0,21.38,0.0
101,2022,340,2313,12.75,0.0,21.35,0.0
101,2022,340,2314,12.75,0.0,21.33,0.0
101,2022,340,2315,12.75,0.0,21.32,0.0
101,2022,340,2316,12.75,0.0,21.32,0.0
101,2022,340,2317,12.75,0.0,21.3,0.0
101,2022,340,2318,12.75,0.0,21.28,0.0
101,2022,340,2319,12.75,0.0,21.27,0.0
101,2022,340,2320,12.74,0.0,21.26,0.0
101,2022,340,2321,12.74,0.0,21.25,0.0
101,2022,340,2322,12.74,0.0,21.23,0.0
101,2022,340,2323,12.74,0.0,21.23,0.0
101,2022,340,2324,12.74,0.0,21.23,0.0
101,2022,340,2325,12.75,0.0,21.21,0.0
101,2022,340,2326,12.74,0.0,21.19,0.0
101,2022,340,2327,12.74,0.0,21.16,0.0
101,2022,340,2328,12.74,0.0,21.14,0.0
101,2022,340,2329,12.74,0.0,21.11,0.0
101,2022,340,2330,12.74,0.0,21.1,0.0
101,2022,340,2331,12.74,0.0,21.09,0.0
101,2022,340,2332,12.74,0.0,21.1,0.0
101,2022,340,2333,12.74,0.0,21.11,0.0
101,2022,340,2334,12.74,0.0,21.12,0.0
101,2022,340,2335,12.74,0.0,21.12,0.0
101,2022,340,2336,12.74,0.0,21.11,0.0
101,2022,340,2337,12.74,0.0,21.12,0.0
101,2022,340,2338,12.74,0.0,21.14,0.0
101,2022,340,2339,12.74,0.0,21.16,0.0
101,2022,340,2340,12.74,0.0,21.19,0.0
101,2022,340,2341,12.74,0.0,21.18,0.0
101,2022,340,2342,12.74,0.0,21.2,0.0
101,2022,340,2343,12.74,0.0,21.2,0.0
101,2022,340,2344,12.74,0.0,21.2,0.0
101,2022,340,2345,12.74,0.0,21.21,0.0
101,2022,340,2346,12.74,0.0,21.2,0.0
101,2022,340,2347,12.74,0.0,21.18,0.0
101,2022,340,2348,12.74,0.0,21.17,0.0
101,2022,340,2349,12.74,0.0,21.17,0.0
101,2022,340,2350,12.74,0.0,21.16,0.0
101,2022,340,2351,12.74,0.0,21.17,0.0
101,2022,340,2352,12.74,0.0,21.18,0.0
101,2022,340,2353,12.74,0.0,21.21,0.0
101,2022,340,2354,12.74,0.0,21.22,0.0
101,2022,340,2355,12.74,0.0,21.22,0.0
101,2022,340,2356,12.73,0.0,21.21,0.0
101,2022,340,2357,12.74,0.0,21.22,0.0
101,2022,340,2358,12.73,0.0,21.25,0.0
101,2022,340,2359,12.74,0.0,21.29,0.0
101,2022,341,2400,12.74,0.0,21.33,0.0
