a,b,dia_juliano,d,e,f,g,h
101,2022,287,2400,12.78,0,22.1,0
101,2022,287,1,12.78,0,22.06,0
101,2022,287,2,12.78,0,22.01,0
101,2022,287,3,12.78,0,21.98,0
101,2022,287,4,12.78,0,21.95,0
101,2022,287,5,12.78,0,21.92,0
101,2022,287,6,12.78,0,21.9,0
101,2022,287,7,12.78,0,21.87,0
101,2022,287,8,12.78,0,21.85,0
101,2022,287,9,12.78,0,21.82,0
101,2022,287,10,12.78,0,21.79,0
101,2022,287,11,12.78,0,21.76,0
101,2022,287,12,12.78,0,21.72,0
101,2022,287,13,12.78,0,21.69,0
101,2022,287,14,12.78,0,21.63,0
101,2022,287,15,12.78,0,21.6,0
101,2022,287,16,12.78,0,21.55,0
101,2022,287,17,12.78,0,21.47,0
101,2022,287,18,12.78,0,21.41,0
101,2022,287,19,12.78,.028,21.35,0
101,2022,287,20,12.78,0,21.3,0
101,2022,287,21,12.78,0,21.26,0
101,2022,287,22,12.78,0,21.23,0
101,2022,287,23,12.78,0,21.19,0
101,2022,287,24,12.78,0,21.16,0
101,2022,287,25,12.78,0,21.12,0
101,2022,287,26,12.78,0,21.1,0
101,2022,287,27,12.78,0,21.1,0
101,2022,287,28,12.78,0,21.07,0
101,2022,287,29,12.78,0,21.04,0
101,2022,287,30,12.78,0,21.02,0
101,2022,287,31,12.78,0,21.01,0
101,2022,287,32,12.78,0,20.97,0
101,2022,287,33,12.78,0,20.92,0
101,2022,287,34,12.78,0,20.9,0
101,2022,287,35,12.78,0,20.88,0
101,2022,287,36,12.78,0,20.85,0
101,2022,287,37,12.78,0,20.84,0
101,2022,287,38,12.78,0,20.84,0
101,2022,287,39,12.78,0,20.87,0
101,2022,287,40,12.78,0,20.89,0
101,2022,287,41,12.78,0,20.94,0
101,2022,287,42,12.78,.028,20.98,0
101,2022,287,43,12.78,0,21,0
101,2022,287,44,12.78,0,21.01,0
101,2022,287,45,12.78,0,21.03,0
101,2022,287,46,12.78,0,21.02,0
101,2022,287,47,12.78,0,21.01,0
101,2022,287,48,12.78,0,21.01,0
101,2022,287,49,12.78,0,21.03,0
101,2022,287,50,12.78,.028,21.03,0
101,2022,287,51,12.78,0,21.03,0
101,2022,287,52,12.78,0,21.01,0
101,2022,287,53,12.78,0,21,0
101,2022,287,54,12.78,0,20.99,0
101,2022,287,55,12.77,0,20.98,0
101,2022,287,56,12.78,0,21,0
101,2022,287,57,12.77,0,21.02,0
101,2022,287,58,12.77,0,21.04,0
101,2022,287,59,12.78,0,21.06,0
101,2022,287,100,12.78,0,21.06,0
101,2022,287,101,12.78,0,21.06,0
101,2022,287,102,12.78,0,21.07,0
101,2022,287,103,12.78,0,21.08,0
101,2022,287,104,12.78,0,21.09,0
101,2022,287,105,12.78,0,21.08,0
101,2022,287,106,12.77,0,21.08,0
101,2022,287,107,12.77,0,21.07,0
101,2022,287,108,12.77,0,21.06,0
101,2022,287,109,12.78,0,21.03,0
101,2022,287,110,12.77,0,21.02,0
101,2022,287,111,12.77,0,20.99,0
101,2022,287,112,12.78,0,20.98,0
101,2022,287,113,12.77,0,20.96,0
101,2022,287,114,12.77,0,20.96,0
101,2022,287,115,12.77,0,20.95,0
101,2022,287,116,12.77,0,20.94,0
101,2022,287,117,12.77,0,20.94,0
101,2022,287,118,12.77,0,20.94,0
101,2022,287,119,12.77,0,20.94,0
101,2022,287,120,12.77,0,20.94,0
101,2022,287,121,12.77,0,20.95,0
101,2022,287,122,12.77,0,20.97,0
101,2022,287,123,12.77,0,20.99,0
101,2022,287,124,12.77,0,21.01,0
101,2022,287,125,12.77,0,21.03,0
101,2022,287,126,12.77,0,21.07,0
101,2022,287,127,12.77,0,21.1,0
101,2022,287,128,12.77,0,21.14,0
101,2022,287,129,12.77,0,21.15,0
101,2022,287,130,12.77,0,21.17,0
101,2022,287,131,12.77,0,21.2,0
101,2022,287,132,12.77,0,21.2,0
101,2022,287,133,12.77,0,21.2,0
101,2022,287,134,12.77,0,21.2,0
101,2022,287,135,12.77,0,21.22,0
101,2022,287,136,12.77,0,21.22,0
101,2022,287,137,12.77,0,21.22,0
101,2022,287,138,12.77,0,21.22,0
101,2022,287,139,12.77,0,21.24,0
101,2022,287,140,12.77,0,21.24,0
101,2022,287,141,12.77,0,21.24,0
101,2022,287,142,12.77,0,21.24,0
101,2022,287,143,12.77,0,21.25,0
101,2022,287,144,12.77,0,21.27,0
101,2022,287,145,12.77,0,21.29,0
101,2022,287,146,12.77,0,21.29,0
101,2022,287,147,12.77,0,21.29,0
101,2022,287,148,12.77,0,21.31,0
101,2022,287,149,12.77,0,21.31,0
101,2022,287,150,12.77,0,21.32,0
101,2022,287,151,12.77,0,21.36,0
101,2022,287,152,12.77,0,21.41,0
101,2022,287,153,12.77,0,21.45,0
101,2022,287,154,12.77,0,21.5,0
101,2022,287,155,12.77,0,21.56,0
101,2022,287,156,12.77,0,21.59,0
101,2022,287,157,12.77,0,21.61,0
101,2022,287,158,12.77,0,21.6,0
101,2022,287,159,12.77,0,21.6,0
101,2022,287,200,12.77,0,21.63,0
101,2022,287,201,12.77,0,21.73,0
101,2022,287,202,12.77,0,21.75,0
101,2022,287,203,12.77,0,21.77,0
101,2022,287,204,12.77,0,21.82,0
101,2022,287,205,12.77,0,21.83,0
101,2022,287,206,12.77,0,21.84,0
101,2022,287,207,12.77,0,21.83,0
101,2022,287,208,12.77,0,21.83,0
101,2022,287,209,12.77,0,21.84,0
101,2022,287,210,12.77,0,21.88,0
101,2022,287,211,12.77,0,21.91,0
101,2022,287,212,12.77,0,21.96,0
101,2022,287,213,12.77,0,22.01,0
101,2022,287,214,12.77,0,22.01,0
101,2022,287,215,12.77,0,22.01,0
101,2022,287,216,12.77,0,22.01,0
101,2022,287,217,12.77,0,21.98,0
101,2022,287,218,12.77,0,21.95,0
101,2022,287,219,12.77,0,21.95,0
101,2022,287,220,12.77,0,21.91,0
101,2022,287,221,12.77,0,21.93,0
101,2022,287,222,12.77,0,21.95,0
101,2022,287,223,12.77,0,21.95,0
101,2022,287,224,12.77,0,21.93,0
101,2022,287,225,12.77,0,21.94,0
101,2022,287,226,12.77,0,21.96,0
101,2022,287,227,12.77,0,21.98,0
101,2022,287,228,12.77,0,21.99,0
101,2022,287,229,12.77,0,22,0
101,2022,287,230,12.77,0,22.05,0
101,2022,287,231,12.77,0,22.05,0
101,2022,287,232,12.77,0,22.05,0
101,2022,287,233,12.77,0,22.04,0
101,2022,287,234,12.77,0,22.04,0
101,2022,287,235,12.77,0,22.05,0
101,2022,287,236,12.77,0,22.05,0
101,2022,287,237,12.77,0,22.04,0
101,2022,287,238,12.77,0,22.03,0
101,2022,287,239,12.77,0,22.02,0
101,2022,287,240,12.77,0,22.01,0
101,2022,287,241,12.77,0,21.99,0
101,2022,287,242,12.77,0,21.97,0
101,2022,287,243,12.77,0,21.96,0
101,2022,287,244,12.77,0,21.94,0
101,2022,287,245,12.77,0,21.91,0
101,2022,287,246,12.77,0,21.9,0
101,2022,287,247,12.77,0,21.88,0
101,2022,287,248,12.77,0,21.86,0
101,2022,287,249,12.77,0,21.86,0
101,2022,287,250,12.77,0,21.86,0
101,2022,287,251,12.77,0,21.84,0
101,2022,287,252,12.77,0,21.84,0
101,2022,287,253,12.77,0,21.82,0
101,2022,287,254,12.77,0,21.79,0
101,2022,287,255,12.77,0,21.79,0
101,2022,287,256,12.77,0,21.77,0
101,2022,287,257,12.77,0,21.74,0
101,2022,287,258,12.77,0,21.71,0
101,2022,287,259,12.77,0,21.69,0
101,2022,287,300,12.77,0,21.67,0
101,2022,287,301,12.76,0,21.65,0
101,2022,287,302,12.77,0,21.61,0
101,2022,287,303,12.77,0,21.58,0
101,2022,287,304,12.76,0,21.53,0
101,2022,287,305,12.77,0,21.48,0
101,2022,287,306,12.76,0,21.44,0
101,2022,287,307,12.76,0,21.39,0
101,2022,287,308,12.76,0,21.36,0
101,2022,287,309,12.76,0,21.35,0
101,2022,287,310,12.76,0,21.33,0
101,2022,287,311,12.76,0,21.31,0
101,2022,287,312,12.76,0,21.3,0
101,2022,287,313,12.76,0,21.31,0
101,2022,287,314,12.76,0,21.27,0
101,2022,287,315,12.76,0,21.23,0
101,2022,287,316,12.76,0,21.2,0
101,2022,287,317,12.76,.028,21.16,0
101,2022,287,318,12.76,0,21.13,0
101,2022,287,319,12.76,0,21.1,0
101,2022,287,320,12.76,0,21.08,0
101,2022,287,321,12.76,.056,21.04,0
101,2022,287,322,12.76,0,21.04,0
101,2022,287,323,12.76,.028,21.02,0
101,2022,287,324,12.76,0,20.94,0
101,2022,287,325,12.76,0,20.92,0
101,2022,287,326,12.76,.028,20.9,0
101,2022,287,327,12.76,0,20.85,0
101,2022,287,328,12.76,.028,20.83,0
101,2022,287,329,12.76,0,20.85,0
101,2022,287,330,12.76,0,20.83,0
101,2022,287,331,12.76,0,20.82,0
101,2022,287,332,12.76,0,20.8,0
101,2022,287,333,12.76,0,20.77,0
101,2022,287,334,12.76,0,20.74,0
101,2022,287,335,12.76,0,20.71,0
101,2022,287,336,12.76,0,20.68,0
101,2022,287,337,12.76,0,20.66,0
101,2022,287,338,12.76,0,20.64,0
101,2022,287,339,12.76,0,20.62,0
101,2022,287,340,12.76,0,20.61,0
101,2022,287,341,12.76,0,20.58,0
101,2022,287,342,12.76,0,20.57,0
101,2022,287,343,12.76,0,20.55,0
101,2022,287,344,12.76,0,20.54,0
101,2022,287,345,12.76,0,20.53,0
101,2022,287,346,12.76,0,20.52,0
101,2022,287,347,12.76,0,20.49,0
101,2022,287,348,12.76,0,20.47,0
101,2022,287,349,12.76,0,20.45,0
101,2022,287,350,12.76,0,20.45,0
101,2022,287,351,12.76,0,20.45,0
101,2022,287,352,12.76,0,20.46,0
101,2022,287,353,12.76,0,20.48,0
101,2022,287,354,12.75,0,20.46,0
101,2022,287,355,12.75,0,20.45,0
101,2022,287,356,12.75,0,20.45,0
101,2022,287,357,12.75,0,20.43,0
101,2022,287,358,12.75,0,20.41,0
101,2022,287,359,12.75,0,20.45,0
101,2022,287,400,12.75,0,20.46,0
101,2022,287,401,12.75,0,20.46,0
101,2022,287,402,12.75,0,20.45,0
101,2022,287,403,12.75,0,20.48,0
101,2022,287,404,12.75,0,20.54,0
101,2022,287,405,12.75,0,20.58,0
101,2022,287,406,12.75,0,20.59,0
101,2022,287,407,12.75,0,20.54,0
101,2022,287,408,12.75,0,20.51,0
101,2022,287,409,12.75,0,20.49,0
101,2022,287,410,12.75,0,20.5,0
101,2022,287,411,12.75,0,20.49,0
101,2022,287,412,12.75,0,20.47,0
101,2022,287,413,12.75,0,20.49,0
101,2022,287,414,12.75,0,20.52,0
101,2022,287,415,12.75,0,20.51,0
101,2022,287,416,12.75,0,20.5,0
101,2022,287,417,12.75,0,20.51,0
101,2022,287,418,12.75,0,20.53,0
101,2022,287,419,12.75,0,20.52,0
101,2022,287,420,12.75,0,20.59,0
101,2022,287,421,12.75,0,20.6,0
101,2022,287,422,12.75,0,20.61,0
101,2022,287,423,12.75,0,20.63,0
101,2022,287,424,12.75,0,20.69,0
101,2022,287,425,12.75,0,20.74,0
101,2022,287,426,12.75,0,20.71,0
101,2022,287,427,12.75,0,20.73,0
101,2022,287,428,12.75,0,20.72,0
101,2022,287,429,12.75,0,20.71,0
101,2022,287,430,12.75,0,20.69,0
101,2022,287,431,12.75,0,20.67,0
101,2022,287,432,12.75,.028,20.66,0
101,2022,287,433,12.75,.028,20.63,0
101,2022,287,434,12.75,.085,20.6,0
101,2022,287,435,12.75,.226,20.53,0
101,2022,287,436,12.75,.254,20.5,0
101,2022,287,437,12.75,.197,20.47,0
101,2022,287,438,12.75,.028,20.44,0
101,2022,287,439,12.75,.085,20.43,0
101,2022,287,440,12.75,.085,20.47,0
101,2022,287,441,12.75,.254,20.5,0
101,2022,287,442,12.75,.338,20.53,0
101,2022,287,443,12.75,.338,20.55,0
101,2022,287,444,12.75,.338,20.55,0
101,2022,287,445,12.75,.423,20.52,0
101,2022,287,446,12.75,.649,20.45,0
101,2022,287,447,12.75,.677,20.4,0
101,2022,287,448,12.75,.761,20.37,0
101,2022,287,449,12.75,.987,20.36,0
101,2022,287,450,12.75,1.297,20.36,0
101,2022,287,451,12.75,1.607,20.34,0
101,2022,287,452,12.75,2.03,20.34,0
101,2022,287,453,12.75,2.34,20.32,0
101,2022,287,454,12.75,2.651,20.29,0
101,2022,287,455,12.75,2.989,20.26,0
101,2022,287,456,12.75,3.243,20.23,0
101,2022,287,457,12.75,3.637,20.21,0
101,2022,287,458,12.75,3.976,20.19,0
101,2022,287,459,12.75,4.23,20.18,0
101,2022,287,500,12.75,4.399,20.16,0
101,2022,287,501,12.75,4.596,20.15,0
101,2022,287,502,12.75,5.047,20.14,0
101,2022,287,503,12.75,5.809,20.13,0
101,2022,287,504,12.75,6.513,20.11,0
101,2022,287,505,12.75,7.33,20.11,0
101,2022,287,506,12.76,8.35,20.11,0
101,2022,287,507,12.76,9.3,20.11,0
101,2022,287,508,12.77,10.49,20.11,0
101,2022,287,509,12.78,11.56,20.12,0
101,2022,287,510,12.79,12.66,20.13,0
101,2022,287,511,12.81,13.84,20.14,0
101,2022,287,512,12.82,14.83,20.14,0
101,2022,287,513,12.84,16.04,20.14,0
101,2022,287,514,12.85,17.34,20.13,0
101,2022,287,515,12.87,18.67,20.11,0
101,2022,287,516,12.89,19.77,20.11,0
101,2022,287,517,12.91,20.87,20.09,0
101,2022,287,518,12.93,21.77,20.07,0
101,2022,287,519,12.94,22.73,20.05,0
101,2022,287,520,12.96,23.71,20.04,0
101,2022,287,521,12.98,25.04,20.02,0
101,2022,287,522,13,26.87,20.03,0
101,2022,287,523,13.03,29.07,20.02,0
101,2022,287,524,13.06,31.38,20.02,0
101,2022,287,525,13.09,33.07,20.02,0
101,2022,287,526,13.12,34.06,20.02,0
101,2022,287,527,13.16,35.73,20.03,0
101,2022,287,528,13.19,37.59,20.04,0
101,2022,287,529,13.23,39.25,20.05,0
101,2022,287,530,13.26,40.41,20.12,0
101,2022,287,531,13.3,41.36,20.21,0
101,2022,287,532,13.32,42.15,20.25,0
101,2022,287,533,13.32,42.69,20.29,0
101,2022,287,534,13.32,42.77,20.34,0
101,2022,287,535,13.32,42.83,20.34,0
101,2022,287,536,13.32,42.92,20.34,0
101,2022,287,537,13.32,43.11,20.36,0
101,2022,287,538,13.32,43.14,20.41,0
101,2022,287,539,13.32,43.34,20.44,0
101,2022,287,540,13.32,44.41,20.45,0
101,2022,287,541,13.32,46.44,20.46,0
101,2022,287,542,13.32,49.15,20.47,0
101,2022,287,543,13.32,51.74,20.5,0
101,2022,287,544,13.32,52.78,20.52,0
101,2022,287,545,13.32,52.53,20.57,0
101,2022,287,546,13.32,51.83,20.61,0
101,2022,287,547,13.32,56.31,20.64,0
101,2022,287,548,13.32,71.8,20.68,0
101,2022,287,549,13.32,52.5,20.73,0
101,2022,287,550,13.32,50.64,20.77,0
101,2022,287,551,13.32,50.58,20.8,0
101,2022,287,552,13.32,50.9,20.81,0
101,2022,287,553,13.32,51.12,20.83,0
101,2022,287,554,13.32,49.57,20.86,0
101,2022,287,555,13.32,46.89,20.88,0
101,2022,287,556,13.32,44.95,20.9,0
101,2022,287,557,13.32,45.59,20.92,0
101,2022,287,558,13.32,48.95,20.94,0
101,2022,287,559,13.32,58.2,20.98,0
101,2022,287,600,13.32,72.2,21.03,0
101,2022,287,601,13.32,90.5,21.12,0
101,2022,287,602,13.32,111.3,21.19,0
101,2022,287,603,13.32,147.1,21.28,0
101,2022,287,604,13.32,177.6,21.37,0
101,2022,287,605,13.32,175.8,21.42,0
101,2022,287,606,13.32,178.5,21.47,0
101,2022,287,607,13.32,171.1,21.54,0
101,2022,287,608,13.32,167.2,21.67,0
101,2022,287,609,13.31,164.6,21.75,0
101,2022,287,610,13.31,197.4,21.82,0
101,2022,287,611,13.31,264.5,22,0
101,2022,287,612,13.31,258.7,22.18,0
101,2022,287,613,13.31,296.3,22.34,0
101,2022,287,614,13.31,297.3,22.53,0
101,2022,287,615,13.3,279,22.69,0
101,2022,287,616,13.3,251.6,22.86,0
101,2022,287,617,13.3,208.6,22.95,0
101,2022,287,618,13.3,226.6,23.04,0
101,2022,287,619,13.3,236.8,23.18,0
101,2022,287,620,13.29,244.8,23.31,0
101,2022,287,621,13.29,252.7,23.43,0
101,2022,287,622,13.29,256.6,23.55,0
101,2022,287,623,13.29,258.7,23.59,0
101,2022,287,624,13.29,263.3,23.66,0
101,2022,287,625,13.28,265.1,23.65,0
101,2022,287,626,13.28,265.9,23.66,0
101,2022,287,627,13.28,266.8,23.69,0
101,2022,287,628,13.28,268.1,23.8,0
101,2022,287,629,13.28,273.7,23.89,0
101,2022,287,630,13.28,275.9,23.87,0
101,2022,287,631,13.28,280,23.81,0
101,2022,287,632,13.28,281.9,23.86,0
101,2022,287,633,13.28,279.4,23.85,0
101,2022,287,634,13.27,279.6,23.89,0
101,2022,287,635,13.27,281.3,23.88,0
101,2022,287,636,13.27,282.2,23.91,0
101,2022,287,637,13.27,283.9,24.04,0
101,2022,287,638,13.26,284.9,24.17,0
101,2022,287,639,13.27,288.1,24.14,0
101,2022,287,640,13.26,290.5,24.3,0
101,2022,287,641,13.26,293.2,24.32,0
101,2022,287,642,13.26,296.3,24.27,0
101,2022,287,643,13.26,298.6,24.15,0
101,2022,287,644,13.26,305,24.06,0
101,2022,287,645,13.26,315.9,24.12,0
101,2022,287,646,13.25,332.1,24.24,0
101,2022,287,647,13.25,343.5,24.38,0
101,2022,287,648,13.25,353.1,24.5,0
101,2022,287,649,13.25,355.2,24.61,0
101,2022,287,650,13.25,401,24.82,0
101,2022,287,651,13.25,417.4,24.96,0
101,2022,287,652,13.24,424,25.15,0
101,2022,287,653,13.24,424.9,25.24,0
101,2022,287,654,13.24,414,25.43,0
101,2022,287,655,13.24,403.1,25.56,0
101,2022,287,656,13.24,388.3,25.6,0
101,2022,287,657,13.23,397.5,25.52,0
101,2022,287,658,13.23,415.7,25.51,0
101,2022,287,659,13.23,435.1,25.6,0
101,2022,287,700,13.23,449.4,25.59,0
101,2022,287,701,13.23,453.6,25.68,0
101,2022,287,702,13.22,449.5,25.76,0
101,2022,287,703,13.22,448.1,25.7,0
101,2022,287,704,13.22,450.4,25.72,0
101,2022,287,705,13.22,451.3,25.86,0
101,2022,287,706,13.22,457.1,25.79,0
101,2022,287,707,13.21,474.2,25.73,0
101,2022,287,708,13.21,513.1,25.62,0
101,2022,287,709,13.21,541.6,25.46,0
101,2022,287,710,13.21,542.2,25.53,0
101,2022,287,711,13.21,414.4,25.59,0
101,2022,287,712,13.21,397.6,25.47,0
101,2022,287,713,13.21,384.9,25.35,0
101,2022,287,714,13.21,250.1,25.4,0
101,2022,287,715,13.2,220,25.46,0
101,2022,287,716,13.2,195.5,25.32,0
101,2022,287,717,13.2,187.1,25.2,0
101,2022,287,718,13.21,191.8,25.19,0
101,2022,287,719,13.21,189,25.12,0
101,2022,287,720,13.21,197,25.05,0
101,2022,287,721,13.21,203.4,25.06,0
101,2022,287,722,13.21,206.1,25.04,0
101,2022,287,723,13.2,213.3,25.05,0
101,2022,287,724,13.21,222.6,25.06,0
101,2022,287,725,13.21,232.1,25.1,0
101,2022,287,726,13.21,254.3,25.15,0
101,2022,287,727,13.21,262.7,25.14,0
101,2022,287,728,13.21,277.7,25.15,0
101,2022,287,729,13.21,611.1,25.19,0
101,2022,287,730,13.21,582.9,25.3,0
101,2022,287,731,13.21,610.4,25.47,0
101,2022,287,732,13.21,470.9,25.58,0
101,2022,287,733,13.21,433,25.59,0
101,2022,287,734,13.21,659.8,25.59,0
101,2022,287,735,13.21,680.2,25.59,0
101,2022,287,736,13.21,701,25.71,0
101,2022,287,737,13.2,683.2,25.83,0
101,2022,287,738,13.2,641.6,25.93,0
101,2022,287,739,13.2,682.1,26.03,0
101,2022,287,740,13.2,696.4,26.15,0
101,2022,287,741,13.2,695.1,26.2,0
101,2022,287,742,13.2,710,26.37,0
101,2022,287,743,13.19,717,26.39,0
101,2022,287,744,13.19,738,26.24,0
101,2022,287,745,13.19,762,26.24,0
101,2022,287,746,13.19,768,26.37,0
101,2022,287,747,13.18,743,26.49,0
101,2022,287,748,13.18,715,26.58,0
101,2022,287,749,13.18,711,26.76,0
101,2022,287,750,13.18,715,26.7,0
101,2022,287,751,13.18,708,26.61,0
101,2022,287,752,13.18,701,26.72,0
101,2022,287,753,13.18,574.2,26.59,0
101,2022,287,754,13.18,447.3,26.42,0
101,2022,287,755,13.17,715,26.43,0
101,2022,287,756,13.17,724,26.48,0
101,2022,287,757,13.17,724,26.58,0
101,2022,287,758,13.17,620.5,26.61,0
101,2022,287,759,13.17,710,26.63,0
101,2022,287,800,13.17,545.7,26.55,0
101,2022,287,801,13.17,685.4,26.46,0
101,2022,287,802,13.17,528,26.4,0
101,2022,287,803,13.17,725,26.44,0
101,2022,287,804,13.17,773,26.5,0
101,2022,287,805,13.16,607.9,26.58,0
101,2022,287,806,13.16,309.8,26.76,0
101,2022,287,807,13.16,311.1,26.67,0
101,2022,287,808,13.16,331.4,26.6,0
101,2022,287,809,13.17,296.9,26.54,0
101,2022,287,810,13.16,351.1,26.45,0
101,2022,287,811,13.16,420.6,26.43,0
101,2022,287,812,13.16,322.1,26.38,0
101,2022,287,813,13.16,563.2,26.29,0
101,2022,287,814,13.17,713,26.29,0
101,2022,287,815,13.17,731,26.44,0
101,2022,287,816,13.17,602.9,26.65,0
101,2022,287,817,13.17,826,26.69,0
101,2022,287,818,13.17,831,26.88,0
101,2022,287,819,13.16,839,26.98,0
101,2022,287,820,13.16,848,27.06,0
101,2022,287,821,13.16,518.6,27.24,0
101,2022,287,822,13.16,426.4,27.16,0
101,2022,287,823,13.16,456.8,27.11,0
101,2022,287,824,13.16,605.1,27.1,0
101,2022,287,825,13.16,786,27.06,0
101,2022,287,826,13.16,794,27.06,0
101,2022,287,827,13.16,782,27.12,0
101,2022,287,828,13.15,802,27.15,0
101,2022,287,829,13.16,807,27.21,0
101,2022,287,830,13.16,498.5,27.27,0
101,2022,287,831,13.15,655.7,27.27,0
101,2022,287,832,13.15,660.5,27.35,0
101,2022,287,833,13.15,788,27.15,0
101,2022,287,834,13.15,819,27.21,0
101,2022,287,835,13.15,737,27.44,0
101,2022,287,836,13.15,772,27.53,0
101,2022,287,837,13.15,411.8,27.38,0
101,2022,287,838,13.15,288.6,27.04,0
101,2022,287,839,13.15,574.4,26.81,0
101,2022,287,840,13.15,526.3,26.74,0
101,2022,287,841,13.15,912,26.77,0
101,2022,287,842,13.15,785,26.74,0
101,2022,287,843,13.15,292.2,26.73,0
101,2022,287,844,13.15,257.5,26.78,0
101,2022,287,845,13.15,277.8,26.83,0
101,2022,287,846,13.15,293.7,26.69,0
101,2022,287,847,13.15,340.4,26.45,0
101,2022,287,848,13.15,516.6,26.31,0
101,2022,287,849,13.15,967,26.4,0
101,2022,287,850,13.15,975,26.58,0
101,2022,287,851,13.15,893,26.78,0
101,2022,287,852,13.15,946,26.95,0
101,2022,287,853,13.15,949,27.18,0
101,2022,287,854,13.15,954,27.08,0
101,2022,287,855,13.15,669.4,27.14,0
101,2022,287,856,13.15,449.2,26.95,0
101,2022,287,857,13.15,320.4,26.81,0
101,2022,287,858,13.15,324,26.71,0
101,2022,287,859,13.15,333.2,26.62,0
101,2022,287,900,13.15,362.2,26.64,0
101,2022,287,901,13.15,358.1,26.55,0
101,2022,287,902,13.15,351.9,26.52,0
101,2022,287,903,13.15,351.1,26.52,0
101,2022,287,904,13.15,366.6,26.49,0
101,2022,287,905,13.15,728,26.55,0
101,2022,287,906,13.15,545.3,26.71,0
101,2022,287,907,13.15,390.4,26.85,0
101,2022,287,908,13.15,378.8,26.93,0
101,2022,287,909,13.16,367.7,27,0
101,2022,287,910,13.16,338,26.92,0
101,2022,287,911,13.16,310,26.85,0
101,2022,287,912,13.16,296.9,26.75,0
101,2022,287,913,13.16,304.3,26.7,0
101,2022,287,914,13.16,339.2,26.81,0
101,2022,287,915,13.16,467.7,26.81,0
101,2022,287,916,13.16,440.3,26.86,0
101,2022,287,917,13.16,447.3,26.68,0
101,2022,287,918,13.16,491.7,26.71,0
101,2022,287,919,13.16,701,26.81,0
101,2022,287,920,13.16,640.3,26.82,0
101,2022,287,921,13.16,917,27.02,0
101,2022,287,922,13.16,1097,27.3,0
101,2022,287,923,13.16,1091,27.63,0
101,2022,287,924,13.16,1084,27.73,0
101,2022,287,925,13.16,1069,27.56,0
101,2022,287,926,13.16,1054,27.47,0
101,2022,287,927,13.16,1038,27.46,0
101,2022,287,928,13.16,1028,27.51,0
101,2022,287,929,13.15,1026,27.56,0
101,2022,287,930,13.16,1008,27.77,0
101,2022,287,931,13.16,1010,27.87,0
101,2022,287,932,13.16,1010,27.74,0
101,2022,287,933,13.16,934,27.63,0
101,2022,287,934,13.16,883,27.77,0
101,2022,287,935,13.16,971,27.89,0
101,2022,287,936,13.15,1022,28.12,0
101,2022,287,937,13.16,1043,28.17,0
101,2022,287,938,13.16,1065,28.36,0
101,2022,287,939,13.16,1060,28.45,0
101,2022,287,940,13.15,1077,28.55,0
101,2022,287,941,13.16,961,28.38,0
101,2022,287,942,13.15,1092,28.38,0
101,2022,287,943,13.15,720,28.39,0
101,2022,287,944,13.15,616.6,28.22,0
101,2022,287,945,13.15,960,27.85,0
101,2022,287,946,13.15,1068,27.84,0
101,2022,287,947,13.15,1074,28.1,0
101,2022,287,948,13.15,866,28.26,0
101,2022,287,949,13.15,557.6,28.07,0
101,2022,287,950,13.15,440.4,27.65,0
101,2022,287,951,13.15,868,27.5,0
101,2022,287,952,13.15,806,27.61,0
101,2022,287,953,13.15,644.3,27.79,0
101,2022,287,954,13.15,787,28.09,0
101,2022,287,955,13.15,620.9,28.24,0
101,2022,287,956,13.15,818,28.1,0
101,2022,287,957,13.15,1011,28.27,0
101,2022,287,958,13.15,1167,28.33,0
101,2022,287,959,13.15,1115,28.32,0
101,2022,287,1000,13.15,1080,28.32,0
101,2022,287,1001,13.15,1126,28.39,0
101,2022,287,1002,13.15,1185,28.8,0
101,2022,287,1003,13.15,1172,28.87,0
101,2022,287,1004,13.15,1105,28.66,0
101,2022,287,1005,13.15,1188,28.51,0
101,2022,287,1006,13.15,1211,28.4,0
101,2022,287,1007,13.15,1224,28.38,0
101,2022,287,1008,13.15,1171,28.25,0
101,2022,287,1009,13.15,1170,28.29,0
101,2022,287,1010,13.15,792,28.45,0
101,2022,287,1011,13.15,447.9,28.45,0
101,2022,287,1012,13.14,453.5,28.32,0
101,2022,287,1013,13.14,499.3,28.35,0
101,2022,287,1014,13.14,683.6,28.5,0
101,2022,287,1015,13.14,462.1,28.61,0
101,2022,287,1016,13.14,399.4,28.67,0
101,2022,287,1017,13.14,378.4,28.15,0
101,2022,287,1018,13.14,383.1,27.95,0
101,2022,287,1019,13.14,417.7,27.89,0
101,2022,287,1020,13.14,407.3,27.82,0
101,2022,287,1021,13.15,923,27.68,0
101,2022,287,1022,13.14,1142,27.66,0
101,2022,287,1023,13.14,1165,27.78,0
101,2022,287,1024,13.14,647.1,27.92,0
101,2022,287,1025,13.15,1034,28.05,0
101,2022,287,1026,13.15,1228,28.23,0
101,2022,287,1027,13.14,1086,27.96,0
101,2022,287,1028,13.14,462.5,27.99,0
101,2022,287,1029,13.14,390.1,28.07,0
101,2022,287,1030,13.14,385.5,28.01,0
101,2022,287,1031,13.14,397.7,28.05,0
101,2022,287,1032,13.14,439.6,28.17,0
101,2022,287,1033,13.15,523.5,28.01,0
101,2022,287,1034,13.14,1118,28.12,0
101,2022,287,1035,13.14,1209,28.2,0
101,2022,287,1036,13.14,1201,28.47,0
101,2022,287,1037,13.14,1196,28.61,0
101,2022,287,1038,13.14,1196,28.7,0
101,2022,287,1039,13.14,1223,28.92,0
101,2022,287,1040,13.14,1234,29.11,0
101,2022,287,1041,13.14,833,29.05,0
101,2022,287,1042,13.14,467.4,28.68,0
101,2022,287,1043,13.14,490.6,28.54,0
101,2022,287,1044,13.14,923,28.56,0
101,2022,287,1045,13.14,1275,28.54,0
101,2022,287,1046,13.14,1278,28.84,0
101,2022,287,1047,13.14,1254,28.95,0
101,2022,287,1048,13.14,1227,28.97,0
101,2022,287,1049,13.14,1212,29.08,0
101,2022,287,1050,13.14,1198,29.05,0
101,2022,287,1051,13.14,1186,28.66,0
101,2022,287,1052,13.14,1175,28.71,0
101,2022,287,1053,13.14,1165,29.24,0
101,2022,287,1054,13.14,1161,28.99,0
101,2022,287,1055,13.14,1159,28.97,0
101,2022,287,1056,13.14,1145,28.83,0
101,2022,287,1057,13.14,710,28.72,0
101,2022,287,1058,13.14,999,28.63,0
101,2022,287,1059,13.14,1045,28.57,0
101,2022,287,1100,13.14,515.3,28.7,0
101,2022,287,1101,13.14,1010,28.39,0
101,2022,287,1102,13.14,1206,28.52,0
101,2022,287,1103,13.13,1214,28.67,0
101,2022,287,1104,13.14,1240,28.86,0
101,2022,287,1105,13.14,565.8,28.77,0
101,2022,287,1106,13.14,1049,28.55,0
101,2022,287,1107,13.14,1264,28.35,0
101,2022,287,1108,13.14,1061,28.58,0
101,2022,287,1109,13.14,811,28.63,0
101,2022,287,1110,13.14,734,28.68,0
101,2022,287,1111,13.13,769,28.49,0
101,2022,287,1112,13.14,794,28.36,0
101,2022,287,1113,13.14,751,28.38,0
101,2022,287,1114,13.14,737,28.19,0
101,2022,287,1115,13.14,721,28.16,0
101,2022,287,1116,13.14,679.1,28.12,0
101,2022,287,1117,13.14,917,28.18,0
101,2022,287,1118,13.14,980,28.1,0
101,2022,287,1119,13.14,906,28.08,0
101,2022,287,1120,13.14,708,27.94,0
101,2022,287,1121,13.14,822,27.98,0
101,2022,287,1122,13.14,1091,28.2,0
101,2022,287,1123,13.14,815,28.64,0
101,2022,287,1124,13.14,631.3,28.66,0
101,2022,287,1125,13.14,805,28.4,0
101,2022,287,1126,13.14,745,28.5,0
101,2022,287,1127,13.14,860,28.44,0
101,2022,287,1128,13.14,1200,28.53,0
101,2022,287,1129,13.14,1190,28.67,0
101,2022,287,1130,13.14,907,28.83,0
101,2022,287,1131,13.14,566.4,28.58,0
101,2022,287,1132,13.14,1184,28.47,0
101,2022,287,1133,13.14,1158,28.59,0
101,2022,287,1134,13.14,1137,28.85,0
101,2022,287,1135,13.14,1127,28.89,0
101,2022,287,1136,13.14,1111,29.1,0
101,2022,287,1137,13.14,457.1,29,0
101,2022,287,1138,13.14,975,28.58,0
101,2022,287,1139,13.14,1124,28.67,0
101,2022,287,1140,13.14,1133,29.07,0
101,2022,287,1141,13.14,1153,29.12,0
101,2022,287,1142,13.14,1185,28.98,0
101,2022,287,1143,13.14,1155,28.97,0
101,2022,287,1144,13.14,1139,29.25,0
101,2022,287,1145,13.14,1117,29.66,0
101,2022,287,1146,13.14,1112,29.53,0
101,2022,287,1147,13.14,1113,29.06,0
101,2022,287,1148,13.14,1105,29.24,0
101,2022,287,1149,13.14,1104,29.72,0
101,2022,287,1150,13.14,1134,29.73,0
101,2022,287,1151,13.14,1139,29.64,0
101,2022,287,1152,13.13,970,29.59,0
101,2022,287,1153,13.14,1088,29.63,0
101,2022,287,1154,13.13,1160,29.53,0
101,2022,287,1155,13.13,1157,29.33,0
101,2022,287,1156,13.14,1138,29.21,0
101,2022,287,1157,13.13,1135,29.26,0
101,2022,287,1158,13.13,1129,29.01,0
101,2022,287,1159,13.13,1138,28.66,0
101,2022,287,1200,13.13,1152,28.83,0
101,2022,287,1201,13.14,1158,29.02,0
101,2022,287,1202,13.13,1156,29.43,0
101,2022,287,1203,13.14,1152,29.75,0
101,2022,287,1204,13.13,1156,29.67,0
101,2022,287,1205,13.14,1163,29.12,0
101,2022,287,1206,13.13,1166,29.1,0
101,2022,287,1207,13.13,1175,29.43,0
101,2022,287,1208,13.13,1150,29.35,0
101,2022,287,1209,13.13,633.5,29.37,0
101,2022,287,1210,13.13,441.4,29.05,0
101,2022,287,1211,13.14,337.2,28.93,0
101,2022,287,1212,13.14,332.6,28.85,0
101,2022,287,1213,13.13,348.5,28.73,0
101,2022,287,1214,13.13,371.3,28.53,0
101,2022,287,1215,13.13,448.7,28.5,0
101,2022,287,1216,13.13,413.4,28.42,0
101,2022,287,1217,13.14,419.2,28.58,0
101,2022,287,1218,13.13,565.8,28.62,0
101,2022,287,1219,13.13,1109,28.8,0
101,2022,287,1220,13.14,1199,28.88,0
101,2022,287,1221,13.13,1207,28.65,0
101,2022,287,1222,13.13,1205,29.03,0
101,2022,287,1223,13.13,1205,28.98,0
101,2022,287,1224,13.13,1209,29.12,0
101,2022,287,1225,13.13,1221,29.3,0
101,2022,287,1226,13.13,1251,29.3,0
101,2022,287,1227,13.14,1238,29.22,0
101,2022,287,1228,13.13,810,29.2,0
101,2022,287,1229,13.13,878,29.08,0
101,2022,287,1230,13.13,841,29.09,0
101,2022,287,1231,13.13,662.5,28.93,0
101,2022,287,1232,13.13,1159,29.07,0
101,2022,287,1233,13.13,804,29.11,0
101,2022,287,1234,13.13,401.4,28.84,0
101,2022,287,1235,13.13,312.6,28.63,0
101,2022,287,1236,13.13,287.6,28.37,0
101,2022,287,1237,13.13,281.7,28.16,0
101,2022,287,1238,13.13,270.9,28.14,0
101,2022,287,1239,13.14,261.7,28.17,0
101,2022,287,1240,13.13,255.3,28.24,0
101,2022,287,1241,13.13,252.1,28.37,0
101,2022,287,1242,13.13,248,28.3,0
101,2022,287,1243,13.13,243.4,28.17,0
101,2022,287,1244,13.13,252.7,28.1,0
101,2022,287,1245,13.14,251.6,28,0
101,2022,287,1246,13.13,244.8,27.87,0
101,2022,287,1247,13.13,260.1,27.77,0
101,2022,287,1248,13.14,811,27.72,0
101,2022,287,1249,13.14,357.5,27.82,0
101,2022,287,1250,13.14,334.4,27.98,0
101,2022,287,1251,13.14,627.3,28.01,0
101,2022,287,1252,13.14,932,28.06,0
101,2022,287,1253,13.14,985,28.25,0
101,2022,287,1254,13.14,966,28.44,0
101,2022,287,1255,13.14,964,28.69,0
101,2022,287,1256,13.14,866,28.78,0
101,2022,287,1257,13.14,995,28.87,0
101,2022,287,1258,13.14,820,28.86,0
101,2022,287,1259,13.14,401.7,28.7,0
101,2022,287,1300,13.14,600.8,28.5,0
101,2022,287,1301,13.14,999,28.51,0
101,2022,287,1302,13.14,1048,28.52,0
101,2022,287,1303,13.14,511.4,28.44,0
101,2022,287,1304,13.14,495.8,28.19,0
101,2022,287,1305,13.14,503.4,28.09,0
101,2022,287,1306,13.14,430.2,28.18,0
101,2022,287,1307,13.14,369.5,28.05,0
101,2022,287,1308,13.14,371,28.19,0
101,2022,287,1309,13.14,411.9,28.04,0
101,2022,287,1310,13.14,374.1,28.01,0
101,2022,287,1311,13.14,366.5,27.93,0
101,2022,287,1312,13.14,707,27.98,0
101,2022,287,1313,13.14,1011,28.18,0
101,2022,287,1314,13.14,1026,28.52,0
101,2022,287,1315,13.14,1040,28.55,0
101,2022,287,1316,13.14,1061,28.52,0
101,2022,287,1317,13.14,1010,28.34,0
101,2022,287,1318,13.14,871,28.32,0
101,2022,287,1319,13.14,1018,28.27,0
101,2022,287,1320,13.14,948,28.24,0
101,2022,287,1321,13.14,901,28.19,0
101,2022,287,1322,13.14,766,28.17,0
101,2022,287,1323,13.14,506.1,28.18,0
101,2022,287,1324,13.14,433.7,28.25,0
101,2022,287,1325,13.14,375.8,28.23,0
101,2022,287,1326,13.14,698.1,28.09,0
101,2022,287,1327,13.14,814,28.04,0
101,2022,287,1328,13.14,882,28.11,0
101,2022,287,1329,13.14,928,28.12,0
101,2022,287,1330,13.14,683,28.19,0
101,2022,287,1331,13.14,324.6,28.42,0
101,2022,287,1332,13.14,303.8,28.46,0
101,2022,287,1333,13.14,293.4,28.27,0
101,2022,287,1334,13.14,285,28.19,0
101,2022,287,1335,13.14,284.6,28.06,0
101,2022,287,1336,13.14,290.7,27.89,0
101,2022,287,1337,13.14,308.2,27.95,0
101,2022,287,1338,13.14,454.8,27.99,0
101,2022,287,1339,13.14,348.3,27.99,0
101,2022,287,1340,13.14,458.6,27.98,0
101,2022,287,1341,13.14,651.6,27.85,0
101,2022,287,1342,13.14,837,27.83,0
101,2022,287,1343,13.14,833,27.95,0
101,2022,287,1344,13.14,837,28.03,0
101,2022,287,1345,13.14,863,28.21,0
101,2022,287,1346,13.14,904,28.33,0
101,2022,287,1347,13.14,900,28.08,0
101,2022,287,1348,13.14,882,28.15,0
101,2022,287,1349,13.14,871,28.23,0
101,2022,287,1350,13.14,855,28.18,0
101,2022,287,1351,13.15,802,28.07,0
101,2022,287,1352,13.14,768,28.03,0
101,2022,287,1353,13.15,790,28.07,0
101,2022,287,1354,13.14,785,28.09,0
101,2022,287,1355,13.14,774,28.05,0
101,2022,287,1356,13.14,749,28.03,0
101,2022,287,1357,13.14,773,28.06,0
101,2022,287,1358,13.14,726,28.18,0
101,2022,287,1359,13.14,716,28.07,0
101,2022,287,1400,13.14,750,28.05,0
101,2022,287,1401,13.14,715,27.95,0
101,2022,287,1402,13.15,676.7,28.1,0
101,2022,287,1403,13.14,652.5,28.24,0
101,2022,287,1404,13.14,673.7,28,0
101,2022,287,1405,13.15,655.9,28.05,0
101,2022,287,1406,13.14,669.7,28.13,0
101,2022,287,1407,13.15,490.9,28.26,0
101,2022,287,1408,13.14,328.3,28.2,0
101,2022,287,1409,13.15,466.2,28.02,0
101,2022,287,1410,13.14,634.8,27.86,0
101,2022,287,1411,13.14,648.7,27.7,0
101,2022,287,1412,13.15,496.1,27.72,0
101,2022,287,1413,13.15,285.6,27.85,0
101,2022,287,1414,13.15,275.4,27.87,0
101,2022,287,1415,13.15,292.9,27.78,0
101,2022,287,1416,13.15,425.1,27.66,0
101,2022,287,1417,13.15,613.2,27.74,0
101,2022,287,1418,13.15,589.6,27.77,0
101,2022,287,1419,13.15,595,27.78,0
101,2022,287,1420,13.15,615.8,27.72,0
101,2022,287,1421,13.15,620.5,27.59,0
101,2022,287,1422,13.15,595,27.53,0
101,2022,287,1423,13.15,563.9,27.69,0
101,2022,287,1424,13.15,579.7,27.83,0
101,2022,287,1425,13.15,566.4,27.75,0
101,2022,287,1426,13.15,547.5,27.63,0
101,2022,287,1427,13.15,550.6,27.7,0
101,2022,287,1428,13.15,540.6,27.74,0
101,2022,287,1429,13.15,532.8,27.64,0
101,2022,287,1430,13.15,546.8,27.52,0
101,2022,287,1431,13.15,540.7,27.6,0
101,2022,287,1432,13.15,563.4,27.7,0
101,2022,287,1433,13.15,564.4,27.7,0
101,2022,287,1434,13.15,555.5,27.72,0
101,2022,287,1435,13.15,556.4,27.73,0
101,2022,287,1436,13.15,549,27.79,0
101,2022,287,1437,13.15,525.4,27.71,0
101,2022,287,1438,13.15,513.2,27.55,0
101,2022,287,1439,13.15,526.3,27.51,0
101,2022,287,1440,13.15,516.9,27.35,0
101,2022,287,1441,13.15,529.1,27.26,0
101,2022,287,1442,13.15,544,27.24,0
101,2022,287,1443,13.16,563.1,27.32,0
101,2022,287,1444,13.15,560.7,27.52,0
101,2022,287,1445,13.16,569.6,27.6,0
101,2022,287,1446,13.15,592.4,27.68,0
101,2022,287,1447,13.16,582.2,27.59,0
101,2022,287,1448,13.16,544.1,27.58,0
101,2022,287,1449,13.16,521.8,27.56,0
101,2022,287,1450,13.15,581.1,27.46,0
101,2022,287,1451,13.15,580.6,27.31,0
101,2022,287,1452,13.15,567.5,27.42,0
101,2022,287,1453,13.16,557.4,27.49,0
101,2022,287,1454,13.15,549.8,27.54,0
101,2022,287,1455,13.16,521,27.57,0
101,2022,287,1456,13.15,498.7,27.49,0
101,2022,287,1457,13.15,528.4,27.5,0
101,2022,287,1458,13.15,536.5,27.61,0
101,2022,287,1459,13.15,532.7,27.58,0
101,2022,287,1500,13.15,518.1,27.59,0
101,2022,287,1501,13.15,521.2,27.63,0
101,2022,287,1502,13.15,510.6,27.59,0
101,2022,287,1503,13.15,503.1,27.67,0
101,2022,287,1504,13.15,505,27.78,0
101,2022,287,1505,13.16,508.2,27.9,0
101,2022,287,1506,13.15,511,27.73,0
101,2022,287,1507,13.15,514,27.56,0
101,2022,287,1508,13.15,509.4,27.4,0
101,2022,287,1509,13.15,508.1,27.48,0
101,2022,287,1510,13.15,500.5,27.54,0
101,2022,287,1511,13.15,486.4,27.51,0
101,2022,287,1512,13.15,479.6,27.55,0
101,2022,287,1513,13.15,475.8,27.54,0
101,2022,287,1514,13.15,477.3,27.45,0
101,2022,287,1515,13.15,476.7,27.34,0
101,2022,287,1516,13.15,471.5,27.16,0
101,2022,287,1517,13.15,466.7,27.24,0
101,2022,287,1518,13.16,458,27.3,0
101,2022,287,1519,13.15,455.5,27.25,0
101,2022,287,1520,13.15,454.5,27.26,0
101,2022,287,1521,13.16,447.4,27.25,0
101,2022,287,1522,13.15,440.6,27.2,0
101,2022,287,1523,13.16,431.7,27.28,0
101,2022,287,1524,13.16,425,27.35,0
101,2022,287,1525,13.15,419.1,27.2,0
101,2022,287,1526,13.15,414.3,27.25,0
101,2022,287,1527,13.16,411.1,27.21,0
101,2022,287,1528,13.16,410,27.02,0
101,2022,287,1529,13.16,408.7,26.94,0
101,2022,287,1530,13.16,406.3,26.98,0
101,2022,287,1531,13.16,403.4,26.85,0
101,2022,287,1532,13.16,399.7,26.93,0
101,2022,287,1533,13.16,398.5,26.9,0
101,2022,287,1534,13.16,398.6,26.89,0
101,2022,287,1535,13.16,394.7,26.98,0
101,2022,287,1536,13.15,388.1,26.97,0
101,2022,287,1537,13.16,378,26.98,0
101,2022,287,1538,13.16,350.7,26.87,0
101,2022,287,1539,13.16,346.4,26.82,0
101,2022,287,1540,13.15,294.8,26.83,0
101,2022,287,1541,13.16,324.8,26.91,0
101,2022,287,1542,13.16,333.7,26.97,0
101,2022,287,1543,13.16,340,26.84,0
101,2022,287,1544,13.16,342.8,26.83,0
101,2022,287,1545,13.16,339.4,26.75,0
101,2022,287,1546,13.16,335.1,26.79,0
101,2022,287,1547,13.16,332.8,26.85,0
101,2022,287,1548,13.16,328.2,26.94,0
101,2022,287,1549,13.16,325.6,27.03,0
101,2022,287,1550,13.16,322.9,27.02,0
101,2022,287,1551,13.16,314,27.01,0
101,2022,287,1552,13.16,312,26.97,0
101,2022,287,1553,13.16,308.5,27.08,0
101,2022,287,1554,13.16,300.6,27.16,0
101,2022,287,1555,13.16,296.3,27.12,0
101,2022,287,1556,13.16,292.1,27.01,0
101,2022,287,1557,13.16,289.4,26.95,0
101,2022,287,1558,13.16,285.6,26.85,0
101,2022,287,1559,13.17,278.9,26.9,0
101,2022,287,1600,13.16,276.9,26.84,0
101,2022,287,1601,13.16,274.9,26.84,0
101,2022,287,1602,13.16,270.4,26.83,0
101,2022,287,1603,13.16,267.1,26.81,0
101,2022,287,1604,13.16,262.7,26.6,0
101,2022,287,1605,13.17,258.8,26.48,0
101,2022,287,1606,13.16,257.1,26.5,0
101,2022,287,1607,13.16,255.5,26.55,0
101,2022,287,1608,13.16,252.6,26.62,0
101,2022,287,1609,13.16,248.4,26.56,0
101,2022,287,1610,13.16,242.5,26.48,0
101,2022,287,1611,13.16,233.4,26.4,0
101,2022,287,1612,13.16,223.9,26.43,0
101,2022,287,1613,13.16,219,26.39,0
101,2022,287,1614,13.16,214.4,26.36,0
101,2022,287,1615,13.16,211.1,26.33,0
101,2022,287,1616,13.16,207.4,26.39,0
101,2022,287,1617,13.16,204.6,26.48,0
101,2022,287,1618,13.17,201.8,26.5,0
101,2022,287,1619,13.17,197.9,26.46,0
101,2022,287,1620,13.17,192.5,26.43,0
101,2022,287,1621,13.17,188.9,26.39,0
101,2022,287,1622,13.17,185.4,26.38,0
101,2022,287,1623,13.17,181.7,26.37,0
101,2022,287,1624,13.17,178.4,26.26,0
101,2022,287,1625,13.17,173.4,26.22,0
101,2022,287,1626,13.17,168,26.19,0
101,2022,287,1627,13.17,159.9,26.23,0
101,2022,287,1628,13.17,147.3,26.29,0
101,2022,287,1629,13.17,143.7,26.28,0
101,2022,287,1630,13.17,142.8,26.19,0
101,2022,287,1631,13.17,138.9,26.14,0
101,2022,287,1632,13.17,136.7,26.09,0
101,2022,287,1633,13.17,134.3,26.05,0
101,2022,287,1634,13.17,132.9,26.03,0
101,2022,287,1635,13.17,131.7,25.99,0
101,2022,287,1636,13.17,130.1,26.02,0
101,2022,287,1637,13.17,127.2,26,0
101,2022,287,1638,13.17,124.1,26.02,0
101,2022,287,1639,13.18,121.2,26.02,0
101,2022,287,1640,13.17,116.2,26.03,0
101,2022,287,1641,13.18,112.1,26.05,0
101,2022,287,1642,13.18,108.4,26.01,0
101,2022,287,1643,13.18,104.6,25.95,0
101,2022,287,1644,13.18,101.7,25.98,0
101,2022,287,1645,13.18,99.4,25.98,0
101,2022,287,1646,13.18,95.9,25.94,0
101,2022,287,1647,13.18,91.8,25.9,0
101,2022,287,1648,13.17,87.7,25.81,0
101,2022,287,1649,13.18,83.8,25.79,0
101,2022,287,1650,13.18,79.8,25.76,0
101,2022,287,1651,13.17,76.1,25.78,0
101,2022,287,1652,13.17,72.4,25.76,0
101,2022,287,1653,13.17,69.36,25.76,0
101,2022,287,1654,13.16,67.16,25.76,0
101,2022,287,1655,13.16,65.16,25.76,0
101,2022,287,1656,13.15,60.96,25.74,0
101,2022,287,1657,13.15,55.67,25.67,0
101,2022,287,1658,13.14,50.45,25.64,0
101,2022,287,1659,13.13,46.26,25.62,0
101,2022,287,1700,13.12,42.93,25.57,0
101,2022,287,1701,13.11,38.93,25.53,0
101,2022,287,1702,13.1,34.96,25.52,0
101,2022,287,1703,13.09,32.26,25.5,0
101,2022,287,1704,13.08,30.28,25.48,0
101,2022,287,1705,13.07,27.92,25.45,0
101,2022,287,1706,13.06,25.19,25.45,0
101,2022,287,1707,13.05,22.17,25.43,0
101,2022,287,1708,13.04,19.1,25.4,0
101,2022,287,1709,13.03,16.17,25.39,0
101,2022,287,1710,13.03,13.69,25.37,0
101,2022,287,1711,13.02,11.72,25.33,0
101,2022,287,1712,13.02,10.17,25.31,0
101,2022,287,1713,13.01,8.99,25.26,0
101,2022,287,1714,13.01,8.17,25.22,0
101,2022,287,1715,13.01,7.49,25.19,0
101,2022,287,1716,13,6.592,25.14,0
101,2022,287,1717,12.99,5.747,25.1,0
101,2022,287,1718,12.99,5.015,25.07,0
101,2022,287,1719,12.99,4.254,25.04,0
101,2022,287,1720,12.98,3.859,25.01,0
101,2022,287,1721,12.98,3.268,24.99,0
101,2022,287,1722,12.97,2.873,24.99,0
101,2022,287,1723,12.97,2.564,24.99,0
101,2022,287,1724,12.97,2.366,24.98,0
101,2022,287,1725,12.96,2.197,24.98,0
101,2022,287,1726,12.96,1.944,24.96,0
101,2022,287,1727,12.96,1.634,24.91,0
101,2022,287,1728,12.95,1.38,24.87,0
101,2022,287,1729,12.95,1.211,24.84,0
101,2022,287,1730,12.95,.93,24.82,0
101,2022,287,1731,12.94,.676,24.81,0
101,2022,287,1732,12.94,.676,24.8,0
101,2022,287,1733,12.94,.479,24.78,0
101,2022,287,1734,12.93,.338,24.77,0
101,2022,287,1735,12.93,.254,24.76,0
101,2022,287,1736,12.93,.282,24.74,0
101,2022,287,1737,12.92,.169,24.73,0
101,2022,287,1738,12.92,.056,24.73,0
101,2022,287,1739,12.93,0,24.71,0
101,2022,287,1740,12.92,0,24.69,0
101,2022,287,1741,12.92,0,24.68,0
101,2022,287,1742,12.92,0,24.67,0
101,2022,287,1743,12.91,0,24.65,0
101,2022,287,1744,12.91,0,24.64,0
101,2022,287,1745,12.91,0,24.63,0
101,2022,287,1746,12.91,0,24.62,0
101,2022,287,1747,12.91,0,24.61,0
101,2022,287,1748,12.9,0,24.6,0
101,2022,287,1749,12.91,0,24.59,0
101,2022,287,1750,12.9,0,24.58,0
101,2022,287,1751,12.9,0,24.58,0
101,2022,287,1752,12.9,0,24.57,0
101,2022,287,1753,12.9,0,24.55,0
101,2022,287,1754,12.9,0,24.54,0
101,2022,287,1755,12.9,0,24.53,0
101,2022,287,1756,12.89,0,24.51,0
101,2022,287,1757,12.9,0,24.5,0
101,2022,287,1758,12.89,0,24.5,0
101,2022,287,1759,12.89,0,24.49,0
101,2022,287,1800,12.89,0,24.48,0
101,2022,287,1801,12.89,0,24.46,0
101,2022,287,1802,12.89,0,24.44,0
101,2022,287,1803,12.89,0,24.42,0
101,2022,287,1804,12.89,0,24.4,0
101,2022,287,1805,12.88,0,24.38,0
101,2022,287,1806,12.88,0,24.37,0
101,2022,287,1807,12.88,0,24.36,0
101,2022,287,1808,12.88,0,24.35,0
101,2022,287,1809,12.88,0,24.35,0
101,2022,287,1810,12.88,0,24.33,0
101,2022,287,1811,12.88,0,24.32,0
101,2022,287,1812,12.88,0,24.31,0
101,2022,287,1813,12.87,0,24.29,0
101,2022,287,1814,12.88,0,24.27,0
101,2022,287,1815,12.88,0,24.25,0
101,2022,287,1816,12.87,0,24.25,0
101,2022,287,1817,12.87,0,24.23,0
101,2022,287,1818,12.87,0,24.22,0
101,2022,287,1819,12.87,0,24.22,0
101,2022,287,1820,12.87,0,24.19,0
101,2022,287,1821,12.87,0,24.17,0
101,2022,287,1822,12.87,0,24.15,0
101,2022,287,1823,12.87,0,24.15,0
101,2022,287,1824,12.86,0,24.14,0
101,2022,287,1825,12.86,0,24.11,0
101,2022,287,1826,12.86,0,24.09,0
101,2022,287,1827,12.86,0,24.07,0
101,2022,287,1828,12.86,0,24.05,0
101,2022,287,1829,12.86,0,24.03,0
101,2022,287,1830,12.86,0,24.02,0
101,2022,287,1831,12.86,0,23.99,0
101,2022,287,1832,12.86,0,23.97,0
101,2022,287,1833,12.86,0,23.93,0
101,2022,287,1834,12.86,0,23.9,0
101,2022,287,1835,12.86,0,23.86,0
101,2022,287,1836,12.86,0,23.83,0
101,2022,287,1837,12.86,0,23.79,0
101,2022,287,1838,12.86,0,23.76,0
101,2022,287,1839,12.86,0,23.73,0
101,2022,287,1840,12.86,0,23.71,0
101,2022,287,1841,12.85,0,23.67,0
101,2022,287,1842,12.86,0,23.65,0
101,2022,287,1843,12.85,0,23.63,0
101,2022,287,1844,12.85,0,23.61,0
101,2022,287,1845,12.85,0,23.58,0
101,2022,287,1846,12.85,0,23.54,0
101,2022,287,1847,12.85,0,23.51,0
101,2022,287,1848,12.85,0,23.49,0
101,2022,287,1849,12.85,0,23.47,0
101,2022,287,1850,12.85,0,23.47,0
101,2022,287,1851,12.85,0,23.47,0
101,2022,287,1852,12.85,0,23.46,0
101,2022,287,1853,12.85,0,23.45,0
101,2022,287,1854,12.85,0,23.44,0
101,2022,287,1855,12.85,0,23.43,0
101,2022,287,1856,12.85,0,23.42,0
101,2022,287,1857,12.84,0,23.41,0
101,2022,287,1858,12.84,0,23.37,0
101,2022,287,1859,12.84,0,23.34,0
101,2022,287,1900,12.84,0,23.31,0
101,2022,287,1901,12.84,0,23.28,0
101,2022,287,1902,12.84,0,23.26,0
101,2022,287,1903,12.84,0,23.23,0
101,2022,287,1904,12.84,0,23.2,0
101,2022,287,1905,12.84,0,23.16,0
101,2022,287,1906,12.84,0,23.11,0
101,2022,287,1907,12.84,0,23.08,0
101,2022,287,1908,12.84,0,23.05,0
101,2022,287,1909,12.84,0,23.02,0
101,2022,287,1910,12.84,0,22.99,0
101,2022,287,1911,12.84,0,22.96,0
101,2022,287,1912,12.84,0,22.92,0
101,2022,287,1913,12.84,0,22.88,0
101,2022,287,1914,12.84,0,22.85,0
101,2022,287,1915,12.84,0,22.82,0
101,2022,287,1916,12.84,0,22.81,0
101,2022,287,1917,12.84,0,22.79,0
101,2022,287,1918,12.84,0,22.76,0
101,2022,287,1919,12.84,0,22.73,0
101,2022,287,1920,12.84,0,22.71,0
101,2022,287,1921,12.84,0,22.69,0
101,2022,287,1922,12.84,0,22.66,0
101,2022,287,1923,12.84,0,22.64,0
101,2022,287,1924,12.83,0,22.61,0
101,2022,287,1925,12.83,0,22.57,0
101,2022,287,1926,12.83,0,22.52,0
101,2022,287,1927,12.83,0,22.47,0
101,2022,287,1928,12.83,0,22.42,0
101,2022,287,1929,12.83,0,22.39,0
101,2022,287,1930,12.83,0,22.37,0
101,2022,287,1931,12.83,0,22.34,0
101,2022,287,1932,12.83,0,22.32,0
101,2022,287,1933,12.83,0,22.3,0
101,2022,287,1934,12.83,0,22.29,0
101,2022,287,1935,12.83,0,22.28,0
101,2022,287,1936,12.83,0,22.27,0
101,2022,287,1937,12.83,0,22.25,0
101,2022,287,1938,12.83,0,22.23,0
101,2022,287,1939,12.83,0,22.21,0
101,2022,287,1940,12.82,0,22.19,0
101,2022,287,1941,12.82,0,22.18,0
101,2022,287,1942,12.83,0,22.16,0
101,2022,287,1943,12.83,0,22.15,0
101,2022,287,1944,12.83,0,22.13,0
101,2022,287,1945,12.83,0,22.11,0
101,2022,287,1946,12.82,0,22.1,0
101,2022,287,1947,12.83,0,22.1,0
101,2022,287,1948,12.82,0,22.1,0
101,2022,287,1949,12.83,0,22.12,0
101,2022,287,1950,12.82,0,22.12,0
101,2022,287,1951,12.82,0,22.12,0
101,2022,287,1952,12.83,0,22.13,0
101,2022,287,1953,12.82,0,22.13,0
101,2022,287,1954,12.83,0,22.13,0
101,2022,287,1955,12.82,0,22.12,0
101,2022,287,1956,12.82,0,22.13,0
101,2022,287,1957,12.82,0,22.14,0
101,2022,287,1958,12.82,0,22.16,0
101,2022,287,1959,12.82,0,22.16,0
101,2022,287,2000,12.82,0,22.17,0
101,2022,287,2001,12.82,0,22.17,0
101,2022,287,2002,12.82,0,22.17,0
101,2022,287,2003,12.82,0,22.19,0
101,2022,287,2004,12.82,0,22.22,0
101,2022,287,2005,12.82,0,22.24,0
101,2022,287,2006,12.82,0,22.25,0
101,2022,287,2007,12.82,0,22.24,0
101,2022,287,2008,12.82,0,22.24,0
101,2022,287,2009,12.82,0,22.26,0
101,2022,287,2010,12.82,0,22.26,0
101,2022,287,2011,12.81,0,22.25,0
101,2022,287,2012,12.81,0,22.25,0
101,2022,287,2013,12.81,0,22.27,0
101,2022,287,2014,12.81,0,22.29,0
101,2022,287,2015,12.81,0,22.31,0
101,2022,287,2016,12.81,0,22.33,0
101,2022,287,2017,12.81,0,22.35,0
101,2022,287,2018,12.81,0,22.38,0
101,2022,287,2019,12.81,0,22.4,0
101,2022,287,2020,12.81,0,22.42,0
101,2022,287,2021,12.81,0,22.43,0
101,2022,287,2022,12.81,0,22.44,0
101,2022,287,2023,12.81,0,22.45,0
101,2022,287,2024,12.81,0,22.48,0
101,2022,287,2025,12.81,0,22.47,0
101,2022,287,2026,12.81,0,22.48,0
101,2022,287,2027,12.81,0,22.49,0
101,2022,287,2028,12.81,0,22.48,0
101,2022,287,2029,12.81,0,22.5,0
101,2022,287,2030,12.81,0,22.52,0
101,2022,287,2031,12.81,0,22.55,0
101,2022,287,2032,12.81,0,22.6,0
101,2022,287,2033,12.81,0,22.58,0
101,2022,287,2034,12.81,0,22.61,0
101,2022,287,2035,12.81,0,22.6,0
101,2022,287,2036,12.81,0,22.64,0
101,2022,287,2037,12.81,0,22.68,0
101,2022,287,2038,12.81,0,22.7,0
101,2022,287,2039,12.81,0,22.72,0
101,2022,287,2040,12.81,0,22.76,0
101,2022,287,2041,12.81,0,22.79,0
101,2022,287,2042,12.81,0,22.81,0
101,2022,287,2043,12.81,0,22.83,0
101,2022,287,2044,12.81,0,22.81,0
101,2022,287,2045,12.81,0,22.79,0
101,2022,287,2046,12.81,0,22.76,0
101,2022,287,2047,12.81,0,22.75,0
101,2022,287,2048,12.81,0,22.74,0
101,2022,287,2049,12.81,0,22.75,0
101,2022,287,2050,12.81,0,22.73,0
101,2022,287,2051,12.81,0,22.72,0
101,2022,287,2052,12.81,0,22.73,0
101,2022,287,2053,12.81,0,22.73,0
101,2022,287,2054,12.81,0,22.72,0
101,2022,287,2055,12.81,0,22.72,0
101,2022,287,2056,12.81,0,22.71,0
101,2022,287,2057,12.81,0,22.7,0
101,2022,287,2058,12.8,0,22.71,0
101,2022,287,2059,12.8,0,22.71,0
101,2022,287,2100,12.8,0,22.72,0
101,2022,287,2101,12.8,0,22.72,0
101,2022,287,2102,12.8,0,22.69,0
101,2022,287,2103,12.8,0,22.6,0
101,2022,287,2104,12.8,0,22.51,0
101,2022,287,2105,12.8,0,22.42,0
101,2022,287,2106,12.8,0,22.33,0
101,2022,287,2107,12.8,0,22.26,0
101,2022,287,2108,12.8,0,22.21,0
101,2022,287,2109,12.8,0,22.18,0
101,2022,287,2110,12.8,0,22.16,0
101,2022,287,2111,12.8,0,22.12,0
101,2022,287,2112,12.8,0,22.08,0
101,2022,287,2113,12.8,0,22.05,0
101,2022,287,2114,12.8,0,22.03,0
101,2022,287,2115,12.8,0,21.98,0
101,2022,287,2116,12.8,0,21.97,0
101,2022,287,2117,12.8,0,21.97,0
101,2022,287,2118,12.8,0,21.97,0
101,2022,287,2119,12.8,0,21.96,0
101,2022,287,2120,12.8,0,21.94,0
101,2022,287,2121,12.8,0,21.93,0
101,2022,287,2122,12.8,0,21.92,0
101,2022,287,2123,12.8,0,21.9,0
101,2022,287,2124,12.8,0,21.85,0
101,2022,287,2125,12.8,0,21.82,0
101,2022,287,2126,12.8,0,21.8,0
101,2022,287,2127,12.8,0,21.78,0
101,2022,287,2128,12.79,0,21.75,0
101,2022,287,2129,12.8,0,21.7,0
101,2022,287,2130,12.8,0,21.62,0
101,2022,287,2131,12.79,0,21.56,0
101,2022,287,2132,12.79,0,21.5,0
101,2022,287,2133,12.79,0,21.44,0
101,2022,287,2134,12.79,0,21.4,0
101,2022,287,2135,12.79,0,21.35,0
101,2022,287,2136,12.79,0,21.3,0
101,2022,287,2137,12.79,0,21.26,0
101,2022,287,2138,12.79,0,21.24,0
101,2022,287,2139,12.79,0,21.24,0
101,2022,287,2140,12.79,0,21.22,0
101,2022,287,2141,12.79,0,21.18,0
101,2022,287,2142,12.79,0,21.17,0
101,2022,287,2143,12.79,0,21.16,0
101,2022,287,2144,12.79,0,21.13,0
101,2022,287,2145,12.79,0,21.13,0
101,2022,287,2146,12.79,0,21.13,0
101,2022,287,2147,12.79,0,21.12,0
101,2022,287,2148,12.79,0,21.11,0
101,2022,287,2149,12.79,0,21.13,0
101,2022,287,2150,12.79,0,21.1,0
101,2022,287,2151,12.79,0,21.04,0
101,2022,287,2152,12.79,0,20.98,0
101,2022,287,2153,12.79,0,20.95,0
101,2022,287,2154,12.79,0,20.94,0
101,2022,287,2155,12.79,0,20.92,0
101,2022,287,2156,12.79,.028,20.91,0
101,2022,287,2157,12.79,.056,20.91,0
101,2022,287,2158,12.79,0,20.89,0
101,2022,287,2159,12.79,0,20.88,0
101,2022,287,2200,12.79,0,20.87,0
101,2022,287,2201,12.79,0,20.87,0
101,2022,287,2202,12.79,0,20.87,0
101,2022,287,2203,12.79,0,20.85,0
101,2022,287,2204,12.79,0,20.86,0
101,2022,287,2205,12.79,0,20.87,0
101,2022,287,2206,12.79,0,20.88,0
101,2022,287,2207,12.79,0,20.87,0
101,2022,287,2208,12.79,0,20.85,0
101,2022,287,2209,12.79,0,20.84,0
101,2022,287,2210,12.79,0,20.83,0
101,2022,287,2211,12.79,0,20.82,0
101,2022,287,2212,12.79,0,20.8,0
101,2022,287,2213,12.79,0,20.8,0
101,2022,287,2214,12.79,0,20.8,0
101,2022,287,2215,12.79,0,20.78,0
101,2022,287,2216,12.79,0,20.78,0
101,2022,287,2217,12.79,0,20.76,0
101,2022,287,2218,12.79,0,20.75,0
101,2022,287,2219,12.79,0,20.75,0
101,2022,287,2220,12.79,0,20.73,0
101,2022,287,2221,12.79,0,20.73,0
101,2022,287,2222,12.78,0,20.72,0
101,2022,287,2223,12.78,0,20.71,0
101,2022,287,2224,12.78,0,20.69,0
101,2022,287,2225,12.78,0,20.68,0
101,2022,287,2226,12.78,0,20.67,0
101,2022,287,2227,12.78,0,20.66,0
101,2022,287,2228,12.78,0,20.65,0
101,2022,287,2229,12.78,0,20.64,0
101,2022,287,2230,12.78,0,20.64,0
101,2022,287,2231,12.78,0,20.63,0
101,2022,287,2232,12.78,.028,20.62,0
101,2022,287,2233,12.78,0,20.62,0
101,2022,287,2234,12.78,0,20.59,0
101,2022,287,2235,12.78,0,20.57,0
101,2022,287,2236,12.78,.028,20.57,0
101,2022,287,2237,12.78,0,20.61,0
101,2022,287,2238,12.78,0,20.61,0
101,2022,287,2239,12.78,.056,20.62,0
101,2022,287,2240,12.78,.141,20.62,0
101,2022,287,2241,12.78,.028,20.6,0
101,2022,287,2242,12.78,0,20.56,0
101,2022,287,2243,12.78,0,20.55,0
101,2022,287,2244,12.78,0,20.56,0
101,2022,287,2245,12.78,0,20.56,0
101,2022,287,2246,12.78,0,20.53,0
101,2022,287,2247,12.78,0,20.5,0
101,2022,287,2248,12.78,0,20.5,0
101,2022,287,2249,12.78,0,20.5,0
101,2022,287,2250,12.78,0,20.48,0
101,2022,287,2251,12.78,.056,20.46,0
101,2022,287,2252,12.78,0,20.44,0
101,2022,287,2253,12.78,.028,20.41,0
101,2022,287,2254,12.78,.028,20.43,0
101,2022,287,2255,12.78,0,20.42,0
101,2022,287,2256,12.78,.028,20.45,0
101,2022,287,2257,12.78,.085,20.47,0
101,2022,287,2258,12.78,.056,20.47,0
101,2022,287,2259,12.78,0,20.47,0
101,2022,287,2300,12.78,.028,20.48,0
101,2022,287,2301,12.78,.056,20.49,0
101,2022,287,2302,12.78,.028,20.49,0
101,2022,287,2303,12.78,.056,20.47,0
101,2022,287,2304,12.78,0,20.44,0
101,2022,287,2305,12.78,0,20.43,0
101,2022,287,2306,12.78,0,20.45,0
101,2022,287,2307,12.78,0,20.45,0
101,2022,287,2308,12.78,0,20.42,0
101,2022,287,2309,12.78,0,20.38,0
101,2022,287,2310,12.78,0,20.34,0
101,2022,287,2311,12.78,0,20.34,0
101,2022,287,2312,12.77,0,20.32,0
101,2022,287,2313,12.77,0,20.3,0
101,2022,287,2314,12.77,0,20.27,0
101,2022,287,2315,12.77,0,20.27,0
101,2022,287,2316,12.77,0,20.28,0
101,2022,287,2317,12.77,0,20.3,0
101,2022,287,2318,12.77,0,20.32,0
101,2022,287,2319,12.77,0,20.32,0
101,2022,287,2320,12.77,0,20.28,0
101,2022,287,2321,12.77,0,20.24,0
101,2022,287,2322,12.77,0,20.23,0
101,2022,287,2323,12.77,0,20.22,0
101,2022,287,2324,12.77,0,20.27,0
101,2022,287,2325,12.77,.056,20.3,0
101,2022,287,2326,12.77,.085,20.3,0
101,2022,287,2327,12.77,.197,20.32,0
101,2022,287,2328,12.77,.056,20.33,0
101,2022,287,2329,12.77,0,20.34,0
101,2022,287,2330,12.77,0,20.34,0
101,2022,287,2331,12.77,0,20.36,0
101,2022,287,2332,12.77,0,20.39,0
101,2022,287,2333,12.77,0,20.45,0
101,2022,287,2334,12.77,0,20.54,0
101,2022,287,2335,12.77,0,20.53,0
101,2022,287,2336,12.77,0,20.49,0
101,2022,287,2337,12.77,0,20.45,0
101,2022,287,2338,12.77,0,20.44,0
101,2022,287,2339,12.77,0,20.46,0
101,2022,287,2340,12.77,0,20.44,0
101,2022,287,2341,12.77,0,20.43,0
101,2022,287,2342,12.77,0,20.41,0
101,2022,287,2343,12.77,0,20.38,0
101,2022,287,2344,12.77,.028,20.37,0
101,2022,287,2345,12.77,.028,20.39,0
101,2022,287,2346,12.77,0,20.41,0
101,2022,287,2347,12.77,.028,20.39,0
101,2022,287,2348,12.77,0,20.38,0
101,2022,287,2349,12.77,0,20.37,0
101,2022,287,2350,12.77,0,20.35,0
101,2022,287,2351,12.77,0,20.33,0
101,2022,287,2352,12.77,0,20.31,0
101,2022,287,2353,12.77,0,20.3,0
101,2022,287,2354,12.77,0,20.33,0
101,2022,287,2355,12.77,0,20.37,0
101,2022,287,2356,12.77,.028,20.38,0
101,2022,287,2357,12.77,.028,20.37,0
101,2022,287,2358,12.77,0,20.36,0
101,2022,287,2359,12.77,.028,20.39,0
