a,b,dia_juliano,d,e,f,g,h
101,2022,356,1,12.72,0.0,23.49,0.0
101,2022,356,2,12.72,0.0,23.49,0.0
101,2022,356,3,12.72,0.0,23.5,0.0
101,2022,356,4,12.72,0.0,23.48,0.0
101,2022,356,5,12.72,0.0,23.47,0.0
101,2022,356,6,12.72,0.0,23.46,0.0
101,2022,356,7,12.72,0.0,23.42,0.0
101,2022,356,8,12.71,0.0,23.44,0.0
101,2022,356,9,12.72,0.0,23.42,0.0
101,2022,356,10,12.71,0.0,23.42,0.0
101,2022,356,11,12.71,0.0,23.42,0.0
101,2022,356,12,12.71,0.0,23.39,0.0
101,2022,356,13,12.71,0.0,23.37,0.0
101,2022,356,14,12.71,0.0,23.38,0.0
101,2022,356,15,12.71,0.0,23.35,0.0
101,2022,356,16,12.71,0.0,23.34,0.0
101,2022,356,17,12.71,0.0,23.35,0.0
101,2022,356,18,12.71,0.0,23.35,0.0
101,2022,356,19,12.71,0.0,23.35,0.0
101,2022,356,20,12.71,0.0,23.37,0.0
101,2022,356,21,12.71,0.0,23.37,0.0
101,2022,356,22,12.71,0.0,23.37,0.0
101,2022,356,23,12.71,0.0,23.37,0.0
101,2022,356,24,12.71,0.0,23.37,0.0
101,2022,356,25,12.71,0.0,23.36,0.0
101,2022,356,26,12.71,0.0,23.37,0.0
101,2022,356,27,12.71,0.0,23.36,0.0
101,2022,356,28,12.71,0.0,23.35,0.0
101,2022,356,29,12.71,0.0,23.34,0.0
101,2022,356,30,12.71,0.0,23.33,0.0
101,2022,356,31,12.71,0.0,23.34,0.0
101,2022,356,32,12.71,0.0,23.32,0.0
101,2022,356,33,12.71,0.0,23.29,0.0
101,2022,356,34,12.71,0.0,23.26,0.0
101,2022,356,35,12.71,0.0,23.23,0.0
101,2022,356,36,12.71,0.0,23.16,0.0
101,2022,356,37,12.71,0.0,23.12,0.0
101,2022,356,38,12.71,0.0,23.1,0.0
101,2022,356,39,12.71,0.0,23.08,0.0
101,2022,356,40,12.71,0.0,23.07,0.0
101,2022,356,41,12.71,0.0,23.06,0.0
101,2022,356,42,12.71,0.0,23.06,0.0
101,2022,356,43,12.71,0.0,23.07,0.0
101,2022,356,44,12.7,0.0,23.06,0.0
101,2022,356,45,12.7,0.0,23.05,0.0
101,2022,356,46,12.7,0.0,23.04,0.0
101,2022,356,47,12.7,0.0,23.05,0.0
101,2022,356,48,12.7,0.0,23.05,0.0
101,2022,356,49,12.7,0.0,23.06,0.0
101,2022,356,50,12.7,0.0,23.04,0.0
101,2022,356,51,12.7,0.0,23.03,0.0
101,2022,356,52,12.7,0.0,23.02,0.0
101,2022,356,53,12.7,0.0,23.01,0.0
101,2022,356,54,12.7,0.0,23.0,0.0
101,2022,356,55,12.7,0.0,23.0,0.0
101,2022,356,56,12.7,0.0,23.0,0.0
101,2022,356,57,12.7,0.0,23.0,0.0
101,2022,356,58,12.7,0.0,23.0,0.0
101,2022,356,59,12.7,0.0,23.01,0.0
101,2022,356,100,12.7,0.0,22.99,0.0
101,2022,356,101,12.7,0.0,22.99,0.0
101,2022,356,102,12.7,0.0,22.99,0.0
101,2022,356,103,12.7,0.0,22.99,0.0
101,2022,356,104,12.7,0.0,22.98,0.0
101,2022,356,105,12.7,0.0,22.98,0.0
101,2022,356,106,12.7,0.0,22.97,0.0
101,2022,356,107,12.7,0.0,22.95,0.0
101,2022,356,108,12.69,0.0,22.94,0.0
101,2022,356,109,12.69,0.0,22.94,0.0
101,2022,356,110,12.69,0.0,22.94,0.0
101,2022,356,111,12.69,0.0,22.94,0.0
101,2022,356,112,12.69,0.0,22.94,0.0
101,2022,356,113,12.69,0.0,22.93,0.0
101,2022,356,114,12.69,0.0,22.92,0.0
101,2022,356,115,12.69,0.0,22.9,0.0
101,2022,356,116,12.69,0.0,22.86,0.0
101,2022,356,117,12.69,0.0,22.84,0.0
101,2022,356,118,12.69,0.0,22.83,0.0
101,2022,356,119,12.69,0.0,22.81,0.0
101,2022,356,120,12.69,0.0,22.8,0.0
101,2022,356,121,12.69,0.0,22.78,0.0
101,2022,356,122,12.69,0.0,22.73,0.0
101,2022,356,123,12.69,0.0,22.72,0.0
101,2022,356,124,12.69,0.0,22.72,0.0
101,2022,356,125,12.69,0.0,22.73,0.0
101,2022,356,126,12.69,0.0,22.72,0.0
101,2022,356,127,12.69,0.0,22.72,0.0
101,2022,356,128,12.69,0.0,22.71,0.0
101,2022,356,129,12.69,0.0,22.74,0.0
101,2022,356,130,12.69,0.0,22.74,0.0
101,2022,356,131,12.69,0.0,22.76,0.0
101,2022,356,132,12.69,0.0,22.76,0.0
101,2022,356,133,12.69,0.0,22.76,0.0
101,2022,356,134,12.68,0.0,22.76,0.0
101,2022,356,135,12.69,0.0,22.78,0.0
101,2022,356,136,12.69,0.0,22.78,0.0
101,2022,356,137,12.69,0.0,22.78,0.0
101,2022,356,138,12.69,0.0,22.76,0.0
101,2022,356,139,12.68,0.0,22.74,0.0
101,2022,356,140,12.68,0.0,22.72,0.0
101,2022,356,141,12.68,0.0,22.71,0.0
101,2022,356,142,12.68,0.0,22.7,0.0
101,2022,356,143,12.68,0.0,22.71,0.0
101,2022,356,144,12.68,0.0,22.73,0.0
101,2022,356,145,12.68,0.0,22.72,0.0
101,2022,356,146,12.68,0.0,22.71,0.0
101,2022,356,147,12.68,0.0,22.7,0.0
101,2022,356,148,12.68,0.0,22.71,0.0
101,2022,356,149,12.68,0.0,22.71,0.0
101,2022,356,150,12.68,0.0,22.68,0.0
101,2022,356,151,12.68,0.0,22.67,0.0
101,2022,356,152,12.68,0.0,22.66,0.0
101,2022,356,153,12.68,0.0,22.66,0.0
101,2022,356,154,12.68,0.0,22.67,0.0
101,2022,356,155,12.68,0.0,22.67,0.0
101,2022,356,156,12.68,0.0,22.65,0.0
101,2022,356,157,12.68,0.0,22.61,0.0
101,2022,356,158,12.68,0.0,22.63,0.0
101,2022,356,159,12.68,0.0,22.6,0.0
101,2022,356,200,12.68,0.0,22.59,0.0
101,2022,356,201,12.68,0.0,22.54,0.0
101,2022,356,202,12.68,0.0,22.54,0.0
101,2022,356,203,12.67,0.0,22.54,0.0
101,2022,356,204,12.68,0.0,22.53,0.0
101,2022,356,205,12.67,0.0,22.5,0.0
101,2022,356,206,12.67,0.0,22.49,0.0
101,2022,356,207,12.67,0.0,22.5,0.0
101,2022,356,208,12.67,0.0,22.52,0.0
101,2022,356,209,12.67,0.0,22.5,0.0
101,2022,356,210,12.67,0.0,22.51,0.0
101,2022,356,211,12.67,0.0,22.52,0.0
101,2022,356,212,12.67,0.0,22.52,0.0
101,2022,356,213,12.67,0.0,22.5,0.0
101,2022,356,214,12.67,0.0,22.51,0.0
101,2022,356,215,12.67,0.0,22.49,0.0
101,2022,356,216,12.67,0.0,22.47,0.0
101,2022,356,217,12.67,0.0,22.45,0.0
101,2022,356,218,12.67,0.0,22.45,0.0
101,2022,356,219,12.67,0.0,22.44,0.0
101,2022,356,220,12.67,0.0,22.46,0.0
101,2022,356,221,12.67,0.0,22.45,0.0
101,2022,356,222,12.67,0.0,22.45,0.0
101,2022,356,223,12.67,0.0,22.45,0.0
101,2022,356,224,12.67,0.0,22.46,0.0
101,2022,356,225,12.67,0.0,22.48,0.0
101,2022,356,226,12.67,0.0,22.47,0.0
101,2022,356,227,12.67,0.0,22.44,0.0
101,2022,356,228,12.67,0.0,22.45,0.0
101,2022,356,229,12.67,0.0,22.43,0.0
101,2022,356,230,12.67,0.0,22.42,0.0
101,2022,356,231,12.67,0.0,22.44,0.0
101,2022,356,232,12.67,0.0,22.44,0.0
101,2022,356,233,12.67,0.0,22.44,0.0
101,2022,356,234,12.67,0.0,22.44,0.0
101,2022,356,235,12.67,0.0,22.42,0.0
101,2022,356,236,12.66,0.0,22.41,0.0
101,2022,356,237,12.67,0.0,22.41,0.0
101,2022,356,238,12.67,0.0,22.4,0.0
101,2022,356,239,12.66,0.0,22.38,0.0
101,2022,356,240,12.66,0.0,22.35,0.0
101,2022,356,241,12.66,0.0,22.36,0.0
101,2022,356,242,12.66,0.0,22.33,0.0
101,2022,356,243,12.66,0.0,22.31,0.0
101,2022,356,244,12.66,0.0,22.28,0.0
101,2022,356,245,12.66,0.0,22.24,0.0
101,2022,356,246,12.66,0.0,22.26,0.0
101,2022,356,247,12.66,0.0,22.24,0.0
101,2022,356,248,12.66,0.0,22.24,0.0
101,2022,356,249,12.66,0.0,22.24,0.0
101,2022,356,250,12.66,0.0,22.23,0.0
101,2022,356,251,12.66,0.0,22.22,0.0
101,2022,356,252,12.66,0.0,22.23,0.0
101,2022,356,253,12.66,0.0,22.23,0.0
101,2022,356,254,12.66,0.0,22.22,0.0
101,2022,356,255,12.66,0.0,22.2,0.0
101,2022,356,256,12.66,0.0,22.2,0.0
101,2022,356,257,12.65,0.0,22.2,0.0
101,2022,356,258,12.66,0.0,22.18,0.0
101,2022,356,259,12.66,0.0,22.17,0.0
101,2022,356,300,12.66,0.0,22.17,0.0
101,2022,356,301,12.66,0.0,22.17,0.0
101,2022,356,302,12.66,0.0,22.17,0.0
101,2022,356,303,12.66,0.0,22.18,0.0
101,2022,356,304,12.66,0.0,22.19,0.0
101,2022,356,305,12.66,0.0,22.18,0.0
101,2022,356,306,12.66,0.0,22.19,0.0
101,2022,356,307,12.65,0.0,22.19,0.0
101,2022,356,308,12.65,0.0,22.18,0.0
101,2022,356,309,12.66,0.0,22.18,0.0
101,2022,356,310,12.65,0.0,22.19,0.0
101,2022,356,311,12.65,0.0,22.2,0.0
101,2022,356,312,12.65,0.0,22.19,0.0
101,2022,356,313,12.65,0.0,22.2,0.0
101,2022,356,314,12.65,0.0,22.22,0.0
101,2022,356,315,12.65,0.0,22.2,0.0
101,2022,356,316,12.65,0.0,22.23,0.0
101,2022,356,317,12.65,0.0,22.26,0.0
101,2022,356,318,12.65,0.0,22.26,0.0
101,2022,356,319,12.65,0.0,22.27,0.0
101,2022,356,320,12.65,0.0,22.29,0.0
101,2022,356,321,12.65,0.0,22.32,0.0
101,2022,356,322,12.65,0.0,22.32,0.0
101,2022,356,323,12.65,0.0,22.31,0.0
101,2022,356,324,12.65,0.0,22.3,0.0
101,2022,356,325,12.65,0.0,22.28,0.0
101,2022,356,326,12.65,0.0,22.25,0.0
101,2022,356,327,12.65,0.0,22.23,0.0
101,2022,356,328,12.65,0.0,22.22,0.0
101,2022,356,329,12.65,0.0,22.22,0.0
101,2022,356,330,12.65,0.0,22.22,0.0
101,2022,356,331,12.65,0.0,22.22,0.0
101,2022,356,332,12.65,0.0,22.24,0.0
101,2022,356,333,12.65,0.0,22.23,0.0
101,2022,356,334,12.65,0.0,22.25,0.0
101,2022,356,335,12.65,0.0,22.25,0.0
101,2022,356,336,12.64,0.0,22.26,0.0
101,2022,356,337,12.64,0.0,22.27,0.0
101,2022,356,338,12.64,0.0,22.28,0.0
101,2022,356,339,12.65,0.0,22.29,0.0
101,2022,356,340,12.64,0.0,22.28,0.0
101,2022,356,341,12.64,0.0,22.28,0.0
101,2022,356,342,12.64,0.0,22.29,0.0
101,2022,356,343,12.64,0.0,22.29,0.0
101,2022,356,344,12.64,0.0,22.29,0.0
101,2022,356,345,12.64,0.0,22.29,0.0
101,2022,356,346,12.64,0.0,22.31,0.0
101,2022,356,347,12.64,0.0,22.31,0.0
101,2022,356,348,12.64,0.0,22.33,0.0
101,2022,356,349,12.64,0.0,22.35,0.0
101,2022,356,350,12.64,0.0,22.35,0.0
101,2022,356,351,12.64,0.0,22.37,0.0
101,2022,356,352,12.64,0.0,22.35,0.0
101,2022,356,353,12.64,0.0,22.36,0.0
101,2022,356,354,12.64,0.0,22.36,0.0
101,2022,356,355,12.64,0.0,22.37,0.0
101,2022,356,356,12.64,0.0,22.38,0.0
101,2022,356,357,12.64,0.0,22.39,0.0
101,2022,356,358,12.64,0.0,22.38,0.0
101,2022,356,359,12.64,0.0,22.38,0.0
101,2022,356,400,12.64,0.0,22.37,0.0
101,2022,356,401,12.64,0.0,22.38,0.0
101,2022,356,402,12.64,0.0,22.39,0.0
101,2022,356,403,12.64,0.0,22.4,0.0
101,2022,356,404,12.64,0.0,22.4,0.0
101,2022,356,405,12.64,0.0,22.39,0.0
101,2022,356,406,12.64,0.0,22.39,0.0
101,2022,356,407,12.64,0.0,22.38,0.0
101,2022,356,408,12.64,0.0,22.38,0.0
101,2022,356,409,12.64,0.0,22.4,0.0
101,2022,356,410,12.64,0.0,22.41,0.0
101,2022,356,411,12.64,0.0,22.41,0.0
101,2022,356,412,12.64,0.0,22.42,0.0
101,2022,356,413,12.64,0.0,22.43,0.0
101,2022,356,414,12.64,0.0,22.44,0.0
101,2022,356,415,12.64,0.0,22.43,0.0
101,2022,356,416,12.64,0.0,22.41,0.0
101,2022,356,417,12.64,0.0,22.39,0.0
101,2022,356,418,12.64,0.0,22.38,0.0
101,2022,356,419,12.64,0.0,22.37,0.0
101,2022,356,420,12.64,0.0,22.35,0.0
101,2022,356,421,12.63,0.0,22.35,0.0
101,2022,356,422,12.64,0.0,22.34,0.0
101,2022,356,423,12.63,0.0,22.33,0.0
101,2022,356,424,12.64,0.0,22.32,0.0
101,2022,356,425,12.64,0.0,22.3,0.0
101,2022,356,426,12.63,0.0,22.29,0.0
101,2022,356,427,12.64,0.0,22.29,0.0
101,2022,356,428,12.63,0.0,22.28,0.0
101,2022,356,429,12.63,0.0,22.26,0.0
101,2022,356,430,12.63,0.0,22.26,0.0
101,2022,356,431,12.64,0.0,22.25,0.0
101,2022,356,432,12.63,0.0,22.25,0.0
101,2022,356,433,12.63,0.0,22.26,0.0
101,2022,356,434,12.63,0.0,22.25,0.0
101,2022,356,435,12.63,0.0,22.24,0.0
101,2022,356,436,12.63,0.0,22.24,0.0
101,2022,356,437,12.63,0.0,22.27,0.0
101,2022,356,438,12.63,0.0,22.27,0.0
101,2022,356,439,12.63,0.0,22.27,0.0
101,2022,356,440,12.63,0.0,22.25,0.0
101,2022,356,441,12.63,0.0,22.24,0.0
101,2022,356,442,12.63,0.0,22.24,0.0
101,2022,356,443,12.63,0.0,22.23,0.0
101,2022,356,444,12.63,0.0,22.23,0.0
101,2022,356,445,12.63,0.0,22.21,0.0
101,2022,356,446,12.63,0.0,22.2,0.0
101,2022,356,447,12.63,0.0,22.2,0.0
101,2022,356,448,12.63,0.0,22.2,0.0
101,2022,356,449,12.63,0.0,22.21,0.0
101,2022,356,450,12.63,0.0,22.19,0.0
101,2022,356,451,12.63,0.987,22.19,0.0
101,2022,356,452,12.63,1.325,22.19,0.0
101,2022,356,453,12.63,1.353,22.18,0.0
101,2022,356,454,12.63,1.522,22.2,0.0
101,2022,356,455,12.63,1.917,22.19,0.0
101,2022,356,456,12.63,2.03,22.18,0.0
101,2022,356,457,12.63,2.199,22.18,0.0
101,2022,356,458,12.63,2.706,22.17,0.0
101,2022,356,459,12.63,2.791,22.2,0.0
101,2022,356,500,12.63,3.383,22.21,0.0
101,2022,356,501,12.63,3.636,22.22,0.0
101,2022,356,502,12.63,4.059,22.24,0.0
101,2022,356,503,12.63,4.369,22.24,0.0
101,2022,356,504,12.63,4.539,22.24,0.0
101,2022,356,505,12.63,5.074,22.24,0.0
101,2022,356,506,12.63,5.638,22.22,0.0
101,2022,356,507,12.63,5.807,22.21,0.0
101,2022,356,508,12.63,6.371,22.21,0.0
101,2022,356,509,12.63,6.822,22.19,0.0
101,2022,356,510,12.63,7.36,22.18,0.0
101,2022,356,511,12.63,8.03,22.18,0.0
101,2022,356,512,12.63,9.19,22.17,0.0
101,2022,356,513,12.64,11.87,22.17,0.0
101,2022,356,514,12.65,15.48,22.17,0.0
101,2022,356,515,12.67,18.35,22.17,0.0
101,2022,356,516,12.69,20.78,22.19,0.0
101,2022,356,517,12.72,22.97,22.18,0.0
101,2022,356,518,12.74,25.03,22.18,0.0
101,2022,356,519,12.77,27.01,22.2,0.0
101,2022,356,520,12.8,29.2,22.21,0.0
101,2022,356,521,12.84,31.46,22.23,0.0
101,2022,356,522,12.88,33.97,22.24,0.0
101,2022,356,523,12.92,36.56,22.25,0.0
101,2022,356,524,12.97,39.47,22.27,0.0
101,2022,356,525,13.02,42.37,22.29,0.0
101,2022,356,526,13.07,44.99,22.31,0.0
101,2022,356,527,13.13,47.16,22.32,0.0
101,2022,356,528,13.19,48.97,22.34,0.0
101,2022,356,529,13.23,50.46,22.36,0.0
101,2022,356,530,13.24,51.87,22.38,0.0
101,2022,356,531,13.24,53.17,22.4,0.0
101,2022,356,532,13.24,54.8,22.43,0.0
101,2022,356,533,13.25,58.3,22.46,0.0
101,2022,356,534,13.25,65.01,22.49,0.0
101,2022,356,535,13.25,69.6,22.52,0.0
101,2022,356,536,13.25,70.9,22.56,0.0
101,2022,356,537,13.25,70.8,22.6,0.0
101,2022,356,538,13.25,70.4,22.62,0.0
101,2022,356,539,13.25,69.94,22.65,0.0
101,2022,356,540,13.25,70.1,22.69,0.0
101,2022,356,541,13.25,71.0,22.73,0.0
101,2022,356,542,13.25,72.9,22.75,0.0
101,2022,356,543,13.25,76.2,22.78,0.0
101,2022,356,544,13.25,79.9,22.8,0.0
101,2022,356,545,13.25,83.4,22.82,0.0
101,2022,356,546,13.25,87.7,22.87,0.0
101,2022,356,547,13.25,93.1,22.89,0.0
101,2022,356,548,13.24,99.0,22.92,0.0
101,2022,356,549,13.25,104.5,22.98,0.0
101,2022,356,550,13.24,109.2,23.03,0.0
101,2022,356,551,13.24,111.7,23.05,0.0
101,2022,356,552,13.25,110.4,23.09,0.0
101,2022,356,553,13.24,106.5,23.13,0.0
101,2022,356,554,13.24,86.5,23.14,0.0
101,2022,356,555,13.24,75.5,23.13,0.0
101,2022,356,556,13.24,73.6,23.13,0.0
101,2022,356,557,13.24,74.7,23.13,0.0
101,2022,356,558,13.24,70.4,23.12,0.0
101,2022,356,559,13.24,69.06,23.12,0.0
101,2022,356,600,13.24,82.0,23.09,0.0
101,2022,356,601,13.24,100.5,23.1,0.0
101,2022,356,602,13.24,81.6,23.11,0.0
101,2022,356,603,13.24,99.1,23.13,0.0
101,2022,356,604,13.24,105.7,23.14,0.0
101,2022,356,605,13.24,107.7,23.17,0.0
101,2022,356,606,13.24,100.3,23.2,0.0
101,2022,356,607,13.24,82.3,23.22,0.0
101,2022,356,608,13.24,99.3,23.24,0.0
101,2022,356,609,13.24,96.9,23.29,0.0
101,2022,356,610,13.24,67.17,23.28,0.0
101,2022,356,611,13.24,61.2,23.3,0.0
101,2022,356,612,13.24,67.74,23.29,0.0
101,2022,356,613,13.24,83.5,23.29,0.0
101,2022,356,614,13.24,114.2,23.31,0.0
101,2022,356,615,13.23,132.2,23.35,0.0
101,2022,356,616,13.24,165.5,23.37,0.0
101,2022,356,617,13.24,159.8,23.46,0.0
101,2022,356,618,13.23,195.5,23.48,0.0
101,2022,356,619,13.23,215.5,23.58,0.0
101,2022,356,620,13.23,221.8,23.64,0.0
101,2022,356,621,13.23,226.6,23.74,0.0
101,2022,356,622,13.23,231.5,23.81,0.0
101,2022,356,623,13.23,239.2,23.93,0.0
101,2022,356,624,13.23,247.7,24.0,0.0
101,2022,356,625,13.22,257.8,24.04,0.0
101,2022,356,626,13.22,268.0,24.07,0.0
101,2022,356,627,13.22,273.7,24.16,0.0
101,2022,356,628,13.22,267.6,24.24,0.0
101,2022,356,629,13.22,211.0,24.32,0.0
101,2022,356,630,13.22,202.5,24.38,0.0
101,2022,356,631,13.22,266.7,24.31,0.0
101,2022,356,632,13.21,296.0,24.35,0.0
101,2022,356,633,13.21,301.8,24.46,0.0
101,2022,356,634,13.21,313.6,24.63,0.0
101,2022,356,635,13.21,326.7,24.76,0.0
101,2022,356,636,13.21,329.6,24.85,0.0
101,2022,356,637,13.2,330.6,24.89,0.0
101,2022,356,638,13.2,327.6,24.96,0.0
101,2022,356,639,13.2,299.3,25.12,0.0
101,2022,356,640,13.2,291.4,25.15,0.0
101,2022,356,641,13.2,226.0,25.02,0.0
101,2022,356,642,13.2,210.2,24.98,0.0
101,2022,356,643,13.2,208.5,25.05,0.0
101,2022,356,644,13.2,209.9,25.09,0.0
101,2022,356,645,13.19,219.6,25.09,0.0
101,2022,356,646,13.19,216.1,25.06,0.0
101,2022,356,647,13.19,219.6,25.03,0.0
101,2022,356,648,13.19,280.0,25.05,0.0
101,2022,356,649,13.19,385.6,25.21,0.0
101,2022,356,650,13.19,394.7,25.35,0.0
101,2022,356,651,13.19,337.7,25.42,0.0
101,2022,356,652,13.19,412.6,25.55,0.0
101,2022,356,653,13.19,421.5,25.67,0.0
101,2022,356,654,13.19,418.8,25.81,0.0
101,2022,356,655,13.19,414.5,25.88,0.0
101,2022,356,656,13.18,401.5,25.79,0.0
101,2022,356,657,13.18,389.6,25.92,0.0
101,2022,356,658,13.18,360.3,25.99,0.0
101,2022,356,659,13.18,249.1,25.89,0.0
101,2022,356,700,13.18,196.7,25.84,0.0
101,2022,356,701,13.18,192.4,25.84,0.0
101,2022,356,702,13.18,200.7,25.67,0.0
101,2022,356,703,13.18,326.3,25.6,0.0
101,2022,356,704,13.18,389.4,25.7,0.0
101,2022,356,705,13.18,329.3,25.84,0.0
101,2022,356,706,13.18,382.5,25.91,0.0
101,2022,356,707,13.18,244.5,25.83,0.0
101,2022,356,708,13.18,258.2,25.85,0.0
101,2022,356,709,13.18,381.5,25.85,0.0
101,2022,356,710,13.18,401.0,25.86,0.0
101,2022,356,711,13.18,401.5,25.86,0.0
101,2022,356,712,13.18,417.4,25.97,0.0
101,2022,356,713,13.17,427.0,26.19,0.0
101,2022,356,714,13.17,437.4,26.29,0.0
101,2022,356,715,13.17,440.3,26.43,0.0
101,2022,356,716,13.17,443.3,26.42,0.0
101,2022,356,717,13.17,448.6,26.51,0.0
101,2022,356,718,13.16,443.8,26.56,0.0
101,2022,356,719,13.17,433.6,26.48,0.0
101,2022,356,720,13.16,440.0,26.4,0.0
101,2022,356,721,13.16,366.2,26.41,0.0
101,2022,356,722,13.16,343.1,26.46,0.0
101,2022,356,723,13.16,176.6,26.44,0.0
101,2022,356,724,13.16,193.3,26.36,0.0
101,2022,356,725,13.16,182.9,26.3,0.0
101,2022,356,726,13.16,382.5,26.23,0.0
101,2022,356,727,13.16,336.1,26.28,0.0
101,2022,356,728,13.16,441.0,26.25,0.0
101,2022,356,729,13.16,454.4,26.22,0.0
101,2022,356,730,13.16,457.4,26.4,0.0
101,2022,356,731,13.15,464.3,26.26,0.0
101,2022,356,732,13.16,471.5,26.31,0.0
101,2022,356,733,13.15,475.1,26.35,0.0
101,2022,356,734,13.15,479.6,26.3,0.0
101,2022,356,735,13.15,487.8,26.35,0.0
101,2022,356,736,13.15,486.6,26.58,0.0
101,2022,356,737,13.15,491.5,26.68,0.0
101,2022,356,738,13.15,491.4,26.61,0.0
101,2022,356,739,13.15,487.8,26.72,0.0
101,2022,356,740,13.15,465.6,26.68,0.0
101,2022,356,741,13.15,491.2,26.59,0.0
101,2022,356,742,13.15,496.2,26.63,0.0
101,2022,356,743,13.15,498.4,26.75,0.0
101,2022,356,744,13.15,496.2,26.75,0.0
101,2022,356,745,13.14,498.2,26.86,0.0
101,2022,356,746,13.14,502.9,26.82,0.0
101,2022,356,747,13.14,504.4,26.82,0.0
101,2022,356,748,13.14,521.3,26.75,0.0
101,2022,356,749,13.14,516.8,26.67,0.0
101,2022,356,750,13.14,518.3,26.75,0.0
101,2022,356,751,13.14,520.3,26.76,0.0
101,2022,356,752,13.14,520.9,26.76,0.0
101,2022,356,753,13.14,527.6,26.79,0.0
101,2022,356,754,13.14,533.7,26.84,0.0
101,2022,356,755,13.14,538.1,26.85,0.0
101,2022,356,756,13.14,539.8,26.83,0.0
101,2022,356,757,13.14,541.8,26.9,0.0
101,2022,356,758,13.13,547.1,26.99,0.0
101,2022,356,759,13.13,548.5,27.16,0.0
101,2022,356,800,13.13,549.2,27.16,0.0
101,2022,356,801,13.13,556.9,27.08,0.0
101,2022,356,802,13.13,589.8,27.2,0.0
101,2022,356,803,13.13,616.8,27.1,0.0
101,2022,356,804,13.13,613.7,27.17,0.0
101,2022,356,805,13.13,524.4,27.35,0.0
101,2022,356,806,13.13,586.1,27.47,0.0
101,2022,356,807,13.13,639.1,27.37,0.0
101,2022,356,808,13.13,655.9,27.37,0.0
101,2022,356,809,13.13,669.7,27.69,0.0
101,2022,356,810,13.13,686.3,27.66,0.0
101,2022,356,811,13.13,674.0,27.84,0.0
101,2022,356,812,13.13,625.1,27.96,0.0
101,2022,356,813,13.12,671.7,27.68,0.0
101,2022,356,814,13.12,645.8,27.62,0.0
101,2022,356,815,13.12,328.0,27.71,0.0
101,2022,356,816,13.12,341.1,27.74,0.0
101,2022,356,817,13.12,517.0,27.72,0.0
101,2022,356,818,13.12,660.5,27.61,0.0
101,2022,356,819,13.12,670.6,27.65,0.0
101,2022,356,820,13.12,681.3,27.57,0.0
101,2022,356,821,13.12,685.3,27.74,0.0
101,2022,356,822,13.12,664.5,27.78,0.0
101,2022,356,823,13.12,676.8,27.92,0.0
101,2022,356,824,13.12,325.5,27.94,0.0
101,2022,356,825,13.12,666.1,27.74,0.0
101,2022,356,826,13.12,609.7,27.75,0.0
101,2022,356,827,13.12,319.0,27.71,0.0
101,2022,356,828,13.12,363.4,27.55,0.0
101,2022,356,829,13.12,675.8,27.45,0.0
101,2022,356,830,13.12,671.8,27.52,0.0
101,2022,356,831,13.12,653.5,27.55,0.0
101,2022,356,832,13.12,668.8,27.76,0.0
101,2022,356,833,13.12,668.7,27.91,0.0
101,2022,356,834,13.12,675.3,28.07,0.0
101,2022,356,835,13.12,674.8,27.99,0.0
101,2022,356,836,13.12,655.6,28.05,0.0
101,2022,356,837,13.11,691.1,28.01,0.0
101,2022,356,838,13.11,707.0,28.06,0.0
101,2022,356,839,13.11,712.0,28.19,0.0
101,2022,356,840,13.11,457.1,27.98,0.0
101,2022,356,841,13.11,536.4,27.91,0.0
101,2022,356,842,13.11,594.2,28.07,0.0
101,2022,356,843,13.11,718.0,27.99,0.0
101,2022,356,844,13.11,625.8,27.89,0.0
101,2022,356,845,13.11,666.6,28.07,0.0
101,2022,356,846,13.11,651.6,28.04,0.0
101,2022,356,847,13.11,693.5,28.09,0.0
101,2022,356,848,13.11,647.6,28.21,0.0
101,2022,356,849,13.11,753.0,28.11,0.0
101,2022,356,850,13.11,750.0,27.99,0.0
101,2022,356,851,13.11,744.0,28.12,0.0
101,2022,356,852,13.11,740.0,28.38,0.0
101,2022,356,853,13.11,701.0,28.27,0.0
101,2022,356,854,13.11,769.0,28.18,0.0
101,2022,356,855,13.1,775.0,28.2,0.0
101,2022,356,856,13.11,811.0,28.45,0.0
101,2022,356,857,13.11,782.0,28.57,0.0
101,2022,356,858,13.11,578.8,28.61,0.0
101,2022,356,859,13.11,806.0,28.67,0.0
101,2022,356,900,13.11,813.0,28.72,0.0
101,2022,356,901,13.1,813.0,28.96,0.0
101,2022,356,902,13.1,931.0,28.9,0.0
101,2022,356,903,13.1,891.0,29.09,0.0
101,2022,356,904,13.1,643.3,29.11,0.0
101,2022,356,905,13.1,586.7,28.84,0.0
101,2022,356,906,13.1,551.0,28.47,0.0
101,2022,356,907,13.1,565.5,28.6,0.0
101,2022,356,908,13.1,594.4,28.66,0.0
101,2022,356,909,13.1,566.1,28.65,0.0
101,2022,356,910,13.1,450.5,28.65,0.0
101,2022,356,911,13.1,894.0,28.6,0.0
101,2022,356,912,13.1,684.8,28.85,0.0
101,2022,356,913,13.1,781.0,28.98,0.0
101,2022,356,914,13.1,602.2,28.99,0.0
101,2022,356,915,13.1,588.2,28.81,0.0
101,2022,356,916,13.1,884.0,28.79,0.0
101,2022,356,917,13.1,740.0,28.94,0.0
101,2022,356,918,13.1,826.0,28.95,0.0
101,2022,356,919,13.1,543.2,29.16,0.0
101,2022,356,920,13.1,693.9,29.18,0.0
101,2022,356,921,13.1,334.9,29.02,0.0
101,2022,356,922,13.1,879.0,28.72,0.0
101,2022,356,923,13.1,888.0,28.82,0.0
101,2022,356,924,13.1,887.0,29.05,0.0
101,2022,356,925,13.1,517.4,29.08,0.0
101,2022,356,926,13.1,863.0,29.21,0.0
101,2022,356,927,13.1,779.0,29.13,0.0
101,2022,356,928,13.09,284.0,29.27,0.0
101,2022,356,929,13.09,786.0,29.08,0.0
101,2022,356,930,13.09,869.0,29.23,0.0
101,2022,356,931,13.09,760.0,29.33,0.0
101,2022,356,932,13.09,743.0,29.18,0.0
101,2022,356,933,13.09,582.6,29.18,0.0
101,2022,356,934,13.09,883.0,29.12,0.0
101,2022,356,935,13.09,887.0,29.15,0.0
101,2022,356,936,13.09,892.0,29.31,0.0
101,2022,356,937,13.09,911.0,29.3,0.0
101,2022,356,938,13.09,947.0,29.13,0.0
101,2022,356,939,13.09,668.2,29.42,0.0
101,2022,356,940,13.09,315.6,29.65,0.0
101,2022,356,941,13.09,282.9,29.36,0.0
101,2022,356,942,13.08,568.0,29.16,0.0
101,2022,356,943,13.09,421.9,29.27,0.0
101,2022,356,944,13.09,956.0,29.01,0.0
101,2022,356,945,13.09,906.0,28.96,0.0
101,2022,356,946,13.08,767.0,28.99,0.0
101,2022,356,947,13.08,323.4,29.1,0.0
101,2022,356,948,13.09,381.6,29.05,0.0
101,2022,356,949,13.09,622.8,29.14,0.0
101,2022,356,950,13.09,894.0,29.22,0.0
101,2022,356,951,13.09,908.0,29.45,0.0
101,2022,356,952,13.09,860.0,29.31,0.0
101,2022,356,953,13.08,386.4,29.29,0.0
101,2022,356,954,13.09,598.5,29.17,0.0
101,2022,356,955,13.09,353.2,29.14,0.0
101,2022,356,956,13.09,775.0,29.17,0.0
101,2022,356,957,13.09,915.0,29.45,0.0
101,2022,356,958,13.09,903.0,29.7,0.0
101,2022,356,959,13.09,406.9,29.58,0.0
101,2022,356,1000,13.09,674.4,29.32,0.0
101,2022,356,1001,13.09,957.0,29.35,0.0
101,2022,356,1002,13.09,907.0,29.62,0.0
101,2022,356,1003,13.09,853.0,29.88,0.0
101,2022,356,1004,13.09,771.0,29.96,0.0
101,2022,356,1005,13.09,721.0,29.89,0.0
101,2022,356,1006,13.09,608.5,29.81,0.0
101,2022,356,1007,13.09,985.0,29.55,0.0
101,2022,356,1008,13.09,1009.0,29.41,0.0
101,2022,356,1009,13.09,905.0,29.45,0.0
101,2022,356,1010,13.09,342.0,29.62,0.0
101,2022,356,1011,13.09,734.0,29.6,0.0
101,2022,356,1012,13.09,986.0,29.65,0.0
101,2022,356,1013,13.09,998.0,29.69,0.0
101,2022,356,1014,13.09,1015.0,29.91,0.0
101,2022,356,1015,13.09,1023.0,30.18,0.0
101,2022,356,1016,13.09,1039.0,30.26,0.0
101,2022,356,1017,13.09,1064.0,30.37,0.0
101,2022,356,1018,13.09,1033.0,30.72,0.0
101,2022,356,1019,13.09,997.0,30.85,0.0
101,2022,356,1020,13.09,1022.0,30.82,0.0
101,2022,356,1021,13.09,1006.0,30.71,0.0
101,2022,356,1022,13.09,997.0,30.73,0.0
101,2022,356,1023,13.09,997.0,30.8,0.0
101,2022,356,1024,13.09,1007.0,30.81,0.0
101,2022,356,1025,13.09,1029.0,30.63,0.0
101,2022,356,1026,13.09,1054.0,30.67,0.0
101,2022,356,1027,13.09,1073.0,30.83,0.0
101,2022,356,1028,13.09,1070.0,31.22,0.0
101,2022,356,1029,13.09,1038.0,31.25,0.0
101,2022,356,1030,13.09,827.0,31.49,0.0
101,2022,356,1031,13.09,905.0,31.35,0.0
101,2022,356,1032,13.08,833.0,31.03,0.0
101,2022,356,1033,13.08,949.0,30.88,0.0
101,2022,356,1034,13.09,933.0,30.83,0.0
101,2022,356,1035,13.08,852.0,30.93,0.0
101,2022,356,1036,13.08,1060.0,30.9,0.0
101,2022,356,1037,13.08,949.0,31.15,0.0
101,2022,356,1038,13.08,825.0,31.26,0.0
101,2022,356,1039,13.08,610.5,31.11,0.0
101,2022,356,1040,13.08,525.4,30.9,0.0
101,2022,356,1041,13.08,476.8,30.83,0.0
101,2022,356,1042,13.08,456.4,31.02,0.0
101,2022,356,1043,13.08,461.6,31.13,0.0
101,2022,356,1044,13.08,587.6,31.01,0.0
101,2022,356,1045,13.08,874.0,30.76,0.0
101,2022,356,1046,13.08,766.0,30.64,0.0
101,2022,356,1047,13.08,907.0,30.58,0.0
101,2022,356,1048,13.08,705.0,30.93,0.0
101,2022,356,1049,13.08,594.4,31.12,0.0
101,2022,356,1050,13.08,618.9,30.99,0.0
101,2022,356,1051,13.08,689.0,30.74,0.0
101,2022,356,1052,13.08,958.0,30.91,0.0
101,2022,356,1053,13.08,979.0,31.17,0.0
101,2022,356,1054,13.08,800.0,31.13,0.0
101,2022,356,1055,13.08,712.0,31.3,0.0
101,2022,356,1056,13.08,434.1,31.46,0.0
101,2022,356,1057,13.08,781.0,31.0,0.0
101,2022,356,1058,13.08,1090.0,30.79,0.0
101,2022,356,1059,13.08,1058.0,31.02,0.0
101,2022,356,1100,13.08,1113.0,31.49,0.0
101,2022,356,1101,13.08,1101.0,31.48,0.0
101,2022,356,1102,13.08,1055.0,31.48,0.0
101,2022,356,1103,13.08,1083.0,31.55,0.0
101,2022,356,1104,13.08,1096.0,31.65,0.0
101,2022,356,1105,13.08,1116.0,31.92,0.0
101,2022,356,1106,13.08,792.0,31.71,0.0
101,2022,356,1107,13.08,614.3,31.5,0.0
101,2022,356,1108,13.08,367.3,31.33,0.0
101,2022,356,1109,13.08,442.1,31.18,0.0
101,2022,356,1110,13.08,366.3,31.06,0.0
101,2022,356,1111,13.08,460.5,30.94,0.0
101,2022,356,1112,13.08,820.0,30.91,0.0
101,2022,356,1113,13.08,402.9,31.07,0.0
101,2022,356,1114,13.08,698.0,31.07,0.0
101,2022,356,1115,13.08,1032.0,30.96,0.0
101,2022,356,1116,13.08,1019.0,30.81,0.0
101,2022,356,1117,13.08,877.0,31.05,0.0
101,2022,356,1118,13.08,337.8,31.25,0.0
101,2022,356,1119,13.08,501.3,31.31,0.0
101,2022,356,1120,13.08,682.9,31.23,0.0
101,2022,356,1121,13.08,595.5,31.3,0.0
101,2022,356,1122,13.08,620.1,31.29,0.0
101,2022,356,1123,13.08,340.9,31.4,0.0
101,2022,356,1124,13.08,413.8,31.48,0.0
101,2022,356,1125,13.08,354.6,31.24,0.0
101,2022,356,1126,13.08,330.6,31.07,0.0
101,2022,356,1127,13.08,304.5,30.86,0.0
101,2022,356,1128,13.08,367.2,30.73,0.0
101,2022,356,1129,13.08,852.0,30.82,0.0
101,2022,356,1130,13.08,1028.0,31.08,0.0
101,2022,356,1131,13.08,758.0,31.57,0.0
101,2022,356,1132,13.08,435.4,31.58,0.0
101,2022,356,1133,13.08,343.2,31.56,0.0
101,2022,356,1134,13.08,550.4,31.37,0.0
101,2022,356,1135,13.08,392.4,31.27,0.0
101,2022,356,1136,13.08,400.4,31.14,0.0
101,2022,356,1137,13.08,781.0,30.96,0.0
101,2022,356,1138,13.08,1036.0,31.08,0.0
101,2022,356,1139,13.08,1076.0,31.24,0.0
101,2022,356,1140,13.08,1096.0,31.5,0.0
101,2022,356,1141,13.08,1089.0,31.71,0.0
101,2022,356,1142,13.08,626.4,31.92,0.0
101,2022,356,1143,13.08,1036.0,31.89,0.0
101,2022,356,1144,13.08,654.6,32.07,0.0
101,2022,356,1145,13.08,535.8,31.97,0.0
101,2022,356,1146,13.08,360.7,31.74,0.0
101,2022,356,1147,13.08,268.6,31.37,0.0
101,2022,356,1148,13.08,282.8,31.22,0.0
101,2022,356,1149,13.07,279.7,31.29,0.0
101,2022,356,1150,13.08,292.0,31.34,0.0
101,2022,356,1151,13.08,299.9,31.35,0.0
101,2022,356,1152,13.08,371.0,30.99,0.0
101,2022,356,1153,13.08,431.4,30.89,0.0
101,2022,356,1154,13.08,306.1,30.92,0.0
101,2022,356,1155,13.08,278.0,30.84,0.0
101,2022,356,1156,13.08,271.7,30.81,0.0
101,2022,356,1157,13.08,271.3,30.79,0.0
101,2022,356,1158,13.08,279.2,30.8,0.0
101,2022,356,1159,13.08,353.0,30.91,0.0
101,2022,356,1200,13.08,573.8,31.09,0.0
101,2022,356,1201,13.08,727.0,31.29,0.0
101,2022,356,1202,13.08,978.0,31.44,0.0
101,2022,356,1203,13.08,741.0,31.46,0.0
101,2022,356,1204,13.08,282.1,31.41,0.0
101,2022,356,1205,13.08,245.2,31.42,0.0
101,2022,356,1206,13.08,261.9,31.41,0.0
101,2022,356,1207,13.08,697.0,31.36,0.0
101,2022,356,1208,13.08,982.0,31.54,0.0
101,2022,356,1209,13.08,988.0,31.81,0.0
101,2022,356,1210,13.08,988.0,31.89,0.0
101,2022,356,1211,13.08,982.0,31.72,0.0
101,2022,356,1212,13.08,979.0,31.84,0.0
101,2022,356,1213,13.08,976.0,32.13,0.0
101,2022,356,1214,13.08,972.0,32.14,0.0
101,2022,356,1215,13.08,970.0,32.11,0.0
101,2022,356,1216,13.08,967.0,32.09,0.0
101,2022,356,1217,13.08,967.0,32.14,0.0
101,2022,356,1218,13.08,965.0,32.07,0.0
101,2022,356,1219,13.08,968.0,32.32,0.0
101,2022,356,1220,13.08,976.0,32.68,0.0
101,2022,356,1221,13.07,982.0,32.9,0.0
101,2022,356,1222,13.08,995.0,32.95,0.0
101,2022,356,1223,13.08,887.0,33.02,0.0
101,2022,356,1224,13.08,982.0,33.06,0.0
101,2022,356,1225,13.08,505.2,32.93,0.0
101,2022,356,1226,13.08,438.1,32.62,0.0
101,2022,356,1227,13.07,261.9,32.32,0.0
101,2022,356,1228,13.07,248.0,32.24,0.0
101,2022,356,1229,13.07,253.0,32.03,0.0
101,2022,356,1230,13.07,253.0,32.14,0.0
101,2022,356,1231,13.07,249.6,31.92,0.0
101,2022,356,1232,13.07,256.7,31.72,0.0
101,2022,356,1233,13.07,280.7,31.48,0.0
101,2022,356,1234,13.07,747.0,31.29,0.0
101,2022,356,1235,13.07,920.0,31.38,0.0
101,2022,356,1236,13.07,1061.0,31.52,0.0
101,2022,356,1237,13.07,543.0,31.76,0.0
101,2022,356,1238,13.07,587.9,31.89,0.0
101,2022,356,1239,13.07,327.7,32.05,0.0
101,2022,356,1240,13.07,282.1,31.99,0.0
101,2022,356,1241,13.07,254.3,31.92,0.0
101,2022,356,1242,13.07,259.2,31.82,0.0
101,2022,356,1243,13.07,261.5,31.63,0.0
101,2022,356,1244,13.07,258.2,31.49,0.0
101,2022,356,1245,13.07,254.0,31.5,0.0
101,2022,356,1246,13.07,268.2,31.44,0.0
101,2022,356,1247,13.07,575.7,31.5,0.0
101,2022,356,1248,13.08,625.1,31.69,0.0
101,2022,356,1249,13.07,291.6,31.64,0.0
101,2022,356,1250,13.08,399.9,31.42,0.0
101,2022,356,1251,13.07,666.3,31.47,0.0
101,2022,356,1252,13.08,971.0,31.67,0.0
101,2022,356,1253,13.07,983.0,32.02,0.0
101,2022,356,1254,13.08,980.0,32.03,0.0
101,2022,356,1255,13.07,838.0,31.74,0.0
101,2022,356,1256,13.07,336.8,31.47,0.0
101,2022,356,1257,13.07,285.8,31.43,0.0
101,2022,356,1258,13.08,293.6,31.43,0.0
101,2022,356,1259,13.07,743.0,31.45,0.0
101,2022,356,1300,13.07,1014.0,31.49,0.0
101,2022,356,1301,13.07,829.0,31.57,0.0
101,2022,356,1302,13.08,475.3,31.48,0.0
101,2022,356,1303,13.08,442.1,31.28,0.0
101,2022,356,1304,13.08,566.7,31.39,0.0
101,2022,356,1305,13.07,491.7,31.25,0.0
101,2022,356,1306,13.08,315.2,30.94,0.0
101,2022,356,1307,13.08,310.5,30.71,0.0
101,2022,356,1308,13.08,386.3,30.73,0.0
101,2022,356,1309,13.07,392.5,30.72,0.0
101,2022,356,1310,13.08,570.6,30.73,0.0
101,2022,356,1311,13.08,352.7,30.7,0.0
101,2022,356,1312,13.08,267.1,30.64,0.0
101,2022,356,1313,13.08,247.5,30.43,0.0
101,2022,356,1314,13.08,238.9,30.39,0.0
101,2022,356,1315,13.08,233.1,30.25,0.0
101,2022,356,1316,13.08,251.8,30.31,0.0
101,2022,356,1317,13.08,257.7,30.31,0.0
101,2022,356,1318,13.08,249.2,30.26,0.0
101,2022,356,1319,13.08,230.1,30.2,0.0
101,2022,356,1320,13.08,204.7,30.14,0.0
101,2022,356,1321,13.08,184.2,30.1,0.0
101,2022,356,1322,13.08,177.8,30.09,0.0
101,2022,356,1323,13.08,180.6,30.02,0.0
101,2022,356,1324,13.08,171.8,29.94,0.0
101,2022,356,1325,13.08,169.0,29.92,0.0
101,2022,356,1326,13.08,168.2,29.87,0.0
101,2022,356,1327,13.08,170.6,29.87,0.0
101,2022,356,1328,13.08,165.3,29.92,0.0
101,2022,356,1329,13.08,160.4,29.97,0.0
101,2022,356,1330,13.08,158.2,30.0,0.0
101,2022,356,1331,13.09,167.2,29.96,0.0
101,2022,356,1332,13.08,175.0,29.92,0.0
101,2022,356,1333,13.08,204.4,29.86,0.0
101,2022,356,1334,13.08,265.2,29.83,0.0
101,2022,356,1335,13.08,385.6,29.86,0.0
101,2022,356,1336,13.09,777.0,29.95,0.0
101,2022,356,1337,13.08,810.0,30.12,0.0
101,2022,356,1338,13.09,802.0,30.2,0.0
101,2022,356,1339,13.09,798.0,30.26,0.0
101,2022,356,1340,13.09,796.0,30.31,0.0
101,2022,356,1341,13.09,804.0,30.48,0.0
101,2022,356,1342,13.09,808.0,30.59,0.0
101,2022,356,1343,13.09,807.0,30.66,0.0
101,2022,356,1344,13.09,795.0,30.79,0.0
101,2022,356,1345,13.09,792.0,30.79,0.0
101,2022,356,1346,13.09,791.0,30.82,0.0
101,2022,356,1347,13.09,779.0,30.91,0.0
101,2022,356,1348,13.09,775.0,30.83,0.0
101,2022,356,1349,13.09,772.0,30.8,0.0
101,2022,356,1350,13.09,775.0,30.85,0.0
101,2022,356,1351,13.09,779.0,31.04,0.0
101,2022,356,1352,13.09,778.0,31.04,0.0
101,2022,356,1353,13.08,771.0,30.96,0.0
101,2022,356,1354,13.09,763.0,30.96,0.0
101,2022,356,1355,13.09,755.0,30.9,0.0
101,2022,356,1356,13.08,751.0,30.89,0.0
101,2022,356,1357,13.09,750.0,31.0,0.0
101,2022,356,1358,13.09,749.0,30.89,0.0
101,2022,356,1359,13.08,748.0,31.05,0.0
101,2022,356,1400,13.08,746.0,30.88,0.0
101,2022,356,1401,13.09,746.0,30.8,0.0
101,2022,356,1402,13.09,744.0,30.74,0.0
101,2022,356,1403,13.08,744.0,30.87,0.0
101,2022,356,1404,13.08,741.0,31.05,0.0
101,2022,356,1405,13.08,737.0,30.9,0.0
101,2022,356,1406,13.08,738.0,30.9,0.0
101,2022,356,1407,13.08,739.0,30.82,0.0
101,2022,356,1408,13.09,742.0,30.9,0.0
101,2022,356,1409,13.08,739.0,31.0,0.0
101,2022,356,1410,13.09,733.0,30.91,0.0
101,2022,356,1411,13.09,734.0,31.08,0.0
101,2022,356,1412,13.08,725.0,31.25,0.0
101,2022,356,1413,13.08,718.0,30.86,0.0
101,2022,356,1414,13.09,714.0,30.74,0.0
101,2022,356,1415,13.08,709.0,30.76,0.0
101,2022,356,1416,13.09,704.0,30.79,0.0
101,2022,356,1417,13.08,698.6,31.02,0.0
101,2022,356,1418,13.08,694.8,30.98,0.0
101,2022,356,1419,13.09,691.3,30.82,0.0
101,2022,356,1420,13.09,686.7,30.51,0.0
101,2022,356,1421,13.08,684.7,30.4,0.0
101,2022,356,1422,13.08,683.8,30.48,0.0
101,2022,356,1423,13.09,681.8,30.58,0.0
101,2022,356,1424,13.09,677.7,30.67,0.0
101,2022,356,1425,13.09,672.2,30.71,0.0
101,2022,356,1426,13.08,669.1,30.59,0.0
101,2022,356,1427,13.09,666.7,30.57,0.0
101,2022,356,1428,13.09,665.8,30.76,0.0
101,2022,356,1429,13.09,665.3,30.89,0.0
101,2022,356,1430,13.09,662.5,30.86,0.0
101,2022,356,1431,13.09,659.9,30.9,0.0
101,2022,356,1432,13.09,654.8,30.76,0.0
101,2022,356,1433,13.09,650.3,30.71,0.0
101,2022,356,1434,13.09,642.7,30.71,0.0
101,2022,356,1435,13.09,635.7,30.77,0.0
101,2022,356,1436,13.09,632.9,30.95,0.0
101,2022,356,1437,13.09,627.9,30.84,0.0
101,2022,356,1438,13.09,624.7,30.92,0.0
101,2022,356,1439,13.09,621.7,31.06,0.0
101,2022,356,1440,13.09,620.1,31.06,0.0
101,2022,356,1441,13.09,616.7,30.85,0.0
101,2022,356,1442,13.09,613.8,30.65,0.0
101,2022,356,1443,13.09,613.2,30.63,0.0
101,2022,356,1444,13.09,614.7,30.46,0.0
101,2022,356,1445,13.09,613.3,30.66,0.0
101,2022,356,1446,13.09,610.2,30.64,0.0
101,2022,356,1447,13.09,605.6,30.63,0.0
101,2022,356,1448,13.09,602.1,30.58,0.0
101,2022,356,1449,13.09,596.3,30.63,0.0
101,2022,356,1450,13.09,592.1,30.55,0.0
101,2022,356,1451,13.09,588.4,30.53,0.0
101,2022,356,1452,13.09,585.2,30.55,0.0
101,2022,356,1453,13.09,579.7,30.62,0.0
101,2022,356,1454,13.09,575.5,30.56,0.0
101,2022,356,1455,13.09,574.2,30.41,0.0
101,2022,356,1456,13.09,407.8,30.29,0.0
101,2022,356,1457,13.09,223.0,30.35,0.0
101,2022,356,1458,13.09,546.8,30.33,0.0
101,2022,356,1459,13.09,553.9,30.44,0.0
101,2022,356,1500,13.09,556.3,30.53,0.0
101,2022,356,1501,13.09,562.9,30.55,0.0
101,2022,356,1502,13.09,565.9,30.64,0.0
101,2022,356,1503,13.09,560.1,30.88,0.0
101,2022,356,1504,13.09,511.5,30.88,0.0
101,2022,356,1505,13.09,348.3,30.6,0.0
101,2022,356,1506,13.09,527.6,30.46,0.0
101,2022,356,1507,13.09,521.9,30.61,0.0
101,2022,356,1508,13.09,519.7,30.5,0.0
101,2022,356,1509,13.09,517.3,30.54,0.0
101,2022,356,1510,13.09,512.7,30.41,0.0
101,2022,356,1511,13.09,510.2,30.42,0.0
101,2022,356,1512,13.09,511.8,30.46,0.0
101,2022,356,1513,13.09,509.2,30.51,0.0
101,2022,356,1514,13.09,501.0,30.38,0.0
101,2022,356,1515,13.09,494.6,30.4,0.0
101,2022,356,1516,13.09,493.6,30.42,0.0
101,2022,356,1517,13.09,490.8,30.45,0.0
101,2022,356,1518,13.09,486.2,30.49,0.0
101,2022,356,1519,13.09,482.3,30.45,0.0
101,2022,356,1520,13.09,478.0,30.29,0.0
101,2022,356,1521,13.09,473.4,30.25,0.0
101,2022,356,1522,13.09,468.6,30.28,0.0
101,2022,356,1523,13.09,463.3,30.31,0.0
101,2022,356,1524,13.1,458.5,30.47,0.0
101,2022,356,1525,13.1,453.9,30.55,0.0
101,2022,356,1526,13.09,450.2,30.6,0.0
101,2022,356,1527,13.09,446.1,30.58,0.0
101,2022,356,1528,13.09,422.5,30.4,0.0
101,2022,356,1529,13.09,434.1,30.25,0.0
101,2022,356,1530,13.09,434.3,30.33,0.0
101,2022,356,1531,13.1,433.2,30.33,0.0
101,2022,356,1532,13.09,429.2,30.3,0.0
101,2022,356,1533,13.09,425.4,30.35,0.0
101,2022,356,1534,13.09,421.8,30.4,0.0
101,2022,356,1535,13.09,419.0,30.36,0.0
101,2022,356,1536,13.1,415.9,30.19,0.0
101,2022,356,1537,13.09,415.0,30.01,0.0
101,2022,356,1538,13.1,418.8,30.02,0.0
101,2022,356,1539,13.1,421.1,29.98,0.0
101,2022,356,1540,13.1,378.6,29.92,0.0
101,2022,356,1541,13.1,305.1,29.81,0.0
101,2022,356,1542,13.1,339.6,29.74,0.0
101,2022,356,1543,13.1,281.8,29.75,0.0
101,2022,356,1544,13.1,379.9,29.75,0.0
101,2022,356,1545,13.1,380.3,29.83,0.0
101,2022,356,1546,13.1,377.9,29.88,0.0
101,2022,356,1547,13.09,375.1,29.92,0.0
101,2022,356,1548,13.1,371.9,29.81,0.0
101,2022,356,1549,13.1,368.9,29.83,0.0
101,2022,356,1550,13.1,365.6,29.91,0.0
101,2022,356,1551,13.1,361.4,29.94,0.0
101,2022,356,1552,13.1,356.9,29.84,0.0
101,2022,356,1553,13.1,351.9,29.83,0.0
101,2022,356,1554,13.1,347.1,29.82,0.0
101,2022,356,1555,13.1,343.6,29.81,0.0
101,2022,356,1556,13.1,340.2,29.91,0.0
101,2022,356,1557,13.1,336.9,29.89,0.0
101,2022,356,1558,13.1,333.5,29.82,0.0
101,2022,356,1559,13.1,330.1,29.74,0.0
101,2022,356,1600,13.1,325.7,29.71,0.0
101,2022,356,1601,13.1,319.9,29.82,0.0
101,2022,356,1602,13.1,314.6,29.79,0.0
101,2022,356,1603,13.1,310.0,29.77,0.0
101,2022,356,1604,13.1,305.9,29.82,0.0
101,2022,356,1605,13.1,301.8,29.77,0.0
101,2022,356,1606,13.1,298.0,29.75,0.0
101,2022,356,1607,13.1,294.4,29.72,0.0
101,2022,356,1608,13.1,289.7,29.68,0.0
101,2022,356,1609,13.1,285.6,29.64,0.0
101,2022,356,1610,13.1,282.2,29.63,0.0
101,2022,356,1611,13.1,278.2,29.58,0.0
101,2022,356,1612,13.1,274.5,29.57,0.0
101,2022,356,1613,13.1,271.7,29.47,0.0
101,2022,356,1614,13.1,268.4,29.4,0.0
101,2022,356,1615,13.1,263.7,29.32,0.0
101,2022,356,1616,13.1,259.3,29.21,0.0
101,2022,356,1617,13.1,255.3,29.15,0.0
101,2022,356,1618,13.1,252.9,29.19,0.0
101,2022,356,1619,13.1,249.8,29.2,0.0
101,2022,356,1620,13.11,245.9,29.21,0.0
101,2022,356,1621,13.1,243.3,29.18,0.0
101,2022,356,1622,13.11,239.7,29.19,0.0
101,2022,356,1623,13.1,236.1,29.16,0.0
101,2022,356,1624,13.1,233.2,29.16,0.0
101,2022,356,1625,13.1,229.9,29.13,0.0
101,2022,356,1626,13.1,226.1,29.09,0.0
101,2022,356,1627,13.1,221.9,29.1,0.0
101,2022,356,1628,13.1,216.9,29.11,0.0
101,2022,356,1629,13.11,212.6,29.03,0.0
101,2022,356,1630,13.11,209.0,28.97,0.0
101,2022,356,1631,13.1,205.2,28.91,0.0
101,2022,356,1632,13.11,201.7,28.87,0.0
101,2022,356,1633,13.1,198.6,28.91,0.0
101,2022,356,1634,13.1,195.1,28.91,0.0
101,2022,356,1635,13.1,192.1,28.87,0.0
101,2022,356,1636,13.11,188.2,28.8,0.0
101,2022,356,1637,13.1,184.1,28.77,0.0
101,2022,356,1638,13.11,180.1,28.75,0.0
101,2022,356,1639,13.11,176.1,28.69,0.0
101,2022,356,1640,13.11,172.7,28.62,0.0
101,2022,356,1641,13.11,169.7,28.61,0.0
101,2022,356,1642,13.11,166.4,28.58,0.0
101,2022,356,1643,13.11,162.6,28.6,0.0
101,2022,356,1644,13.11,158.9,28.6,0.0
101,2022,356,1645,13.11,155.0,28.56,0.0
101,2022,356,1646,13.11,150.3,28.57,0.0
101,2022,356,1647,13.11,145.7,28.55,0.0
101,2022,356,1648,13.11,141.8,28.48,0.0
101,2022,356,1649,13.11,137.9,28.45,0.0
101,2022,356,1650,13.11,134.2,28.42,0.0
101,2022,356,1651,13.11,130.2,28.38,0.0
101,2022,356,1652,13.11,126.7,28.35,0.0
101,2022,356,1653,13.11,123.6,28.33,0.0
101,2022,356,1654,13.11,120.6,28.35,0.0
101,2022,356,1655,13.11,117.9,28.3,0.0
101,2022,356,1656,13.11,115.0,28.25,0.0
101,2022,356,1657,13.11,111.3,28.24,0.0
101,2022,356,1658,13.12,107.4,28.19,0.0
101,2022,356,1659,13.11,103.6,28.18,0.0
101,2022,356,1700,13.12,100.7,28.12,0.0
101,2022,356,1701,13.12,97.7,28.06,0.0
101,2022,356,1702,13.12,93.7,28.07,0.0
101,2022,356,1703,13.12,90.4,28.09,0.0
101,2022,356,1704,13.12,87.1,28.07,0.0
101,2022,356,1705,13.11,83.8,28.04,0.0
101,2022,356,1706,13.12,80.5,28.0,0.0
101,2022,356,1707,13.12,77.6,28.0,0.0
101,2022,356,1708,13.12,74.5,27.97,0.0
101,2022,356,1709,13.11,71.2,27.96,0.0
101,2022,356,1710,13.11,68.19,27.94,0.0
101,2022,356,1711,13.11,64.9,27.93,0.0
101,2022,356,1712,13.11,61.66,27.9,0.0
101,2022,356,1713,13.1,58.81,27.83,0.0
101,2022,356,1714,13.1,56.06,27.8,0.0
101,2022,356,1715,13.09,53.35,27.77,0.0
101,2022,356,1716,13.09,50.65,27.74,0.0
101,2022,356,1717,13.08,48.0,27.71,0.0
101,2022,356,1718,13.07,45.41,27.68,0.0
101,2022,356,1719,13.06,42.82,27.66,0.0
101,2022,356,1720,13.06,40.26,27.62,0.0
101,2022,356,1721,13.05,37.69,27.6,0.0
101,2022,356,1722,13.04,35.13,27.6,0.0
101,2022,356,1723,13.03,32.73,27.57,0.0
101,2022,356,1724,13.03,30.73,27.55,0.0
101,2022,356,1725,13.02,28.68,27.53,0.0
101,2022,356,1726,13.01,26.59,27.51,0.0
101,2022,356,1727,13.01,24.42,27.49,0.0
101,2022,356,1728,13.0,22.31,27.48,0.0
101,2022,356,1729,12.99,20.06,27.46,0.0
101,2022,356,1730,12.99,17.44,27.44,0.0
101,2022,356,1731,12.98,14.93,27.42,0.0
101,2022,356,1732,12.98,12.76,27.39,0.0
101,2022,356,1733,12.97,11.1,27.38,0.0
101,2022,356,1734,12.97,9.83,27.34,0.0
101,2022,356,1735,12.96,8.79,27.31,0.0
101,2022,356,1736,12.96,7.78,27.29,0.0
101,2022,356,1737,12.95,7.07,27.27,0.0
101,2022,356,1738,12.95,6.282,27.24,0.0
101,2022,356,1739,12.95,5.606,27.22,0.0
101,2022,356,1740,12.95,4.986,27.2,0.0
101,2022,356,1741,12.94,4.423,27.18,0.0
101,2022,356,1742,12.94,4.057,27.16,0.0
101,2022,356,1743,12.93,3.803,27.16,0.0
101,2022,356,1744,12.93,3.324,27.15,0.0
101,2022,356,1745,12.93,3.043,27.12,0.0
101,2022,356,1746,12.92,2.564,27.09,0.0
101,2022,356,1747,12.92,2.366,27.05,0.0
101,2022,356,1748,12.92,2.057,27.01,0.0
101,2022,356,1749,12.91,1.69,26.99,0.0
101,2022,356,1750,12.91,1.662,26.96,0.0
101,2022,356,1751,12.91,1.183,26.96,0.0
101,2022,356,1752,12.9,1.014,26.94,0.0
101,2022,356,1753,12.9,1.014,26.91,0.0
101,2022,356,1754,12.9,0.0,26.88,0.0
101,2022,356,1755,12.89,0.0,26.86,0.0
101,2022,356,1756,12.89,0.0,26.85,0.0
101,2022,356,1757,12.89,0.0,26.85,0.0
101,2022,356,1758,12.89,0.0,26.83,0.0
101,2022,356,1759,12.89,0.0,26.82,0.0
101,2022,356,1800,12.88,0.0,26.79,0.0
101,2022,356,1801,12.88,0.0,26.77,0.0
101,2022,356,1802,12.88,0.0,26.75,0.0
101,2022,356,1803,12.88,0.0,26.74,0.0
101,2022,356,1804,12.87,0.0,26.74,0.0
101,2022,356,1805,12.88,0.0,26.72,0.0
101,2022,356,1806,12.88,0.0,26.7,0.0
101,2022,356,1807,12.87,0.0,26.68,0.0
101,2022,356,1808,12.87,0.0,26.66,0.0
101,2022,356,1809,12.87,0.0,26.65,0.0
101,2022,356,1810,12.86,0.0,26.63,0.0
101,2022,356,1811,12.86,0.0,26.61,0.0
101,2022,356,1812,12.86,0.0,26.57,0.0
101,2022,356,1813,12.86,0.0,26.55,0.0
101,2022,356,1814,12.86,0.0,26.52,0.0
101,2022,356,1815,12.85,0.0,26.5,0.0
101,2022,356,1816,12.85,0.0,26.49,0.0
101,2022,356,1817,12.86,0.0,26.48,0.0
101,2022,356,1818,12.85,0.0,26.47,0.0
101,2022,356,1819,12.85,0.0,26.45,0.0
101,2022,356,1820,12.85,0.0,26.46,0.0
101,2022,356,1821,12.85,0.0,26.46,0.0
101,2022,356,1822,12.85,0.0,26.44,0.0
101,2022,356,1823,12.84,0.0,26.42,0.0
101,2022,356,1824,12.84,0.0,26.39,0.0
101,2022,356,1825,12.84,0.0,26.37,0.0
101,2022,356,1826,12.84,0.0,26.32,0.0
101,2022,356,1827,12.84,0.0,26.29,0.0
101,2022,356,1828,12.84,0.0,26.26,0.0
101,2022,356,1829,12.83,0.0,26.22,0.0
101,2022,356,1830,12.84,0.0,26.19,0.0
101,2022,356,1831,12.83,0.0,26.16,0.0
101,2022,356,1832,12.84,0.0,26.15,0.0
101,2022,356,1833,12.83,0.0,26.14,0.0
101,2022,356,1834,12.83,0.0,26.13,0.0
101,2022,356,1835,12.83,0.0,26.12,0.0
101,2022,356,1836,12.83,0.0,26.1,0.0
101,2022,356,1837,12.83,0.0,26.1,0.0
101,2022,356,1838,12.83,0.0,26.09,0.0
101,2022,356,1839,12.83,0.0,26.08,0.0
101,2022,356,1840,12.82,0.0,26.07,0.0
101,2022,356,1841,12.82,0.0,26.07,0.0
101,2022,356,1842,12.82,0.0,26.08,0.0
101,2022,356,1843,12.82,0.0,26.08,0.0
101,2022,356,1844,12.82,0.0,26.08,0.0
101,2022,356,1845,12.82,0.0,26.05,0.0
101,2022,356,1846,12.82,0.0,26.02,0.0
101,2022,356,1847,12.82,0.0,26.05,0.0
101,2022,356,1848,12.82,0.0,26.04,0.0
101,2022,356,1849,12.81,0.0,26.02,0.0
101,2022,356,1850,12.81,0.0,26.02,0.0
101,2022,356,1851,12.82,0.0,26.02,0.0
101,2022,356,1852,12.82,0.0,26.02,0.0
101,2022,356,1853,12.81,0.0,26.01,0.0
101,2022,356,1854,12.81,0.0,26.0,0.0
101,2022,356,1855,12.81,0.0,25.98,0.0
101,2022,356,1856,12.81,0.0,25.97,0.0
101,2022,356,1857,12.81,0.0,25.96,0.0
101,2022,356,1858,12.81,0.0,25.94,0.0
101,2022,356,1859,12.81,0.0,25.92,0.0
101,2022,356,1900,12.81,0.0,25.91,0.0
101,2022,356,1901,12.81,0.0,25.92,0.0
101,2022,356,1902,12.81,0.0,25.92,0.0
101,2022,356,1903,12.8,0.0,25.89,0.0
101,2022,356,1904,12.8,0.0,25.88,0.0
101,2022,356,1905,12.8,0.0,25.86,0.0
101,2022,356,1906,12.8,0.0,25.83,0.0
101,2022,356,1907,12.8,0.0,25.81,0.0
101,2022,356,1908,12.8,0.0,25.79,0.0
101,2022,356,1909,12.8,0.0,25.77,0.0
101,2022,356,1910,12.8,0.0,25.76,0.0
101,2022,356,1911,12.8,0.0,25.76,0.0
101,2022,356,1912,12.8,0.0,25.74,0.0
101,2022,356,1913,12.8,0.0,25.74,0.0
101,2022,356,1914,12.8,0.0,25.74,0.0
101,2022,356,1915,12.8,0.0,25.73,0.0
101,2022,356,1916,12.8,0.0,25.71,0.0
101,2022,356,1917,12.8,0.0,25.68,0.0
101,2022,356,1918,12.8,0.0,25.66,0.0
101,2022,356,1919,12.8,0.0,25.66,0.0
101,2022,356,1920,12.8,0.0,25.62,0.0
101,2022,356,1921,12.8,0.0,25.63,0.0
101,2022,356,1922,12.8,0.0,25.62,0.0
101,2022,356,1923,12.8,0.0,25.61,0.0
101,2022,356,1924,12.79,0.0,25.61,0.0
101,2022,356,1925,12.79,0.0,25.6,0.0
101,2022,356,1926,12.79,0.0,25.64,0.0
101,2022,356,1927,12.79,0.0,25.64,0.0
101,2022,356,1928,12.79,0.0,25.62,0.0
101,2022,356,1929,12.79,0.0,25.6,0.0
101,2022,356,1930,12.79,0.0,25.6,0.0
101,2022,356,1931,12.79,0.0,25.6,0.0
101,2022,356,1932,12.79,0.0,25.62,0.0
101,2022,356,1933,12.79,0.0,25.62,0.0
101,2022,356,1934,12.79,0.0,25.6,0.0
101,2022,356,1935,12.79,0.0,25.57,0.0
101,2022,356,1936,12.79,0.0,25.54,0.0
101,2022,356,1937,12.79,0.0,25.54,0.0
101,2022,356,1938,12.78,0.0,25.55,0.0
101,2022,356,1939,12.78,0.0,25.52,0.0
101,2022,356,1940,12.79,0.0,25.49,0.0
101,2022,356,1941,12.78,0.0,25.46,0.0
101,2022,356,1942,12.78,0.0,25.46,0.0
101,2022,356,1943,12.78,0.0,25.44,0.0
101,2022,356,1944,12.78,0.0,25.39,0.0
101,2022,356,1945,12.78,0.0,25.37,0.0
101,2022,356,1946,12.78,0.0,25.36,0.0
101,2022,356,1947,12.78,0.0,25.37,0.0
101,2022,356,1948,12.78,0.0,25.38,0.0
101,2022,356,1949,12.78,0.0,25.37,0.0
101,2022,356,1950,12.78,0.0,25.36,0.0
101,2022,356,1951,12.78,0.0,25.35,0.0
101,2022,356,1952,12.78,0.0,25.35,0.0
101,2022,356,1953,12.78,0.0,25.34,0.0
101,2022,356,1954,12.78,0.0,25.35,0.0
101,2022,356,1955,12.78,0.0,25.33,0.0
101,2022,356,1956,12.78,0.0,25.31,0.0
101,2022,356,1957,12.78,0.0,25.29,0.0
101,2022,356,1958,12.78,0.0,25.26,0.0
101,2022,356,1959,12.78,0.0,25.25,0.0
101,2022,356,2000,12.78,0.0,25.23,0.0
101,2022,356,2001,12.78,0.0,25.21,0.0
101,2022,356,2002,12.78,0.0,25.19,0.0
101,2022,356,2003,12.78,0.0,25.19,0.0
101,2022,356,2004,12.77,0.0,25.2,0.0
101,2022,356,2005,12.78,0.0,25.17,0.0
101,2022,356,2006,12.77,0.0,25.17,0.0
101,2022,356,2007,12.77,0.0,25.17,0.0
101,2022,356,2008,12.78,0.0,25.12,0.0
101,2022,356,2009,12.77,0.0,25.11,0.0
101,2022,356,2010,12.77,0.0,25.09,0.0
101,2022,356,2011,12.77,0.0,25.08,0.0
101,2022,356,2012,12.77,0.0,25.07,0.0
101,2022,356,2013,12.77,0.0,25.04,0.0
101,2022,356,2014,12.77,0.0,25.03,0.0
101,2022,356,2015,12.77,0.0,25.03,0.0
101,2022,356,2016,12.77,0.0,25.01,0.0
101,2022,356,2017,12.77,0.0,25.01,0.0
101,2022,356,2018,12.77,0.0,24.99,0.0
101,2022,356,2019,12.77,0.0,24.98,0.0
101,2022,356,2020,12.77,0.0,24.98,0.0
101,2022,356,2021,12.77,0.0,24.99,0.0
101,2022,356,2022,12.77,0.0,24.98,0.0
101,2022,356,2023,12.77,0.0,24.96,0.0
101,2022,356,2024,12.77,0.0,24.94,0.0
101,2022,356,2025,12.77,0.0,24.95,0.0
101,2022,356,2026,12.77,0.0,24.93,0.0
101,2022,356,2027,12.77,0.0,24.9,0.0
101,2022,356,2028,12.77,0.0,24.89,0.0
101,2022,356,2029,12.76,0.0,24.88,0.0
101,2022,356,2030,12.77,0.0,24.86,0.0
101,2022,356,2031,12.77,0.0,24.84,0.0
101,2022,356,2032,12.76,0.0,24.85,0.0
101,2022,356,2033,12.77,0.0,24.82,0.0
101,2022,356,2034,12.77,0.0,24.8,0.0
101,2022,356,2035,12.77,0.0,24.77,0.0
101,2022,356,2036,12.77,0.0,24.76,0.0
101,2022,356,2037,12.77,0.0,24.76,0.0
101,2022,356,2038,12.76,0.0,24.77,0.0
101,2022,356,2039,12.76,0.0,24.76,0.0
101,2022,356,2040,12.76,0.0,24.73,0.0
101,2022,356,2041,12.77,0.0,24.71,0.0
101,2022,356,2042,12.76,0.0,24.69,0.0
101,2022,356,2043,12.76,0.0,24.72,0.0
101,2022,356,2044,12.76,0.0,24.71,0.0
101,2022,356,2045,12.76,0.0,24.7,0.0
101,2022,356,2046,12.76,0.0,24.69,0.0
101,2022,356,2047,12.76,0.0,24.7,0.0
101,2022,356,2048,12.76,0.0,24.71,0.0
101,2022,356,2049,12.76,0.0,24.7,0.0
101,2022,356,2050,12.76,0.0,24.7,0.0
101,2022,356,2051,12.76,0.0,24.68,0.0
101,2022,356,2052,12.76,0.0,24.7,0.0
101,2022,356,2053,12.76,0.0,24.7,0.0
101,2022,356,2054,12.76,0.0,24.71,0.0
101,2022,356,2055,12.76,0.0,24.69,0.0
101,2022,356,2056,12.76,0.0,24.64,0.0
101,2022,356,2057,12.76,0.0,24.6,0.0
101,2022,356,2058,12.76,0.0,24.56,0.0
101,2022,356,2059,12.76,0.0,24.53,0.0
101,2022,356,2100,12.76,0.0,24.52,0.0
101,2022,356,2101,12.76,0.0,24.52,0.0
101,2022,356,2102,12.76,0.0,24.52,0.0
101,2022,356,2103,12.76,0.0,24.51,0.0
101,2022,356,2104,12.76,0.0,24.52,0.0
101,2022,356,2105,12.76,0.0,24.51,0.0
101,2022,356,2106,12.76,0.0,24.48,0.0
101,2022,356,2107,12.75,0.0,24.46,0.0
101,2022,356,2108,12.75,0.0,24.45,0.0
101,2022,356,2109,12.75,0.0,24.47,0.0
101,2022,356,2110,12.75,0.0,24.45,0.0
101,2022,356,2111,12.75,0.0,24.46,0.0
101,2022,356,2112,12.75,0.0,24.45,0.0
101,2022,356,2113,12.75,0.0,24.43,0.0
101,2022,356,2114,12.75,0.0,24.42,0.0
101,2022,356,2115,12.75,0.0,24.4,0.0
101,2022,356,2116,12.75,0.0,24.36,0.0
101,2022,356,2117,12.75,0.0,24.36,0.0
101,2022,356,2118,12.75,0.0,24.37,0.0
101,2022,356,2119,12.75,0.0,24.39,0.0
101,2022,356,2120,12.75,0.0,24.4,0.0
101,2022,356,2121,12.75,0.0,24.44,0.0
101,2022,356,2122,12.75,0.0,24.42,0.0
101,2022,356,2123,12.75,0.0,24.41,0.0
101,2022,356,2124,12.75,0.0,24.39,0.0
101,2022,356,2125,12.75,0.0,24.41,0.0
101,2022,356,2126,12.75,0.0,24.42,0.0
101,2022,356,2127,12.75,0.0,24.42,0.0
101,2022,356,2128,12.75,0.0,24.43,0.0
101,2022,356,2129,12.75,0.0,24.43,0.0
101,2022,356,2130,12.75,0.0,24.41,0.0
101,2022,356,2131,12.75,0.0,24.42,0.0
101,2022,356,2132,12.75,0.0,24.43,0.0
101,2022,356,2133,12.75,0.0,24.42,0.0
101,2022,356,2134,12.75,0.0,24.41,0.0
101,2022,356,2135,12.75,0.0,24.41,0.0
101,2022,356,2136,12.75,0.0,24.42,0.0
101,2022,356,2137,12.75,0.0,24.43,0.0
101,2022,356,2138,12.75,0.0,24.44,0.0
101,2022,356,2139,12.75,0.0,24.45,0.0
101,2022,356,2140,12.75,0.0,24.45,0.0
101,2022,356,2141,12.75,0.0,24.42,0.0
101,2022,356,2142,12.75,0.0,24.41,0.0
101,2022,356,2143,12.75,0.0,24.41,0.0
101,2022,356,2144,12.75,0.0,24.4,0.0
101,2022,356,2145,12.75,0.0,24.44,0.0
101,2022,356,2146,12.75,0.0,24.46,0.0
101,2022,356,2147,12.75,0.0,24.44,0.0
101,2022,356,2148,12.75,0.0,24.42,0.0
101,2022,356,2149,12.75,0.0,24.4,0.0
101,2022,356,2150,12.75,0.0,24.41,0.0
101,2022,356,2151,12.74,0.0,24.42,0.0
101,2022,356,2152,12.75,0.0,24.42,0.0
101,2022,356,2153,12.75,0.0,24.44,0.0
101,2022,356,2154,12.75,0.0,24.43,0.0
101,2022,356,2155,12.75,0.0,24.41,0.0
101,2022,356,2156,12.75,0.0,24.38,0.0
101,2022,356,2157,12.75,0.0,24.37,0.0
101,2022,356,2158,12.75,0.0,24.38,0.0
101,2022,356,2159,12.75,0.0,24.36,0.0
101,2022,356,2200,12.75,0.0,24.36,0.0
101,2022,356,2201,12.75,0.0,24.36,0.0
101,2022,356,2202,12.75,0.0,24.37,0.0
101,2022,356,2203,12.74,0.0,24.38,0.0
101,2022,356,2204,12.75,0.0,24.36,0.0
101,2022,356,2205,12.75,0.0,24.35,0.0
101,2022,356,2206,12.74,0.0,24.34,0.0
101,2022,356,2207,12.74,0.0,24.32,0.0
101,2022,356,2208,12.74,0.0,24.29,0.0
101,2022,356,2209,12.74,0.0,24.27,0.0
101,2022,356,2210,12.74,0.0,24.26,0.0
101,2022,356,2211,12.75,0.0,24.25,0.0
101,2022,356,2212,12.75,0.0,24.25,0.0
101,2022,356,2213,12.74,0.0,24.27,0.0
101,2022,356,2214,12.74,0.0,24.31,0.0
101,2022,356,2215,12.74,0.0,24.29,0.0
101,2022,356,2216,12.74,0.0,24.28,0.0
101,2022,356,2217,12.74,0.0,24.26,0.0
101,2022,356,2218,12.74,0.0,24.25,0.0
101,2022,356,2219,12.74,0.0,24.24,0.0
101,2022,356,2220,12.74,0.0,24.27,0.0
101,2022,356,2221,12.74,0.0,24.28,0.0
101,2022,356,2222,12.74,0.0,24.27,0.0
101,2022,356,2223,12.74,0.0,24.28,0.0
101,2022,356,2224,12.74,0.0,24.26,0.0
101,2022,356,2225,12.74,0.0,24.3,0.0
101,2022,356,2226,12.74,0.0,24.32,0.0
101,2022,356,2227,12.74,0.0,24.32,0.0
101,2022,356,2228,12.74,0.0,24.32,0.0
101,2022,356,2229,12.74,0.0,24.3,0.0
101,2022,356,2230,12.74,0.0,24.3,0.0
101,2022,356,2231,12.74,0.0,24.27,0.0
101,2022,356,2232,12.74,0.0,24.26,0.0
101,2022,356,2233,12.74,0.0,24.23,0.0
101,2022,356,2234,12.74,0.0,24.22,0.0
101,2022,356,2235,12.74,0.0,24.2,0.0
101,2022,356,2236,12.74,0.0,24.19,0.0
101,2022,356,2237,12.74,0.0,24.17,0.0
101,2022,356,2238,12.74,0.0,24.17,0.0
101,2022,356,2239,12.74,0.0,24.2,0.0
101,2022,356,2240,12.74,0.0,24.18,0.0
101,2022,356,2241,12.74,0.0,24.16,0.0
101,2022,356,2242,12.74,0.0,24.17,0.0
101,2022,356,2243,12.74,0.0,24.15,0.0
101,2022,356,2244,12.74,0.0,24.14,0.0
101,2022,356,2245,12.74,0.0,24.11,0.0
101,2022,356,2246,12.74,0.0,24.12,0.0
101,2022,356,2247,12.74,0.0,24.15,0.0
101,2022,356,2248,12.74,0.0,24.15,0.0
101,2022,356,2249,12.74,0.0,24.14,0.0
101,2022,356,2250,12.73,0.0,24.11,0.0
101,2022,356,2251,12.74,0.0,24.1,0.0
101,2022,356,2252,12.73,0.0,24.08,0.0
101,2022,356,2253,12.73,0.0,24.07,0.0
101,2022,356,2254,12.73,0.0,24.05,0.0
101,2022,356,2255,12.73,0.0,24.02,0.0
101,2022,356,2256,12.73,0.0,24.02,0.0
101,2022,356,2257,12.73,0.0,24.01,0.0
101,2022,356,2258,12.73,0.0,23.98,0.0
101,2022,356,2259,12.73,0.0,23.97,0.0
101,2022,356,2300,12.73,0.0,23.94,0.0
101,2022,356,2301,12.73,0.0,23.92,0.0
101,2022,356,2302,12.73,0.0,23.92,0.0
101,2022,356,2303,12.73,0.0,23.89,0.0
101,2022,356,2304,12.73,0.0,23.88,0.0
101,2022,356,2305,12.73,0.0,23.88,0.0
101,2022,356,2306,12.73,0.0,23.87,0.0
101,2022,356,2307,12.73,0.0,23.85,0.0
101,2022,356,2308,12.73,0.0,23.82,0.0
101,2022,356,2309,12.73,0.0,23.83,0.0
101,2022,356,2310,12.73,0.0,23.84,0.0
101,2022,356,2311,12.73,0.0,23.81,0.0
101,2022,356,2312,12.73,0.0,23.8,0.0
101,2022,356,2313,12.73,0.0,23.77,0.0
101,2022,356,2314,12.73,0.0,23.77,0.0
101,2022,356,2315,12.73,0.0,23.76,0.0
101,2022,356,2316,12.73,0.0,23.77,0.0
101,2022,356,2317,12.73,0.0,23.77,0.0
101,2022,356,2318,12.73,0.0,23.75,0.0
101,2022,356,2319,12.73,0.0,23.74,0.0
101,2022,356,2320,12.73,0.0,23.72,0.0
101,2022,356,2321,12.73,0.0,23.7,0.0
101,2022,356,2322,12.73,0.0,23.7,0.0
101,2022,356,2323,12.73,0.0,23.7,0.0
101,2022,356,2324,12.73,0.0,23.7,0.0
101,2022,356,2325,12.73,0.0,23.69,0.0
101,2022,356,2326,12.73,0.0,23.69,0.0
101,2022,356,2327,12.73,0.0,23.69,0.0
101,2022,356,2328,12.73,0.0,23.68,0.0
101,2022,356,2329,12.73,0.0,23.69,0.0
101,2022,356,2330,12.73,0.0,23.7,0.0
101,2022,356,2331,12.73,0.0,23.69,0.0
101,2022,356,2332,12.73,0.0,23.69,0.0
101,2022,356,2333,12.73,0.0,23.67,0.0
101,2022,356,2334,12.73,0.0,23.66,0.0
101,2022,356,2335,12.73,0.0,23.65,0.0
101,2022,356,2336,12.73,0.0,23.63,0.0
101,2022,356,2337,12.73,0.0,23.62,0.0
101,2022,356,2338,12.73,0.0,23.62,0.0
101,2022,356,2339,12.73,0.0,23.61,0.0
101,2022,356,2340,12.73,0.0,23.59,0.0
101,2022,356,2341,12.73,0.0,23.59,0.0
101,2022,356,2342,12.73,0.0,23.57,0.0
101,2022,356,2343,12.73,0.0,23.58,0.0
101,2022,356,2344,12.73,0.0,23.62,0.0
101,2022,356,2345,12.73,0.0,23.64,0.0
101,2022,356,2346,12.73,0.0,23.63,0.0
101,2022,356,2347,12.73,0.0,23.62,0.0
101,2022,356,2348,12.73,0.0,23.6,0.0
101,2022,356,2349,12.73,0.0,23.59,0.0
101,2022,356,2350,12.72,0.0,23.58,0.0
101,2022,356,2351,12.73,0.0,23.58,0.0
101,2022,356,2352,12.72,0.0,23.57,0.0
101,2022,356,2353,12.72,0.0,23.57,0.0
101,2022,356,2354,12.72,0.0,23.57,0.0
101,2022,356,2355,12.72,0.0,23.57,0.0
101,2022,356,2356,12.72,0.0,23.55,0.0
101,2022,356,2357,12.72,0.0,23.54,0.0
101,2022,356,2358,12.72,0.0,23.54,0.0
101,2022,356,2359,12.72,0.0,23.52,0.0
101,2022,357,2400,12.72,0.0,23.52,0.0
