a,b,dia_juliano,d,e,f,g,h
101,2022,286,2400,12.81,0,21.44,0
101,2022,286,1,12.81,0,21.44,0
101,2022,286,2,12.81,0,21.42,0
101,2022,286,3,12.81,0,21.39,0
101,2022,286,4,12.81,0,21.37,0
101,2022,286,5,12.81,0,21.35,0
101,2022,286,6,12.81,0,21.34,0
101,2022,286,7,12.81,0,21.33,0
101,2022,286,8,12.81,0,21.31,0
101,2022,286,9,12.81,0,21.29,0
101,2022,286,10,12.81,0,21.29,0
101,2022,286,11,12.81,0,21.29,0
101,2022,286,12,12.81,0,21.27,0
101,2022,286,13,12.81,0,21.27,0
101,2022,286,14,12.81,0,21.24,0
101,2022,286,15,12.81,0,21.22,0
101,2022,286,16,12.81,0,21.22,0
101,2022,286,17,12.81,0,21.21,0
101,2022,286,18,12.81,0,21.22,0
101,2022,286,19,12.81,0,21.22,0
101,2022,286,20,12.81,0,21.22,0
101,2022,286,21,12.81,0,21.21,0
101,2022,286,22,12.81,0,21.2,0
101,2022,286,23,12.81,0,21.2,0
101,2022,286,24,12.81,0,21.2,0
101,2022,286,25,12.81,0,21.2,0
101,2022,286,26,12.81,0,21.22,0
101,2022,286,27,12.81,0,21.22,0
101,2022,286,28,12.81,0,21.21,0
101,2022,286,29,12.81,0,21.23,0
101,2022,286,30,12.81,0,21.25,0
101,2022,286,31,12.81,0,21.24,0
101,2022,286,32,12.81,0,21.22,0
101,2022,286,33,12.81,0,21.22,0
101,2022,286,34,12.81,0,21.2,0
101,2022,286,35,12.81,0,21.2,0
101,2022,286,36,12.81,0,21.2,0
101,2022,286,37,12.81,0,21.19,0
101,2022,286,38,12.81,0,21.17,0
101,2022,286,39,12.81,0,21.18,0
101,2022,286,40,12.81,0,21.2,0
101,2022,286,41,12.8,0,21.2,0
101,2022,286,42,12.8,0,21.19,0
101,2022,286,43,12.81,0,21.2,0
101,2022,286,44,12.81,0,21.19,0
101,2022,286,45,12.8,0,21.17,0
101,2022,286,46,12.81,0,21.14,0
101,2022,286,47,12.8,0,21.12,0
101,2022,286,48,12.81,0,21.13,0
101,2022,286,49,12.8,0,21.12,0
101,2022,286,50,12.81,0,21.1,0
101,2022,286,51,12.8,0,21.08,0
101,2022,286,52,12.8,0,21.08,0
101,2022,286,53,12.8,0,21.08,0
101,2022,286,54,12.8,0,21.09,0
101,2022,286,55,12.8,0,21.08,0
101,2022,286,56,12.8,0,21.08,0
101,2022,286,57,12.8,0,21.11,0
101,2022,286,58,12.8,0,21.16,0
101,2022,286,59,12.8,0,21.2,0
101,2022,286,100,12.81,0,21.26,0
101,2022,286,101,12.8,0,21.31,0
101,2022,286,102,12.8,0,21.39,0
101,2022,286,103,12.8,0,21.46,0
101,2022,286,104,12.8,0,21.54,0
101,2022,286,105,12.8,0,21.62,0
101,2022,286,106,12.8,0,21.69,0
101,2022,286,107,12.8,0,21.76,0
101,2022,286,108,12.8,0,21.8,0
101,2022,286,109,12.8,0,21.86,0
101,2022,286,110,12.8,0,21.92,0
101,2022,286,111,12.8,0,21.97,0
101,2022,286,112,12.8,0,21.99,0
101,2022,286,113,12.8,0,22.05,0
101,2022,286,114,12.8,0,22.09,0
101,2022,286,115,12.8,0,22.13,0
101,2022,286,116,12.8,0,22.13,0
101,2022,286,117,12.8,0,22.17,0
101,2022,286,118,12.8,0,22.17,0
101,2022,286,119,12.8,0,22.17,0
101,2022,286,120,12.8,0,22.2,0
101,2022,286,121,12.8,0,22.18,0
101,2022,286,122,12.8,0,22.18,0
101,2022,286,123,12.8,0,22.19,0
101,2022,286,124,12.8,0,22.19,0
101,2022,286,125,12.8,0,22.19,0
101,2022,286,126,12.8,0,22.2,0
101,2022,286,127,12.8,0,22.19,0
101,2022,286,128,12.8,0,22.2,0
101,2022,286,129,12.8,0,22.21,0
101,2022,286,130,12.8,0,22.22,0
101,2022,286,131,12.8,0,22.23,0
101,2022,286,132,12.8,0,22.23,0
101,2022,286,133,12.8,0,22.25,0
101,2022,286,134,12.8,0,22.25,0
101,2022,286,135,12.8,0,22.25,0
101,2022,286,136,12.8,0,22.25,0
101,2022,286,137,12.8,0,22.25,0
101,2022,286,138,12.8,0,22.24,0
101,2022,286,139,12.8,0,22.23,0
101,2022,286,140,12.8,0,22.22,0
101,2022,286,141,12.8,0,22.21,0
101,2022,286,142,12.8,0,22.21,0
101,2022,286,143,12.8,0,22.2,0
101,2022,286,144,12.8,0,22.2,0
101,2022,286,145,12.8,0,22.18,0
101,2022,286,146,12.8,0,22.18,0
101,2022,286,147,12.8,0,22.18,0
101,2022,286,148,12.8,0,22.17,0
101,2022,286,149,12.8,0,22.16,0
101,2022,286,150,12.8,0,22.15,0
101,2022,286,151,12.8,0,22.14,0
101,2022,286,152,12.8,0,22.13,0
101,2022,286,153,12.8,0,22.13,0
101,2022,286,154,12.8,0,22.12,0
101,2022,286,155,12.8,0,22.12,0
101,2022,286,156,12.8,0,22.12,0
101,2022,286,157,12.8,0,22.11,0
101,2022,286,158,12.8,0,22.1,0
101,2022,286,159,12.8,0,22.1,0
101,2022,286,200,12.8,0,22.1,0
101,2022,286,201,12.8,0,22.1,0
101,2022,286,202,12.8,0,22.1,0
101,2022,286,203,12.8,0,22.1,0
101,2022,286,204,12.8,0,22.1,0
101,2022,286,205,12.8,0,22.1,0
101,2022,286,206,12.8,0,22.09,0
101,2022,286,207,12.8,0,22.12,0
101,2022,286,208,12.8,0,22.16,0
101,2022,286,209,12.8,0,22.18,0
101,2022,286,210,12.8,0,22.2,0
101,2022,286,211,12.8,0,22.23,0
101,2022,286,212,12.8,0,22.22,0
101,2022,286,213,12.8,0,22.22,0
101,2022,286,214,12.8,0,22.2,0
101,2022,286,215,12.8,0,22.19,0
101,2022,286,216,12.8,0,22.2,0
101,2022,286,217,12.8,0,22.2,0
101,2022,286,218,12.8,0,22.22,0
101,2022,286,219,12.8,0,22.24,0
101,2022,286,220,12.8,0,22.25,0
101,2022,286,221,12.8,0,22.26,0
101,2022,286,222,12.8,0,22.24,0
101,2022,286,223,12.8,0,22.24,0
101,2022,286,224,12.8,0,22.24,0
101,2022,286,225,12.8,0,22.22,0
101,2022,286,226,12.8,0,22.22,0
101,2022,286,227,12.8,0,22.21,0
101,2022,286,228,12.8,0,22.18,0
101,2022,286,229,12.8,0,22.17,0
101,2022,286,230,12.8,0,22.16,0
101,2022,286,231,12.8,0,22.13,0
101,2022,286,232,12.8,0,22.12,0
101,2022,286,233,12.8,0,22.11,0
101,2022,286,234,12.8,0,22.11,0
101,2022,286,235,12.8,0,22.09,0
101,2022,286,236,12.8,0,22.09,0
101,2022,286,237,12.8,0,22.08,0
101,2022,286,238,12.8,0,22.07,0
101,2022,286,239,12.8,0,22.07,0
101,2022,286,240,12.8,0,22.07,0
101,2022,286,241,12.8,0,22.06,0
101,2022,286,242,12.8,0,22.07,0
101,2022,286,243,12.8,0,22.07,0
101,2022,286,244,12.8,0,22.07,0
101,2022,286,245,12.8,0,22.06,0
101,2022,286,246,12.8,0,22.05,0
101,2022,286,247,12.8,0,22.05,0
101,2022,286,248,12.8,0,22.05,0
101,2022,286,249,12.8,0,22.05,0
101,2022,286,250,12.8,0,22.05,0
101,2022,286,251,12.8,0,22.05,0
101,2022,286,252,12.8,0,22.05,0
101,2022,286,253,12.8,0,22.05,0
101,2022,286,254,12.8,0,22.05,0
101,2022,286,255,12.8,0,22.05,0
101,2022,286,256,12.8,0,22.04,0
101,2022,286,257,12.8,0,22.04,0
101,2022,286,258,12.8,0,22.03,0
101,2022,286,259,12.8,0,22.02,0
101,2022,286,300,12.8,0,22.02,0
101,2022,286,301,12.8,0,22.02,0
101,2022,286,302,12.8,0,22.02,0
101,2022,286,303,12.8,0,22.01,0
101,2022,286,304,12.8,0,22.02,0
101,2022,286,305,12.8,0,22.02,0
101,2022,286,306,12.8,0,22.01,0
101,2022,286,307,12.8,0,22,0
101,2022,286,308,12.8,0,21.98,0
101,2022,286,309,12.8,0,21.97,0
101,2022,286,310,12.8,0,21.95,0
101,2022,286,311,12.8,0,21.95,0
101,2022,286,312,12.8,0,21.94,0
101,2022,286,313,12.8,0,21.93,0
101,2022,286,314,12.8,0,21.93,0
101,2022,286,315,12.8,0,21.93,0
101,2022,286,316,12.8,0,21.93,0
101,2022,286,317,12.8,0,21.93,0
101,2022,286,318,12.8,0,21.92,0
101,2022,286,319,12.8,0,21.91,0
101,2022,286,320,12.8,0,21.91,0
101,2022,286,321,12.8,0,21.9,0
101,2022,286,322,12.8,0,21.88,0
101,2022,286,323,12.8,0,21.86,0
101,2022,286,324,12.8,0,21.87,0
101,2022,286,325,12.8,0,21.88,0
101,2022,286,326,12.8,0,21.88,0
101,2022,286,327,12.8,0,21.87,0
101,2022,286,328,12.8,0,21.88,0
101,2022,286,329,12.8,0,21.86,0
101,2022,286,330,12.8,0,21.84,0
101,2022,286,331,12.8,0,21.83,0
101,2022,286,332,12.8,0,21.83,0
101,2022,286,333,12.8,0,21.83,0
101,2022,286,334,12.8,0,21.83,0
101,2022,286,335,12.8,0,21.82,0
101,2022,286,336,12.8,0,21.81,0
101,2022,286,337,12.8,0,21.79,0
101,2022,286,338,12.8,0,21.78,0
101,2022,286,339,12.8,0,21.78,0
101,2022,286,340,12.8,0,21.77,0
101,2022,286,341,12.8,0,21.76,0
101,2022,286,342,12.8,0,21.75,0
101,2022,286,343,12.8,0,21.74,0
101,2022,286,344,12.8,0,21.73,0
101,2022,286,345,12.8,0,21.71,0
101,2022,286,346,12.8,0,21.69,0
101,2022,286,347,12.8,0,21.67,0
101,2022,286,348,12.8,0,21.66,0
101,2022,286,349,12.8,0,21.65,0
101,2022,286,350,12.8,0,21.64,0
101,2022,286,351,12.8,0,21.63,0
101,2022,286,352,12.8,0,21.62,0
101,2022,286,353,12.8,0,21.62,0
101,2022,286,354,12.8,0,21.62,0
101,2022,286,355,12.8,0,21.61,0
101,2022,286,356,12.8,0,21.58,0
101,2022,286,357,12.8,0,21.57,0
101,2022,286,358,12.8,0,21.56,0
101,2022,286,359,12.8,0,21.55,0
101,2022,286,400,12.8,0,21.55,0
101,2022,286,401,12.8,0,21.54,0
101,2022,286,402,12.8,0,21.54,0
101,2022,286,403,12.8,0,21.55,0
101,2022,286,404,12.8,0,21.57,0
101,2022,286,405,12.8,0,21.59,0
101,2022,286,406,12.8,0,21.59,0
101,2022,286,407,12.8,0,21.58,0
101,2022,286,408,12.8,0,21.58,0
101,2022,286,409,12.8,0,21.61,0
101,2022,286,410,12.8,0,21.62,0
101,2022,286,411,12.8,0,21.6,0
101,2022,286,412,12.8,0,21.59,0
101,2022,286,413,12.8,0,21.57,0
101,2022,286,414,12.8,0,21.57,0
101,2022,286,415,12.79,0,21.55,0
101,2022,286,416,12.79,0,21.54,0
101,2022,286,417,12.79,0,21.55,0
101,2022,286,418,12.79,0,21.55,0
101,2022,286,419,12.8,0,21.55,0
101,2022,286,420,12.79,0,21.55,0
101,2022,286,421,12.8,0,21.56,0
101,2022,286,422,12.8,0,21.57,0
101,2022,286,423,12.8,0,21.56,0
101,2022,286,424,12.8,0,21.55,0
101,2022,286,425,12.8,0,21.57,0
101,2022,286,426,12.79,0,21.57,0
101,2022,286,427,12.8,0,21.59,0
101,2022,286,428,12.79,0,21.59,0
101,2022,286,429,12.8,0,21.61,0
101,2022,286,430,12.79,0,21.65,0
101,2022,286,431,12.79,0,21.65,0
101,2022,286,432,12.79,0,21.66,0
101,2022,286,433,12.79,0,21.68,0
101,2022,286,434,12.79,0,21.71,0
101,2022,286,435,12.79,0,21.74,0
101,2022,286,436,12.8,0,21.73,0
101,2022,286,437,12.79,0,21.72,0
101,2022,286,438,12.79,0,21.71,0
101,2022,286,439,12.79,0,21.71,0
101,2022,286,440,12.79,0,21.71,0
101,2022,286,441,12.79,0,21.7,0
101,2022,286,442,12.79,0,21.69,0
101,2022,286,443,12.79,0,21.69,0
101,2022,286,444,12.79,0,21.7,0
101,2022,286,445,12.79,0,21.71,0
101,2022,286,446,12.79,0,21.72,0
101,2022,286,447,12.79,0,21.73,0
101,2022,286,448,12.79,0,21.74,0
101,2022,286,449,12.79,0,21.77,0
101,2022,286,450,12.79,.141,21.8,0
101,2022,286,451,12.79,.31,21.81,0
101,2022,286,452,12.79,.564,21.83,0
101,2022,286,453,12.79,.677,21.83,0
101,2022,286,454,12.79,.677,21.83,0
101,2022,286,455,12.79,.677,21.84,0
101,2022,286,456,12.79,1.156,21.85,0
101,2022,286,457,12.79,1.353,21.85,0
101,2022,286,458,12.79,1.55,21.85,0
101,2022,286,459,12.79,1.945,21.85,0
101,2022,286,500,12.79,2.03,21.87,0
101,2022,286,501,12.79,2.255,21.86,0
101,2022,286,502,12.79,2.65,21.86,0
101,2022,286,503,12.79,2.706,21.86,0
101,2022,286,504,12.79,3.185,21.86,0
101,2022,286,505,12.79,3.383,21.88,0
101,2022,286,506,12.79,3.665,21.87,0
101,2022,286,507,12.79,4.172,21.87,0
101,2022,286,508,12.79,4.51,21.86,0
101,2022,286,509,12.79,5.159,21.85,0
101,2022,286,510,12.79,5.694,21.84,0
101,2022,286,511,12.79,6.145,21.83,0
101,2022,286,512,12.79,6.427,21.83,0
101,2022,286,513,12.79,6.963,21.83,0
101,2022,286,514,12.79,7.55,21.83,0
101,2022,286,515,12.79,8.43,21.82,0
101,2022,286,516,12.79,8.96,21.82,0
101,2022,286,517,12.79,9.84,21.82,0
101,2022,286,518,12.79,11.81,21.83,0
101,2022,286,519,12.79,13.47,21.83,0
101,2022,286,520,12.8,13.42,21.83,0
101,2022,286,521,12.8,13.5,21.83,0
101,2022,286,522,12.8,14.09,21.83,0
101,2022,286,523,12.8,15.14,21.83,0
101,2022,286,524,12.8,16.46,21.83,0
101,2022,286,525,12.8,18.27,21.82,0
101,2022,286,526,12.8,20.35,21.81,0
101,2022,286,527,12.8,22.24,21.81,0
101,2022,286,528,12.81,23.54,21.81,0
101,2022,286,529,12.81,24.21,21.79,0
101,2022,286,530,12.82,25.09,21.78,0
101,2022,286,531,12.83,25.82,21.79,0
101,2022,286,532,12.83,25.28,21.78,0
101,2022,286,533,12.83,25.2,21.77,0
101,2022,286,534,12.83,25,21.78,0
101,2022,286,535,12.83,24.81,21.78,0
101,2022,286,536,12.84,24.47,21.78,0
101,2022,286,537,12.84,24.33,21.8,0
101,2022,286,538,12.84,24.92,21.79,0
101,2022,286,539,12.85,24.83,21.8,0
101,2022,286,540,12.86,24.58,21.8,0
101,2022,286,541,12.86,24.86,21.79,0
101,2022,286,542,12.86,25.59,21.81,0
101,2022,286,543,12.87,26.24,21.81,0
101,2022,286,544,12.87,26.44,21.83,0
101,2022,286,545,12.86,25.76,21.87,0
101,2022,286,546,12.86,23.11,21.88,0
101,2022,286,547,12.86,19.62,21.88,0
101,2022,286,548,12.85,17.39,21.88,0
101,2022,286,549,12.85,17.17,21.89,0
101,2022,286,550,12.85,18.55,21.88,0
101,2022,286,551,12.85,21.59,21.9,0
101,2022,286,552,12.85,24.41,21.89,0
101,2022,286,553,12.86,28.27,21.89,0
101,2022,286,554,12.87,34.28,21.9,0
101,2022,286,555,12.89,44.4,21.9,0
101,2022,286,556,12.9,48.68,21.92,0
101,2022,286,557,12.91,49.78,21.93,0
101,2022,286,558,12.93,49.19,21.93,0
101,2022,286,559,12.94,47.47,21.96,0
101,2022,286,600,12.95,46.85,21.95,0
101,2022,286,601,12.96,47.67,21.94,0
101,2022,286,602,12.98,49.56,21.93,0
101,2022,286,603,12.99,52.57,21.95,0
101,2022,286,604,13.01,54.52,21.93,0
101,2022,286,605,13.02,55.31,21.98,0
101,2022,286,606,13.04,55,22.01,0
101,2022,286,607,13.06,53.5,22.04,0
101,2022,286,608,13.09,52.09,22.03,0
101,2022,286,609,13.11,50.77,22.06,0
101,2022,286,610,13.15,50.4,22.07,0
101,2022,286,611,13.18,50.15,22.11,0
101,2022,286,612,13.23,54.23,22.14,0
101,2022,286,613,13.28,63.87,22.19,0
101,2022,286,614,13.29,75.5,22.26,0
101,2022,286,615,13.3,84.9,22.3,0
101,2022,286,616,13.3,92.4,22.36,0
101,2022,286,617,13.3,96.1,22.39,0
101,2022,286,618,13.3,95.3,22.42,0
101,2022,286,619,13.3,99.7,22.46,0
101,2022,286,620,13.3,101.3,22.48,0
101,2022,286,621,13.3,98.1,22.52,0
101,2022,286,622,13.3,105.6,22.56,0
101,2022,286,623,13.3,118.4,22.61,0
101,2022,286,624,13.3,113,22.64,0
101,2022,286,625,13.3,120.7,22.71,0
101,2022,286,626,13.29,137,22.79,0
101,2022,286,627,13.3,137.8,22.83,0
101,2022,286,628,13.29,138.4,22.88,0
101,2022,286,629,13.29,143.3,22.87,0
101,2022,286,630,13.29,202.3,22.94,0
101,2022,286,631,13.29,340.9,23.05,0
101,2022,286,632,13.29,346.8,23.27,0
101,2022,286,633,13.29,321.8,23.47,0
101,2022,286,634,13.29,372.1,23.58,0
101,2022,286,635,13.29,390.4,23.58,0
101,2022,286,636,13.28,394.5,23.63,0
101,2022,286,637,13.28,333.8,23.58,0
101,2022,286,638,13.28,253,23.61,0
101,2022,286,639,13.28,237.3,23.61,0
101,2022,286,640,13.28,233.2,23.52,0
101,2022,286,641,13.28,248.8,23.57,0
101,2022,286,642,13.28,308.8,23.62,0
101,2022,286,643,13.28,326.9,23.58,0
101,2022,286,644,13.27,313.8,23.51,0
101,2022,286,645,13.28,248.7,23.49,0
101,2022,286,646,13.27,243.9,23.5,0
101,2022,286,647,13.27,244.4,23.49,0
101,2022,286,648,13.27,257.3,23.57,0
101,2022,286,649,13.27,348.2,23.63,0
101,2022,286,650,13.27,360.6,23.72,0
101,2022,286,651,13.27,352,23.79,0
101,2022,286,652,13.27,352.2,23.89,0
101,2022,286,653,13.27,346,23.94,0
101,2022,286,654,13.27,328.3,24.02,0
101,2022,286,655,13.26,397.7,24.14,0
101,2022,286,656,13.26,350.4,24.23,0
101,2022,286,657,13.26,328.5,24.27,0
101,2022,286,658,13.26,361.8,24.35,0
101,2022,286,659,13.26,516.7,24.37,0
101,2022,286,700,13.26,541,24.49,0
101,2022,286,701,13.26,540.6,24.54,0
101,2022,286,702,13.26,513.8,24.53,0
101,2022,286,703,13.25,481.3,24.57,0
101,2022,286,704,13.25,482.6,24.59,0
101,2022,286,705,13.25,478.3,24.51,0
101,2022,286,706,13.24,457.7,24.57,0
101,2022,286,707,13.24,322,24.65,0
101,2022,286,708,13.24,249.4,24.59,0
101,2022,286,709,13.24,240.1,24.56,0
101,2022,286,710,13.23,224.9,24.6,0
101,2022,286,711,13.24,221.7,24.56,0
101,2022,286,712,13.23,215.5,24.59,0
101,2022,286,713,13.24,251.8,24.68,0
101,2022,286,714,13.23,286.6,24.65,0
101,2022,286,715,13.24,280.3,24.61,0
101,2022,286,716,13.23,268.3,24.66,0
101,2022,286,717,13.24,304.1,24.74,0
101,2022,286,718,13.24,295.1,24.75,0
101,2022,286,719,13.24,255.6,24.77,0
101,2022,286,720,13.24,232,24.89,0
101,2022,286,721,13.24,231.1,24.93,0
101,2022,286,722,13.24,235.4,24.79,0
101,2022,286,723,13.24,232,24.79,0
101,2022,286,724,13.24,401.2,24.93,0
101,2022,286,725,13.24,595,25.1,0
101,2022,286,726,13.23,539.1,25.26,0
101,2022,286,727,13.23,303.2,25.4,0
101,2022,286,728,13.24,363.3,25.42,0
101,2022,286,729,13.24,339.6,25.47,0
101,2022,286,730,13.23,625.9,25.52,0
101,2022,286,731,13.23,742,25.65,0
101,2022,286,732,13.23,760,25.75,0
101,2022,286,733,13.23,742,25.69,0
101,2022,286,734,13.23,356.6,25.77,0
101,2022,286,735,13.23,260.5,25.73,0
101,2022,286,736,13.23,238.9,25.63,0
101,2022,286,737,13.22,239.2,25.57,0
101,2022,286,738,13.23,275.1,25.51,0
101,2022,286,739,13.23,307.8,25.47,0
101,2022,286,740,13.23,533.9,25.48,0
101,2022,286,741,13.23,674.5,25.53,0
101,2022,286,742,13.23,636,25.54,0
101,2022,286,743,13.22,675.7,25.64,0
101,2022,286,744,13.22,700,25.72,0
101,2022,286,745,13.22,694.6,25.77,0
101,2022,286,746,13.22,691.4,25.85,0
101,2022,286,747,13.22,687.1,25.92,0
101,2022,286,748,13.22,688.7,25.93,0
101,2022,286,749,13.21,692.7,25.96,0
101,2022,286,750,13.21,391.1,26.04,0
101,2022,286,751,13.21,709,26.1,0
101,2022,286,752,13.21,743,26.07,0
101,2022,286,753,13.21,751,26.1,0
101,2022,286,754,13.21,758,26.17,0
101,2022,286,755,13.2,705,26.21,0
101,2022,286,756,13.2,501.7,26.23,0
101,2022,286,757,13.2,765,26.1,0
101,2022,286,758,13.2,652.3,26.17,0
101,2022,286,759,13.2,763,26.24,0
101,2022,286,800,13.2,383,26.21,0
101,2022,286,801,13.2,386.4,26.14,0
101,2022,286,802,13.2,379.8,26.07,0
101,2022,286,803,13.19,420.5,26.13,0
101,2022,286,804,13.2,325.8,26.09,0
101,2022,286,805,13.2,412.6,26.03,0
101,2022,286,806,13.2,515.5,26.16,0
101,2022,286,807,13.2,283.1,26.23,0
101,2022,286,808,13.2,258.2,26.17,0
101,2022,286,809,13.2,347.4,26.11,0
101,2022,286,810,13.2,665.3,26.13,0
101,2022,286,811,13.2,616,26.23,0
101,2022,286,812,13.2,594.6,26.33,0
101,2022,286,813,13.2,703,26.38,0
101,2022,286,814,13.2,759,26.36,0
101,2022,286,815,13.2,306.2,26.35,0
101,2022,286,816,13.2,203.8,26.36,0
101,2022,286,817,13.19,479.9,26.25,0
101,2022,286,818,13.19,663.9,26.15,0
101,2022,286,819,13.2,785,26.33,0
101,2022,286,820,13.19,806,26.48,0
101,2022,286,821,13.19,786,26.64,0
101,2022,286,822,13.19,689.7,26.74,0
101,2022,286,823,13.19,608.8,26.88,0
101,2022,286,824,13.19,676.2,26.82,0
101,2022,286,825,13.19,749,26.88,0
101,2022,286,826,13.19,596.2,26.99,0
101,2022,286,827,13.19,489.5,26.93,0
101,2022,286,828,13.18,353.2,26.73,0
101,2022,286,829,13.19,649.9,26.54,0
101,2022,286,830,13.18,823,26.65,0
101,2022,286,831,13.19,825,26.9,0
101,2022,286,832,13.18,823,26.95,0
101,2022,286,833,13.18,813,26.97,0
101,2022,286,834,13.18,809,27.12,0
101,2022,286,835,13.18,816,27.31,0
101,2022,286,836,13.18,828,27.34,0
101,2022,286,837,13.18,842,27.27,0
101,2022,286,838,13.18,850,27.31,0
101,2022,286,839,13.18,646.1,27.19,0
101,2022,286,840,13.18,831,27.11,0
101,2022,286,841,13.18,840,27.07,0
101,2022,286,842,13.17,877,27.19,0
101,2022,286,843,13.17,879,27.35,0
101,2022,286,844,13.17,886,27.53,0
101,2022,286,845,13.17,935,27.65,0
101,2022,286,846,13.17,954,27.72,0
101,2022,286,847,13.17,959,27.85,0
101,2022,286,848,13.17,413.7,27.66,0
101,2022,286,849,13.17,856,27.38,0
101,2022,286,850,13.17,368.2,27.35,0
101,2022,286,851,13.16,286,27.26,0
101,2022,286,852,13.16,292.2,27.19,0
101,2022,286,853,13.16,320,27.04,0
101,2022,286,854,13.16,502.5,27,0
101,2022,286,855,13.17,453.1,27.06,0
101,2022,286,856,13.17,589.9,27.05,0
101,2022,286,857,13.17,568.3,27.14,0
101,2022,286,858,13.17,492.6,27.3,0
101,2022,286,859,13.17,416.1,27.38,0
101,2022,286,900,13.17,407.6,27.27,0
101,2022,286,901,13.17,421.4,27.22,0
101,2022,286,902,13.17,705,27.2,0
101,2022,286,903,13.17,832,27.26,0
101,2022,286,904,13.17,569.9,27.31,0
101,2022,286,905,13.17,1035,27.37,0
101,2022,286,906,13.17,1077,27.61,0
101,2022,286,907,13.17,856,27.55,0
101,2022,286,908,13.17,419,27.64,0
101,2022,286,909,13.17,365.9,27.48,0
101,2022,286,910,13.17,324.2,27.02,0
101,2022,286,911,13.17,288.6,26.9,0
101,2022,286,912,13.17,264.9,26.82,0
101,2022,286,913,13.18,247.3,26.69,0
101,2022,286,914,13.18,239,26.67,0
101,2022,286,915,13.18,230.7,26.48,0
101,2022,286,916,13.18,229.7,26.31,0
101,2022,286,917,13.18,238.6,26.29,0
101,2022,286,918,13.18,248.2,26.2,0
101,2022,286,919,13.18,247.6,26.03,0
101,2022,286,920,13.18,244.9,25.98,0
101,2022,286,921,13.18,232,26,0
101,2022,286,922,13.18,218.7,26.03,0
101,2022,286,923,13.18,213.3,25.97,0
101,2022,286,924,13.18,211.7,25.94,0
101,2022,286,925,13.18,204.8,25.94,0
101,2022,286,926,13.19,195.3,25.75,0
101,2022,286,927,13.18,195.5,25.75,0
101,2022,286,928,13.19,208,25.84,0
101,2022,286,929,13.18,213.9,25.85,0
101,2022,286,930,13.18,210.3,25.85,0
101,2022,286,931,13.18,212.6,25.8,0
101,2022,286,932,13.18,215.7,25.79,0
101,2022,286,933,13.19,210.1,25.78,0
101,2022,286,934,13.19,210.2,25.73,0
101,2022,286,935,13.19,214.1,25.69,0
101,2022,286,936,13.19,218.6,25.74,0
101,2022,286,937,13.19,225.9,25.71,0
101,2022,286,938,13.19,236.1,25.69,0
101,2022,286,939,13.19,235.3,25.75,0
101,2022,286,940,13.19,219.8,25.75,0
101,2022,286,941,13.19,201.9,25.72,0
101,2022,286,942,13.19,190.7,25.75,0
101,2022,286,943,13.19,186.1,25.72,0
101,2022,286,944,13.19,187.3,25.72,0
101,2022,286,945,13.19,191.3,25.71,0
101,2022,286,946,13.19,197.2,25.7,0
101,2022,286,947,13.19,200,25.65,0
101,2022,286,948,13.19,198.3,25.64,0
101,2022,286,949,13.19,197.2,25.68,0
101,2022,286,950,13.2,204.5,25.74,0
101,2022,286,951,13.19,220.2,25.79,0
101,2022,286,952,13.2,232.3,25.81,0
101,2022,286,953,13.2,239.8,25.72,0
101,2022,286,954,13.2,244.3,25.7,0
101,2022,286,955,13.2,251.1,25.72,0
101,2022,286,956,13.2,252.8,25.72,0
101,2022,286,957,13.2,253,25.75,0
101,2022,286,958,13.19,257,25.83,0
101,2022,286,959,13.2,253.2,25.91,0
101,2022,286,1000,13.2,249.7,25.97,0
101,2022,286,1001,13.19,247.9,25.95,0
101,2022,286,1002,13.2,256.3,26,0
101,2022,286,1003,13.2,265.8,26.06,0
101,2022,286,1004,13.2,280,26.09,0
101,2022,286,1005,13.2,298.1,26.13,0
101,2022,286,1006,13.2,323.2,26.22,0
101,2022,286,1007,13.2,354.9,26.29,0
101,2022,286,1008,13.2,383.6,26.33,0
101,2022,286,1009,13.2,438.3,26.39,0
101,2022,286,1010,13.19,420.3,26.44,0
101,2022,286,1011,13.19,418.8,26.56,0
101,2022,286,1012,13.19,549.1,26.66,0
101,2022,286,1013,13.19,499.2,26.76,0
101,2022,286,1014,13.19,478.7,26.73,0
101,2022,286,1015,13.19,459.4,26.66,0
101,2022,286,1016,13.19,439.9,26.63,0
101,2022,286,1017,13.19,410.7,26.6,0
101,2022,286,1018,13.19,387.4,26.68,0
101,2022,286,1019,13.19,365.8,26.73,0
101,2022,286,1020,13.19,357.2,26.8,0
101,2022,286,1021,13.19,355.7,26.71,0
101,2022,286,1022,13.19,342.2,26.58,0
101,2022,286,1023,13.19,326.3,26.54,0
101,2022,286,1024,13.19,320.1,26.56,0
101,2022,286,1025,13.19,319.5,26.58,0
101,2022,286,1026,13.19,324.7,26.59,0
101,2022,286,1027,13.19,344.4,26.6,0
101,2022,286,1028,13.19,381.3,26.57,0
101,2022,286,1029,13.19,429.4,26.56,0
101,2022,286,1030,13.19,839,26.63,0
101,2022,286,1031,13.19,1152,26.92,0
101,2022,286,1032,13.19,730,27.3,0
101,2022,286,1033,13.19,727,27.48,0
101,2022,286,1034,13.19,580.5,27.57,0
101,2022,286,1035,13.18,664.1,27.57,0
101,2022,286,1036,13.19,467.9,27.45,0
101,2022,286,1037,13.18,423.2,27.39,0
101,2022,286,1038,13.18,390.1,27.21,0
101,2022,286,1039,13.18,372.2,27.16,0
101,2022,286,1040,13.19,367.8,27.06,0
101,2022,286,1041,13.18,365.7,26.98,0
101,2022,286,1042,13.19,364.3,26.99,0
101,2022,286,1043,13.18,357.9,27,0
101,2022,286,1044,13.18,355.6,27.03,0
101,2022,286,1045,13.18,368.2,27.16,0
101,2022,286,1046,13.18,377.1,27.21,0
101,2022,286,1047,13.19,393.2,27.18,0
101,2022,286,1048,13.19,487.2,27.09,0
101,2022,286,1049,13.19,636.9,27.11,0
101,2022,286,1050,13.18,443.5,27.07,0
101,2022,286,1051,13.19,419,27.04,0
101,2022,286,1052,13.18,526.6,27.02,0
101,2022,286,1053,13.19,954,27.16,0
101,2022,286,1054,13.18,861,27.34,0
101,2022,286,1055,13.18,682,27.41,0
101,2022,286,1056,13.18,705,27.3,0
101,2022,286,1057,13.18,805,27.15,0
101,2022,286,1058,13.18,713,27.32,0
101,2022,286,1059,13.19,559.7,27.41,0
101,2022,286,1100,13.18,550.6,27.43,0
101,2022,286,1101,13.18,579.9,27.32,0
101,2022,286,1102,13.18,730,27.35,0
101,2022,286,1103,13.18,629.9,27.58,0
101,2022,286,1104,13.18,500.1,27.63,0
101,2022,286,1105,13.18,513.5,27.45,0
101,2022,286,1106,13.18,518.9,27.48,0
101,2022,286,1107,13.18,663.8,27.47,0
101,2022,286,1108,13.18,447.4,27.55,0
101,2022,286,1109,13.18,391,27.43,0
101,2022,286,1110,13.18,366.6,27.34,0
101,2022,286,1111,13.18,343,27.28,0
101,2022,286,1112,13.18,326.3,27.3,0
101,2022,286,1113,13.18,321,27.35,0
101,2022,286,1114,13.18,325.4,27.34,0
101,2022,286,1115,13.18,325.3,27.29,0
101,2022,286,1116,13.18,331,27.33,0
101,2022,286,1117,13.18,353.2,27.32,0
101,2022,286,1118,13.18,368,27.27,0
101,2022,286,1119,13.18,360.4,27.27,0
101,2022,286,1120,13.18,363.1,27.27,0
101,2022,286,1121,13.18,380.7,27.31,0
101,2022,286,1122,13.18,404.4,27.31,0
101,2022,286,1123,13.18,450.8,27.31,0
101,2022,286,1124,13.18,510.8,27.38,0
101,2022,286,1125,13.18,654,27.51,0
101,2022,286,1126,13.18,717,27.38,0
101,2022,286,1127,13.18,636.5,27.44,0
101,2022,286,1128,13.18,591.2,27.48,0
101,2022,286,1129,13.18,773,27.41,0
101,2022,286,1130,13.18,504.6,27.43,0
101,2022,286,1131,13.18,483.1,27.45,0
101,2022,286,1132,13.18,437.4,27.5,0
101,2022,286,1133,13.18,403.1,27.62,0
101,2022,286,1134,13.18,373,27.63,0
101,2022,286,1135,13.18,363.7,27.58,0
101,2022,286,1136,13.18,355.9,27.46,0
101,2022,286,1137,13.18,347.9,27.44,0
101,2022,286,1138,13.18,345,27.48,0
101,2022,286,1139,13.18,348.1,27.5,0
101,2022,286,1140,13.18,352.3,27.57,0
101,2022,286,1141,13.18,353.7,27.66,0
101,2022,286,1142,13.18,359,27.64,0
101,2022,286,1143,13.18,366.2,27.64,0
101,2022,286,1144,13.18,378.7,27.6,0
101,2022,286,1145,13.18,398.8,27.57,0
101,2022,286,1146,13.18,422.9,27.46,0
101,2022,286,1147,13.18,451.1,27.39,0
101,2022,286,1148,13.18,475.9,27.33,0
101,2022,286,1149,13.18,497.8,27.41,0
101,2022,286,1150,13.18,507.3,27.39,0
101,2022,286,1151,13.18,518.4,27.44,0
101,2022,286,1152,13.18,587.6,27.49,0
101,2022,286,1153,13.18,550.8,27.46,0
101,2022,286,1154,13.18,537.2,27.56,0
101,2022,286,1155,13.18,528.7,27.65,0
101,2022,286,1156,13.18,526.6,27.49,0
101,2022,286,1157,13.18,524.1,27.52,0
101,2022,286,1158,13.18,522.9,27.54,0
101,2022,286,1159,13.18,525.8,27.52,0
101,2022,286,1200,13.17,525.6,27.53,0
101,2022,286,1201,13.18,531.3,27.56,0
101,2022,286,1202,13.18,538.3,27.73,0
101,2022,286,1203,13.17,548.7,27.72,0
101,2022,286,1204,13.18,556.6,27.73,0
101,2022,286,1205,13.18,560.1,27.92,0
101,2022,286,1206,13.17,556.9,27.98,0
101,2022,286,1207,13.17,570.1,28.08,0
101,2022,286,1208,13.17,685.7,28.19,0
101,2022,286,1209,13.17,734,28.22,0
101,2022,286,1210,13.17,854,28.14,0
101,2022,286,1211,13.17,658.3,28.01,0
101,2022,286,1212,13.17,541,28.08,0
101,2022,286,1213,13.17,485.3,27.84,0
101,2022,286,1214,13.17,507.5,27.8,0
101,2022,286,1215,13.17,485.9,27.66,0
101,2022,286,1216,13.17,476,27.79,0
101,2022,286,1217,13.17,528.7,27.79,0
101,2022,286,1218,13.17,542.7,27.77,0
101,2022,286,1219,13.17,520.4,27.81,0
101,2022,286,1220,13.17,463.6,27.78,0
101,2022,286,1221,13.17,527,27.76,0
101,2022,286,1222,13.17,780,27.78,0
101,2022,286,1223,13.17,1001,27.97,0
101,2022,286,1224,13.17,544.8,28.04,0
101,2022,286,1225,13.17,426.6,28.07,0
101,2022,286,1226,13.17,412,28,0
101,2022,286,1227,13.17,470.5,27.92,0
101,2022,286,1228,13.17,781,27.99,0
101,2022,286,1229,13.18,962,28.01,0
101,2022,286,1230,13.17,639.4,28.03,0
101,2022,286,1231,13.17,402.9,28.12,0
101,2022,286,1232,13.17,392.1,28.1,0
101,2022,286,1233,13.14,383.7,27.97,0
101,2022,286,1234,13.14,377,27.72,0
101,2022,286,1235,13.15,388.9,27.58,0
101,2022,286,1236,13.15,433.8,27.62,0
101,2022,286,1237,13.15,848,27.69,0
101,2022,286,1238,13.16,1161,27.92,0
101,2022,286,1239,13.15,1153,28.28,0
101,2022,286,1240,13.15,1153,28.12,0
101,2022,286,1241,13.15,1150,28.16,0
101,2022,286,1242,13.15,1137,28.39,0
101,2022,286,1243,13.16,1058,28.52,0
101,2022,286,1244,13.15,411.6,28.48,0
101,2022,286,1245,13.15,346.9,28.37,0
101,2022,286,1246,13.15,328.5,28.22,0
101,2022,286,1247,13.15,319.4,27.96,0
101,2022,286,1248,13.15,321.1,27.82,0
101,2022,286,1249,13.15,326.9,27.8,0
101,2022,286,1250,13.15,345.8,27.85,0
101,2022,286,1251,13.15,378.7,27.99,0
101,2022,286,1252,13.15,424,27.98,0
101,2022,286,1253,13.15,459.3,27.86,0
101,2022,286,1254,13.15,445.6,27.8,0
101,2022,286,1255,13.15,494.6,27.88,0
101,2022,286,1256,13.15,440.6,28,0
101,2022,286,1257,13.15,440.8,27.95,0
101,2022,286,1258,13.15,459.8,27.89,0
101,2022,286,1259,13.15,511.1,27.86,0
101,2022,286,1300,13.15,744,27.89,0
101,2022,286,1301,13.15,978,28.11,0
101,2022,286,1302,13.15,923,28.38,0
101,2022,286,1303,13.15,673,28.36,0
101,2022,286,1304,13.15,454.7,28.23,0
101,2022,286,1305,13.15,460.9,28.18,0
101,2022,286,1306,13.15,484.9,28.15,0
101,2022,286,1307,13.15,523.7,27.97,0
101,2022,286,1308,13.15,416.7,27.82,0
101,2022,286,1309,13.15,394.3,27.91,0
101,2022,286,1310,13.15,390,27.95,0
101,2022,286,1311,13.15,507.5,27.94,0
101,2022,286,1312,13.15,570,27.97,0
101,2022,286,1313,13.15,466,27.89,0
101,2022,286,1314,13.15,423.8,27.81,0
101,2022,286,1315,13.15,405.7,27.86,0
101,2022,286,1316,13.15,401.5,27.89,0
101,2022,286,1317,13.15,404.2,27.9,0
101,2022,286,1318,13.15,418.7,27.86,0
101,2022,286,1319,13.15,438.2,27.77,0
101,2022,286,1320,13.15,441.4,27.75,0
101,2022,286,1321,13.15,521.1,27.66,0
101,2022,286,1322,13.15,739,27.59,0
101,2022,286,1323,13.15,439.8,27.56,0
101,2022,286,1324,13.15,408.9,27.67,0
101,2022,286,1325,13.15,415.1,27.68,0
101,2022,286,1326,13.15,432.6,27.59,0
101,2022,286,1327,13.15,466.5,27.61,0
101,2022,286,1328,13.15,610.4,27.62,0
101,2022,286,1329,13.15,635.7,27.55,0
101,2022,286,1330,13.15,648.8,27.7,0
101,2022,286,1331,13.15,841,27.9,0
101,2022,286,1332,13.15,983,28.04,0
101,2022,286,1333,13.15,1086,28.22,0
101,2022,286,1334,13.15,1066,28.21,0
101,2022,286,1335,13.15,997,28.23,0
101,2022,286,1336,13.15,980,28.42,0
101,2022,286,1337,13.15,994,28.74,0
101,2022,286,1338,13.15,1048,28.63,0
101,2022,286,1339,13.15,1031,28.34,0
101,2022,286,1340,13.15,473.8,28.35,0
101,2022,286,1341,13.15,396.4,28.22,0
101,2022,286,1342,13.15,505.9,28.1,0
101,2022,286,1343,13.15,642.7,28.01,0
101,2022,286,1344,13.15,946,28.04,0
101,2022,286,1345,13.15,1084,28.18,0
101,2022,286,1346,13.15,1063,28.28,0
101,2022,286,1347,13.15,1045,28.36,0
101,2022,286,1348,13.15,1010,28.31,0
101,2022,286,1349,13.14,824,28.43,0
101,2022,286,1350,13.14,1031,28.45,0
101,2022,286,1351,13.14,1025,28.15,0
101,2022,286,1352,13.15,1012,28.04,0
101,2022,286,1353,13.15,999,28.04,0
101,2022,286,1354,13.14,987,28.06,0
101,2022,286,1355,13.15,992,28.32,0
101,2022,286,1356,13.14,997,28.32,0
101,2022,286,1357,13.14,997,28.41,0
101,2022,286,1358,13.14,992,28.58,0
101,2022,286,1359,13.14,1002,28.42,0
101,2022,286,1400,13.14,1007,28.17,0
101,2022,286,1401,13.14,601.3,28.15,0
101,2022,286,1402,13.14,486.1,27.96,0
101,2022,286,1403,13.14,432.2,27.89,0
101,2022,286,1404,13.14,406.8,27.73,0
101,2022,286,1405,13.14,406.5,27.59,0
101,2022,286,1406,13.14,407.5,27.71,0
101,2022,286,1407,13.14,400.6,27.66,0
101,2022,286,1408,13.14,383.9,27.58,0
101,2022,286,1409,13.14,370.5,27.49,0
101,2022,286,1410,13.14,356.6,27.55,0
101,2022,286,1411,13.15,352.5,27.47,0
101,2022,286,1412,13.14,358.9,27.48,0
101,2022,286,1413,13.14,363.2,27.54,0
101,2022,286,1414,13.14,365,27.59,0
101,2022,286,1415,13.15,536.6,27.5,0
101,2022,286,1416,13.15,565.4,27.45,0
101,2022,286,1417,13.15,609.8,27.44,0
101,2022,286,1418,13.15,685.2,27.65,0
101,2022,286,1419,13.15,720,27.64,0
101,2022,286,1420,13.15,748,27.67,0
101,2022,286,1421,13.15,767,27.86,0
101,2022,286,1422,13.15,546.2,28.08,0
101,2022,286,1423,13.15,547,28.25,0
101,2022,286,1424,13.15,606.8,28.44,0
101,2022,286,1425,13.15,637.1,28.46,0
101,2022,286,1426,13.15,461.8,28.37,0
101,2022,286,1427,13.15,398.6,28.12,0
101,2022,286,1428,13.15,427.5,27.99,0
101,2022,286,1429,13.15,401.8,28,0
101,2022,286,1430,13.15,438.8,28.04,0
101,2022,286,1431,13.15,471.7,28.08,0
101,2022,286,1432,13.15,467.6,28.18,0
101,2022,286,1433,13.15,412,28.34,0
101,2022,286,1434,13.15,434.7,28.36,0
101,2022,286,1435,13.15,712,28.41,0
101,2022,286,1436,13.15,666.4,28.42,0
101,2022,286,1437,13.15,713,28.44,0
101,2022,286,1438,13.15,777,28.41,0
101,2022,286,1439,13.15,761,28.52,0
101,2022,286,1440,13.14,758,28.49,0
101,2022,286,1441,13.15,749,28.49,0
101,2022,286,1442,13.14,742,28.44,0
101,2022,286,1443,13.15,713,28.55,0
101,2022,286,1444,13.14,660.6,28.58,0
101,2022,286,1445,13.14,646.4,28.71,0
101,2022,286,1446,13.14,623.5,28.7,0
101,2022,286,1447,13.14,601,28.76,0
101,2022,286,1448,13.14,606.4,28.74,0
101,2022,286,1449,13.14,614.5,28.63,0
101,2022,286,1450,13.14,521.5,28.7,0
101,2022,286,1451,13.14,545,28.24,0
101,2022,286,1452,13.14,268.7,28.12,0
101,2022,286,1453,13.14,189.2,28.08,0
101,2022,286,1454,13.14,167.9,27.89,0
101,2022,286,1455,13.14,157.7,27.88,0
101,2022,286,1456,13.14,147.3,27.83,0
101,2022,286,1457,13.14,140.6,27.69,0
101,2022,286,1458,13.14,135.4,27.62,0
101,2022,286,1459,13.15,125.5,27.52,0
101,2022,286,1500,13.15,116.5,27.48,0
101,2022,286,1501,13.15,108.2,27.38,0
101,2022,286,1502,13.15,99.7,27.33,0
101,2022,286,1503,13.15,95.5,27.18,0
101,2022,286,1504,13.15,94.1,27.04,0
101,2022,286,1505,13.15,93.8,26.92,0
101,2022,286,1506,13.15,103.3,26.85,0
101,2022,286,1507,13.15,104.7,26.8,0
101,2022,286,1508,13.15,90.7,26.8,0
101,2022,286,1509,13.16,86.5,26.78,0
101,2022,286,1510,13.16,85,26.81,0
101,2022,286,1511,13.16,84.9,26.86,0
101,2022,286,1512,13.16,85.8,26.78,0
101,2022,286,1513,13.16,87.1,26.72,0
101,2022,286,1514,13.16,88,26.63,0
101,2022,286,1515,13.16,89.5,26.59,0
101,2022,286,1516,13.16,91.4,26.6,0
101,2022,286,1517,13.16,93.4,26.57,0
101,2022,286,1518,13.16,96.1,26.53,0
101,2022,286,1519,13.16,100.7,26.48,0
101,2022,286,1520,13.16,103.3,26.44,0
101,2022,286,1521,13.16,106.1,26.45,0
101,2022,286,1522,13.16,111.1,26.46,0
101,2022,286,1523,13.16,115.9,26.43,0
101,2022,286,1524,13.16,117.8,26.39,0
101,2022,286,1525,13.16,118.3,26.39,0
101,2022,286,1526,13.17,118.6,26.4,0
101,2022,286,1527,13.17,117.4,26.42,0
101,2022,286,1528,13.17,115.1,26.4,0
101,2022,286,1529,13.17,114.2,26.38,0
101,2022,286,1530,13.17,114.8,26.39,0
101,2022,286,1531,13.17,117.4,26.39,0
101,2022,286,1532,13.17,120.8,26.42,0
101,2022,286,1533,13.17,131.8,26.41,0
101,2022,286,1534,13.17,288.9,26.4,0
101,2022,286,1535,13.17,374.4,26.43,0
101,2022,286,1536,13.17,390.9,26.5,0
101,2022,286,1537,13.17,391.4,26.57,0
101,2022,286,1538,13.17,393.5,26.62,0
101,2022,286,1539,13.17,394.7,26.67,0
101,2022,286,1540,13.17,396.1,26.7,0
101,2022,286,1541,13.17,393.6,26.7,0
101,2022,286,1542,13.17,384.5,26.8,0
101,2022,286,1543,13.17,375.5,26.83,0
101,2022,286,1544,13.17,372.1,26.8,0
101,2022,286,1545,13.17,364.3,26.74,0
101,2022,286,1546,13.17,360.9,26.81,0
101,2022,286,1547,13.17,356.9,26.77,0
101,2022,286,1548,13.17,352.8,26.78,0
101,2022,286,1549,13.17,345.5,26.8,0
101,2022,286,1550,13.17,339.2,26.83,0
101,2022,286,1551,13.17,336.8,26.88,0
101,2022,286,1552,13.17,330.9,26.91,0
101,2022,286,1553,13.17,326.6,26.95,0
101,2022,286,1554,13.17,320.3,26.85,0
101,2022,286,1555,13.17,321.1,26.75,0
101,2022,286,1556,13.17,317.8,26.69,0
101,2022,286,1557,13.17,309.8,26.76,0
101,2022,286,1558,13.16,304.1,26.86,0
101,2022,286,1559,13.16,301.4,26.88,0
101,2022,286,1600,13.17,296.5,26.81,0
101,2022,286,1601,13.17,288.5,26.75,0
101,2022,286,1602,13.17,282.2,26.65,0
101,2022,286,1603,13.17,282.8,26.55,0
101,2022,286,1604,13.17,280.2,26.49,0
101,2022,286,1605,13.17,277,26.47,0
101,2022,286,1606,13.17,270.8,26.51,0
101,2022,286,1607,13.17,263.1,26.58,0
101,2022,286,1608,13.17,254,26.6,0
101,2022,286,1609,13.17,237.7,26.6,0
101,2022,286,1610,13.17,204.2,26.67,0
101,2022,286,1611,13.17,162.4,26.67,0
101,2022,286,1612,13.17,136.9,26.51,0
101,2022,286,1613,13.17,122.4,26.43,0
101,2022,286,1614,13.17,116.9,26.43,0
101,2022,286,1615,13.17,112.3,26.33,0
101,2022,286,1616,13.17,111.3,26.3,0
101,2022,286,1617,13.17,99.9,26.19,0
101,2022,286,1618,13.17,86.5,26.17,0
101,2022,286,1619,13.17,81.4,26.19,0
101,2022,286,1620,13.17,80,26.17,0
101,2022,286,1621,13.17,78.5,26.09,0
101,2022,286,1622,13.17,77.9,26.03,0
101,2022,286,1623,13.17,73.6,25.99,0
101,2022,286,1624,13.18,69.47,25.98,0
101,2022,286,1625,13.17,65.89,25.99,0
101,2022,286,1626,13.17,63.5,25.97,0
101,2022,286,1627,13.18,62.65,25.97,0
101,2022,286,1628,13.18,59.53,25.93,0
101,2022,286,1629,13.18,56.09,25.86,0
101,2022,286,1630,13.17,54.32,25.8,0
101,2022,286,1631,13.18,55.05,25.75,0
101,2022,286,1632,13.18,55.39,25.7,0
101,2022,286,1633,13.18,53.89,25.7,0
101,2022,286,1634,13.18,51.81,25.7,0
101,2022,286,1635,13.18,50.43,25.7,0
101,2022,286,1636,13.18,48.4,25.69,0
101,2022,286,1637,13.17,45.86,25.65,0
101,2022,286,1638,13.17,43.5,25.62,0
101,2022,286,1639,13.16,41.41,25.61,0
101,2022,286,1640,13.16,39.92,25.62,0
101,2022,286,1641,13.16,38.14,25.6,0
101,2022,286,1642,13.15,37.36,25.57,0
101,2022,286,1643,13.15,37.19,25.56,0
101,2022,286,1644,13.14,36.88,25.54,0
101,2022,286,1645,13.14,37.3,25.5,0
101,2022,286,1646,13.13,37.78,25.47,0
101,2022,286,1647,13.12,41.89,25.45,0
101,2022,286,1648,13.12,48.99,25.44,0
101,2022,286,1649,13.12,55.19,25.42,0
101,2022,286,1650,13.12,57.7,25.39,0
101,2022,286,1651,13.11,55.61,25.39,0
101,2022,286,1652,13.11,50.79,25.39,0
101,2022,286,1653,13.1,42.76,25.39,0
101,2022,286,1654,13.09,35.72,25.37,0
101,2022,286,1655,13.08,31.47,25.33,0
101,2022,286,1656,13.07,29.02,25.3,0
101,2022,286,1657,13.06,27.13,25.27,0
101,2022,286,1658,13.06,25.47,25.23,0
101,2022,286,1659,13.05,23.81,25.21,0
101,2022,286,1700,13.04,22.82,25.19,0
101,2022,286,1701,13.03,24.14,25.2,0
101,2022,286,1702,13.03,24.71,25.19,0
101,2022,286,1703,13.02,21.64,25.16,0
101,2022,286,1704,13.01,18.79,25.13,0
101,2022,286,1705,13.01,17.21,25.12,0
101,2022,286,1706,13,15.95,25.1,0
101,2022,286,1707,13,14.87,25.08,0
101,2022,286,1708,12.99,13.8,25.05,0
101,2022,286,1709,12.99,12.65,25.03,0
101,2022,286,1710,12.98,11.61,25.02,0
101,2022,286,1711,12.98,10.76,25,0
101,2022,286,1712,12.98,10.17,24.97,0
101,2022,286,1713,12.97,9.49,24.95,0
101,2022,286,1714,12.97,8.45,24.93,0
101,2022,286,1715,12.97,7.32,24.9,0
101,2022,286,1716,12.96,6.17,24.89,0
101,2022,286,1717,12.96,5.296,24.88,0
101,2022,286,1718,12.96,4.564,24.86,0
101,2022,286,1719,12.95,4.17,24.84,0
101,2022,286,1720,12.95,3.972,24.81,0
101,2022,286,1721,12.95,3.944,24.8,0
101,2022,286,1722,12.95,4.057,24.78,0
101,2022,286,1723,12.94,4.057,24.77,0
101,2022,286,1724,12.94,3.775,24.76,0
101,2022,286,1725,12.94,3.381,24.75,0
101,2022,286,1726,12.93,3.071,24.73,0
101,2022,286,1727,12.93,2.677,24.7,0
101,2022,286,1728,12.93,2.085,24.68,0
101,2022,286,1729,12.93,1.55,24.67,0
101,2022,286,1730,12.93,1.099,24.65,0
101,2022,286,1731,12.92,.817,24.65,0
101,2022,286,1732,12.92,.676,24.63,0
101,2022,286,1733,12.92,.676,24.63,0
101,2022,286,1734,12.92,.592,24.61,0
101,2022,286,1735,12.91,.394,24.6,0
101,2022,286,1736,12.91,.338,24.59,0
101,2022,286,1737,12.91,.056,24.58,0
101,2022,286,1738,12.91,0,24.56,0
101,2022,286,1739,12.91,0,24.55,0
101,2022,286,1740,12.91,0,24.54,0
101,2022,286,1741,12.91,0,24.53,0
101,2022,286,1742,12.9,0,24.51,0
101,2022,286,1743,12.9,0,24.5,0
101,2022,286,1744,12.9,0,24.5,0
101,2022,286,1745,12.9,0,24.5,0
101,2022,286,1746,12.9,0,24.49,0
101,2022,286,1747,12.9,0,24.48,0
101,2022,286,1748,12.89,0,24.48,0
101,2022,286,1749,12.9,0,24.48,0
101,2022,286,1750,12.89,0,24.48,0
101,2022,286,1751,12.89,0,24.48,0
101,2022,286,1752,12.89,0,24.48,0
101,2022,286,1753,12.89,0,24.47,0
101,2022,286,1754,12.89,0,24.46,0
101,2022,286,1755,12.89,0,24.45,0
101,2022,286,1756,12.89,0,24.45,0
101,2022,286,1757,12.88,0,24.43,0
101,2022,286,1758,12.88,0,24.42,0
101,2022,286,1759,12.88,0,24.4,0
101,2022,286,1800,12.88,0,24.38,0
101,2022,286,1801,12.88,0,24.35,0
101,2022,286,1802,12.88,0,24.33,0
101,2022,286,1803,12.88,0,24.31,0
101,2022,286,1804,12.88,0,24.28,0
101,2022,286,1805,12.88,0,24.27,0
101,2022,286,1806,12.88,0,24.28,0
101,2022,286,1807,12.88,0,24.28,0
101,2022,286,1808,12.87,0,24.27,0
101,2022,286,1809,12.88,0,24.27,0
101,2022,286,1810,12.87,0,24.25,0
101,2022,286,1811,12.87,0,24.25,0
101,2022,286,1812,12.87,0,24.24,0
101,2022,286,1813,12.87,0,24.22,0
101,2022,286,1814,12.87,0,24.22,0
101,2022,286,1815,12.87,0,24.21,0
101,2022,286,1816,12.87,0,24.2,0
101,2022,286,1817,12.87,0,24.21,0
101,2022,286,1818,12.86,0,24.22,0
101,2022,286,1819,12.86,0,24.21,0
101,2022,286,1820,12.86,0,24.21,0
101,2022,286,1821,12.86,0,24.2,0
101,2022,286,1822,12.86,0,24.2,0
101,2022,286,1823,12.86,0,24.21,0
101,2022,286,1824,12.86,0,24.21,0
101,2022,286,1825,12.86,0,24.2,0
101,2022,286,1826,12.86,0,24.21,0
101,2022,286,1827,12.86,0,24.21,0
101,2022,286,1828,12.86,0,24.2,0
101,2022,286,1829,12.86,0,24.22,0
101,2022,286,1830,12.86,0,24.22,0
101,2022,286,1831,12.86,0,24.22,0
101,2022,286,1832,12.86,0,24.23,0
101,2022,286,1833,12.86,0,24.22,0
101,2022,286,1834,12.86,0,24.22,0
101,2022,286,1835,12.86,0,24.23,0
101,2022,286,1836,12.86,0,24.25,0
101,2022,286,1837,12.86,0,24.27,0
101,2022,286,1838,12.85,0,24.27,0
101,2022,286,1839,12.85,0,24.27,0
101,2022,286,1840,12.85,0,24.27,0
101,2022,286,1841,12.85,0,24.28,0
101,2022,286,1842,12.85,0,24.29,0
101,2022,286,1843,12.85,0,24.29,0
101,2022,286,1844,12.85,0,24.29,0
101,2022,286,1845,12.85,0,24.3,0
101,2022,286,1846,12.85,0,24.3,0
101,2022,286,1847,12.85,0,24.3,0
101,2022,286,1848,12.85,0,24.3,0
101,2022,286,1849,12.85,0,24.3,0
101,2022,286,1850,12.85,0,24.28,0
101,2022,286,1851,12.85,0,24.27,0
101,2022,286,1852,12.84,0,24.25,0
101,2022,286,1853,12.85,0,24.25,0
101,2022,286,1854,12.84,0,24.24,0
101,2022,286,1855,12.84,0,24.22,0
101,2022,286,1856,12.84,0,24.22,0
101,2022,286,1857,12.85,0,24.2,0
101,2022,286,1858,12.84,0,24.22,0
101,2022,286,1859,12.84,0,24.22,0
101,2022,286,1900,12.84,0,24.22,0
101,2022,286,1901,12.84,0,24.22,0
101,2022,286,1902,12.84,0,24.22,0
101,2022,286,1903,12.84,0,24.22,0
101,2022,286,1904,12.84,0,24.21,0
101,2022,286,1905,12.84,0,24.2,0
101,2022,286,1906,12.84,0,24.2,0
101,2022,286,1907,12.84,0,24.19,0
101,2022,286,1908,12.84,0,24.19,0
101,2022,286,1909,12.84,0,24.19,0
101,2022,286,1910,12.84,0,24.19,0
101,2022,286,1911,12.84,0,24.2,0
101,2022,286,1912,12.84,0,24.19,0
101,2022,286,1913,12.84,0,24.2,0
101,2022,286,1914,12.84,0,24.2,0
101,2022,286,1915,12.84,0,24.21,0
101,2022,286,1916,12.84,0,24.22,0
101,2022,286,1917,12.84,0,24.22,0
101,2022,286,1918,12.84,0,24.22,0
101,2022,286,1919,12.84,0,24.22,0
101,2022,286,1920,12.84,0,24.22,0
101,2022,286,1921,12.84,0,24.22,0
101,2022,286,1922,12.84,0,24.22,0
101,2022,286,1923,12.84,0,24.22,0
101,2022,286,1924,12.84,0,24.22,0
101,2022,286,1925,12.84,0,24.22,0
101,2022,286,1926,12.84,0,24.22,0
101,2022,286,1927,12.84,0,24.22,0
101,2022,286,1928,12.84,0,24.21,0
101,2022,286,1929,12.84,0,24.2,0
101,2022,286,1930,12.83,0,24.19,0
101,2022,286,1931,12.83,0,24.19,0
101,2022,286,1932,12.83,0,24.19,0
101,2022,286,1933,12.83,0,24.17,0
101,2022,286,1934,12.83,0,24.16,0
101,2022,286,1935,12.83,0,24.15,0
101,2022,286,1936,12.83,0,24.14,0
101,2022,286,1937,12.83,0,24.13,0
101,2022,286,1938,12.83,0,24.11,0
101,2022,286,1939,12.83,0,24.09,0
101,2022,286,1940,12.83,0,24.08,0
101,2022,286,1941,12.83,0,24.07,0
101,2022,286,1942,12.83,0,24.06,0
101,2022,286,1943,12.83,0,24.04,0
101,2022,286,1944,12.83,0,24.04,0
101,2022,286,1945,12.83,0,24.03,0
101,2022,286,1946,12.83,0,24.01,0
101,2022,286,1947,12.83,0,23.99,0
101,2022,286,1948,12.83,0,23.99,0
101,2022,286,1949,12.83,0,23.98,0
101,2022,286,1950,12.83,0,23.97,0
101,2022,286,1951,12.83,0,23.96,0
101,2022,286,1952,12.83,0,23.94,0
101,2022,286,1953,12.83,0,23.94,0
101,2022,286,1954,12.83,0,23.92,0
101,2022,286,1955,12.83,0,23.9,0
101,2022,286,1956,12.83,0,23.89,0
101,2022,286,1957,12.83,0,23.89,0
101,2022,286,1958,12.83,0,23.87,0
101,2022,286,1959,12.82,0,23.86,0
101,2022,286,2000,12.82,0,23.86,0
101,2022,286,2001,12.82,0,23.85,0
101,2022,286,2002,12.83,0,23.84,0
101,2022,286,2003,12.83,0,23.83,0
101,2022,286,2004,12.83,0,23.82,0
101,2022,286,2005,12.82,0,23.81,0
101,2022,286,2006,12.82,0,23.79,0
101,2022,286,2007,12.82,0,23.8,0
101,2022,286,2008,12.82,0,23.79,0
101,2022,286,2009,12.83,0,23.77,0
101,2022,286,2010,12.82,0,23.76,0
101,2022,286,2011,12.82,0,23.77,0
101,2022,286,2012,12.82,0,23.77,0
101,2022,286,2013,12.82,0,23.78,0
101,2022,286,2014,12.82,0,23.79,0
101,2022,286,2015,12.82,0,23.81,0
101,2022,286,2016,12.82,0,23.79,0
101,2022,286,2017,12.82,0,23.79,0
101,2022,286,2018,12.82,0,23.78,0
101,2022,286,2019,12.82,0,23.77,0
101,2022,286,2020,12.82,0,23.77,0
101,2022,286,2021,12.82,0,23.76,0
101,2022,286,2022,12.82,0,23.75,0
101,2022,286,2023,12.82,0,23.74,0
101,2022,286,2024,12.82,0,23.74,0
101,2022,286,2025,12.82,0,23.74,0
101,2022,286,2026,12.82,0,23.72,0
101,2022,286,2027,12.82,0,23.72,0
101,2022,286,2028,12.82,0,23.72,0
101,2022,286,2029,12.82,0,23.72,0
101,2022,286,2030,12.82,0,23.72,0
101,2022,286,2031,12.82,0,23.71,0
101,2022,286,2032,12.82,0,23.7,0
101,2022,286,2033,12.82,0,23.68,0
101,2022,286,2034,12.82,0,23.67,0
101,2022,286,2035,12.82,0,23.66,0
101,2022,286,2036,12.82,0,23.64,0
101,2022,286,2037,12.82,0,23.62,0
101,2022,286,2038,12.82,0,23.61,0
101,2022,286,2039,12.82,0,23.6,0
101,2022,286,2040,12.81,0,23.59,0
101,2022,286,2041,12.82,0,23.58,0
101,2022,286,2042,12.82,0,23.57,0
101,2022,286,2043,12.81,0,23.56,0
101,2022,286,2044,12.81,0,23.57,0
101,2022,286,2045,12.81,0,23.55,0
101,2022,286,2046,12.81,0,23.54,0
101,2022,286,2047,12.81,0,23.54,0
101,2022,286,2048,12.81,0,23.52,0
101,2022,286,2049,12.81,0,23.5,0
101,2022,286,2050,12.81,0,23.5,0
101,2022,286,2051,12.81,0,23.48,0
101,2022,286,2052,12.81,0,23.46,0
101,2022,286,2053,12.81,0,23.45,0
101,2022,286,2054,12.81,0,23.43,0
101,2022,286,2055,12.81,0,23.42,0
101,2022,286,2056,12.81,0,23.39,0
101,2022,286,2057,12.81,0,23.37,0
101,2022,286,2058,12.81,0,23.37,0
101,2022,286,2059,12.81,0,23.37,0
101,2022,286,2100,12.81,0,23.35,0
101,2022,286,2101,12.81,0,23.33,0
101,2022,286,2102,12.81,0,23.31,0
101,2022,286,2103,12.81,0,23.29,0
101,2022,286,2104,12.81,0,23.27,0
101,2022,286,2105,12.81,0,23.24,0
101,2022,286,2106,12.81,0,23.21,0
101,2022,286,2107,12.81,0,23.16,0
101,2022,286,2108,12.81,0,23.14,0
101,2022,286,2109,12.81,0,23.11,0
101,2022,286,2110,12.81,0,23.05,0
101,2022,286,2111,12.81,0,23.01,0
101,2022,286,2112,12.81,0,22.92,0
101,2022,286,2113,12.81,0,22.74,0
101,2022,286,2114,12.81,0,22.65,0
101,2022,286,2115,12.8,0,22.57,0
101,2022,286,2116,12.81,0,22.43,0
101,2022,286,2117,12.81,0,22.31,0
101,2022,286,2118,12.81,0,22.24,0
101,2022,286,2119,12.8,0,22.18,0
101,2022,286,2120,12.81,0,22.16,0
101,2022,286,2121,12.81,0,22.13,0
101,2022,286,2122,12.81,0,22.11,0
101,2022,286,2123,12.81,0,22.09,0
101,2022,286,2124,12.8,0,22.09,0
101,2022,286,2125,12.81,0,22.09,0
101,2022,286,2126,12.8,0,22.07,0
101,2022,286,2127,12.81,0,22.09,0
101,2022,286,2128,12.81,0,22.12,0
101,2022,286,2129,12.81,0,22.12,0
101,2022,286,2130,12.8,0,22.11,0
101,2022,286,2131,12.81,0,22.11,0
101,2022,286,2132,12.81,0,22.12,0
101,2022,286,2133,12.81,0,22.13,0
101,2022,286,2134,12.81,0,22.14,0
101,2022,286,2135,12.8,0,22.13,0
101,2022,286,2136,12.8,0,22.12,0
101,2022,286,2137,12.81,0,22.13,0
101,2022,286,2138,12.8,0,22.13,0
101,2022,286,2139,12.8,0,22.14,0
101,2022,286,2140,12.8,0,22.15,0
101,2022,286,2141,12.8,0,22.17,0
101,2022,286,2142,12.8,0,22.18,0
101,2022,286,2143,12.8,0,22.18,0
101,2022,286,2144,12.8,0,22.17,0
101,2022,286,2145,12.8,0,22.16,0
101,2022,286,2146,12.8,0,22.15,0
101,2022,286,2147,12.8,0,22.14,0
101,2022,286,2148,12.8,0,22.12,0
101,2022,286,2149,12.8,0,22.1,0
101,2022,286,2150,12.8,0,22.09,0
101,2022,286,2151,12.8,0,22.09,0
101,2022,286,2152,12.8,0,22.08,0
101,2022,286,2153,12.8,0,22.07,0
101,2022,286,2154,12.8,0,22.07,0
101,2022,286,2155,12.8,0,22.08,0
101,2022,286,2156,12.8,0,22.1,0
101,2022,286,2157,12.8,0,22.11,0
101,2022,286,2158,12.8,0,22.13,0
101,2022,286,2159,12.8,0,22.15,0
101,2022,286,2200,12.8,0,22.17,0
101,2022,286,2201,12.8,0,22.18,0
101,2022,286,2202,12.8,0,22.19,0
101,2022,286,2203,12.8,0,22.19,0
101,2022,286,2204,12.8,0,22.19,0
101,2022,286,2205,12.8,0,22.2,0
101,2022,286,2206,12.8,0,22.2,0
101,2022,286,2207,12.8,0,22.2,0
101,2022,286,2208,12.8,0,22.2,0
101,2022,286,2209,12.8,0,22.21,0
101,2022,286,2210,12.8,0,22.22,0
101,2022,286,2211,12.8,0,22.23,0
101,2022,286,2212,12.79,0,22.24,0
101,2022,286,2213,12.79,0,22.25,0
101,2022,286,2214,12.79,0,22.26,0
101,2022,286,2215,12.8,0,22.27,0
101,2022,286,2216,12.79,0,22.3,0
101,2022,286,2217,12.79,0,22.3,0
101,2022,286,2218,12.79,0,22.3,0
101,2022,286,2219,12.8,0,22.3,0
101,2022,286,2220,12.79,0,22.29,0
101,2022,286,2221,12.79,0,22.31,0
101,2022,286,2222,12.79,0,22.33,0
101,2022,286,2223,12.79,0,22.35,0
101,2022,286,2224,12.79,0,22.38,0
101,2022,286,2225,12.79,0,22.41,0
101,2022,286,2226,12.79,0,22.44,0
101,2022,286,2227,12.79,0,22.47,0
101,2022,286,2228,12.79,0,22.54,0
101,2022,286,2229,12.79,0,22.56,0
101,2022,286,2230,12.79,0,22.59,0
101,2022,286,2231,12.79,0,22.61,0
101,2022,286,2232,12.79,0,22.65,0
101,2022,286,2233,12.79,0,22.69,0
101,2022,286,2234,12.79,0,22.73,0
101,2022,286,2235,12.79,0,22.71,0
101,2022,286,2236,12.79,0,22.72,0
101,2022,286,2237,12.79,0,22.74,0
101,2022,286,2238,12.79,0,22.74,0
101,2022,286,2239,12.79,0,22.72,0
101,2022,286,2240,12.79,0,22.7,0
101,2022,286,2241,12.79,0,22.71,0
101,2022,286,2242,12.79,0,22.72,0
101,2022,286,2243,12.79,0,22.7,0
101,2022,286,2244,12.79,0,22.71,0
101,2022,286,2245,12.79,0,22.72,0
101,2022,286,2246,12.79,0,22.71,0
101,2022,286,2247,12.79,0,22.7,0
101,2022,286,2248,12.79,0,22.69,0
101,2022,286,2249,12.79,0,22.67,0
101,2022,286,2250,12.79,0,22.64,0
101,2022,286,2251,12.79,0,22.62,0
101,2022,286,2252,12.79,0,22.61,0
101,2022,286,2253,12.79,0,22.61,0
101,2022,286,2254,12.79,0,22.62,0
101,2022,286,2255,12.79,0,22.62,0
101,2022,286,2256,12.79,0,22.6,0
101,2022,286,2257,12.79,0,22.58,0
101,2022,286,2258,12.79,0,22.56,0
101,2022,286,2259,12.79,0,22.54,0
101,2022,286,2300,12.79,0,22.53,0
101,2022,286,2301,12.79,0,22.55,0
101,2022,286,2302,12.79,0,22.56,0
101,2022,286,2303,12.79,0,22.56,0
101,2022,286,2304,12.79,0,22.57,0
101,2022,286,2305,12.79,0,22.57,0
101,2022,286,2306,12.79,0,22.55,0
101,2022,286,2307,12.79,0,22.53,0
101,2022,286,2308,12.79,0,22.51,0
101,2022,286,2309,12.79,0,22.5,0
101,2022,286,2310,12.79,0,22.51,0
101,2022,286,2311,12.79,0,22.52,0
101,2022,286,2312,12.79,0,22.52,0
101,2022,286,2313,12.79,0,22.49,0
101,2022,286,2314,12.79,0,22.45,0
101,2022,286,2315,12.79,0,22.43,0
101,2022,286,2316,12.79,0,22.39,0
101,2022,286,2317,12.79,0,22.37,0
101,2022,286,2318,12.79,0,22.34,0
101,2022,286,2319,12.79,0,22.32,0
101,2022,286,2320,12.79,0,22.31,0
101,2022,286,2321,12.79,0,22.28,0
101,2022,286,2322,12.79,0,22.25,0
101,2022,286,2323,12.79,0,22.24,0
101,2022,286,2324,12.79,0,22.22,0
101,2022,286,2325,12.79,0,22.21,0
101,2022,286,2326,12.79,0,22.21,0
101,2022,286,2327,12.79,0,22.21,0
101,2022,286,2328,12.79,0,22.22,0
101,2022,286,2329,12.79,0,22.26,0
101,2022,286,2330,12.79,0,22.27,0
101,2022,286,2331,12.79,0,22.25,0
101,2022,286,2332,12.79,0,22.24,0
101,2022,286,2333,12.79,0,22.24,0
101,2022,286,2334,12.79,0,22.22,0
101,2022,286,2335,12.79,0,22.29,0
101,2022,286,2336,12.79,0,22.32,0
101,2022,286,2337,12.79,0,22.33,0
101,2022,286,2338,12.79,0,22.38,0
101,2022,286,2339,12.79,0,22.39,0
101,2022,286,2340,12.79,0,22.37,0
101,2022,286,2341,12.78,0,22.34,0
101,2022,286,2342,12.78,0,22.32,0
101,2022,286,2343,12.79,0,22.34,0
101,2022,286,2344,12.79,0,22.37,0
101,2022,286,2345,12.78,0,22.41,0
101,2022,286,2346,12.79,0,22.43,0
101,2022,286,2347,12.78,0,22.44,0
101,2022,286,2348,12.78,0,22.43,0
101,2022,286,2349,12.78,0,22.4,0
101,2022,286,2350,12.78,0,22.37,0
101,2022,286,2351,12.78,0,22.36,0
101,2022,286,2352,12.78,0,22.34,0
101,2022,286,2353,12.78,0,22.31,0
101,2022,286,2354,12.78,0,22.28,0
101,2022,286,2355,12.78,0,22.25,0
101,2022,286,2356,12.78,0,22.22,0
101,2022,286,2357,12.78,0,22.2,0
101,2022,286,2358,12.78,0,22.17,0
101,2022,286,2359,12.78,.028,22.14,0
