a,b,dia_juliano,d,e,f,g,h
101,2022,360,1,12.72,0.0,22.52,0.0
101,2022,360,2,12.72,0.0,22.54,0.0
101,2022,360,3,12.72,0.0,22.54,0.0
101,2022,360,4,12.72,0.0,22.52,0.0
101,2022,360,5,12.72,0.0,22.54,0.0
101,2022,360,6,12.72,0.0,22.55,0.0
101,2022,360,7,12.72,0.0,22.54,0.0
101,2022,360,8,12.72,0.0,22.53,0.0
101,2022,360,9,12.72,0.0,22.55,0.0
101,2022,360,10,12.72,0.0,22.56,0.0
101,2022,360,11,12.72,0.0,22.57,0.0
101,2022,360,12,12.72,0.0,22.57,0.0
101,2022,360,13,12.72,0.0,22.57,0.0
101,2022,360,14,12.72,0.0,22.57,0.0
101,2022,360,15,12.72,0.0,22.57,0.0
101,2022,360,16,12.72,0.0,22.57,0.0
101,2022,360,17,12.72,0.0,22.57,0.0
101,2022,360,18,12.72,0.0,22.59,0.0
101,2022,360,19,12.72,0.0,22.6,0.0
101,2022,360,20,12.72,0.0,22.59,0.0
101,2022,360,21,12.72,0.0,22.59,0.0
101,2022,360,22,12.72,0.0,22.58,0.0
101,2022,360,23,12.72,0.0,22.57,0.0
101,2022,360,24,12.72,0.0,22.57,0.0
101,2022,360,25,12.72,0.0,22.56,0.0
101,2022,360,26,12.71,0.0,22.55,0.0
101,2022,360,27,12.71,0.0,22.56,0.0
101,2022,360,28,12.71,0.0,22.56,0.0
101,2022,360,29,12.71,0.0,22.55,0.0
101,2022,360,30,12.71,0.0,22.55,0.0
101,2022,360,31,12.71,0.0,22.56,0.0
101,2022,360,32,12.71,0.0,22.55,0.0
101,2022,360,33,12.71,0.0,22.56,0.0
101,2022,360,34,12.71,0.0,22.56,0.0
101,2022,360,35,12.71,0.0,22.55,0.0
101,2022,360,36,12.71,0.0,22.55,0.0
101,2022,360,37,12.71,0.0,22.54,0.0
101,2022,360,38,12.71,0.0,22.53,0.0
101,2022,360,39,12.71,0.0,22.54,0.0
101,2022,360,40,12.71,0.0,22.54,0.0
101,2022,360,41,12.71,0.0,22.54,0.0
101,2022,360,42,12.71,0.0,22.53,0.0
101,2022,360,43,12.71,0.0,22.53,0.0
101,2022,360,44,12.71,0.0,22.53,0.0
101,2022,360,45,12.71,0.0,22.53,0.0
101,2022,360,46,12.71,0.0,22.52,0.0
101,2022,360,47,12.71,0.0,22.52,0.0
101,2022,360,48,12.71,0.0,22.52,0.0
101,2022,360,49,12.71,0.0,22.51,0.0
101,2022,360,50,12.71,0.0,22.52,0.0
101,2022,360,51,12.71,0.0,22.51,0.0
101,2022,360,52,12.71,0.0,22.51,0.0
101,2022,360,53,12.71,0.0,22.51,0.0
101,2022,360,54,12.71,0.0,22.51,0.0
101,2022,360,55,12.71,0.0,22.51,0.0
101,2022,360,56,12.71,0.0,22.51,0.0
101,2022,360,57,12.71,0.0,22.52,0.0
101,2022,360,58,12.71,0.0,22.52,0.0
101,2022,360,59,12.71,0.0,22.53,0.0
101,2022,360,100,12.71,0.0,22.52,0.0
101,2022,360,101,12.71,0.0,22.52,0.0
101,2022,360,102,12.71,0.0,22.52,0.0
101,2022,360,103,12.71,0.0,22.53,0.0
101,2022,360,104,12.71,0.0,22.53,0.0
101,2022,360,105,12.71,0.0,22.51,0.0
101,2022,360,106,12.71,0.0,22.51,0.0
101,2022,360,107,12.7,0.0,22.5,0.0
101,2022,360,108,12.7,0.0,22.48,0.0
101,2022,360,109,12.71,0.0,22.47,0.0
101,2022,360,110,12.71,0.0,22.47,0.0
101,2022,360,111,12.7,0.0,22.49,0.0
101,2022,360,112,12.7,0.0,22.49,0.0
101,2022,360,113,12.71,0.0,22.48,0.0
101,2022,360,114,12.7,0.0,22.48,0.0
101,2022,360,115,12.7,0.0,22.47,0.0
101,2022,360,116,12.7,0.0,22.47,0.0
101,2022,360,117,12.7,0.0,22.47,0.0
101,2022,360,118,12.7,0.0,22.46,0.0
101,2022,360,119,12.7,0.0,22.46,0.0
101,2022,360,120,12.7,0.0,22.46,0.0
101,2022,360,121,12.7,0.0,22.44,0.0
101,2022,360,122,12.7,0.0,22.44,0.0
101,2022,360,123,12.7,0.0,22.42,0.0
101,2022,360,124,12.7,0.0,22.41,0.0
101,2022,360,125,12.7,0.0,22.4,0.0
101,2022,360,126,12.7,0.0,22.4,0.0
101,2022,360,127,12.7,0.0,22.4,0.0
101,2022,360,128,12.7,0.0,22.39,0.0
101,2022,360,129,12.7,0.0,22.39,0.0
101,2022,360,130,12.7,0.0,22.38,0.0
101,2022,360,131,12.7,0.0,22.37,0.0
101,2022,360,132,12.7,0.0,22.36,0.0
101,2022,360,133,12.7,0.0,22.35,0.0
101,2022,360,134,12.7,0.0,22.35,0.0
101,2022,360,135,12.7,0.0,22.36,0.0
101,2022,360,136,12.7,0.0,22.36,0.0
101,2022,360,137,12.7,0.0,22.36,0.0
101,2022,360,138,12.7,0.0,22.35,0.0
101,2022,360,139,12.7,0.0,22.34,0.0
101,2022,360,140,12.7,0.0,22.34,0.0
101,2022,360,141,12.7,0.0,22.33,0.0
101,2022,360,142,12.7,0.0,22.32,0.0
101,2022,360,143,12.69,0.0,22.31,0.0
101,2022,360,144,12.7,0.0,22.32,0.0
101,2022,360,145,12.69,0.0,22.32,0.0
101,2022,360,146,12.69,0.0,22.32,0.0
101,2022,360,147,12.69,0.0,22.33,0.0
101,2022,360,148,12.69,0.0,22.35,0.0
101,2022,360,149,12.69,0.0,22.37,0.0
101,2022,360,150,12.69,0.0,22.41,0.0
101,2022,360,151,12.69,0.0,22.44,0.0
101,2022,360,152,12.69,0.0,22.47,0.0
101,2022,360,153,12.69,0.0,22.47,0.0
101,2022,360,154,12.69,0.0,22.47,0.0
101,2022,360,155,12.69,0.0,22.49,0.0
101,2022,360,156,12.69,0.0,22.5,0.0
101,2022,360,157,12.69,0.0,22.51,0.0
101,2022,360,158,12.69,0.0,22.52,0.0
101,2022,360,159,12.69,0.0,22.52,0.0
101,2022,360,200,12.69,0.0,22.53,0.0
101,2022,360,201,12.69,0.0,22.54,0.0
101,2022,360,202,12.69,0.0,22.55,0.0
101,2022,360,203,12.69,0.0,22.55,0.0
101,2022,360,204,12.69,0.0,22.56,0.0
101,2022,360,205,12.69,0.0,22.59,0.0
101,2022,360,206,12.69,0.0,22.59,0.0
101,2022,360,207,12.69,0.0,22.6,0.0
101,2022,360,208,12.69,0.0,22.61,0.0
101,2022,360,209,12.69,0.0,22.61,0.0
101,2022,360,210,12.69,0.0,22.61,0.0
101,2022,360,211,12.69,0.0,22.61,0.0
101,2022,360,212,12.69,0.0,22.62,0.0
101,2022,360,213,12.69,0.0,22.63,0.0
101,2022,360,214,12.69,0.0,22.63,0.0
101,2022,360,215,12.69,0.0,22.64,0.0
101,2022,360,216,12.69,0.0,22.64,0.0
101,2022,360,217,12.69,0.0,22.67,0.0
101,2022,360,218,12.69,0.0,22.72,0.0
101,2022,360,219,12.69,0.0,22.69,0.0
101,2022,360,220,12.69,0.0,22.68,0.0
101,2022,360,221,12.69,0.0,22.71,0.0
101,2022,360,222,12.69,0.0,22.72,0.0
101,2022,360,223,12.69,0.0,22.7,0.0
101,2022,360,224,12.69,0.0,22.69,0.0
101,2022,360,225,12.69,0.0,22.69,0.0
101,2022,360,226,12.69,0.0,22.7,0.0
101,2022,360,227,12.68,0.0,22.72,0.0
101,2022,360,228,12.68,0.0,22.73,0.0
101,2022,360,229,12.68,0.0,22.73,0.0
101,2022,360,230,12.68,0.0,22.75,0.0
101,2022,360,231,12.68,0.0,22.78,0.0
101,2022,360,232,12.68,0.0,22.81,0.0
101,2022,360,233,12.68,0.0,22.82,0.0
101,2022,360,234,12.68,0.0,22.83,0.0
101,2022,360,235,12.68,0.0,22.88,0.0
101,2022,360,236,12.68,0.0,22.88,0.0
101,2022,360,237,12.68,0.0,22.86,0.0
101,2022,360,238,12.68,0.0,22.86,0.0
101,2022,360,239,12.68,0.0,22.85,0.0
101,2022,360,240,12.68,0.0,22.85,0.0
101,2022,360,241,12.68,0.0,22.84,0.0
101,2022,360,242,12.68,0.0,22.85,0.0
101,2022,360,243,12.68,0.0,22.85,0.0
101,2022,360,244,12.68,0.0,22.85,0.0
101,2022,360,245,12.68,0.0,22.84,0.0
101,2022,360,246,12.68,0.0,22.85,0.0
101,2022,360,247,12.68,0.0,22.86,0.0
101,2022,360,248,12.68,0.0,22.87,0.0
101,2022,360,249,12.68,0.0,22.82,0.0
101,2022,360,250,12.68,0.0,22.8,0.0
101,2022,360,251,12.68,0.0,22.78,0.0
101,2022,360,252,12.68,0.0,22.76,0.0
101,2022,360,253,12.68,0.0,22.77,0.0
101,2022,360,254,12.68,0.0,22.75,0.0
101,2022,360,255,12.68,0.0,22.75,0.0
101,2022,360,256,12.67,0.0,22.73,0.0
101,2022,360,257,12.68,0.0,22.71,0.0
101,2022,360,258,12.67,0.0,22.7,0.0
101,2022,360,259,12.67,0.0,22.69,0.0
101,2022,360,300,12.67,0.0,22.67,0.0
101,2022,360,301,12.68,0.0,22.66,0.0
101,2022,360,302,12.67,0.0,22.65,0.0
101,2022,360,303,12.67,0.0,22.64,0.0
101,2022,360,304,12.67,0.0,22.63,0.0
101,2022,360,305,12.67,0.0,22.62,0.0
101,2022,360,306,12.67,0.0,22.6,0.0
101,2022,360,307,12.67,0.0,22.58,0.0
101,2022,360,308,12.67,0.0,22.56,0.0
101,2022,360,309,12.67,0.0,22.55,0.0
101,2022,360,310,12.67,0.0,22.53,0.0
101,2022,360,311,12.67,0.0,22.52,0.0
101,2022,360,312,12.67,0.0,22.5,0.0
101,2022,360,313,12.67,0.0,22.49,0.0
101,2022,360,314,12.67,0.0,22.49,0.0
101,2022,360,315,12.67,0.0,22.48,0.0
101,2022,360,316,12.67,0.0,22.49,0.0
101,2022,360,317,12.67,0.0,22.49,0.0
101,2022,360,318,12.67,0.0,22.49,0.0
101,2022,360,319,12.67,0.0,22.49,0.0
101,2022,360,320,12.67,0.0,22.5,0.0
101,2022,360,321,12.67,0.0,22.5,0.0
101,2022,360,322,12.67,0.0,22.5,0.0
101,2022,360,323,12.67,0.0,22.49,0.0
101,2022,360,324,12.67,0.0,22.48,0.0
101,2022,360,325,12.67,0.0,22.47,0.0
101,2022,360,326,12.67,0.0,22.47,0.0
101,2022,360,327,12.67,0.0,22.47,0.0
101,2022,360,328,12.67,0.0,22.48,0.0
101,2022,360,329,12.67,0.0,22.48,0.0
101,2022,360,330,12.67,0.0,22.5,0.0
101,2022,360,331,12.67,0.0,22.52,0.0
101,2022,360,332,12.67,0.0,22.52,0.0
101,2022,360,333,12.66,0.0,22.51,0.0
101,2022,360,334,12.66,0.0,22.53,0.0
101,2022,360,335,12.66,0.0,22.56,0.0
101,2022,360,336,12.66,0.0,22.63,0.0
101,2022,360,337,12.66,0.0,22.68,0.0
101,2022,360,338,12.66,0.0,22.72,0.0
101,2022,360,339,12.66,0.0,22.72,0.0
101,2022,360,340,12.66,0.0,22.69,0.0
101,2022,360,341,12.66,0.0,22.69,0.0
101,2022,360,342,12.66,0.0,22.69,0.0
101,2022,360,343,12.66,0.0,22.71,0.0
101,2022,360,344,12.66,0.0,22.72,0.0
101,2022,360,345,12.66,0.0,22.73,0.0
101,2022,360,346,12.66,0.0,22.73,0.0
101,2022,360,347,12.66,0.0,22.74,0.0
101,2022,360,348,12.66,0.0,22.73,0.0
101,2022,360,349,12.66,0.0,22.74,0.0
101,2022,360,350,12.66,0.0,22.76,0.0
101,2022,360,351,12.66,0.0,22.76,0.0
101,2022,360,352,12.66,0.0,22.77,0.0
101,2022,360,353,12.66,0.0,22.75,0.0
101,2022,360,354,12.66,0.0,22.77,0.0
101,2022,360,355,12.66,0.0,22.76,0.0
101,2022,360,356,12.65,0.0,22.76,0.0
101,2022,360,357,12.66,0.0,22.76,0.0
101,2022,360,358,12.65,0.0,22.74,0.0
101,2022,360,359,12.65,0.0,22.74,0.0
101,2022,360,400,12.65,0.0,22.76,0.0
101,2022,360,401,12.65,0.0,22.76,0.0
101,2022,360,402,12.65,0.0,22.73,0.0
101,2022,360,403,12.65,0.0,22.72,0.0
101,2022,360,404,12.65,0.0,22.73,0.0
101,2022,360,405,12.65,0.0,22.71,0.0
101,2022,360,406,12.65,0.0,22.71,0.0
101,2022,360,407,12.65,0.0,22.69,0.0
101,2022,360,408,12.65,0.0,22.68,0.0
101,2022,360,409,12.65,0.0,22.69,0.0
101,2022,360,410,12.65,0.0,22.68,0.0
101,2022,360,411,12.65,0.0,22.67,0.0
101,2022,360,412,12.65,0.0,22.66,0.0
101,2022,360,413,12.65,0.0,22.65,0.0
101,2022,360,414,12.65,0.0,22.64,0.0
101,2022,360,415,12.65,0.0,22.63,0.0
101,2022,360,416,12.65,0.0,22.62,0.0
101,2022,360,417,12.65,0.0,22.61,0.0
101,2022,360,418,12.65,0.0,22.61,0.0
101,2022,360,419,12.65,0.0,22.6,0.0
101,2022,360,420,12.65,0.0,22.59,0.0
101,2022,360,421,12.65,0.0,22.58,0.0
101,2022,360,422,12.65,0.0,22.57,0.0
101,2022,360,423,12.65,0.0,22.56,0.0
101,2022,360,424,12.65,0.0,22.56,0.0
101,2022,360,425,12.65,0.0,22.56,0.0
101,2022,360,426,12.65,0.0,22.55,0.0
101,2022,360,427,12.65,0.0,22.55,0.0
101,2022,360,428,12.65,0.0,22.55,0.0
101,2022,360,429,12.65,0.0,22.53,0.0
101,2022,360,430,12.65,0.0,22.5,0.0
101,2022,360,431,12.65,0.0,22.48,0.0
101,2022,360,432,12.65,0.0,22.47,0.0
101,2022,360,433,12.65,0.0,22.45,0.0
101,2022,360,434,12.65,0.0,22.45,0.0
101,2022,360,435,12.65,0.0,22.43,0.0
101,2022,360,436,12.65,0.0,22.44,0.0
101,2022,360,437,12.64,0.0,22.43,0.0
101,2022,360,438,12.64,0.0,22.41,0.0
101,2022,360,439,12.64,0.0,22.39,0.0
101,2022,360,440,12.65,0.0,22.38,0.0
101,2022,360,441,12.64,0.0,22.35,0.0
101,2022,360,442,12.64,0.0,22.34,0.0
101,2022,360,443,12.64,0.0,22.31,0.0
101,2022,360,444,12.64,0.0,22.3,0.0
101,2022,360,445,12.64,0.0,22.3,0.0
101,2022,360,446,12.64,0.0,22.3,0.0
101,2022,360,447,12.64,0.0,22.32,0.0
101,2022,360,448,12.64,0.0,22.35,0.0
101,2022,360,449,12.64,0.0,22.34,0.0
101,2022,360,450,12.64,0.0,22.31,0.0
101,2022,360,451,12.64,0.0,22.27,0.0
101,2022,360,452,12.64,0.0,22.22,0.0
101,2022,360,453,12.64,0.0,22.18,0.0
101,2022,360,454,12.64,0.0,22.12,0.0
101,2022,360,455,12.64,0.0,22.08,0.0
101,2022,360,456,12.64,0.0,22.06,0.0
101,2022,360,457,12.64,0.0,22.04,0.0
101,2022,360,458,12.64,0.0,22.04,0.0
101,2022,360,459,12.64,0.0,22.03,0.0
101,2022,360,500,12.64,1.212,22.03,0.0
101,2022,360,501,12.64,1.353,22.04,0.0
101,2022,360,502,12.64,1.353,22.04,0.0
101,2022,360,503,12.64,1.466,22.07,0.0
101,2022,360,504,12.64,1.973,22.08,0.0
101,2022,360,505,12.64,2.03,22.11,0.0
101,2022,360,506,12.64,2.03,22.13,0.0
101,2022,360,507,12.64,2.03,22.14,0.0
101,2022,360,508,12.63,2.34,22.15,0.0
101,2022,360,509,12.64,2.678,22.17,0.0
101,2022,360,510,12.63,2.706,22.21,0.0
101,2022,360,511,12.63,2.706,22.23,0.0
101,2022,360,512,12.63,3.016,22.25,0.0
101,2022,360,513,12.63,3.383,22.26,0.0
101,2022,360,514,12.63,3.918,22.28,0.0
101,2022,360,515,12.63,4.2,22.32,0.0
101,2022,360,516,12.63,4.397,22.35,0.0
101,2022,360,517,12.63,4.397,22.39,0.0
101,2022,360,518,12.63,4.397,22.41,0.0
101,2022,360,519,12.63,4.426,22.42,0.0
101,2022,360,520,12.63,4.848,22.43,0.0
101,2022,360,521,12.63,5.074,22.46,0.0
101,2022,360,522,12.63,5.074,22.53,0.0
101,2022,360,523,12.63,5.074,22.53,0.0
101,2022,360,524,12.63,5.074,22.52,0.0
101,2022,360,525,12.63,5.074,22.51,0.0
101,2022,360,526,12.63,4.595,22.53,0.0
101,2022,360,527,12.63,4.397,22.51,0.0
101,2022,360,528,12.63,4.2,22.56,0.0
101,2022,360,529,12.63,4.059,22.6,0.0
101,2022,360,530,12.63,4.087,22.62,0.0
101,2022,360,531,12.64,4.313,22.61,0.0
101,2022,360,532,12.63,4.454,22.71,0.0
101,2022,360,533,12.64,5.074,22.75,0.0
101,2022,360,534,12.63,5.158,22.74,0.0
101,2022,360,535,12.63,4.82,22.73,0.0
101,2022,360,536,12.63,4.285,22.72,0.0
101,2022,360,537,12.63,4.256,22.71,0.0
101,2022,360,538,12.63,4.623,22.71,0.0
101,2022,360,539,12.63,5.074,22.69,0.0
101,2022,360,540,12.63,5.046,22.67,0.0
101,2022,360,541,12.63,4.538,22.65,0.0
101,2022,360,542,12.63,4.905,22.64,0.0
101,2022,360,543,12.63,5.497,22.61,0.0
101,2022,360,544,12.63,6.596,22.61,0.0
101,2022,360,545,12.63,7.7,22.64,0.0
101,2022,360,546,12.63,9.72,22.64,0.0
101,2022,360,547,12.63,12.91,22.65,0.0
101,2022,360,548,12.64,16.91,22.67,0.0
101,2022,360,549,12.65,20.72,22.65,0.0
101,2022,360,550,12.66,24.64,22.6,0.0
101,2022,360,551,12.68,29.26,22.56,0.0
101,2022,360,552,12.7,33.26,22.56,0.0
101,2022,360,553,12.73,36.05,22.58,0.0
101,2022,360,554,12.76,38.45,22.6,0.0
101,2022,360,555,12.82,40.79,22.57,0.0
101,2022,360,556,12.86,39.75,22.58,0.0
101,2022,360,557,12.9,39.72,22.62,0.0
101,2022,360,558,12.93,40.25,22.65,0.0
101,2022,360,559,12.97,41.41,22.67,0.0
101,2022,360,600,13.01,43.97,22.72,0.0
101,2022,360,601,13.06,47.61,22.73,0.0
101,2022,360,602,13.11,52.4,22.74,0.0
101,2022,360,603,13.17,62.35,22.73,0.0
101,2022,360,604,13.22,77.5,22.74,0.0
101,2022,360,605,13.23,95.4,22.77,0.0
101,2022,360,606,13.23,119.5,22.81,0.0
101,2022,360,607,13.23,139.5,22.87,0.0
101,2022,360,608,13.23,153.6,22.92,0.0
101,2022,360,609,13.23,164.8,22.94,0.0
101,2022,360,610,13.23,152.2,22.94,0.0
101,2022,360,611,13.23,141.3,22.95,0.0
101,2022,360,612,13.23,127.6,23.0,0.0
101,2022,360,613,13.23,120.5,23.08,0.0
101,2022,360,614,13.23,112.3,23.15,0.0
101,2022,360,615,13.23,102.4,23.23,0.0
101,2022,360,616,13.23,101.1,23.27,0.0
101,2022,360,617,13.23,95.0,23.21,0.0
101,2022,360,618,13.23,98.2,23.07,0.0
101,2022,360,619,13.23,100.5,23.05,0.0
101,2022,360,620,13.23,92.4,23.05,0.0
101,2022,360,621,13.23,86.6,23.13,0.0
101,2022,360,622,13.23,89.6,23.11,0.0
101,2022,360,623,13.23,98.3,23.07,0.0
101,2022,360,624,13.23,108.3,23.1,0.0
101,2022,360,625,13.23,116.8,23.08,0.0
101,2022,360,626,13.23,121.8,23.1,0.0
101,2022,360,627,13.23,126.8,23.22,0.0
101,2022,360,628,13.23,123.1,23.21,0.0
101,2022,360,629,13.23,124.9,23.21,0.0
101,2022,360,630,13.23,130.2,23.26,0.0
101,2022,360,631,13.23,142.9,23.28,0.0
101,2022,360,632,13.23,138.2,23.23,0.0
101,2022,360,633,13.23,125.6,23.22,0.0
101,2022,360,634,13.23,109.9,23.26,0.0
101,2022,360,635,13.23,110.8,23.27,0.0
101,2022,360,636,13.23,106.2,23.27,0.0
101,2022,360,637,13.23,94.1,23.31,0.0
101,2022,360,638,13.23,88.7,23.27,0.0
101,2022,360,639,13.22,87.4,23.25,0.0
101,2022,360,640,13.23,89.6,23.27,0.0
101,2022,360,641,13.23,92.5,23.33,0.0
101,2022,360,642,13.23,96.3,23.38,0.0
101,2022,360,643,13.22,100.1,23.37,0.0
101,2022,360,644,13.22,102.9,23.35,0.0
101,2022,360,645,13.23,115.3,23.4,0.0
101,2022,360,646,13.23,128.7,23.45,0.0
101,2022,360,647,13.22,126.5,23.48,0.0
101,2022,360,648,13.22,158.5,23.54,0.0
101,2022,360,649,13.22,173.2,23.61,0.0
101,2022,360,650,13.22,210.9,23.66,0.0
101,2022,360,651,13.22,223.5,23.62,0.0
101,2022,360,652,13.22,187.3,23.72,0.0
101,2022,360,653,13.22,144.9,23.88,0.0
101,2022,360,654,13.22,195.3,23.99,0.0
101,2022,360,655,13.22,227.8,24.09,0.0
101,2022,360,656,13.22,220.5,24.09,0.0
101,2022,360,657,13.22,224.7,24.15,0.0
101,2022,360,658,13.22,221.1,24.21,0.0
101,2022,360,659,13.22,228.5,24.17,0.0
101,2022,360,700,13.21,176.7,24.08,0.0
101,2022,360,701,13.21,181.6,24.11,0.0
101,2022,360,702,13.21,277.4,24.15,0.0
101,2022,360,703,13.21,287.0,24.16,0.0
101,2022,360,704,13.21,264.1,24.06,0.0
101,2022,360,705,13.21,301.0,24.13,0.0
101,2022,360,706,13.21,351.1,24.26,0.0
101,2022,360,707,13.21,379.2,24.21,0.0
101,2022,360,708,13.2,421.9,24.4,0.0
101,2022,360,709,13.2,444.7,24.52,0.0
101,2022,360,710,13.2,446.1,24.53,0.0
101,2022,360,711,13.2,445.6,24.74,0.0
101,2022,360,712,13.2,447.5,24.9,0.0
101,2022,360,713,13.19,465.1,25.0,0.0
101,2022,360,714,13.19,374.1,24.82,0.0
101,2022,360,715,13.19,207.0,24.88,0.0
101,2022,360,716,13.18,234.0,25.01,0.0
101,2022,360,717,13.18,178.4,24.9,0.0
101,2022,360,718,13.18,153.9,24.79,0.0
101,2022,360,719,13.18,142.4,24.82,0.0
101,2022,360,720,13.18,163.2,24.73,0.0
101,2022,360,721,13.18,431.5,24.69,0.0
101,2022,360,722,13.18,443.8,24.78,0.0
101,2022,360,723,13.18,365.6,24.71,0.0
101,2022,360,724,13.18,354.0,24.73,0.0
101,2022,360,725,13.18,253.7,24.8,0.0
101,2022,360,726,13.18,231.6,24.85,0.0
101,2022,360,727,13.18,216.0,24.84,0.0
101,2022,360,728,13.18,241.2,24.91,0.0
101,2022,360,729,13.18,394.8,24.86,0.0
101,2022,360,730,13.18,324.7,24.76,0.0
101,2022,360,731,13.18,341.9,24.81,0.0
101,2022,360,732,13.18,325.2,24.87,0.0
101,2022,360,733,13.17,412.7,24.95,0.0
101,2022,360,734,13.17,401.5,24.96,0.0
101,2022,360,735,13.17,466.8,24.98,0.0
101,2022,360,736,13.17,348.3,24.92,0.0
101,2022,360,737,13.17,462.0,24.99,0.0
101,2022,360,738,13.17,457.4,25.15,0.0
101,2022,360,739,13.17,443.8,25.29,0.0
101,2022,360,740,13.16,401.5,25.21,0.0
101,2022,360,741,13.16,501.2,25.21,0.0
101,2022,360,742,13.16,534.2,25.44,0.0
101,2022,360,743,13.16,536.0,25.61,0.0
101,2022,360,744,13.16,535.9,25.54,0.0
101,2022,360,745,13.16,539.2,25.39,0.0
101,2022,360,746,13.16,542.9,25.39,0.0
101,2022,360,747,13.15,546.5,25.58,0.0
101,2022,360,748,13.16,549.4,25.76,0.0
101,2022,360,749,13.15,554.9,25.64,0.0
101,2022,360,750,13.15,566.3,25.74,0.0
101,2022,360,751,13.15,572.5,25.68,0.0
101,2022,360,752,13.15,578.4,25.66,0.0
101,2022,360,753,13.14,576.4,25.62,0.0
101,2022,360,754,13.14,591.0,25.76,0.0
101,2022,360,755,13.14,579.1,25.6,0.0
101,2022,360,756,13.14,600.3,25.69,0.0
101,2022,360,757,13.14,589.7,25.94,0.0
101,2022,360,758,13.14,604.4,25.97,0.0
101,2022,360,759,13.14,652.5,25.94,0.0
101,2022,360,800,13.13,573.9,25.75,0.0
101,2022,360,801,13.13,561.3,25.88,0.0
101,2022,360,802,13.14,560.8,25.92,0.0
101,2022,360,803,13.13,590.9,26.06,0.0
101,2022,360,804,13.13,606.4,26.03,0.0
101,2022,360,805,13.13,489.1,26.06,0.0
101,2022,360,806,13.13,605.7,26.08,0.0
101,2022,360,807,13.13,483.9,26.23,0.0
101,2022,360,808,13.13,694.8,26.26,0.0
101,2022,360,809,13.13,738.0,26.26,0.0
101,2022,360,810,13.13,619.4,26.33,0.0
101,2022,360,811,13.13,750.0,26.3,0.0
101,2022,360,812,13.13,681.1,26.35,0.0
101,2022,360,813,13.12,667.2,26.53,0.0
101,2022,360,814,13.12,658.6,26.61,0.0
101,2022,360,815,13.12,419.7,26.62,0.0
101,2022,360,816,13.12,488.2,26.56,0.0
101,2022,360,817,13.12,818.0,26.55,0.0
101,2022,360,818,13.12,723.0,26.7,0.0
101,2022,360,819,13.12,290.0,26.72,0.0
101,2022,360,820,13.12,268.1,26.56,0.0
101,2022,360,821,13.12,288.1,26.48,0.0
101,2022,360,822,13.12,363.8,26.43,0.0
101,2022,360,823,13.12,396.1,26.39,0.0
101,2022,360,824,13.12,331.8,26.49,0.0
101,2022,360,825,13.12,322.2,26.47,0.0
101,2022,360,826,13.12,313.4,26.38,0.0
101,2022,360,827,13.12,283.1,26.37,0.0
101,2022,360,828,13.12,286.3,26.44,0.0
101,2022,360,829,13.12,332.6,26.48,0.0
101,2022,360,830,13.12,811.0,26.56,0.0
101,2022,360,831,13.12,511.0,26.71,0.0
101,2022,360,832,13.12,368.1,26.79,0.0
101,2022,360,833,13.12,493.2,26.89,0.0
101,2022,360,834,13.12,631.1,26.86,0.0
101,2022,360,835,13.12,295.5,26.86,0.0
101,2022,360,836,13.12,292.7,26.81,0.0
101,2022,360,837,13.12,289.6,26.83,0.0
101,2022,360,838,13.12,271.8,26.82,0.0
101,2022,360,839,13.12,302.5,26.81,0.0
101,2022,360,840,13.12,308.1,26.82,0.0
101,2022,360,841,13.12,288.1,26.83,0.0
101,2022,360,842,13.12,257.0,26.69,0.0
101,2022,360,843,13.12,236.1,26.65,0.0
101,2022,360,844,13.12,250.1,26.58,0.0
101,2022,360,845,13.12,259.5,26.51,0.0
101,2022,360,846,13.13,253.4,26.5,0.0
101,2022,360,847,13.13,258.7,26.58,0.0
101,2022,360,848,13.13,277.4,26.69,0.0
101,2022,360,849,13.13,522.2,26.69,0.0
101,2022,360,850,13.13,897.0,26.73,0.0
101,2022,360,851,13.13,864.0,26.74,0.0
101,2022,360,852,13.12,837.0,26.98,0.0
101,2022,360,853,13.13,810.0,27.27,0.0
101,2022,360,854,13.13,829.0,27.18,0.0
101,2022,360,855,13.13,832.0,27.15,0.0
101,2022,360,856,13.12,711.0,27.36,0.0
101,2022,360,857,13.12,819.0,27.6,0.0
101,2022,360,858,13.12,313.7,27.64,0.0
101,2022,360,859,13.12,290.4,27.51,0.0
101,2022,360,900,13.12,701.0,27.4,0.0
101,2022,360,901,13.12,856.0,27.52,0.0
101,2022,360,902,13.12,888.0,27.7,0.0
101,2022,360,903,13.11,822.0,27.74,0.0
101,2022,360,904,13.11,942.0,27.75,0.0
101,2022,360,905,13.11,945.0,27.91,0.0
101,2022,360,906,13.11,968.0,27.8,0.0
101,2022,360,907,13.11,928.0,27.94,0.0
101,2022,360,908,13.11,698.8,27.94,0.0
101,2022,360,909,13.1,898.0,28.07,0.0
101,2022,360,910,13.11,973.0,27.91,0.0
101,2022,360,911,13.1,810.0,27.79,0.0
101,2022,360,912,13.1,875.0,28.05,0.0
101,2022,360,913,13.1,844.0,28.32,0.0
101,2022,360,914,13.1,887.0,28.18,0.0
101,2022,360,915,13.1,393.8,28.04,0.0
101,2022,360,916,13.1,231.9,27.96,0.0
101,2022,360,917,13.1,343.1,27.81,0.0
101,2022,360,918,13.09,260.5,27.67,0.0
101,2022,360,919,13.1,408.3,27.57,0.0
101,2022,360,920,13.1,935.0,27.59,0.0
101,2022,360,921,13.1,927.0,27.6,0.0
101,2022,360,922,13.1,662.2,27.81,0.0
101,2022,360,923,13.1,396.8,27.74,0.0
101,2022,360,924,13.1,747.0,27.73,0.0
101,2022,360,925,13.1,1014.0,28.0,0.0
101,2022,360,926,13.1,944.0,28.05,0.0
101,2022,360,927,13.1,882.0,28.27,0.0
101,2022,360,928,13.09,556.8,28.37,0.0
101,2022,360,929,13.1,405.9,28.24,0.0
101,2022,360,930,13.09,335.0,28.19,0.0
101,2022,360,931,13.09,536.1,28.15,0.0
101,2022,360,932,13.09,852.0,28.27,0.0
101,2022,360,933,13.09,997.0,28.28,0.0
101,2022,360,934,13.09,826.0,28.34,0.0
101,2022,360,935,13.09,299.5,28.22,0.0
101,2022,360,936,13.09,302.0,28.03,0.0
101,2022,360,937,13.09,316.6,27.91,0.0
101,2022,360,938,13.1,335.7,27.74,0.0
101,2022,360,939,13.1,757.0,27.66,0.0
101,2022,360,940,13.09,750.0,27.7,0.0
101,2022,360,941,13.09,1013.0,27.73,0.0
101,2022,360,942,13.1,1080.0,28.1,0.0
101,2022,360,943,13.1,1071.0,28.48,0.0
101,2022,360,944,13.1,1077.0,28.76,0.0
101,2022,360,945,13.1,1065.0,28.68,0.0
101,2022,360,946,13.09,952.0,28.52,0.0
101,2022,360,947,13.09,1007.0,28.7,0.0
101,2022,360,948,13.09,580.4,28.7,0.0
101,2022,360,949,13.09,446.9,28.45,0.0
101,2022,360,950,13.09,440.3,28.38,0.0
101,2022,360,951,13.09,498.3,28.35,0.0
101,2022,360,952,13.09,515.1,28.33,0.0
101,2022,360,953,13.09,464.8,28.19,0.0
101,2022,360,954,13.09,495.6,28.21,0.0
101,2022,360,955,13.09,610.6,28.35,0.0
101,2022,360,956,13.09,641.7,28.51,0.0
101,2022,360,957,13.09,586.6,28.43,0.0
101,2022,360,958,13.09,606.9,28.43,0.0
101,2022,360,959,13.09,768.0,28.22,0.0
101,2022,360,1000,13.09,876.0,28.03,0.0
101,2022,360,1001,13.09,867.0,28.07,0.0
101,2022,360,1002,13.09,1086.0,28.09,0.0
101,2022,360,1003,13.09,1135.0,27.9,0.0
101,2022,360,1004,13.09,1118.0,27.78,0.0
101,2022,360,1005,13.09,1123.0,27.57,0.0
101,2022,360,1006,13.09,1007.0,27.52,0.0
101,2022,360,1007,13.09,514.0,27.4,0.0
101,2022,360,1008,13.09,789.0,27.27,0.0
101,2022,360,1009,13.09,446.9,26.97,0.0
101,2022,360,1010,13.09,459.4,26.71,0.0
101,2022,360,1011,13.09,577.7,26.66,0.0
101,2022,360,1012,13.09,637.1,26.47,0.0
101,2022,360,1013,13.09,742.0,26.45,0.0
101,2022,360,1014,13.1,1049.0,26.62,0.0
101,2022,360,1015,13.1,802.0,26.78,0.0
101,2022,360,1016,13.1,734.0,26.94,0.0
101,2022,360,1017,13.1,902.0,27.01,0.0
101,2022,360,1018,13.1,1185.0,27.09,0.0
101,2022,360,1019,13.1,710.0,27.13,0.0
101,2022,360,1020,13.1,509.7,26.89,0.0
101,2022,360,1021,13.09,470.5,26.94,0.0
101,2022,360,1022,13.1,453.1,26.86,0.0
101,2022,360,1023,13.1,434.8,26.65,0.0
101,2022,360,1024,13.1,385.1,26.61,0.0
101,2022,360,1025,13.1,344.8,26.53,0.0
101,2022,360,1026,13.1,320.9,26.54,0.0
101,2022,360,1027,13.1,313.5,26.39,0.0
101,2022,360,1028,13.1,318.3,26.3,0.0
101,2022,360,1029,13.1,333.0,26.3,0.0
101,2022,360,1030,13.1,351.3,26.21,0.0
101,2022,360,1031,13.11,376.9,25.99,0.0
101,2022,360,1032,13.1,404.1,25.89,0.0
101,2022,360,1033,13.1,433.1,25.89,0.0
101,2022,360,1034,13.11,462.6,26.01,0.0
101,2022,360,1035,13.11,480.5,26.02,0.0
101,2022,360,1036,13.11,492.6,25.98,0.0
101,2022,360,1037,13.11,497.9,26.04,0.0
101,2022,360,1038,13.11,506.4,26.08,0.0
101,2022,360,1039,13.11,524.3,26.15,0.0
101,2022,360,1040,13.12,539.0,26.22,0.0
101,2022,360,1041,13.12,562.8,26.32,0.0
101,2022,360,1042,13.12,580.1,26.34,0.0
101,2022,360,1043,13.12,647.4,26.39,0.0
101,2022,360,1044,13.12,721.0,26.56,0.0
101,2022,360,1045,13.12,1032.0,26.68,0.0
101,2022,360,1046,13.12,937.0,26.89,0.0
101,2022,360,1047,13.12,729.0,27.11,0.0
101,2022,360,1048,13.12,802.0,27.36,0.0
101,2022,360,1049,13.12,755.0,27.38,0.0
101,2022,360,1050,13.12,684.0,27.45,0.0
101,2022,360,1051,13.12,725.0,27.55,0.0
101,2022,360,1052,13.12,802.0,27.62,0.0
101,2022,360,1053,13.11,871.0,27.63,0.0
101,2022,360,1054,13.11,948.0,27.62,0.0
101,2022,360,1055,13.11,883.0,27.86,0.0
101,2022,360,1056,13.11,736.0,27.99,0.0
101,2022,360,1057,13.11,717.0,27.96,0.0
101,2022,360,1058,13.11,770.0,27.88,0.0
101,2022,360,1059,13.11,807.0,28.0,0.0
101,2022,360,1100,13.11,813.0,27.95,0.0
101,2022,360,1101,13.11,1096.0,27.98,0.0
101,2022,360,1102,13.11,1158.0,27.98,0.0
101,2022,360,1103,13.11,1038.0,28.26,0.0
101,2022,360,1104,13.11,1020.0,28.22,0.0
101,2022,360,1105,13.11,1010.0,28.3,0.0
101,2022,360,1106,13.11,875.0,28.43,0.0
101,2022,360,1107,13.11,611.5,28.57,0.0
101,2022,360,1108,13.11,636.4,28.52,0.0
101,2022,360,1109,13.1,635.7,28.53,0.0
101,2022,360,1110,13.1,637.6,28.42,0.0
101,2022,360,1111,13.1,650.9,28.19,0.0
101,2022,360,1112,13.1,687.2,28.25,0.0
101,2022,360,1113,13.1,793.0,28.34,0.0
101,2022,360,1114,13.1,671.5,28.29,0.0
101,2022,360,1115,13.1,668.8,28.3,0.0
101,2022,360,1116,13.1,684.9,28.36,0.0
101,2022,360,1117,13.1,616.8,28.32,0.0
101,2022,360,1118,13.1,605.3,28.22,0.0
101,2022,360,1119,13.1,607.6,28.1,0.0
101,2022,360,1120,13.1,624.7,28.02,0.0
101,2022,360,1121,13.1,745.0,28.02,0.0
101,2022,360,1122,13.1,1031.0,28.03,0.0
101,2022,360,1123,13.1,852.0,28.04,0.0
101,2022,360,1124,13.1,808.0,28.09,0.0
101,2022,360,1125,13.1,768.0,27.94,0.0
101,2022,360,1126,13.1,915.0,27.88,0.0
101,2022,360,1127,13.1,868.0,28.09,0.0
101,2022,360,1128,13.1,887.0,28.41,0.0
101,2022,360,1129,13.1,1093.0,28.37,0.0
101,2022,360,1130,13.1,1030.0,28.41,0.0
101,2022,360,1131,13.1,947.0,28.71,0.0
101,2022,360,1132,13.1,838.0,29.0,0.0
101,2022,360,1133,13.1,798.0,29.03,0.0
101,2022,360,1134,13.1,755.0,28.89,0.0
101,2022,360,1135,13.1,726.0,28.59,0.0
101,2022,360,1136,13.1,661.9,28.34,0.0
101,2022,360,1137,13.1,624.3,28.35,0.0
101,2022,360,1138,13.1,602.0,28.31,0.0
101,2022,360,1139,13.1,609.3,28.15,0.0
101,2022,360,1140,13.1,636.4,28.05,0.0
101,2022,360,1141,13.1,705.0,27.98,0.0
101,2022,360,1142,13.1,870.0,28.03,0.0
101,2022,360,1143,13.1,870.0,28.14,0.0
101,2022,360,1144,13.1,869.0,28.24,0.0
101,2022,360,1145,13.1,746.0,28.19,0.0
101,2022,360,1146,13.1,730.0,28.34,0.0
101,2022,360,1147,13.1,818.0,28.47,0.0
101,2022,360,1148,13.1,808.0,28.31,0.0
101,2022,360,1149,13.1,911.0,28.1,0.0
101,2022,360,1150,13.1,881.0,28.05,0.0
101,2022,360,1151,13.1,939.0,28.18,0.0
101,2022,360,1152,13.1,974.0,28.26,0.0
101,2022,360,1153,13.1,955.0,28.29,0.0
101,2022,360,1154,13.1,970.0,28.4,0.0
101,2022,360,1155,13.1,1017.0,28.54,0.0
101,2022,360,1156,13.1,1044.0,28.67,0.0
101,2022,360,1157,13.1,1059.0,28.68,0.0
101,2022,360,1158,13.1,1153.0,28.82,0.0
101,2022,360,1159,13.1,1139.0,28.77,0.0
101,2022,360,1200,13.1,1115.0,28.86,0.0
101,2022,360,1201,13.1,1178.0,29.07,0.0
101,2022,360,1202,13.1,1173.0,29.08,0.0
101,2022,360,1203,13.1,1212.0,29.16,0.0
101,2022,360,1204,13.1,551.3,29.02,0.0
101,2022,360,1205,13.09,1079.0,28.91,0.0
101,2022,360,1206,13.1,1150.0,28.87,0.0
101,2022,360,1207,13.1,1064.0,28.79,0.0
101,2022,360,1208,13.09,956.0,28.83,0.0
101,2022,360,1209,13.09,875.0,29.0,0.0
101,2022,360,1210,13.09,718.0,29.11,0.0
101,2022,360,1211,13.09,629.5,28.66,0.0
101,2022,360,1212,13.09,560.1,28.68,0.0
101,2022,360,1213,13.09,418.9,28.23,0.0
101,2022,360,1214,13.1,382.4,28.09,0.0
101,2022,360,1215,13.09,376.4,27.96,0.0
101,2022,360,1216,13.09,386.0,28.06,0.0
101,2022,360,1217,13.09,351.3,28.12,0.0
101,2022,360,1218,13.09,327.8,27.92,0.0
101,2022,360,1219,13.09,372.9,27.85,0.0
101,2022,360,1220,13.1,387.9,27.76,0.0
101,2022,360,1221,13.1,391.9,27.9,0.0
101,2022,360,1222,13.1,433.8,27.87,0.0
101,2022,360,1223,13.1,506.2,27.67,0.0
101,2022,360,1224,13.1,623.3,27.65,0.0
101,2022,360,1225,13.1,810.0,27.75,0.0
101,2022,360,1226,13.1,706.0,27.97,0.0
101,2022,360,1227,13.1,756.0,28.07,0.0
101,2022,360,1228,13.1,683.8,27.88,0.0
101,2022,360,1229,13.09,618.1,27.8,0.0
101,2022,360,1230,13.1,619.0,27.77,0.0
101,2022,360,1231,13.1,584.2,27.73,0.0
101,2022,360,1232,13.1,576.2,27.88,0.0
101,2022,360,1233,13.1,775.0,27.97,0.0
101,2022,360,1234,13.1,670.6,28.16,0.0
101,2022,360,1235,13.1,594.1,28.09,0.0
101,2022,360,1236,13.1,588.7,28.07,0.0
101,2022,360,1237,13.1,623.0,28.02,0.0
101,2022,360,1238,13.1,918.0,28.11,0.0
101,2022,360,1239,13.1,1077.0,28.12,0.0
101,2022,360,1240,13.1,1133.0,28.11,0.0
101,2022,360,1241,13.1,1161.0,28.21,0.0
101,2022,360,1242,13.1,1043.0,28.11,0.0
101,2022,360,1243,13.1,952.0,28.19,0.0
101,2022,360,1244,13.1,1005.0,28.2,0.0
101,2022,360,1245,13.1,951.0,28.22,0.0
101,2022,360,1246,13.1,1095.0,28.53,0.0
101,2022,360,1247,13.1,1097.0,28.64,0.0
101,2022,360,1248,13.1,1037.0,28.9,0.0
101,2022,360,1249,13.1,969.0,29.13,0.0
101,2022,360,1250,13.1,927.0,29.38,0.0
101,2022,360,1251,13.1,1034.0,29.36,0.0
101,2022,360,1252,13.1,850.0,29.23,0.0
101,2022,360,1253,13.1,547.1,29.26,0.0
101,2022,360,1254,13.1,484.0,29.38,0.0
101,2022,360,1255,13.1,413.9,29.37,0.0
101,2022,360,1256,13.1,445.6,29.05,0.0
101,2022,360,1257,13.1,499.9,28.82,0.0
101,2022,360,1258,13.1,386.4,28.85,0.0
101,2022,360,1259,13.1,350.9,28.86,0.0
101,2022,360,1300,13.1,321.0,28.9,0.0
101,2022,360,1301,13.1,330.3,28.75,0.0
101,2022,360,1302,13.1,390.6,28.65,0.0
101,2022,360,1303,13.1,745.0,28.68,0.0
101,2022,360,1304,13.1,1078.0,28.84,0.0
101,2022,360,1305,13.1,1174.0,29.14,0.0
101,2022,360,1306,13.1,801.0,29.08,0.0
101,2022,360,1307,13.1,734.0,29.16,0.0
101,2022,360,1308,13.1,911.0,29.0,0.0
101,2022,360,1309,13.1,1010.0,28.89,0.0
101,2022,360,1310,13.1,987.0,28.91,0.0
101,2022,360,1311,13.1,697.0,28.81,0.0
101,2022,360,1312,13.1,357.3,28.98,0.0
101,2022,360,1313,13.1,321.7,29.13,0.0
101,2022,360,1314,13.1,302.4,29.01,0.0
101,2022,360,1315,13.1,304.6,28.65,0.0
101,2022,360,1316,13.1,309.9,28.59,0.0
101,2022,360,1317,13.09,320.3,28.48,0.0
101,2022,360,1318,13.1,321.1,28.4,0.0
101,2022,360,1319,13.1,307.7,28.41,0.0
101,2022,360,1320,13.1,353.8,28.54,0.0
101,2022,360,1321,13.1,918.0,28.59,0.0
101,2022,360,1322,13.1,1002.0,28.63,0.0
101,2022,360,1323,13.1,992.0,28.81,0.0
101,2022,360,1324,13.1,988.0,29.1,0.0
101,2022,360,1325,13.1,979.0,29.31,0.0
101,2022,360,1326,13.1,930.0,29.58,0.0
101,2022,360,1327,13.1,916.0,29.62,0.0
101,2022,360,1328,13.1,937.0,29.61,0.0
101,2022,360,1329,13.1,921.0,29.46,0.0
101,2022,360,1330,13.1,426.2,29.6,0.0
101,2022,360,1331,13.1,310.0,29.58,0.0
101,2022,360,1332,13.1,266.8,29.2,0.0
101,2022,360,1333,13.1,284.1,28.98,0.0
101,2022,360,1334,13.1,578.2,28.88,0.0
101,2022,360,1335,13.1,921.0,28.89,0.0
101,2022,360,1336,13.1,808.0,29.18,0.0
101,2022,360,1337,13.1,409.5,29.36,0.0
101,2022,360,1338,13.1,332.8,29.18,0.0
101,2022,360,1339,13.1,323.7,28.95,0.0
101,2022,360,1340,13.1,362.2,28.85,0.0
101,2022,360,1341,13.1,720.0,29.0,0.0
101,2022,360,1342,13.1,892.0,29.08,0.0
101,2022,360,1343,13.1,969.0,29.25,0.0
101,2022,360,1344,13.1,1029.0,29.09,0.0
101,2022,360,1345,13.1,1036.0,29.42,0.0
101,2022,360,1346,13.1,687.3,29.54,0.0
101,2022,360,1347,13.1,425.5,29.51,0.0
101,2022,360,1348,13.1,425.0,29.51,0.0
101,2022,360,1349,13.1,543.0,29.16,0.0
101,2022,360,1350,13.1,974.0,28.96,0.0
101,2022,360,1351,13.1,962.0,29.05,0.0
101,2022,360,1352,13.1,602.8,29.44,0.0
101,2022,360,1353,13.1,298.7,29.19,0.0
101,2022,360,1354,13.1,285.8,29.03,0.0
101,2022,360,1355,13.1,292.7,28.64,0.0
101,2022,360,1356,13.1,304.8,28.44,0.0
101,2022,360,1357,13.1,313.2,28.23,0.0
101,2022,360,1358,13.1,319.0,28.17,0.0
101,2022,360,1359,13.1,323.4,28.12,0.0
101,2022,360,1400,13.1,287.6,28.16,0.0
101,2022,360,1401,13.1,371.4,28.19,0.0
101,2022,360,1402,13.1,890.0,28.34,0.0
101,2022,360,1403,13.1,895.0,28.52,0.0
101,2022,360,1404,13.1,843.0,28.59,0.0
101,2022,360,1405,13.1,857.0,28.94,0.0
101,2022,360,1406,13.1,869.0,28.89,0.0
101,2022,360,1407,13.1,867.0,29.0,0.0
101,2022,360,1408,13.1,859.0,29.05,0.0
101,2022,360,1409,13.1,848.0,29.0,0.0
101,2022,360,1410,13.1,835.0,29.03,0.0
101,2022,360,1411,13.1,828.0,29.06,0.0
101,2022,360,1412,13.1,823.0,29.1,0.0
101,2022,360,1413,13.1,802.0,29.06,0.0
101,2022,360,1414,13.1,820.0,28.96,0.0
101,2022,360,1415,13.1,820.0,28.86,0.0
101,2022,360,1416,13.1,804.0,28.9,0.0
101,2022,360,1417,13.1,791.0,29.0,0.0
101,2022,360,1418,13.1,778.0,29.16,0.0
101,2022,360,1419,13.1,773.0,29.13,0.0
101,2022,360,1420,13.1,773.0,29.13,0.0
101,2022,360,1421,13.1,775.0,29.14,0.0
101,2022,360,1422,13.1,770.0,29.14,0.0
101,2022,360,1423,13.1,751.0,28.97,0.0
101,2022,360,1424,13.11,744.0,29.05,0.0
101,2022,360,1425,13.1,769.0,29.0,0.0
101,2022,360,1426,13.1,792.0,29.0,0.0
101,2022,360,1427,13.11,823.0,29.0,0.0
101,2022,360,1428,13.11,857.0,28.97,0.0
101,2022,360,1429,13.1,889.0,29.07,0.0
101,2022,360,1430,13.1,838.0,29.2,0.0
101,2022,360,1431,13.1,593.1,29.07,0.0
101,2022,360,1432,13.1,632.4,29.03,0.0
101,2022,360,1433,13.1,410.0,28.96,0.0
101,2022,360,1434,13.1,334.2,29.12,0.0
101,2022,360,1435,13.1,289.2,29.05,0.0
101,2022,360,1436,13.1,240.8,28.96,0.0
101,2022,360,1437,13.1,218.7,28.73,0.0
101,2022,360,1438,13.1,199.2,28.53,0.0
101,2022,360,1439,13.1,191.5,28.48,0.0
101,2022,360,1440,13.1,179.1,28.37,0.0
101,2022,360,1441,13.1,176.6,28.32,0.0
101,2022,360,1442,13.1,168.2,28.26,0.0
101,2022,360,1443,13.1,151.0,28.26,0.0
101,2022,360,1444,13.1,143.7,28.16,0.0
101,2022,360,1445,13.11,147.5,28.02,0.0
101,2022,360,1446,13.1,151.7,28.05,0.0
101,2022,360,1447,13.11,153.1,28.1,0.0
101,2022,360,1448,13.1,156.2,28.02,0.0
101,2022,360,1449,13.11,164.8,27.89,0.0
101,2022,360,1450,13.1,175.1,27.77,0.0
101,2022,360,1451,13.1,261.4,27.73,0.0
101,2022,360,1452,13.11,280.9,27.76,0.0
101,2022,360,1453,13.11,450.1,27.83,0.0
101,2022,360,1454,13.11,629.7,27.89,0.0
101,2022,360,1455,13.11,625.2,27.96,0.0
101,2022,360,1456,13.11,616.5,27.99,0.0
101,2022,360,1457,13.11,606.2,28.08,0.0
101,2022,360,1458,13.11,608.2,28.28,0.0
101,2022,360,1459,13.11,599.1,28.29,0.0
101,2022,360,1500,13.11,579.8,28.43,0.0
101,2022,360,1501,13.11,597.8,28.55,0.0
101,2022,360,1502,13.11,594.3,28.45,0.0
101,2022,360,1503,13.11,589.0,28.47,0.0
101,2022,360,1504,13.11,583.6,28.47,0.0
101,2022,360,1505,13.11,580.6,28.47,0.0
101,2022,360,1506,13.11,578.0,28.56,0.0
101,2022,360,1507,13.11,575.9,28.51,0.0
101,2022,360,1508,13.12,576.5,28.58,0.0
101,2022,360,1509,13.11,572.3,28.46,0.0
101,2022,360,1510,13.11,564.7,28.58,0.0
101,2022,360,1511,13.11,558.6,28.65,0.0
101,2022,360,1512,13.11,544.6,28.57,0.0
101,2022,360,1513,13.11,533.6,28.57,0.0
101,2022,360,1514,13.11,533.8,28.47,0.0
101,2022,360,1515,13.11,534.9,28.52,0.0
101,2022,360,1516,13.11,533.1,28.69,0.0
101,2022,360,1517,13.12,529.1,28.76,0.0
101,2022,360,1518,13.11,525.5,28.71,0.0
101,2022,360,1519,13.11,521.7,28.74,0.0
101,2022,360,1520,13.11,519.7,28.68,0.0
101,2022,360,1521,13.11,525.2,28.59,0.0
101,2022,360,1522,13.11,525.0,28.57,0.0
101,2022,360,1523,13.11,526.0,28.6,0.0
101,2022,360,1524,13.11,506.3,28.65,0.0
101,2022,360,1525,13.11,477.5,28.66,0.0
101,2022,360,1526,13.11,492.0,28.65,0.0
101,2022,360,1527,13.12,497.3,28.79,0.0
101,2022,360,1528,13.11,508.7,28.75,0.0
101,2022,360,1529,13.11,525.8,28.64,0.0
101,2022,360,1530,13.12,315.7,28.6,0.0
101,2022,360,1531,13.11,360.6,28.62,0.0
101,2022,360,1532,13.11,516.1,28.51,0.0
101,2022,360,1533,13.12,483.6,28.43,0.0
101,2022,360,1534,13.12,433.2,28.39,0.0
101,2022,360,1535,13.12,431.1,28.43,0.0
101,2022,360,1536,13.12,281.5,28.34,0.0
101,2022,360,1537,13.12,310.4,28.28,0.0
101,2022,360,1538,13.12,496.7,28.26,0.0
101,2022,360,1539,13.12,388.1,28.29,0.0
101,2022,360,1540,13.12,281.8,28.33,0.0
101,2022,360,1541,13.12,184.2,28.26,0.0
101,2022,360,1542,13.12,157.9,28.15,0.0
101,2022,360,1543,13.12,171.9,28.08,0.0
101,2022,360,1544,13.12,429.8,28.02,0.0
101,2022,360,1545,13.12,476.7,28.06,0.0
101,2022,360,1546,13.12,470.6,28.14,0.0
101,2022,360,1547,13.12,456.9,28.14,0.0
101,2022,360,1548,13.12,449.2,28.18,0.0
101,2022,360,1549,13.12,441.2,28.21,0.0
101,2022,360,1550,13.12,281.9,28.24,0.0
101,2022,360,1551,13.12,229.6,28.12,0.0
101,2022,360,1552,13.12,434.8,28.01,0.0
101,2022,360,1553,13.12,441.4,28.09,0.0
101,2022,360,1554,13.12,437.8,28.28,0.0
101,2022,360,1555,13.12,425.0,28.39,0.0
101,2022,360,1556,13.12,439.3,28.33,0.0
101,2022,360,1557,13.12,442.6,28.24,0.0
101,2022,360,1558,13.12,433.3,28.31,0.0
101,2022,360,1559,13.12,389.0,28.23,0.0
101,2022,360,1600,13.12,304.7,28.29,0.0
101,2022,360,1601,13.12,321.6,28.21,0.0
101,2022,360,1602,13.12,366.8,28.17,0.0
101,2022,360,1603,13.12,343.6,28.16,0.0
101,2022,360,1604,13.12,359.1,28.18,0.0
101,2022,360,1605,13.12,326.1,28.19,0.0
101,2022,360,1606,13.12,282.1,28.19,0.0
101,2022,360,1607,13.12,264.2,28.08,0.0
101,2022,360,1608,13.12,246.8,27.99,0.0
101,2022,360,1609,13.12,252.2,27.98,0.0
101,2022,360,1610,13.12,278.1,27.9,0.0
101,2022,360,1611,13.12,291.8,27.88,0.0
101,2022,360,1612,13.12,275.2,27.85,0.0
101,2022,360,1613,13.12,233.1,27.86,0.0
101,2022,360,1614,13.12,244.7,27.83,0.0
101,2022,360,1615,13.12,247.8,27.78,0.0
101,2022,360,1616,13.12,245.3,27.76,0.0
101,2022,360,1617,13.12,253.1,27.82,0.0
101,2022,360,1618,13.12,274.6,27.78,0.0
101,2022,360,1619,13.12,232.9,27.73,0.0
101,2022,360,1620,13.12,253.5,27.75,0.0
101,2022,360,1621,13.12,259.7,27.74,0.0
101,2022,360,1622,13.12,227.8,27.75,0.0
101,2022,360,1623,13.12,154.1,27.68,0.0
101,2022,360,1624,13.12,237.9,27.62,0.0
101,2022,360,1625,13.12,206.9,27.55,0.0
101,2022,360,1626,13.12,268.5,27.48,0.0
101,2022,360,1627,13.12,246.6,27.57,0.0
101,2022,360,1628,13.12,224.2,27.62,0.0
101,2022,360,1629,13.12,197.1,27.59,0.0
101,2022,360,1630,13.13,171.4,27.59,0.0
101,2022,360,1631,13.12,164.7,27.45,0.0
101,2022,360,1632,13.13,147.0,27.36,0.0
101,2022,360,1633,13.12,124.6,27.3,0.0
101,2022,360,1634,13.13,123.3,27.3,0.0
101,2022,360,1635,13.13,120.2,27.32,0.0
101,2022,360,1636,13.13,134.2,27.29,0.0
101,2022,360,1637,13.13,158.8,27.24,0.0
101,2022,360,1638,13.13,160.8,27.21,0.0
101,2022,360,1639,13.13,137.2,27.24,0.0
101,2022,360,1640,13.13,118.0,27.29,0.0
101,2022,360,1641,13.13,109.1,27.27,0.0
101,2022,360,1642,13.13,103.4,27.25,0.0
101,2022,360,1643,13.12,104.5,27.21,0.0
101,2022,360,1644,13.13,102.2,27.19,0.0
101,2022,360,1645,13.13,94.7,27.14,0.0
101,2022,360,1646,13.13,90.0,27.13,0.0
101,2022,360,1647,13.12,84.5,27.05,0.0
101,2022,360,1648,13.13,81.2,27.02,0.0
101,2022,360,1649,13.13,80.7,27.01,0.0
101,2022,360,1650,13.13,76.1,27.0,0.0
101,2022,360,1651,13.13,68.74,26.95,0.0
101,2022,360,1652,13.13,82.4,26.89,0.0
101,2022,360,1653,13.13,123.5,26.88,0.0
101,2022,360,1654,13.13,122.3,26.86,0.0
101,2022,360,1655,13.13,87.3,26.86,0.0
101,2022,360,1656,13.13,79.5,26.86,0.0
101,2022,360,1657,13.13,66.26,26.85,0.0
101,2022,360,1658,13.13,62.46,26.85,0.0
101,2022,360,1659,13.13,59.81,26.81,0.0
101,2022,360,1700,13.13,58.12,26.76,0.0
101,2022,360,1701,13.13,57.39,26.74,0.0
101,2022,360,1702,13.13,56.85,26.71,0.0
101,2022,360,1703,13.13,56.65,26.66,0.0
101,2022,360,1704,13.13,56.12,26.65,0.0
101,2022,360,1705,13.13,55.47,26.61,0.0
101,2022,360,1706,13.13,54.68,26.57,0.0
101,2022,360,1707,13.12,53.78,26.53,0.0
101,2022,360,1708,13.13,52.63,26.5,0.0
101,2022,360,1709,13.12,51.5,26.5,0.0
101,2022,360,1710,13.11,50.06,26.47,0.0
101,2022,360,1711,13.11,48.37,26.47,0.0
101,2022,360,1712,13.1,47.19,26.47,0.0
101,2022,360,1713,13.1,47.33,26.44,0.0
101,2022,360,1714,13.09,50.01,26.38,0.0
101,2022,360,1715,13.09,52.68,26.34,0.0
101,2022,360,1716,13.09,59.3,26.34,0.0
101,2022,360,1717,13.08,47.36,26.35,0.0
101,2022,360,1718,13.08,44.48,26.37,0.0
101,2022,360,1719,13.07,42.46,26.38,0.0
101,2022,360,1720,13.06,40.45,26.38,0.0
101,2022,360,1721,13.06,38.51,26.36,0.0
101,2022,360,1722,13.05,36.91,26.34,0.0
101,2022,360,1723,13.05,35.38,26.33,0.0
101,2022,360,1724,13.04,34.88,26.29,0.0
101,2022,360,1725,13.03,32.34,26.25,0.0
101,2022,360,1726,13.02,28.9,26.23,0.0
101,2022,360,1727,13.01,25.92,26.21,0.0
101,2022,360,1728,13.01,26.57,26.2,0.0
101,2022,360,1729,13.0,25.52,26.2,0.0
101,2022,360,1730,13.0,22.79,26.16,0.0
101,2022,360,1731,12.99,20.17,26.14,0.0
101,2022,360,1732,12.99,17.83,26.11,0.0
101,2022,360,1733,12.98,16.43,26.08,0.0
101,2022,360,1734,12.98,15.5,26.07,0.0
101,2022,360,1735,12.97,13.72,26.05,0.0
101,2022,360,1736,12.97,11.47,26.03,0.0
101,2022,360,1737,12.96,10.06,26.01,0.0
101,2022,360,1738,12.96,9.24,26.0,0.0
101,2022,360,1739,12.95,8.4,26.0,0.0
101,2022,360,1740,12.95,7.47,26.0,0.0
101,2022,360,1741,12.94,6.396,25.98,0.0
101,2022,360,1742,12.94,5.466,25.95,0.0
101,2022,360,1743,12.94,4.733,25.91,0.0
101,2022,360,1744,12.94,4.114,25.86,0.0
101,2022,360,1745,12.93,3.86,25.84,0.0
101,2022,360,1746,12.93,3.494,25.84,0.0
101,2022,360,1747,12.92,3.043,25.82,0.0
101,2022,360,1748,12.92,2.761,25.79,0.0
101,2022,360,1749,12.92,2.367,25.77,0.0
101,2022,360,1750,12.91,2.226,25.74,0.0
101,2022,360,1751,12.91,1.944,25.71,0.0
101,2022,360,1752,12.91,1.691,25.67,0.0
101,2022,360,1753,12.9,1.662,25.64,0.0
101,2022,360,1754,12.9,1.352,25.63,0.0
101,2022,360,1755,12.9,1.127,25.59,0.0
101,2022,360,1756,12.9,1.014,25.57,0.0
101,2022,360,1757,12.89,0.0,25.54,0.0
101,2022,360,1758,12.89,0.0,25.52,0.0
101,2022,360,1759,12.89,0.0,25.51,0.0
101,2022,360,1800,12.89,0.0,25.49,0.0
101,2022,360,1801,12.89,0.0,25.46,0.0
101,2022,360,1802,12.88,0.0,25.44,0.0
101,2022,360,1803,12.88,0.0,25.43,0.0
101,2022,360,1804,12.88,0.0,25.4,0.0
101,2022,360,1805,12.87,0.0,25.37,0.0
101,2022,360,1806,12.87,0.0,25.36,0.0
101,2022,360,1807,12.87,0.0,25.34,0.0
101,2022,360,1808,12.87,0.0,25.32,0.0
101,2022,360,1809,12.87,0.0,25.29,0.0
101,2022,360,1810,12.87,0.0,25.27,0.0
101,2022,360,1811,12.86,0.0,25.26,0.0
101,2022,360,1812,12.86,0.0,25.25,0.0
101,2022,360,1813,12.86,0.0,25.24,0.0
101,2022,360,1814,12.86,0.0,25.22,0.0
101,2022,360,1815,12.86,0.0,25.22,0.0
101,2022,360,1816,12.86,0.0,25.21,0.0
101,2022,360,1817,12.85,0.0,25.2,0.0
101,2022,360,1818,12.86,0.0,25.21,0.0
101,2022,360,1819,12.85,0.0,25.21,0.0
101,2022,360,1820,12.85,0.0,25.2,0.0
101,2022,360,1821,12.85,0.0,25.19,0.0
101,2022,360,1822,12.85,0.0,25.17,0.0
101,2022,360,1823,12.84,0.0,25.15,0.0
101,2022,360,1824,12.84,0.0,25.14,0.0
101,2022,360,1825,12.84,0.0,25.13,0.0
101,2022,360,1826,12.84,0.0,25.11,0.0
101,2022,360,1827,12.84,0.0,25.1,0.0
101,2022,360,1828,12.84,0.0,25.08,0.0
101,2022,360,1829,12.84,0.0,25.06,0.0
101,2022,360,1830,12.84,0.0,25.04,0.0
101,2022,360,1831,12.84,0.0,25.03,0.0
101,2022,360,1832,12.83,0.0,25.01,0.0
101,2022,360,1833,12.83,0.0,24.99,0.0
101,2022,360,1834,12.83,0.0,24.96,0.0
101,2022,360,1835,12.83,0.0,24.95,0.0
101,2022,360,1836,12.83,0.0,24.93,0.0
101,2022,360,1837,12.83,0.0,24.91,0.0
101,2022,360,1838,12.83,0.0,24.91,0.0
101,2022,360,1839,12.83,0.0,24.88,0.0
101,2022,360,1840,12.83,0.0,24.87,0.0
101,2022,360,1841,12.82,0.0,24.85,0.0
101,2022,360,1842,12.82,0.0,24.83,0.0
101,2022,360,1843,12.82,0.0,24.81,0.0
101,2022,360,1844,12.82,0.0,24.8,0.0
101,2022,360,1845,12.82,0.0,24.78,0.0
101,2022,360,1846,12.82,0.0,24.76,0.0
101,2022,360,1847,12.82,0.0,24.75,0.0
101,2022,360,1848,12.82,0.0,24.73,0.0
101,2022,360,1849,12.82,0.0,24.71,0.0
101,2022,360,1850,12.82,0.0,24.69,0.0
101,2022,360,1851,12.82,0.0,24.67,0.0
101,2022,360,1852,12.81,0.0,24.67,0.0
101,2022,360,1853,12.81,0.0,24.66,0.0
101,2022,360,1854,12.81,0.0,24.65,0.0
101,2022,360,1855,12.81,0.0,24.65,0.0
101,2022,360,1856,12.81,0.0,24.64,0.0
101,2022,360,1857,12.81,0.0,24.62,0.0
101,2022,360,1858,12.81,0.0,24.61,0.0
101,2022,360,1859,12.81,0.0,24.6,0.0
101,2022,360,1900,12.81,0.0,24.61,0.0
101,2022,360,1901,12.81,0.0,24.61,0.0
101,2022,360,1902,12.8,0.0,24.6,0.0
101,2022,360,1903,12.8,0.0,24.61,0.0
101,2022,360,1904,12.8,0.0,24.62,0.0
101,2022,360,1905,12.8,0.0,24.61,0.0
101,2022,360,1906,12.8,0.0,24.61,0.0
101,2022,360,1907,12.8,0.0,24.59,0.0
101,2022,360,1908,12.8,0.0,24.59,0.0
101,2022,360,1909,12.8,0.0,24.58,0.0
101,2022,360,1910,12.8,0.0,24.58,0.0
101,2022,360,1911,12.8,0.0,24.57,0.0
101,2022,360,1912,12.8,0.0,24.57,0.0
101,2022,360,1913,12.8,0.0,24.57,0.0
101,2022,360,1914,12.8,0.0,24.55,0.0
101,2022,360,1915,12.8,0.0,24.54,0.0
101,2022,360,1916,12.8,0.0,24.54,0.0
101,2022,360,1917,12.8,0.0,24.53,0.0
101,2022,360,1918,12.8,0.0,24.53,0.0
101,2022,360,1919,12.8,0.0,24.52,0.0
101,2022,360,1920,12.8,0.0,24.52,0.0
101,2022,360,1921,12.79,0.0,24.5,0.0
101,2022,360,1922,12.79,0.0,24.48,0.0
101,2022,360,1923,12.79,0.0,24.47,0.0
101,2022,360,1924,12.79,0.0,24.47,0.0
101,2022,360,1925,12.79,0.0,24.46,0.0
101,2022,360,1926,12.79,0.0,24.46,0.0
101,2022,360,1927,12.79,0.0,24.44,0.0
101,2022,360,1928,12.79,0.0,24.41,0.0
101,2022,360,1929,12.79,0.0,24.41,0.0
101,2022,360,1930,12.79,0.0,24.39,0.0
101,2022,360,1931,12.79,0.0,24.38,0.0
101,2022,360,1932,12.79,0.0,24.36,0.0
101,2022,360,1933,12.79,0.0,24.35,0.0
101,2022,360,1934,12.78,0.0,24.34,0.0
101,2022,360,1935,12.79,0.0,24.32,0.0
101,2022,360,1936,12.79,0.0,24.31,0.0
101,2022,360,1937,12.79,0.0,24.3,0.0
101,2022,360,1938,12.79,0.0,24.29,0.0
101,2022,360,1939,12.79,0.0,24.27,0.0
101,2022,360,1940,12.78,0.0,24.26,0.0
101,2022,360,1941,12.79,0.0,24.25,0.0
101,2022,360,1942,12.78,0.0,24.23,0.0
101,2022,360,1943,12.79,0.0,24.22,0.0
101,2022,360,1944,12.78,0.0,24.21,0.0
101,2022,360,1945,12.78,0.0,24.19,0.0
101,2022,360,1946,12.78,0.0,24.18,0.0
101,2022,360,1947,12.78,0.0,24.18,0.0
101,2022,360,1948,12.78,0.0,24.16,0.0
101,2022,360,1949,12.78,0.0,24.16,0.0
101,2022,360,1950,12.78,0.0,24.15,0.0
101,2022,360,1951,12.78,0.0,24.13,0.0
101,2022,360,1952,12.78,0.0,24.13,0.0
101,2022,360,1953,12.78,0.0,24.13,0.0
101,2022,360,1954,12.78,0.0,24.11,0.0
101,2022,360,1955,12.78,0.0,24.11,0.0
101,2022,360,1956,12.78,0.0,24.11,0.0
101,2022,360,1957,12.78,0.0,24.08,0.0
101,2022,360,1958,12.78,0.0,24.08,0.0
101,2022,360,1959,12.77,0.0,24.06,0.0
101,2022,360,2000,12.77,0.0,24.05,0.0
101,2022,360,2001,12.77,0.0,24.04,0.0
101,2022,360,2002,12.77,0.0,24.04,0.0
101,2022,360,2003,12.77,0.0,24.03,0.0
101,2022,360,2004,12.77,0.0,24.02,0.0
101,2022,360,2005,12.77,0.0,24.0,0.0
101,2022,360,2006,12.77,0.0,23.98,0.0
101,2022,360,2007,12.77,0.0,23.96,0.0
101,2022,360,2008,12.77,0.0,23.93,0.0
101,2022,360,2009,12.77,0.0,23.91,0.0
101,2022,360,2010,12.77,0.0,23.89,0.0
101,2022,360,2011,12.77,0.0,23.88,0.0
101,2022,360,2012,12.77,0.0,23.87,0.0
101,2022,360,2013,12.77,0.0,23.86,0.0
101,2022,360,2014,12.77,0.0,23.84,0.0
101,2022,360,2015,12.77,0.0,23.82,0.0
101,2022,360,2016,12.77,0.0,23.8,0.0
101,2022,360,2017,12.77,0.0,23.79,0.0
101,2022,360,2018,12.77,0.0,23.77,0.0
101,2022,360,2019,12.77,0.0,23.74,0.0
101,2022,360,2020,12.77,0.0,23.71,0.0
101,2022,360,2021,12.77,0.0,23.72,0.0
101,2022,360,2022,12.77,0.0,23.71,0.0
101,2022,360,2023,12.77,0.0,23.69,0.0
101,2022,360,2024,12.77,0.0,23.67,0.0
101,2022,360,2025,12.77,0.0,23.67,0.0
101,2022,360,2026,12.77,0.0,23.65,0.0
101,2022,360,2027,12.77,0.0,23.63,0.0
101,2022,360,2028,12.76,0.0,23.63,0.0
101,2022,360,2029,12.76,0.0,23.62,0.0
101,2022,360,2030,12.76,0.0,23.62,0.0
101,2022,360,2031,12.76,0.0,23.62,0.0
101,2022,360,2032,12.76,0.0,23.62,0.0
101,2022,360,2033,12.76,0.0,23.6,0.0
101,2022,360,2034,12.76,0.0,23.59,0.0
101,2022,360,2035,12.76,0.0,23.57,0.0
101,2022,360,2036,12.76,0.0,23.55,0.0
101,2022,360,2037,12.76,0.0,23.54,0.0
101,2022,360,2038,12.76,0.0,23.51,0.0
101,2022,360,2039,12.76,0.0,23.49,0.0
101,2022,360,2040,12.76,0.0,23.5,0.0
101,2022,360,2041,12.76,0.0,23.48,0.0
101,2022,360,2042,12.76,0.0,23.48,0.0
101,2022,360,2043,12.76,0.0,23.47,0.0
101,2022,360,2044,12.76,0.0,23.45,0.0
101,2022,360,2045,12.76,0.0,23.42,0.0
101,2022,360,2046,12.76,0.0,23.4,0.0
101,2022,360,2047,12.76,0.0,23.38,0.0
101,2022,360,2048,12.75,0.0,23.37,0.0
101,2022,360,2049,12.76,0.0,23.36,0.0
101,2022,360,2050,12.75,0.0,23.35,0.0
101,2022,360,2051,12.75,0.0,23.33,0.0
101,2022,360,2052,12.75,0.0,23.32,0.0
101,2022,360,2053,12.75,0.0,23.32,0.0
101,2022,360,2054,12.75,0.0,23.32,0.0
101,2022,360,2055,12.75,0.0,23.31,0.0
101,2022,360,2056,12.75,0.0,23.31,0.0
101,2022,360,2057,12.75,0.0,23.3,0.0
101,2022,360,2058,12.75,0.0,23.29,0.0
101,2022,360,2059,12.75,0.0,23.27,0.0
101,2022,360,2100,12.75,0.0,23.26,0.0
101,2022,360,2101,12.75,0.0,23.24,0.0
101,2022,360,2102,12.75,0.0,23.22,0.0
101,2022,360,2103,12.75,0.0,23.21,0.0
101,2022,360,2104,12.75,0.0,23.2,0.0
101,2022,360,2105,12.75,0.0,23.2,0.0
101,2022,360,2106,12.75,0.0,23.2,0.0
101,2022,360,2107,12.75,0.0,23.19,0.0
101,2022,360,2108,12.75,0.0,23.18,0.0
101,2022,360,2109,12.75,0.0,23.19,0.0
101,2022,360,2110,12.75,0.0,23.17,0.0
101,2022,360,2111,12.75,0.0,23.17,0.0
101,2022,360,2112,12.75,0.0,23.16,0.0
101,2022,360,2113,12.75,0.0,23.14,0.0
101,2022,360,2114,12.75,0.0,23.13,0.0
101,2022,360,2115,12.75,0.0,23.12,0.0
101,2022,360,2116,12.75,0.0,23.11,0.0
101,2022,360,2117,12.75,0.0,23.11,0.0
101,2022,360,2118,12.75,0.0,23.12,0.0
101,2022,360,2119,12.75,0.0,23.13,0.0
101,2022,360,2120,12.75,0.0,23.14,0.0
101,2022,360,2121,12.75,0.0,23.15,0.0
101,2022,360,2122,12.75,0.0,23.18,0.0
101,2022,360,2123,12.75,0.0,23.18,0.0
101,2022,360,2124,12.75,0.0,23.17,0.0
101,2022,360,2125,12.74,0.0,23.14,0.0
101,2022,360,2126,12.75,0.0,23.12,0.0
101,2022,360,2127,12.74,0.0,23.1,0.0
101,2022,360,2128,12.74,0.0,23.09,0.0
101,2022,360,2129,12.74,0.0,23.08,0.0
101,2022,360,2130,12.74,0.0,23.07,0.0
101,2022,360,2131,12.74,0.0,23.04,0.0
101,2022,360,2132,12.74,0.0,23.0,0.0
101,2022,360,2133,12.74,0.0,23.0,0.0
101,2022,360,2134,12.74,0.0,22.99,0.0
101,2022,360,2135,12.74,0.0,22.98,0.0
101,2022,360,2136,12.74,0.0,22.96,0.0
101,2022,360,2137,12.74,0.0,22.95,0.0
101,2022,360,2138,12.74,0.0,22.94,0.0
101,2022,360,2139,12.74,0.0,22.92,0.0
101,2022,360,2140,12.74,0.0,22.91,0.0
101,2022,360,2141,12.74,0.0,22.9,0.0
101,2022,360,2142,12.74,0.0,22.89,0.0
101,2022,360,2143,12.74,0.0,22.87,0.0
101,2022,360,2144,12.74,0.0,22.86,0.0
101,2022,360,2145,12.74,0.0,22.84,0.0
101,2022,360,2146,12.74,0.0,22.83,0.0
101,2022,360,2147,12.74,0.0,22.85,0.0
101,2022,360,2148,12.74,0.0,22.85,0.0
101,2022,360,2149,12.74,0.0,22.81,0.0
101,2022,360,2150,12.74,0.0,22.79,0.0
101,2022,360,2151,12.74,0.0,22.78,0.0
101,2022,360,2152,12.74,0.0,22.8,0.0
101,2022,360,2153,12.74,0.0,22.81,0.0
101,2022,360,2154,12.73,0.0,22.8,0.0
101,2022,360,2155,12.73,0.0,22.79,0.0
101,2022,360,2156,12.73,0.0,22.77,0.0
101,2022,360,2157,12.73,0.0,22.77,0.0
101,2022,360,2158,12.73,0.0,22.78,0.0
101,2022,360,2159,12.73,0.0,22.79,0.0
101,2022,360,2200,12.73,0.0,22.82,0.0
101,2022,360,2201,12.73,0.0,22.8,0.0
101,2022,360,2202,12.73,0.0,22.79,0.0
101,2022,360,2203,12.73,0.0,22.77,0.0
101,2022,360,2204,12.73,0.0,22.77,0.0
101,2022,360,2205,12.73,0.0,22.75,0.0
101,2022,360,2206,12.73,0.0,22.73,0.0
101,2022,360,2207,12.73,0.0,22.72,0.0
101,2022,360,2208,12.73,0.0,22.74,0.0
101,2022,360,2209,12.73,0.0,22.81,0.0
101,2022,360,2210,12.73,0.0,22.85,0.0
101,2022,360,2211,12.73,0.0,22.82,0.0
101,2022,360,2212,12.73,0.0,22.79,0.0
101,2022,360,2213,12.73,0.0,22.78,0.0
101,2022,360,2214,12.73,0.0,22.76,0.0
101,2022,360,2215,12.73,0.0,22.74,0.0
101,2022,360,2216,12.73,0.0,22.71,0.0
101,2022,360,2217,12.73,0.0,22.69,0.0
101,2022,360,2218,12.73,0.0,22.67,0.0
101,2022,360,2219,12.73,0.0,22.67,0.0
101,2022,360,2220,12.73,0.0,22.65,0.0
101,2022,360,2221,12.73,0.0,22.64,0.0
101,2022,360,2222,12.73,0.0,22.64,0.0
101,2022,360,2223,12.73,0.0,22.62,0.0
101,2022,360,2224,12.73,0.0,22.61,0.0
101,2022,360,2225,12.73,0.0,22.6,0.0
101,2022,360,2226,12.73,0.0,22.59,0.0
101,2022,360,2227,12.73,0.0,22.59,0.0
101,2022,360,2228,12.73,0.0,22.6,0.0
101,2022,360,2229,12.73,0.0,22.62,0.0
101,2022,360,2230,12.73,0.0,22.63,0.0
101,2022,360,2231,12.73,0.0,22.63,0.0
101,2022,360,2232,12.73,0.0,22.64,0.0
101,2022,360,2233,12.73,0.0,22.64,0.0
101,2022,360,2234,12.73,0.0,22.62,0.0
101,2022,360,2235,12.73,0.0,22.59,0.0
101,2022,360,2236,12.73,0.0,22.59,0.0
101,2022,360,2237,12.73,0.0,22.59,0.0
101,2022,360,2238,12.73,0.0,22.66,0.0
101,2022,360,2239,12.73,0.0,22.69,0.0
101,2022,360,2240,12.73,0.0,22.67,0.0
101,2022,360,2241,12.73,0.0,22.63,0.0
101,2022,360,2242,12.73,0.0,22.59,0.0
101,2022,360,2243,12.73,0.0,22.56,0.0
101,2022,360,2244,12.73,0.0,22.56,0.0
101,2022,360,2245,12.73,0.0,22.57,0.0
101,2022,360,2246,12.73,0.0,22.55,0.0
101,2022,360,2247,12.73,0.0,22.52,0.0
101,2022,360,2248,12.73,0.0,22.52,0.0
101,2022,360,2249,12.73,0.0,22.5,0.0
101,2022,360,2250,12.72,0.0,22.48,0.0
101,2022,360,2251,12.73,0.0,22.47,0.0
101,2022,360,2252,12.72,0.0,22.46,0.0
101,2022,360,2253,12.72,0.0,22.44,0.0
101,2022,360,2254,12.72,0.0,22.44,0.0
101,2022,360,2255,12.72,0.0,22.43,0.0
101,2022,360,2256,12.72,0.0,22.41,0.0
101,2022,360,2257,12.72,0.0,22.39,0.0
101,2022,360,2258,12.72,0.0,22.4,0.0
101,2022,360,2259,12.72,0.0,22.42,0.0
101,2022,360,2300,12.72,0.0,22.44,0.0
101,2022,360,2301,12.72,0.0,22.42,0.0
101,2022,360,2302,12.72,0.0,22.4,0.0
101,2022,360,2303,12.72,0.0,22.43,0.0
101,2022,360,2304,12.72,0.0,22.46,0.0
101,2022,360,2305,12.72,0.0,22.45,0.0
101,2022,360,2306,12.72,0.0,22.45,0.0
101,2022,360,2307,12.72,0.0,22.43,0.0
101,2022,360,2308,12.72,0.0,22.42,0.0
101,2022,360,2309,12.72,0.0,22.43,0.0
101,2022,360,2310,12.72,0.0,22.43,0.0
101,2022,360,2311,12.72,0.0,22.44,0.0
101,2022,360,2312,12.72,0.0,22.45,0.0
101,2022,360,2313,12.72,0.0,22.46,0.0
101,2022,360,2314,12.72,0.0,22.46,0.0
101,2022,360,2315,12.72,0.0,22.46,0.0
101,2022,360,2316,12.72,0.0,22.44,0.0
101,2022,360,2317,12.72,0.0,22.43,0.0
101,2022,360,2318,12.72,0.0,22.41,0.0
101,2022,360,2319,12.72,0.0,22.41,0.0
101,2022,360,2320,12.72,0.0,22.4,0.0
101,2022,360,2321,12.72,0.0,22.39,0.0
101,2022,360,2322,12.72,0.0,22.37,0.0
101,2022,360,2323,12.72,0.0,22.32,0.0
101,2022,360,2324,12.72,0.0,22.25,0.0
101,2022,360,2325,12.72,0.0,22.19,0.0
101,2022,360,2326,12.72,0.0,22.14,0.0
101,2022,360,2327,12.71,0.0,22.09,0.0
101,2022,360,2328,12.71,0.0,22.07,0.0
101,2022,360,2329,12.72,0.0,22.07,0.0
101,2022,360,2330,12.71,0.0,22.1,0.0
101,2022,360,2331,12.72,0.0,22.17,0.0
101,2022,360,2332,12.72,0.0,22.22,0.0
101,2022,360,2333,12.72,0.0,22.22,0.0
101,2022,360,2334,12.72,0.0,22.22,0.0
101,2022,360,2335,12.72,0.0,22.21,0.0
101,2022,360,2336,12.72,0.0,22.21,0.0
101,2022,360,2337,12.71,0.0,22.21,0.0
101,2022,360,2338,12.71,0.0,22.2,0.0
101,2022,360,2339,12.71,0.0,22.18,0.0
101,2022,360,2340,12.71,0.0,22.17,0.0
101,2022,360,2341,12.71,0.0,22.16,0.0
101,2022,360,2342,12.71,0.0,22.16,0.0
101,2022,360,2343,12.71,0.0,22.16,0.0
101,2022,360,2344,12.71,0.0,22.19,0.0
101,2022,360,2345,12.71,0.0,22.22,0.0
101,2022,360,2346,12.71,0.0,22.23,0.0
101,2022,360,2347,12.71,0.0,22.24,0.0
101,2022,360,2348,12.71,0.0,22.26,0.0
101,2022,360,2349,12.71,0.0,22.28,0.0
101,2022,360,2350,12.71,0.0,22.28,0.0
101,2022,360,2351,12.71,0.0,22.28,0.0
101,2022,360,2352,12.71,0.0,22.28,0.0
101,2022,360,2353,12.71,0.0,22.27,0.0
101,2022,360,2354,12.71,0.0,22.25,0.0
101,2022,360,2355,12.71,0.0,22.23,0.0
101,2022,360,2356,12.71,0.0,22.22,0.0
101,2022,360,2357,12.71,0.0,22.23,0.0
101,2022,360,2358,12.71,0.0,22.22,0.0
101,2022,360,2359,12.71,0.0,22.21,0.0
101,2022,361,2400,12.71,0.0,22.19,0.0
