a,b,dia_juliano,d,e,f,g,h
101,2022,342,531,13.27,65.24,21.65,0.0
101,2022,342,532,13.27,67.92,21.67,0.0
101,2022,342,533,13.27,70.0,21.71,0.0
101,2022,342,534,13.27,72.0,21.73,0.0
101,2022,342,535,13.27,73.9,21.75,0.0
101,2022,342,536,13.27,76.0,21.78,0.0
101,2022,342,537,13.27,78.3,21.88,0.0
101,2022,342,538,13.27,80.0,22.0,0.0
101,2022,342,539,13.27,82.9,22.18,0.0
101,2022,342,540,13.27,85.9,22.27,0.0
101,2022,342,541,13.27,87.9,22.23,0.0
101,2022,342,542,13.27,89.5,22.25,0.0
101,2022,342,543,13.27,91.1,22.22,0.0
101,2022,342,544,13.27,93.1,22.22,0.0
101,2022,342,545,13.27,97.5,22.27,0.0
101,2022,342,546,13.27,102.1,22.35,0.0
101,2022,342,547,13.26,106.5,22.36,0.0
101,2022,342,548,13.26,111.1,22.34,0.0
101,2022,342,549,13.26,115.7,22.37,0.0
101,2022,342,550,13.26,121.6,22.47,0.0
101,2022,342,551,13.26,128.6,22.47,0.0
101,2022,342,552,13.26,136.0,22.6,0.0
101,2022,342,553,13.26,143.2,22.7,0.0
101,2022,342,554,13.26,149.3,22.71,0.0
101,2022,342,555,13.26,154.5,22.72,0.0
101,2022,342,556,13.26,159.5,22.68,0.0
101,2022,342,557,13.26,164.8,22.7,0.0
101,2022,342,558,13.26,170.1,22.8,0.0
101,2022,342,559,13.26,174.1,22.85,0.0
101,2022,342,600,13.26,177.4,22.88,0.0
101,2022,342,601,13.25,181.1,23.01,0.0
101,2022,342,602,13.25,184.9,23.09,0.0
101,2022,342,603,13.25,189.4,23.16,0.0
101,2022,342,604,13.25,193.1,23.18,0.0
101,2022,342,605,13.25,196.5,23.27,0.0
101,2022,342,606,13.25,199.5,23.34,0.0
101,2022,342,607,13.25,201.8,23.39,0.0
101,2022,342,608,13.25,204.9,23.42,0.0
101,2022,342,609,13.24,208.7,23.5,0.0
101,2022,342,610,13.24,211.5,23.47,0.0
101,2022,342,611,13.24,215.3,23.51,0.0
101,2022,342,612,13.24,218.4,23.47,0.0
101,2022,342,613,13.24,220.5,23.53,0.0
101,2022,342,614,13.24,223.1,23.56,0.0
101,2022,342,615,13.24,225.4,23.56,0.0
101,2022,342,616,13.24,228.0,23.61,0.0
101,2022,342,617,13.24,230.1,23.63,0.0
101,2022,342,618,13.24,232.1,23.68,0.0
101,2022,342,619,13.23,233.5,23.77,0.0
101,2022,342,620,13.23,235.6,23.95,0.0
101,2022,342,621,13.23,237.7,23.88,0.0
101,2022,342,622,13.23,239.7,23.99,0.0
101,2022,342,623,13.23,241.6,24.05,0.0
101,2022,342,624,13.23,242.2,24.07,0.0
101,2022,342,625,13.23,244.1,24.11,0.0
101,2022,342,626,13.22,246.3,24.17,0.0
101,2022,342,627,13.22,247.9,24.18,0.0
101,2022,342,628,13.22,250.0,24.19,0.0
101,2022,342,629,13.22,252.0,24.32,0.0
101,2022,342,630,13.22,254.7,24.4,0.0
101,2022,342,631,13.22,258.6,24.39,0.0
101,2022,342,632,13.22,262.1,24.48,0.0
101,2022,342,633,13.22,267.1,24.44,0.0
101,2022,342,634,13.22,271.7,24.49,0.0
101,2022,342,635,13.22,274.9,24.56,0.0
101,2022,342,636,13.22,279.5,24.63,0.0
101,2022,342,637,13.21,282.6,24.67,0.0
101,2022,342,638,13.21,286.6,24.68,0.0
101,2022,342,639,13.21,289.0,24.58,0.0
101,2022,342,640,13.21,290.7,24.55,0.0
101,2022,342,641,13.21,293.5,24.68,0.0
101,2022,342,642,13.21,296.5,24.62,0.0
101,2022,342,643,13.21,298.7,24.65,0.0
101,2022,342,644,13.2,299.5,24.69,0.0
101,2022,342,645,13.2,301.2,24.73,0.0
101,2022,342,646,13.2,302.8,24.71,0.0
101,2022,342,647,13.2,304.2,24.72,0.0
101,2022,342,648,13.2,305.1,24.77,0.0
101,2022,342,649,13.2,306.5,24.68,0.0
101,2022,342,650,13.2,307.3,24.72,0.0
101,2022,342,651,13.2,308.7,24.8,0.0
101,2022,342,652,13.2,310.7,24.88,0.0
101,2022,342,653,13.2,312.0,24.96,0.0
101,2022,342,654,13.2,313.4,25.01,0.0
101,2022,342,655,13.2,314.7,24.95,0.0
101,2022,342,656,13.19,316.5,25.01,0.0
101,2022,342,657,13.19,318.2,24.84,0.0
101,2022,342,658,13.19,320.1,24.84,0.0
101,2022,342,659,13.19,320.9,24.91,0.0
101,2022,342,700,13.19,322.9,24.98,0.0
101,2022,342,701,13.19,326.7,24.94,0.0
101,2022,342,702,13.19,330.9,24.88,0.0
101,2022,342,703,13.18,333.4,24.99,0.0
101,2022,342,704,13.18,336.3,25.12,0.0
101,2022,342,705,13.18,340.7,25.0,0.0
101,2022,342,706,13.18,344.6,24.96,0.0
101,2022,342,707,13.18,346.6,24.89,0.0
101,2022,342,708,13.18,358.3,25.03,0.0
101,2022,342,709,13.18,363.5,25.15,0.0
101,2022,342,710,13.18,369.4,25.04,0.0
101,2022,342,711,13.18,377.7,25.0,0.0
101,2022,342,712,13.18,383.8,25.05,0.0
101,2022,342,713,13.18,389.2,25.07,0.0
101,2022,342,714,13.18,314.4,25.08,0.0
101,2022,342,715,13.17,400.9,25.05,0.0
101,2022,342,716,13.18,399.7,25.25,0.0
101,2022,342,717,13.18,401.7,25.41,0.0
101,2022,342,718,13.18,404.2,25.44,0.0
101,2022,342,719,13.17,409.7,25.45,0.0
101,2022,342,720,13.17,420.3,25.43,0.0
101,2022,342,721,13.17,427.2,25.52,0.0
101,2022,342,722,13.17,434.4,25.46,0.0
101,2022,342,723,13.17,444.8,25.41,0.0
101,2022,342,724,13.17,457.6,25.47,0.0
101,2022,342,725,13.17,470.2,25.44,0.0
101,2022,342,726,13.17,425.1,25.43,0.0
101,2022,342,727,13.16,479.6,25.4,0.0
101,2022,342,728,13.17,500.3,25.54,0.0
101,2022,342,729,13.16,434.7,25.52,0.0
101,2022,342,730,13.16,516.7,25.57,0.0
101,2022,342,731,13.16,375.5,25.6,0.0
101,2022,342,732,13.16,240.4,25.61,0.0
101,2022,342,733,13.16,231.0,25.75,0.0
101,2022,342,734,13.16,241.5,25.74,0.0
101,2022,342,735,13.16,273.0,25.65,0.0
101,2022,342,736,13.16,329.1,25.71,0.0
101,2022,342,737,13.16,500.4,25.77,0.0
101,2022,342,738,13.16,620.2,26.0,0.0
101,2022,342,739,13.16,566.9,26.23,0.0
101,2022,342,740,13.16,224.8,26.09,0.0
101,2022,342,741,13.16,391.9,25.79,0.0
101,2022,342,742,13.16,620.5,25.84,0.0
101,2022,342,743,13.15,394.9,25.84,0.0
101,2022,342,744,13.15,277.6,25.8,0.0
101,2022,342,745,13.15,565.2,25.76,0.0
101,2022,342,746,13.15,375.6,25.74,0.0
101,2022,342,747,13.15,276.5,25.82,0.0
101,2022,342,748,13.15,198.2,25.77,0.0
101,2022,342,749,13.15,232.6,25.79,0.0
101,2022,342,750,13.15,355.4,25.81,0.0
101,2022,342,751,13.15,320.8,25.79,0.0
101,2022,342,752,13.15,336.8,25.9,0.0
101,2022,342,753,13.15,294.3,25.96,0.0
101,2022,342,754,13.15,412.8,25.97,0.0
101,2022,342,755,13.15,455.0,25.99,0.0
101,2022,342,756,13.15,385.3,26.11,0.0
101,2022,342,757,13.15,256.2,26.12,0.0
101,2022,342,758,13.15,194.3,26.07,0.0
101,2022,342,759,13.15,177.5,26.1,0.0
101,2022,342,800,13.15,179.1,25.97,0.0
101,2022,342,801,13.15,269.6,25.91,0.0
101,2022,342,802,13.15,465.5,25.96,0.0
101,2022,342,803,13.15,629.2,26.1,0.0
101,2022,342,804,13.15,504.8,26.18,0.0
101,2022,342,805,13.15,449.0,26.1,0.0
101,2022,342,806,13.16,697.3,26.18,0.0
101,2022,342,807,13.15,686.9,26.38,0.0
101,2022,342,808,13.15,399.1,26.42,0.0
101,2022,342,809,13.15,223.0,26.44,0.0
101,2022,342,810,13.15,664.8,26.34,0.0
101,2022,342,811,13.15,704.0,26.36,0.0
101,2022,342,812,13.15,407.9,26.43,0.0
101,2022,342,813,13.15,215.2,26.29,0.0
101,2022,342,814,13.15,583.4,26.06,0.0
101,2022,342,815,13.15,396.5,26.18,0.0
101,2022,342,816,13.14,197.6,26.31,0.0
101,2022,342,817,13.14,177.1,26.37,0.0
101,2022,342,818,13.15,187.1,26.4,0.0
101,2022,342,819,13.15,421.4,26.39,0.0
101,2022,342,820,13.15,630.5,26.42,0.0
101,2022,342,821,13.15,661.0,26.53,0.0
101,2022,342,822,13.15,725.0,26.6,0.0
101,2022,342,823,13.15,722.0,26.62,0.0
101,2022,342,824,13.15,730.0,26.7,0.0
101,2022,342,825,13.14,746.0,26.61,0.0
101,2022,342,826,13.14,776.0,26.71,0.0
101,2022,342,827,13.14,816.0,27.06,0.0
101,2022,342,828,13.14,835.0,27.22,0.0
101,2022,342,829,13.14,823.0,27.25,0.0
101,2022,342,830,13.14,810.0,27.11,0.0
101,2022,342,831,13.13,809.0,27.15,0.0
101,2022,342,832,13.13,828.0,27.28,0.0
101,2022,342,833,13.13,855.0,27.28,0.0
101,2022,342,834,13.13,874.0,27.42,0.0
101,2022,342,835,13.13,888.0,27.53,0.0
101,2022,342,836,13.13,898.0,27.65,0.0
101,2022,342,837,13.13,910.0,27.63,0.0
101,2022,342,838,13.13,908.0,27.64,0.0
101,2022,342,839,13.12,518.4,27.44,0.0
101,2022,342,840,13.12,793.0,27.21,0.0
101,2022,342,841,13.12,923.0,27.48,0.0
101,2022,342,842,13.12,510.9,27.31,0.0
101,2022,342,843,13.12,665.4,27.23,0.0
101,2022,342,844,13.12,501.6,27.22,0.0
101,2022,342,845,13.12,280.6,27.33,0.0
101,2022,342,846,13.12,639.8,27.29,0.0
101,2022,342,847,13.12,642.6,27.39,0.0
101,2022,342,848,13.12,250.8,27.17,0.0
101,2022,342,849,13.12,386.0,27.2,0.0
101,2022,342,850,13.12,737.0,27.25,0.0
101,2022,342,851,13.12,475.3,27.41,0.0
101,2022,342,852,13.12,553.2,27.32,0.0
101,2022,342,853,13.12,406.0,27.31,0.0
101,2022,342,854,13.12,214.5,27.3,0.0
101,2022,342,855,13.12,222.5,27.26,0.0
101,2022,342,856,13.12,232.5,27.33,0.0
101,2022,342,857,13.12,316.3,27.32,0.0
101,2022,342,858,13.12,336.1,27.27,0.0
101,2022,342,859,13.12,489.6,27.26,0.0
101,2022,342,900,13.12,313.1,27.34,0.0
101,2022,342,901,13.12,231.2,27.38,0.0
101,2022,342,902,13.12,191.6,27.28,0.0
101,2022,342,903,13.13,249.5,27.19,0.0
101,2022,342,904,13.13,443.8,27.19,0.0
101,2022,342,905,13.12,680.5,27.27,0.0
101,2022,342,906,13.13,865.0,27.29,0.0
101,2022,342,907,13.12,878.0,27.56,0.0
101,2022,342,908,13.13,885.0,27.84,0.0
101,2022,342,909,13.12,890.0,27.9,0.0
101,2022,342,910,13.13,902.0,28.04,0.0
101,2022,342,911,13.12,914.0,28.15,0.0
101,2022,342,912,13.12,916.0,28.15,0.0
101,2022,342,913,13.12,915.0,28.16,0.0
101,2022,342,914,13.12,911.0,28.34,0.0
101,2022,342,915,13.12,913.0,28.42,0.0
101,2022,342,916,13.12,915.0,28.4,0.0
101,2022,342,917,13.11,916.0,28.62,0.0
101,2022,342,918,13.11,913.0,28.6,0.0
101,2022,342,919,13.11,907.0,28.76,0.0
101,2022,342,920,13.11,905.0,28.68,0.0
101,2022,342,921,13.11,910.0,28.41,0.0
101,2022,342,922,13.11,924.0,28.32,0.0
101,2022,342,923,13.11,938.0,28.41,0.0
101,2022,342,924,13.11,943.0,28.59,0.0
101,2022,342,925,13.11,943.0,28.75,0.0
101,2022,342,926,13.1,955.0,28.92,0.0
101,2022,342,927,13.1,745.0,29.01,0.0
101,2022,342,928,13.1,980.0,28.88,0.0
101,2022,342,929,13.1,972.0,28.75,0.0
101,2022,342,930,13.1,970.0,28.58,0.0
101,2022,342,931,13.1,982.0,28.6,0.0
101,2022,342,932,13.1,990.0,28.98,0.0
101,2022,342,933,13.1,915.0,29.17,0.0
101,2022,342,934,13.1,896.0,28.95,0.0
101,2022,342,935,13.1,354.3,28.77,0.0
101,2022,342,936,13.1,621.7,28.44,0.0
101,2022,342,937,13.1,944.0,28.5,0.0
101,2022,342,938,13.1,943.0,28.54,0.0
101,2022,342,939,13.1,947.0,28.82,0.0
101,2022,342,940,13.1,903.0,29.04,0.0
101,2022,342,941,13.1,935.0,29.13,0.0
101,2022,342,942,13.09,940.0,29.15,0.0
101,2022,342,943,13.1,852.0,29.13,0.0
101,2022,342,944,13.1,942.0,28.79,0.0
101,2022,342,945,13.1,945.0,28.68,0.0
101,2022,342,946,13.1,921.0,28.81,0.0
101,2022,342,947,13.1,463.6,28.94,0.0
101,2022,342,948,13.1,800.0,29.02,0.0
101,2022,342,949,13.1,985.0,29.09,0.0
101,2022,342,950,13.1,545.6,28.82,0.0
101,2022,342,951,13.1,414.6,28.69,0.0
101,2022,342,952,13.1,292.8,28.58,0.0
101,2022,342,953,13.1,551.8,28.51,0.0
101,2022,342,954,13.1,979.0,28.68,0.0
101,2022,342,955,13.1,957.0,28.81,0.0
101,2022,342,956,13.1,309.4,28.98,0.0
101,2022,342,957,13.1,247.1,28.92,0.0
101,2022,342,958,13.1,714.0,28.83,0.0
101,2022,342,959,13.1,985.0,28.83,0.0
101,2022,342,1000,13.1,1005.0,29.02,0.0
101,2022,342,1001,13.1,1005.0,28.93,0.0
101,2022,342,1002,13.1,776.0,28.92,0.0
101,2022,342,1003,13.1,895.0,28.81,0.0
101,2022,342,1004,13.1,916.0,28.82,0.0
101,2022,342,1005,13.1,858.0,29.03,0.0
101,2022,342,1006,13.1,982.0,29.39,0.0
101,2022,342,1007,13.1,998.0,29.38,0.0
101,2022,342,1008,13.11,1000.0,29.29,0.0
101,2022,342,1009,13.1,1013.0,29.4,0.0
101,2022,342,1010,13.1,1026.0,29.74,0.0
101,2022,342,1011,13.1,1030.0,29.84,0.0
101,2022,342,1012,13.1,1036.0,29.57,0.0
101,2022,342,1013,13.1,1040.0,29.57,0.0
101,2022,342,1014,13.1,1045.0,29.53,0.0
101,2022,342,1015,13.1,1051.0,29.64,0.0
101,2022,342,1016,13.1,1063.0,29.83,0.0
101,2022,342,1017,13.1,1076.0,29.85,0.0
101,2022,342,1018,13.11,1079.0,30.17,0.0
101,2022,342,1019,13.1,1074.0,30.21,0.0
101,2022,342,1020,13.11,1063.0,30.09,0.0
101,2022,342,1021,13.1,1061.0,29.94,0.0
101,2022,342,1022,13.1,1061.0,30.21,0.0
101,2022,342,1023,13.1,1063.0,30.28,0.0
101,2022,342,1024,13.1,1056.0,30.23,0.0
101,2022,342,1025,13.1,1044.0,29.97,0.0
101,2022,342,1026,13.1,1031.0,29.73,0.0
101,2022,342,1027,13.1,839.0,30.0,0.0
101,2022,342,1028,13.1,742.0,30.23,0.0
101,2022,342,1029,13.1,930.0,30.26,0.0
101,2022,342,1030,13.1,1086.0,30.18,0.0
101,2022,342,1031,13.1,1100.0,30.31,0.0
101,2022,342,1032,13.1,1113.0,30.42,0.0
101,2022,342,1033,13.1,1006.0,30.41,0.0
101,2022,342,1034,13.1,678.9,30.54,0.0
101,2022,342,1035,13.1,430.5,30.47,0.0
101,2022,342,1036,13.1,1053.0,30.21,0.0
101,2022,342,1037,13.1,1082.0,30.31,0.0
101,2022,342,1038,13.1,1069.0,30.55,0.0
101,2022,342,1039,13.1,1064.0,30.5,0.0
101,2022,342,1040,13.1,1057.0,30.42,0.0
101,2022,342,1041,13.09,1051.0,30.59,0.0
101,2022,342,1042,13.1,1045.0,30.72,0.0
101,2022,342,1043,13.1,1041.0,30.74,0.0
101,2022,342,1044,13.1,1035.0,30.5,0.0
101,2022,342,1045,13.1,1028.0,30.21,0.0
101,2022,342,1046,13.1,1025.0,30.61,0.0
101,2022,342,1047,13.1,1026.0,30.72,0.0
101,2022,342,1048,13.1,1026.0,30.49,0.0
101,2022,342,1049,13.1,1027.0,30.61,0.0
101,2022,342,1050,13.1,1029.0,30.65,0.0
101,2022,342,1051,13.1,1027.0,30.57,0.0
101,2022,342,1052,13.1,1027.0,30.09,0.0
101,2022,342,1053,13.1,1030.0,30.26,0.0
101,2022,342,1054,13.1,1033.0,30.3,0.0
101,2022,342,1055,13.1,1039.0,30.49,0.0
101,2022,342,1056,13.1,1043.0,30.73,0.0
101,2022,342,1057,13.1,1044.0,30.68,0.0
101,2022,342,1058,13.1,1049.0,30.66,0.0
101,2022,342,1059,13.1,1054.0,30.69,0.0
101,2022,342,1100,13.1,1063.0,30.61,0.0
101,2022,342,1101,13.1,1071.0,30.61,0.0
101,2022,342,1102,13.1,1072.0,30.72,0.0
101,2022,342,1103,13.1,1071.0,30.71,0.0
101,2022,342,1104,13.1,1077.0,30.55,0.0
101,2022,342,1105,13.1,1082.0,30.51,0.0
101,2022,342,1106,13.1,1083.0,30.71,0.0
101,2022,342,1107,13.1,1080.0,30.58,0.0
101,2022,342,1108,13.1,1078.0,30.64,0.0
101,2022,342,1109,13.1,1070.0,30.62,0.0
101,2022,342,1110,13.1,1068.0,30.76,0.0
101,2022,342,1111,13.1,1066.0,30.87,0.0
101,2022,342,1112,13.1,1063.0,31.03,0.0
101,2022,342,1113,13.1,1063.0,31.15,0.0
101,2022,342,1114,13.1,1057.0,31.46,0.0
101,2022,342,1115,13.1,1048.0,31.5,0.0
101,2022,342,1116,13.09,1056.0,31.42,0.0
101,2022,342,1117,13.1,1067.0,31.21,0.0
101,2022,342,1118,13.1,1069.0,30.87,0.0
101,2022,342,1119,13.09,1065.0,30.76,0.0
101,2022,342,1120,13.09,1071.0,30.81,0.0
101,2022,342,1121,13.1,1078.0,30.86,0.0
101,2022,342,1122,13.09,1088.0,31.03,0.0
101,2022,342,1123,13.09,1090.0,30.63,0.0
101,2022,342,1124,13.09,1087.0,30.94,0.0
101,2022,342,1125,13.09,1076.0,31.19,0.0
101,2022,342,1126,13.1,1070.0,31.13,0.0
101,2022,342,1127,13.09,1073.0,30.93,0.0
101,2022,342,1128,13.09,1086.0,31.01,0.0
101,2022,342,1129,13.09,1094.0,31.21,0.0
101,2022,342,1130,13.09,930.0,31.28,0.0
101,2022,342,1131,13.09,276.8,31.11,0.0
101,2022,342,1132,13.09,241.8,31.07,0.0
101,2022,342,1133,13.09,244.8,30.69,0.0
101,2022,342,1134,13.09,252.9,30.3,0.0
101,2022,342,1135,13.09,261.6,30.23,0.0
101,2022,342,1136,13.09,459.1,30.09,0.0
101,2022,342,1137,13.09,1058.0,30.19,0.0
101,2022,342,1138,13.09,1138.0,30.36,0.0
101,2022,342,1139,13.09,1132.0,30.64,0.0
101,2022,342,1140,13.09,1112.0,30.79,0.0
101,2022,342,1141,13.09,1094.0,30.76,0.0
101,2022,342,1142,13.09,1084.0,30.46,0.0
101,2022,342,1143,13.09,1089.0,30.61,0.0
101,2022,342,1144,13.09,1095.0,30.75,0.0
101,2022,342,1145,13.09,1104.0,30.82,0.0
101,2022,342,1146,13.09,1061.0,30.76,0.0
101,2022,342,1147,13.09,1072.0,30.82,0.0
101,2022,342,1148,13.09,1054.0,30.68,0.0
101,2022,342,1149,13.09,1125.0,30.58,0.0
101,2022,342,1150,13.09,1129.0,30.98,0.0
101,2022,342,1151,13.09,1134.0,31.22,0.0
101,2022,342,1152,13.09,1140.0,31.26,0.0
101,2022,342,1153,13.09,1129.0,31.35,0.0
101,2022,342,1154,13.09,1140.0,31.49,0.0
101,2022,342,1155,13.09,1140.0,31.49,0.0
101,2022,342,1156,13.09,1121.0,31.26,0.0
101,2022,342,1157,13.09,1107.0,31.2,0.0
101,2022,342,1158,13.09,1105.0,31.44,0.0
101,2022,342,1159,13.09,1103.0,31.68,0.0
101,2022,342,1200,13.09,1103.0,31.76,0.0
101,2022,342,1201,13.09,1106.0,31.67,0.0
101,2022,342,1202,13.09,1121.0,31.53,0.0
101,2022,342,1203,13.09,1119.0,31.61,0.0
101,2022,342,1204,13.09,1114.0,31.66,0.0
101,2022,342,1205,13.09,1109.0,31.09,0.0
101,2022,342,1206,13.09,1117.0,31.13,0.0
101,2022,342,1207,13.09,943.0,31.37,0.0
101,2022,342,1208,13.09,289.3,31.26,0.0
101,2022,342,1209,13.09,252.8,31.16,0.0
101,2022,342,1210,13.09,249.2,31.26,0.0
101,2022,342,1211,13.09,429.0,31.11,0.0
101,2022,342,1212,13.09,1063.0,30.84,0.0
101,2022,342,1213,13.09,1090.0,30.77,0.0
101,2022,342,1214,13.09,1057.0,30.89,0.0
101,2022,342,1215,13.09,1047.0,31.13,0.0
101,2022,342,1216,13.09,1045.0,31.04,0.0
101,2022,342,1217,13.09,1047.0,30.73,0.0
101,2022,342,1218,13.09,1049.0,30.84,0.0
101,2022,342,1219,13.09,1049.0,31.01,0.0
101,2022,342,1220,13.09,1053.0,30.97,0.0
101,2022,342,1221,13.09,1064.0,30.66,0.0
101,2022,342,1222,13.09,1077.0,30.59,0.0
101,2022,342,1223,13.09,784.0,30.62,0.0
101,2022,342,1224,13.09,533.9,30.56,0.0
101,2022,342,1225,13.09,275.0,30.46,0.0
101,2022,342,1226,13.09,654.8,30.48,0.0
101,2022,342,1227,13.09,1042.0,30.66,0.0
101,2022,342,1228,13.09,1041.0,30.68,0.0
101,2022,342,1229,13.09,1049.0,30.69,0.0
101,2022,342,1230,13.09,1056.0,30.62,0.0
101,2022,342,1231,13.09,1061.0,30.62,0.0
101,2022,342,1232,13.09,1055.0,30.53,0.0
101,2022,342,1233,13.09,739.0,30.6,0.0
101,2022,342,1234,13.09,667.5,30.29,0.0
101,2022,342,1235,13.09,352.9,30.24,0.0
101,2022,342,1236,13.09,277.7,30.42,0.0
101,2022,342,1237,13.09,289.0,30.33,0.0
101,2022,342,1238,13.09,525.9,30.29,0.0
101,2022,342,1239,13.09,399.4,30.31,0.0
101,2022,342,1240,13.09,909.0,30.48,0.0
101,2022,342,1241,13.09,1005.0,30.63,0.0
101,2022,342,1242,13.09,1012.0,30.72,0.0
101,2022,342,1243,13.09,1022.0,30.67,0.0
101,2022,342,1244,13.09,1040.0,30.76,0.0
101,2022,342,1245,13.09,1059.0,30.6,0.0
101,2022,342,1246,13.09,1087.0,30.3,0.0
101,2022,342,1247,13.09,714.0,30.53,0.0
101,2022,342,1248,13.09,342.4,30.61,0.0
101,2022,342,1249,13.09,339.6,30.33,0.0
101,2022,342,1250,13.09,478.7,29.96,0.0
101,2022,342,1251,13.09,1066.0,30.02,0.0
101,2022,342,1252,13.09,1071.0,30.29,0.0
101,2022,342,1253,13.09,1124.0,30.37,0.0
101,2022,342,1254,13.09,1128.0,30.37,0.0
101,2022,342,1255,13.09,1123.0,30.38,0.0
101,2022,342,1256,13.09,1103.0,30.48,0.0
101,2022,342,1257,13.09,1089.0,30.46,0.0
101,2022,342,1258,13.09,1064.0,30.53,0.0
101,2022,342,1259,13.09,796.0,30.68,0.0
101,2022,342,1300,13.09,433.4,30.41,0.0
101,2022,342,1301,13.09,419.3,30.21,0.0
101,2022,342,1302,13.09,542.2,30.26,0.0
101,2022,342,1303,13.09,782.0,30.15,0.0
101,2022,342,1304,13.09,945.0,30.2,0.0
101,2022,342,1305,13.09,943.0,30.46,0.0
101,2022,342,1306,13.09,802.0,30.48,0.0
101,2022,342,1307,13.09,474.4,30.48,0.0
101,2022,342,1308,13.09,935.0,30.36,0.0
101,2022,342,1309,13.09,940.0,30.32,0.0
101,2022,342,1310,13.09,934.0,30.42,0.0
101,2022,342,1311,13.09,931.0,30.53,0.0
101,2022,342,1312,13.09,932.0,30.49,0.0
101,2022,342,1313,13.09,941.0,30.6,0.0
101,2022,342,1314,13.09,943.0,30.75,0.0
101,2022,342,1315,13.09,881.0,30.77,0.0
101,2022,342,1316,13.09,930.0,30.65,0.0
101,2022,342,1317,13.09,924.0,30.42,0.0
101,2022,342,1318,13.09,918.0,30.39,0.0
101,2022,342,1319,13.09,926.0,30.27,0.0
101,2022,342,1320,13.09,773.0,30.3,0.0
101,2022,342,1321,13.09,317.6,30.36,0.0
101,2022,342,1322,13.1,292.1,30.44,0.0
101,2022,342,1323,13.09,896.0,30.49,0.0
101,2022,342,1324,13.09,944.0,30.41,0.0
101,2022,342,1325,13.09,929.0,30.58,0.0
101,2022,342,1326,13.09,908.0,30.69,0.0
101,2022,342,1327,13.09,889.0,30.82,0.0
101,2022,342,1328,13.09,881.0,30.89,0.0
101,2022,342,1329,13.09,875.0,30.8,0.0
101,2022,342,1330,13.09,867.0,30.52,0.0
101,2022,342,1331,13.09,863.0,30.45,0.0
101,2022,342,1332,13.09,864.0,30.64,0.0
101,2022,342,1333,13.09,865.0,30.79,0.0
101,2022,342,1334,13.09,863.0,30.59,0.0
101,2022,342,1335,13.09,861.0,30.64,0.0
101,2022,342,1336,13.09,858.0,30.63,0.0
101,2022,342,1337,13.09,853.0,30.54,0.0
101,2022,342,1338,13.09,846.0,30.51,0.0
101,2022,342,1339,13.09,730.0,30.57,0.0
101,2022,342,1340,13.09,828.0,30.52,0.0
101,2022,342,1341,13.09,833.0,30.41,0.0
101,2022,342,1342,13.09,832.0,30.63,0.0
101,2022,342,1343,13.09,827.0,30.55,0.0
101,2022,342,1344,13.09,838.0,30.65,0.0
101,2022,342,1345,13.09,786.0,30.68,0.0
101,2022,342,1346,13.1,825.0,30.84,0.0
101,2022,342,1347,13.09,820.0,30.85,0.0
101,2022,342,1348,13.1,818.0,30.52,0.0
101,2022,342,1349,13.1,821.0,30.17,0.0
101,2022,342,1350,13.09,820.0,30.03,0.0
101,2022,342,1351,13.1,818.0,30.0,0.0
101,2022,342,1352,13.1,808.0,30.0,0.0
101,2022,342,1353,13.1,802.0,30.11,0.0
101,2022,342,1354,13.1,796.0,30.04,0.0
101,2022,342,1355,13.1,787.0,30.18,0.0
101,2022,342,1356,13.1,783.0,30.31,0.0
101,2022,342,1357,13.1,781.0,30.32,0.0
101,2022,342,1358,13.1,778.0,30.47,0.0
101,2022,342,1359,13.1,773.0,30.42,0.0
101,2022,342,1400,13.1,769.0,30.3,0.0
101,2022,342,1401,13.1,762.0,30.23,0.0
101,2022,342,1402,13.1,755.0,30.31,0.0
101,2022,342,1403,13.1,749.0,30.37,0.0
101,2022,342,1404,13.1,749.0,30.22,0.0
101,2022,342,1405,13.1,747.0,30.02,0.0
101,2022,342,1406,13.1,742.0,29.94,0.0
101,2022,342,1407,13.09,736.0,30.16,0.0
101,2022,342,1408,13.1,731.0,30.19,0.0
101,2022,342,1409,13.1,729.0,30.3,0.0
101,2022,342,1410,13.1,729.0,30.24,0.0
101,2022,342,1411,13.1,728.0,30.03,0.0
101,2022,342,1412,13.1,725.0,30.25,0.0
101,2022,342,1413,13.1,721.0,30.35,0.0
101,2022,342,1414,13.1,718.0,30.29,0.0
101,2022,342,1415,13.1,715.0,30.29,0.0
101,2022,342,1416,13.1,713.0,30.21,0.0
101,2022,342,1417,13.1,711.0,30.11,0.0
101,2022,342,1418,13.1,708.0,29.99,0.0
101,2022,342,1419,13.1,704.0,29.94,0.0
101,2022,342,1420,13.1,700.0,30.03,0.0
101,2022,342,1421,13.1,696.3,30.09,0.0
101,2022,342,1422,13.1,692.4,29.96,0.0
101,2022,342,1423,13.09,690.1,29.91,0.0
101,2022,342,1424,13.1,683.8,29.63,0.0
101,2022,342,1425,13.1,680.4,29.6,0.0
101,2022,342,1426,13.1,676.5,29.76,0.0
101,2022,342,1427,13.1,674.1,29.99,0.0
101,2022,342,1428,13.1,669.1,30.15,0.0
101,2022,342,1429,13.1,668.4,30.29,0.0
101,2022,342,1430,13.1,666.1,30.31,0.0
101,2022,342,1431,13.1,660.9,30.19,0.0
101,2022,342,1432,13.1,659.0,30.2,0.0
101,2022,342,1433,13.1,656.2,30.08,0.0
101,2022,342,1434,13.1,651.8,29.98,0.0
101,2022,342,1435,13.1,647.2,29.91,0.0
101,2022,342,1436,13.1,643.4,29.78,0.0
101,2022,342,1437,13.1,641.9,29.84,0.0
101,2022,342,1438,13.1,640.1,29.96,0.0
101,2022,342,1439,13.1,637.5,30.08,0.0
101,2022,342,1440,13.1,634.8,30.02,0.0
101,2022,342,1441,13.1,631.2,29.91,0.0
101,2022,342,1442,13.1,626.8,29.74,0.0
101,2022,342,1443,13.1,624.3,29.66,0.0
101,2022,342,1444,13.1,623.1,29.74,0.0
101,2022,342,1445,13.11,619.3,29.81,0.0
101,2022,342,1446,13.1,614.0,29.96,0.0
101,2022,342,1447,13.1,607.7,29.8,0.0
101,2022,342,1448,13.1,604.1,29.74,0.0
101,2022,342,1449,13.1,601.2,29.65,0.0
101,2022,342,1450,13.1,598.3,29.7,0.0
101,2022,342,1451,13.11,598.0,29.7,0.0
101,2022,342,1452,13.11,596.5,29.6,0.0
101,2022,342,1453,13.1,594.2,29.47,0.0
101,2022,342,1454,13.1,589.4,29.54,0.0
101,2022,342,1455,13.1,583.5,29.63,0.0
101,2022,342,1456,13.1,577.7,29.47,0.0
101,2022,342,1457,13.1,573.6,29.44,0.0
101,2022,342,1458,13.1,568.1,29.51,0.0
101,2022,342,1459,13.1,564.5,29.6,0.0
101,2022,342,1500,13.11,560.0,29.57,0.0
101,2022,342,1501,13.1,555.5,29.57,0.0
101,2022,342,1502,13.11,551.3,29.57,0.0
101,2022,342,1503,13.11,549.8,29.58,0.0
101,2022,342,1504,13.1,548.3,29.66,0.0
101,2022,342,1505,13.1,545.0,29.76,0.0
101,2022,342,1506,13.11,541.4,29.61,0.0
101,2022,342,1507,13.1,537.5,29.38,0.0
101,2022,342,1508,13.11,532.0,29.27,0.0
101,2022,342,1509,13.1,526.7,29.38,0.0
101,2022,342,1510,13.1,523.1,29.44,0.0
101,2022,342,1511,13.1,519.2,29.41,0.0
101,2022,342,1512,13.11,517.2,29.47,0.0
101,2022,342,1513,13.11,512.9,29.42,0.0
101,2022,342,1514,13.11,509.8,29.54,0.0
101,2022,342,1515,13.11,509.1,29.6,0.0
101,2022,342,1516,13.11,501.8,29.69,0.0
101,2022,342,1517,13.11,495.9,29.82,0.0
101,2022,342,1518,13.11,495.0,29.58,0.0
101,2022,342,1519,13.11,489.9,29.46,0.0
101,2022,342,1520,13.11,484.8,29.37,0.0
101,2022,342,1521,13.11,480.6,29.34,0.0
101,2022,342,1522,13.11,477.1,29.26,0.0
101,2022,342,1523,13.11,470.0,29.37,0.0
101,2022,342,1524,13.11,463.3,29.38,0.0
101,2022,342,1525,13.11,460.1,29.32,0.0
101,2022,342,1526,13.11,456.7,29.27,0.0
101,2022,342,1527,13.11,453.4,29.19,0.0
101,2022,342,1528,13.11,449.2,29.22,0.0
101,2022,342,1529,13.11,444.1,29.26,0.0
101,2022,342,1530,13.11,440.9,29.33,0.0
101,2022,342,1531,13.11,436.3,29.31,0.0
101,2022,342,1532,13.11,433.6,29.26,0.0
101,2022,342,1533,13.11,428.0,29.11,0.0
101,2022,342,1534,13.11,427.2,28.97,0.0
101,2022,342,1535,13.11,424.5,28.92,0.0
101,2022,342,1536,13.11,419.0,28.94,0.0
101,2022,342,1537,13.11,413.4,29.01,0.0
101,2022,342,1538,13.11,407.2,29.05,0.0
101,2022,342,1539,13.11,404.6,29.06,0.0
101,2022,342,1540,13.11,400.7,29.11,0.0
101,2022,342,1541,13.11,399.0,29.01,0.0
101,2022,342,1542,13.11,394.5,28.87,0.0
101,2022,342,1543,13.11,390.1,28.94,0.0
101,2022,342,1544,13.11,387.2,29.0,0.0
101,2022,342,1545,13.12,381.5,28.85,0.0
101,2022,342,1546,13.11,377.2,28.67,0.0
101,2022,342,1547,13.11,374.9,28.63,0.0
101,2022,342,1548,13.11,371.3,28.68,0.0
101,2022,342,1549,13.12,367.1,28.62,0.0
101,2022,342,1550,13.12,360.6,28.66,0.0
101,2022,342,1551,13.12,355.7,28.66,0.0
101,2022,342,1552,13.12,353.2,28.72,0.0
101,2022,342,1553,13.12,351.0,28.84,0.0
101,2022,342,1554,13.12,346.9,28.82,0.0
101,2022,342,1555,13.12,343.2,28.83,0.0
101,2022,342,1556,13.12,340.2,28.82,0.0
101,2022,342,1557,13.12,336.6,28.74,0.0
101,2022,342,1558,13.12,331.8,28.76,0.0
101,2022,342,1559,13.12,326.8,28.73,0.0
101,2022,342,1600,13.12,322.8,28.62,0.0
101,2022,342,1601,13.12,317.9,28.59,0.0
101,2022,342,1602,13.12,313.5,28.64,0.0
101,2022,342,1603,13.11,310.2,28.62,0.0
101,2022,342,1604,13.12,307.2,28.55,0.0
101,2022,342,1605,13.12,303.8,28.53,0.0
101,2022,342,1606,13.12,299.2,28.54,0.0
101,2022,342,1607,13.12,297.0,28.48,0.0
101,2022,342,1608,13.12,293.2,28.47,0.0
101,2022,342,1609,13.12,289.9,28.45,0.0
101,2022,342,1610,13.12,284.7,28.29,0.0
101,2022,342,1611,13.12,279.4,28.17,0.0
101,2022,342,1612,13.12,274.7,28.2,0.0
101,2022,342,1613,13.12,270.1,28.18,0.0
101,2022,342,1614,13.12,265.9,28.18,0.0
101,2022,342,1615,13.12,261.6,28.22,0.0
101,2022,342,1616,13.12,258.5,28.25,0.0
101,2022,342,1617,13.12,254.9,28.21,0.0
101,2022,342,1618,13.12,250.4,28.16,0.0
101,2022,342,1619,13.12,247.1,28.13,0.0
101,2022,342,1620,13.12,242.9,28.08,0.0
101,2022,342,1621,13.12,238.5,28.07,0.0
101,2022,342,1622,13.12,233.6,28.07,0.0
101,2022,342,1623,13.12,229.1,28.01,0.0
101,2022,342,1624,13.12,225.7,27.99,0.0
101,2022,342,1625,13.12,223.1,27.97,0.0
101,2022,342,1626,13.12,219.5,27.92,0.0
101,2022,342,1627,13.13,215.9,27.92,0.0
101,2022,342,1628,13.12,211.9,27.87,0.0
101,2022,342,1629,13.12,207.5,27.78,0.0
101,2022,342,1630,13.12,204.0,27.79,0.0
101,2022,342,1631,13.13,200.2,27.77,0.0
101,2022,342,1632,13.12,195.6,27.77,0.0
101,2022,342,1633,13.13,191.7,27.77,0.0
101,2022,342,1634,13.13,187.6,27.74,0.0
101,2022,342,1635,13.13,183.8,27.73,0.0
101,2022,342,1636,13.13,180.2,27.64,0.0
101,2022,342,1637,13.12,175.5,27.65,0.0
101,2022,342,1638,13.13,170.9,27.65,0.0
101,2022,342,1639,13.13,167.2,27.61,0.0
101,2022,342,1640,13.13,163.7,27.59,0.0
101,2022,342,1641,13.13,160.5,27.56,0.0
101,2022,342,1642,13.13,156.8,27.53,0.0
101,2022,342,1643,13.12,152.9,27.47,0.0
101,2022,342,1644,13.13,148.2,27.48,0.0
101,2022,342,1645,13.13,144.2,27.49,0.0
101,2022,342,1646,13.13,140.5,27.41,0.0
101,2022,342,1647,13.13,136.5,27.41,0.0
101,2022,342,1648,13.13,133.3,27.38,0.0
101,2022,342,1649,13.13,129.7,27.33,0.0
101,2022,342,1650,13.13,126.6,27.29,0.0
101,2022,342,1651,13.13,122.6,27.28,0.0
101,2022,342,1652,13.13,117.6,27.29,0.0
101,2022,342,1653,13.13,113.2,27.31,0.0
101,2022,342,1654,13.13,109.2,27.26,0.0
101,2022,342,1655,13.13,106.4,27.21,0.0
101,2022,342,1656,13.13,103.8,27.16,0.0
101,2022,342,1657,13.13,100.6,27.12,0.0
101,2022,342,1658,13.13,96.6,27.09,0.0
101,2022,342,1659,13.13,92.8,27.06,0.0
101,2022,342,1700,13.14,89.4,27.04,0.0
101,2022,342,1701,13.14,85.5,27.04,0.0
101,2022,342,1702,13.14,81.5,27.01,0.0
101,2022,342,1703,13.14,77.9,26.97,0.0
101,2022,342,1704,13.14,74.5,26.95,0.0
101,2022,342,1705,13.14,71.0,26.91,0.0
101,2022,342,1706,13.14,67.58,26.86,0.0
101,2022,342,1707,13.13,64.79,26.83,0.0
101,2022,342,1708,13.13,62.28,26.82,0.0
101,2022,342,1709,13.13,59.83,26.78,0.0
101,2022,342,1710,13.12,57.21,26.77,0.0
101,2022,342,1711,13.12,54.59,26.73,0.0
101,2022,342,1712,13.11,51.83,26.7,0.0
101,2022,342,1713,13.11,49.07,26.68,0.0
101,2022,342,1714,13.1,46.82,26.64,0.0
101,2022,342,1715,13.09,43.58,26.63,0.0
101,2022,342,1716,13.09,40.48,26.6,0.0
101,2022,342,1717,13.07,37.97,26.56,0.0
101,2022,342,1718,13.07,35.35,26.52,0.0
101,2022,342,1719,13.06,32.99,26.47,0.0
101,2022,342,1720,13.05,29.66,26.43,0.0
101,2022,342,1721,13.04,26.37,26.41,0.0
101,2022,342,1722,13.04,24.2,26.37,0.0
101,2022,342,1723,13.03,22.42,26.34,0.0
101,2022,342,1724,13.02,20.11,26.32,0.0
101,2022,342,1725,13.02,17.8,26.29,0.0
101,2022,342,1726,13.01,16.06,26.26,0.0
101,2022,342,1727,13.01,14.68,26.23,0.0
101,2022,342,1728,13.0,13.33,26.21,0.0
101,2022,342,1729,12.99,12.11,26.19,0.0
101,2022,342,1730,12.99,10.73,26.14,0.0
101,2022,342,1731,12.99,9.58,26.11,0.0
101,2022,342,1732,12.98,8.45,26.06,0.0
101,2022,342,1733,12.97,7.44,26.04,0.0
101,2022,342,1734,12.97,6.508,26.02,0.0
101,2022,342,1735,12.97,5.719,26.01,0.0
101,2022,342,1736,12.96,4.986,25.99,0.0
101,2022,342,1737,12.96,4.367,25.95,0.0
101,2022,342,1738,12.95,4.029,25.92,0.0
101,2022,342,1739,12.95,3.662,25.87,0.0
101,2022,342,1740,12.95,3.268,25.84,0.0
101,2022,342,1741,12.94,2.986,25.79,0.0
101,2022,342,1742,12.94,2.564,25.75,0.0
101,2022,342,1743,12.93,2.282,25.72,0.0
101,2022,342,1744,12.93,1.887,25.72,0.0
101,2022,342,1745,12.93,1.549,25.7,0.0
101,2022,342,1746,12.92,1.155,25.68,0.0
101,2022,342,1747,12.92,0.986,25.65,0.0
101,2022,342,1748,12.92,0.0,25.62,0.0
101,2022,342,1749,12.91,0.0,25.6,0.0
101,2022,342,1750,12.91,0.0,25.58,0.0
101,2022,342,1751,12.91,0.0,25.55,0.0
101,2022,342,1752,12.9,0.0,25.53,0.0
101,2022,342,1753,12.9,0.0,25.51,0.0
101,2022,342,1754,12.9,0.0,25.49,0.0
101,2022,342,1755,12.9,0.0,25.48,0.0
101,2022,342,1756,12.89,0.0,25.46,0.0
101,2022,342,1757,12.89,0.0,25.45,0.0
101,2022,342,1758,12.89,0.0,25.43,0.0
101,2022,342,1759,12.89,0.0,25.42,0.0
101,2022,342,1800,12.89,0.0,25.4,0.0
