a,b,dia_juliano,d,e,f,g,h
101,2022,338,2400,12.74,0.0,22.17,0.0
101,2022,338,1,12.74,0.0,22.17,0.0
101,2022,338,2,12.74,0.0,22.17,0.0
101,2022,338,3,12.74,0.0,22.18,0.0
101,2022,338,4,12.74,0.0,22.18,0.0
101,2022,338,5,12.74,0.0,22.16,0.0
101,2022,338,6,12.74,0.0,22.14,0.0
101,2022,338,7,12.74,0.0,22.16,0.0
101,2022,338,8,12.74,0.0,22.16,0.0
101,2022,338,9,12.74,0.0,22.15,0.0
101,2022,338,10,12.74,0.0,22.16,0.0
101,2022,338,11,12.74,0.0,22.17,0.0
101,2022,338,12,12.74,0.0,22.19,0.0
101,2022,338,13,12.74,0.0,22.19,0.0
101,2022,338,14,12.74,0.0,22.17,0.0
101,2022,338,15,12.74,0.0,22.16,0.0
101,2022,338,16,12.74,0.0,22.17,0.0
101,2022,338,17,12.74,0.0,22.18,0.0
101,2022,338,18,12.74,0.0,22.17,0.0
101,2022,338,19,12.74,0.0,22.17,0.0
101,2022,338,20,12.73,0.0,22.17,0.0
101,2022,338,21,12.74,0.0,22.16,0.0
101,2022,338,22,12.73,0.0,22.17,0.0
101,2022,338,23,12.73,0.0,22.16,0.0
101,2022,338,24,12.73,0.0,22.14,0.0
101,2022,338,25,12.74,0.0,22.13,0.0
101,2022,338,26,12.73,0.0,22.14,0.0
101,2022,338,27,12.73,0.0,22.14,0.0
101,2022,338,28,12.73,0.0,22.14,0.0
101,2022,338,29,12.73,0.0,22.13,0.0
101,2022,338,30,12.73,0.0,22.14,0.0
101,2022,338,31,12.73,0.0,22.12,0.0
101,2022,338,32,12.73,0.0,22.12,0.0
101,2022,338,33,12.73,0.0,22.14,0.0
101,2022,338,34,12.73,0.0,22.14,0.0
101,2022,338,35,12.73,0.0,22.12,0.0
101,2022,338,36,12.73,0.0,22.13,0.0
101,2022,338,37,12.73,0.0,22.13,0.0
101,2022,338,38,12.73,0.0,22.15,0.0
101,2022,338,39,12.73,0.0,22.17,0.0
101,2022,338,40,12.73,0.0,22.16,0.0
101,2022,338,41,12.73,0.0,22.14,0.0
101,2022,338,42,12.73,0.0,22.14,0.0
101,2022,338,43,12.73,0.0,22.14,0.0
101,2022,338,44,12.73,0.0,22.14,0.0
101,2022,338,45,12.73,0.0,22.13,0.0
101,2022,338,46,12.73,0.0,22.14,0.0
101,2022,338,47,12.73,0.0,22.14,0.0
101,2022,338,48,12.73,0.0,22.16,0.0
101,2022,338,49,12.73,0.0,22.18,0.0
101,2022,338,50,12.73,0.0,22.19,0.0
101,2022,338,51,12.73,0.0,22.18,0.0
101,2022,338,52,12.73,0.0,22.17,0.0
101,2022,338,53,12.73,0.0,22.17,0.0
101,2022,338,54,12.73,0.0,22.15,0.0
101,2022,338,55,12.73,0.0,22.14,0.0
101,2022,338,56,12.73,0.0,22.14,0.0
101,2022,338,57,12.73,0.0,22.14,0.0
101,2022,338,58,12.73,0.0,22.13,0.0
101,2022,338,59,12.73,0.0,22.11,0.0
101,2022,338,100,12.73,0.0,22.09,0.0
101,2022,338,101,12.73,0.0,22.12,0.0
101,2022,338,102,12.73,0.0,22.14,0.0
101,2022,338,103,12.73,0.0,22.14,0.0
101,2022,338,104,12.73,0.0,22.11,0.0
101,2022,338,105,12.73,0.0,22.07,0.0
101,2022,338,106,12.73,0.0,22.06,0.0
101,2022,338,107,12.73,0.0,22.05,0.0
101,2022,338,108,12.73,0.0,22.03,0.0
101,2022,338,109,12.73,0.0,21.99,0.0
101,2022,338,110,12.73,0.0,21.95,0.0
101,2022,338,111,12.73,0.0,21.95,0.0
101,2022,338,112,12.73,0.0,21.91,0.0
101,2022,338,113,12.73,0.0,21.83,0.0
101,2022,338,114,12.73,0.0,21.72,0.0
101,2022,338,115,12.73,0.0,21.75,0.0
101,2022,338,116,12.73,0.0,21.85,0.0
101,2022,338,117,12.72,0.0,21.93,0.0
101,2022,338,118,12.72,0.0,21.94,0.0
101,2022,338,119,12.72,0.0,21.92,0.0
101,2022,338,120,12.72,0.0,21.9,0.0
101,2022,338,121,12.72,0.0,21.92,0.0
101,2022,338,122,12.72,0.0,21.9,0.0
101,2022,338,123,12.72,0.0,21.87,0.0
101,2022,338,124,12.72,0.0,21.85,0.0
101,2022,338,125,12.72,0.0,21.86,0.0
101,2022,338,126,12.72,0.0,21.86,0.0
101,2022,338,127,12.72,0.0,21.87,0.0
101,2022,338,128,12.72,0.0,21.87,0.0
101,2022,338,129,12.72,0.0,21.86,0.0
101,2022,338,130,12.72,0.0,21.86,0.0
101,2022,338,131,12.72,0.0,21.84,0.0
101,2022,338,132,12.72,0.0,21.84,0.0
101,2022,338,133,12.72,0.0,21.83,0.0
101,2022,338,134,12.72,0.0,21.81,0.0
101,2022,338,135,12.72,0.0,21.81,0.0
101,2022,338,136,12.72,0.0,21.82,0.0
101,2022,338,137,12.72,0.0,21.84,0.0
101,2022,338,138,12.72,0.0,21.82,0.0
101,2022,338,139,12.72,0.0,21.77,0.0
101,2022,338,140,12.72,0.0,21.77,0.0
101,2022,338,141,12.72,0.0,21.75,0.0
101,2022,338,142,12.72,0.0,21.72,0.0
101,2022,338,143,12.72,0.0,21.68,0.0
101,2022,338,144,12.72,0.0,21.64,0.0
101,2022,338,145,12.72,0.0,21.62,0.0
101,2022,338,146,12.72,0.0,21.61,0.0
101,2022,338,147,12.72,0.0,21.62,0.0
101,2022,338,148,12.72,0.0,21.62,0.0
101,2022,338,149,12.72,0.0,21.6,0.0
101,2022,338,150,12.71,0.0,21.59,0.0
101,2022,338,151,12.71,0.0,21.56,0.0
101,2022,338,152,12.71,0.0,21.54,0.0
101,2022,338,153,12.71,0.0,21.52,0.0
101,2022,338,154,12.71,0.0,21.49,0.0
101,2022,338,155,12.71,0.0,21.49,0.0
101,2022,338,156,12.71,0.0,21.52,0.0
101,2022,338,157,12.71,0.0,21.57,0.0
101,2022,338,158,12.71,0.0,21.59,0.0
101,2022,338,159,12.71,0.0,21.6,0.0
101,2022,338,200,12.71,0.0,21.58,0.0
101,2022,338,201,12.71,0.0,21.54,0.0
101,2022,338,202,12.71,0.0,21.51,0.0
101,2022,338,203,12.71,0.0,21.47,0.0
101,2022,338,204,12.71,0.0,21.45,0.0
101,2022,338,205,12.71,0.0,21.43,0.0
101,2022,338,206,12.71,0.0,21.43,0.0
101,2022,338,207,12.71,0.0,21.44,0.0
101,2022,338,208,12.71,0.0,21.47,0.0
101,2022,338,209,12.71,0.0,21.5,0.0
101,2022,338,210,12.71,0.0,21.51,0.0
101,2022,338,211,12.71,0.0,21.51,0.0
101,2022,338,212,12.71,0.0,21.52,0.0
101,2022,338,213,12.71,0.0,21.53,0.0
101,2022,338,214,12.71,0.0,21.53,0.0
101,2022,338,215,12.71,0.0,21.53,0.0
101,2022,338,216,12.71,0.0,21.52,0.0
101,2022,338,217,12.71,0.0,21.51,0.0
101,2022,338,218,12.71,0.0,21.51,0.0
101,2022,338,219,12.71,0.0,21.5,0.0
101,2022,338,220,12.71,0.0,21.49,0.0
101,2022,338,221,12.71,0.0,21.46,0.0
101,2022,338,222,12.71,0.0,21.41,0.0
101,2022,338,223,12.71,0.0,21.39,0.0
101,2022,338,224,12.71,0.0,21.35,0.0
101,2022,338,225,12.71,0.0,21.31,0.0
101,2022,338,226,12.7,0.0,21.29,0.0
101,2022,338,227,12.7,0.0,21.27,0.0
101,2022,338,228,12.7,0.0,21.25,0.0
101,2022,338,229,12.7,0.0,21.24,0.0
101,2022,338,230,12.7,0.0,21.23,0.0
101,2022,338,231,12.7,0.0,21.22,0.0
101,2022,338,232,12.7,0.0,21.24,0.0
101,2022,338,233,12.7,0.0,21.25,0.0
101,2022,338,234,12.7,0.0,21.25,0.0
101,2022,338,235,12.7,0.0,21.31,0.0
101,2022,338,236,12.7,0.0,21.35,0.0
101,2022,338,237,12.7,0.0,21.36,0.0
101,2022,338,238,12.7,0.0,21.39,0.0
101,2022,338,239,12.7,0.0,21.38,0.0
101,2022,338,240,12.7,0.0,21.39,0.0
101,2022,338,241,12.7,0.0,21.4,0.0
101,2022,338,242,12.7,0.0,21.44,0.0
101,2022,338,243,12.7,0.0,21.53,0.0
101,2022,338,244,12.7,0.0,21.48,0.0
101,2022,338,245,12.7,0.0,21.48,0.0
101,2022,338,246,12.7,0.0,21.52,0.0
101,2022,338,247,12.7,0.0,21.57,0.0
101,2022,338,248,12.7,0.0,21.53,0.0
101,2022,338,249,12.7,0.0,21.5,0.0
101,2022,338,250,12.7,0.0,21.58,0.0
101,2022,338,251,12.7,0.0,21.67,0.0
101,2022,338,252,12.7,0.0,21.68,0.0
101,2022,338,253,12.7,0.0,21.68,0.0
101,2022,338,254,12.69,0.0,21.66,0.0
101,2022,338,255,12.69,0.0,21.6,0.0
101,2022,338,256,12.69,0.0,21.61,0.0
101,2022,338,257,12.69,0.0,21.68,0.0
101,2022,338,258,12.69,0.0,21.71,0.0
101,2022,338,259,12.69,0.0,21.73,0.0
101,2022,338,300,12.69,0.0,21.74,0.0
101,2022,338,301,12.69,0.0,21.74,0.0
101,2022,338,302,12.7,0.0,21.77,0.0
101,2022,338,303,12.7,0.0,21.78,0.0
101,2022,338,304,12.7,0.0,21.76,0.0
101,2022,338,305,12.69,0.0,21.75,0.0
101,2022,338,306,12.7,0.0,21.72,0.0
101,2022,338,307,12.7,0.0,21.7,0.0
101,2022,338,308,12.69,0.0,21.68,0.0
101,2022,338,309,12.69,0.0,21.66,0.0
101,2022,338,310,12.69,0.0,21.65,0.0
101,2022,338,311,12.69,0.0,21.65,0.0
101,2022,338,312,12.69,0.0,21.65,0.0
101,2022,338,313,12.69,0.0,21.67,0.0
101,2022,338,314,12.69,0.0,21.69,0.0
101,2022,338,315,12.69,0.0,21.69,0.0
101,2022,338,316,12.69,0.0,21.69,0.0
101,2022,338,317,12.69,0.0,21.68,0.0
101,2022,338,318,12.69,0.0,21.65,0.0
101,2022,338,319,12.69,0.0,21.59,0.0
101,2022,338,320,12.69,0.0,21.53,0.0
101,2022,338,321,12.69,0.0,21.52,0.0
101,2022,338,322,12.69,0.0,21.52,0.0
101,2022,338,323,12.69,0.0,21.53,0.0
101,2022,338,324,12.69,0.0,21.57,0.0
101,2022,338,325,12.69,0.0,21.59,0.0
101,2022,338,326,12.69,0.0,21.58,0.0
101,2022,338,327,12.69,0.0,21.56,0.0
101,2022,338,328,12.69,0.0,21.53,0.0
101,2022,338,329,12.69,0.0,21.53,0.0
101,2022,338,330,12.68,0.0,21.53,0.0
101,2022,338,331,12.69,0.0,21.54,0.0
101,2022,338,332,12.68,0.0,21.53,0.0
101,2022,338,333,12.68,0.0,21.52,0.0
101,2022,338,334,12.68,0.0,21.51,0.0
101,2022,338,335,12.68,0.0,21.49,0.0
101,2022,338,336,12.68,0.0,21.5,0.0
101,2022,338,337,12.68,0.0,21.5,0.0
101,2022,338,338,12.68,0.0,21.52,0.0
101,2022,338,339,12.68,0.0,21.52,0.0
101,2022,338,340,12.68,0.0,21.55,0.0
101,2022,338,341,12.68,0.0,21.63,0.0
101,2022,338,342,12.68,0.0,21.74,0.0
101,2022,338,343,12.68,0.0,21.75,0.0
101,2022,338,344,12.68,0.0,21.76,0.0
101,2022,338,345,12.68,0.0,21.76,0.0
101,2022,338,346,12.68,0.0,21.83,0.0
101,2022,338,347,12.68,0.0,21.92,0.0
101,2022,338,348,12.68,0.0,21.89,0.0
101,2022,338,349,12.68,0.0,21.87,0.0
101,2022,338,350,12.68,0.0,21.87,0.0
101,2022,338,351,12.68,0.0,21.89,0.0
101,2022,338,352,12.68,0.0,21.9,0.0
101,2022,338,353,12.68,0.0,21.9,0.0
101,2022,338,354,12.68,0.0,21.93,0.0
101,2022,338,355,12.68,0.0,21.94,0.0
101,2022,338,356,12.68,0.0,21.92,0.0
101,2022,338,357,12.68,0.0,21.9,0.0
101,2022,338,358,12.68,0.0,21.88,0.0
101,2022,338,359,12.68,0.0,21.88,0.0
101,2022,338,400,12.68,0.0,21.87,0.0
101,2022,338,401,12.68,0.0,21.87,0.0
101,2022,338,402,12.68,0.0,21.88,0.0
101,2022,338,403,12.68,0.0,21.88,0.0
101,2022,338,404,12.68,0.0,21.88,0.0
101,2022,338,405,12.68,0.0,21.88,0.0
101,2022,338,406,12.68,0.0,21.89,0.0
101,2022,338,407,12.68,0.0,21.88,0.0
101,2022,338,408,12.68,0.0,21.88,0.0
101,2022,338,409,12.68,0.0,21.88,0.0
101,2022,338,410,12.68,0.0,21.87,0.0
101,2022,338,411,12.68,0.0,21.87,0.0
101,2022,338,412,12.68,0.0,21.88,0.0
101,2022,338,413,12.68,0.0,21.88,0.0
101,2022,338,414,12.68,0.0,21.87,0.0
101,2022,338,415,12.67,0.0,21.86,0.0
101,2022,338,416,12.67,0.0,21.85,0.0
101,2022,338,417,12.67,0.0,21.85,0.0
101,2022,338,418,12.68,0.0,21.84,0.0
101,2022,338,419,12.67,0.0,21.83,0.0
101,2022,338,420,12.67,0.0,21.84,0.0
101,2022,338,421,12.67,0.0,21.84,0.0
101,2022,338,422,12.67,0.0,21.83,0.0
101,2022,338,423,12.67,0.0,21.84,0.0
101,2022,338,424,12.67,0.0,21.85,0.0
101,2022,338,425,12.67,0.0,21.86,0.0
101,2022,338,426,12.67,0.0,21.85,0.0
101,2022,338,427,12.67,0.0,21.86,0.0
101,2022,338,428,12.67,0.0,21.87,0.0
101,2022,338,429,12.67,0.0,21.88,0.0
101,2022,338,430,12.67,0.0,21.88,0.0
101,2022,338,431,12.67,0.0,21.88,0.0
101,2022,338,432,12.67,0.0,21.88,0.0
101,2022,338,433,12.67,0.0,21.87,0.0
101,2022,338,434,12.67,0.0,21.86,0.0
101,2022,338,435,12.67,0.0,21.85,0.0
101,2022,338,436,12.67,0.0,21.85,0.0
101,2022,338,437,12.67,0.0,21.85,0.0
101,2022,338,438,12.67,0.0,21.85,0.0
101,2022,338,439,12.67,0.0,21.85,0.0
101,2022,338,440,12.67,0.0,21.85,0.0
101,2022,338,441,12.67,0.0,21.84,0.0
101,2022,338,442,12.67,0.0,21.84,0.0
101,2022,338,443,12.67,0.0,21.83,0.0
101,2022,338,444,12.67,0.0,21.83,0.0
101,2022,338,445,12.67,0.0,21.83,0.0
101,2022,338,446,12.67,0.0,21.83,0.0
101,2022,338,447,12.66,1.015,21.83,0.0
101,2022,338,448,12.66,1.015,21.83,0.0
101,2022,338,449,12.66,0.0,21.83,0.0
101,2022,338,450,12.66,0.0,21.84,0.0
101,2022,338,451,12.66,0.0,21.86,0.0
101,2022,338,452,12.66,1.184,21.86,0.0
101,2022,338,453,12.66,1.353,21.87,0.0
101,2022,338,454,12.66,1.438,21.89,0.0
101,2022,338,455,12.66,1.917,21.9,0.0
101,2022,338,456,12.66,2.17,21.91,0.0
101,2022,338,457,12.66,2.706,21.94,0.0
101,2022,338,458,12.66,3.27,21.9,0.0
101,2022,338,459,12.66,4.144,21.89,0.0
101,2022,338,500,12.66,4.961,21.9,0.0
101,2022,338,501,12.66,6.286,21.94,0.0
101,2022,338,502,12.66,7.39,22.0,0.0
101,2022,338,503,12.66,7.98,22.04,0.0
101,2022,338,504,12.66,8.57,22.05,0.0
101,2022,338,505,12.66,9.3,22.07,0.0
101,2022,338,506,12.66,10.06,22.07,0.0
101,2022,338,507,12.66,10.97,22.07,0.0
101,2022,338,508,12.66,12.18,22.07,0.0
101,2022,338,509,12.66,13.19,22.09,0.0
101,2022,338,510,12.66,13.87,22.1,0.0
101,2022,338,511,12.66,14.35,22.12,0.0
101,2022,338,512,12.66,14.91,22.12,0.0
101,2022,338,513,12.66,15.9,22.13,0.0
101,2022,338,514,12.66,17.34,22.14,0.0
101,2022,338,515,12.66,18.52,22.16,0.0
101,2022,338,516,12.67,19.2,22.18,0.0
101,2022,338,517,12.67,19.28,22.18,0.0
101,2022,338,518,12.67,18.97,22.19,0.0
101,2022,338,519,12.67,19.48,22.2,0.0
101,2022,338,520,12.68,20.75,22.21,0.0
101,2022,338,521,12.69,23.23,22.23,0.0
101,2022,338,522,12.7,26.61,22.24,0.0
101,2022,338,523,12.71,28.95,22.23,0.0
101,2022,338,524,12.72,29.46,22.22,0.0
101,2022,338,525,12.73,29.26,22.19,0.0
101,2022,338,526,12.74,29.57,22.2,0.0
101,2022,338,527,12.76,31.2,22.22,0.0
101,2022,338,528,12.78,32.87,22.26,0.0
101,2022,338,529,12.81,36.64,22.26,0.0
101,2022,338,530,12.85,40.96,22.26,0.0
101,2022,338,531,12.88,45.1,22.27,0.0
101,2022,338,532,12.93,48.82,22.29,0.0
101,2022,338,533,12.98,57.62,22.29,0.0
101,2022,338,534,13.04,67.12,22.33,0.0
101,2022,338,535,13.13,73.8,22.37,0.0
101,2022,338,536,13.22,82.6,22.44,0.0
101,2022,338,537,13.24,93.5,22.47,0.0
101,2022,338,538,13.24,106.3,22.51,0.0
101,2022,338,539,13.24,117.1,22.57,0.0
101,2022,338,540,13.24,124.6,22.66,0.0
101,2022,338,541,13.25,128.7,22.64,0.0
101,2022,338,542,13.25,128.4,22.67,0.0
101,2022,338,543,13.25,128.1,22.7,0.0
101,2022,338,544,13.25,128.6,22.75,0.0
101,2022,338,545,13.25,132.3,22.8,0.0
101,2022,338,546,13.25,137.8,22.87,0.0
101,2022,338,547,13.25,141.7,22.92,0.0
101,2022,338,548,13.25,146.8,22.96,0.0
101,2022,338,549,13.24,115.4,22.96,0.0
101,2022,338,550,13.24,104.8,23.0,0.0
101,2022,338,551,13.25,105.8,23.04,0.0
101,2022,338,552,13.24,102.5,23.06,0.0
101,2022,338,553,13.24,97.4,23.06,0.0
101,2022,338,554,13.24,99.9,23.07,0.0
101,2022,338,555,13.24,122.8,23.09,0.0
101,2022,338,556,13.24,153.8,23.1,0.0
101,2022,338,557,13.25,168.5,23.1,0.0
101,2022,338,558,13.24,132.4,23.12,0.0
101,2022,338,559,13.24,115.1,23.18,0.0
101,2022,338,600,13.24,146.3,23.23,0.0
101,2022,338,601,13.24,166.7,23.32,0.0
101,2022,338,602,13.24,177.9,23.32,0.0
101,2022,338,603,13.24,177.4,23.36,0.0
101,2022,338,604,13.24,178.8,23.45,0.0
101,2022,338,605,13.24,185.4,23.52,0.0
101,2022,338,606,13.24,201.7,23.58,0.0
101,2022,338,607,13.24,200.8,23.63,0.0
101,2022,338,608,13.24,230.1,23.69,0.0
101,2022,338,609,13.23,239.7,23.7,0.0
101,2022,338,610,13.23,231.3,23.77,0.0
101,2022,338,611,13.23,223.6,23.86,0.0
101,2022,338,612,13.23,223.0,23.92,0.0
101,2022,338,613,13.23,217.4,24.03,0.0
101,2022,338,614,13.23,219.8,24.11,0.0
101,2022,338,615,13.22,221.0,24.26,0.0
101,2022,338,616,13.22,223.5,24.28,0.0
101,2022,338,617,13.22,231.5,24.29,0.0
101,2022,338,618,13.22,243.8,24.34,0.0
101,2022,338,619,13.22,228.5,24.24,0.0
101,2022,338,620,13.22,202.7,24.28,0.0
101,2022,338,621,13.22,222.0,24.33,0.0
101,2022,338,622,13.22,209.4,24.36,0.0
101,2022,338,623,13.21,171.1,24.41,0.0
101,2022,338,624,13.21,188.4,24.46,0.0
101,2022,338,625,13.21,218.5,24.37,0.0
101,2022,338,626,13.21,254.8,24.38,0.0
101,2022,338,627,13.21,276.3,24.4,0.0
101,2022,338,628,13.21,280.1,24.51,0.0
101,2022,338,629,13.21,272.8,24.58,0.0
101,2022,338,630,13.21,246.7,24.65,0.0
101,2022,338,631,13.21,266.4,24.63,0.0
101,2022,338,632,13.2,282.9,24.65,0.0
101,2022,338,633,13.2,288.3,24.77,0.0
101,2022,338,634,13.2,299.9,24.85,0.0
101,2022,338,635,13.2,309.2,24.86,0.0
101,2022,338,636,13.2,316.5,24.92,0.0
101,2022,338,637,13.2,311.2,24.98,0.0
101,2022,338,638,13.2,309.3,25.01,0.0
101,2022,338,639,13.2,297.7,24.89,0.0
101,2022,338,640,13.2,289.8,24.9,0.0
101,2022,338,641,13.2,285.3,24.98,0.0
101,2022,338,642,13.19,376.9,24.92,0.0
101,2022,338,643,13.19,398.3,24.93,0.0
101,2022,338,644,13.19,380.9,25.01,0.0
101,2022,338,645,13.19,321.8,25.02,0.0
101,2022,338,646,13.19,337.4,24.95,0.0
101,2022,338,647,13.19,369.5,25.04,0.0
101,2022,338,648,13.19,290.0,25.1,0.0
101,2022,338,649,13.18,286.7,25.02,0.0
101,2022,338,650,13.19,323.0,25.12,0.0
101,2022,338,651,13.18,324.3,25.11,0.0
101,2022,338,652,13.18,239.2,25.09,0.0
101,2022,338,653,13.18,320.6,25.06,0.0
101,2022,338,654,13.18,322.9,25.12,0.0
101,2022,338,655,13.18,383.3,25.19,0.0
101,2022,338,656,13.18,389.9,25.2,0.0
101,2022,338,657,13.18,382.1,25.12,0.0
101,2022,338,658,13.18,385.2,25.16,0.0
101,2022,338,659,13.18,377.3,25.28,0.0
101,2022,338,700,13.18,382.9,25.24,0.0
101,2022,338,701,13.18,384.3,25.28,0.0
101,2022,338,702,13.18,361.2,25.2,0.0
101,2022,338,703,13.18,367.3,25.21,0.0
101,2022,338,704,13.18,396.2,25.32,0.0
101,2022,338,705,13.17,398.5,25.44,0.0
101,2022,338,706,13.17,380.0,25.43,0.0
101,2022,338,707,13.18,411.5,25.4,0.0
101,2022,338,708,13.17,408.0,25.46,0.0
101,2022,338,709,13.17,416.4,25.57,0.0
101,2022,338,710,13.17,417.7,25.51,0.0
101,2022,338,711,13.17,425.7,25.52,0.0
101,2022,338,712,13.17,428.1,25.63,0.0
101,2022,338,713,13.17,461.0,25.81,0.0
101,2022,338,714,13.17,462.3,25.86,0.0
101,2022,338,715,13.17,449.5,25.85,0.0
101,2022,338,716,13.16,446.1,25.79,0.0
101,2022,338,717,13.16,448.2,25.83,0.0
101,2022,338,718,13.16,452.8,25.83,0.0
101,2022,338,719,13.16,457.0,25.89,0.0
101,2022,338,720,13.16,462.3,25.86,0.0
101,2022,338,721,13.16,462.6,25.98,0.0
101,2022,338,722,13.16,465.4,26.13,0.0
101,2022,338,723,13.15,467.6,26.17,0.0
101,2022,338,724,13.15,459.3,26.17,0.0
101,2022,338,725,13.15,481.0,26.15,0.0
101,2022,338,726,13.15,481.3,26.2,0.0
101,2022,338,727,13.15,480.5,26.24,0.0
101,2022,338,728,13.15,501.7,26.25,0.0
101,2022,338,729,13.15,494.3,26.3,0.0
101,2022,338,730,13.15,559.3,26.3,0.0
101,2022,338,731,13.15,479.6,26.33,0.0
101,2022,338,732,13.15,304.3,26.27,0.0
101,2022,338,733,13.14,557.6,26.17,0.0
101,2022,338,734,13.15,338.5,26.26,0.0
101,2022,338,735,13.15,361.9,26.31,0.0
101,2022,338,736,13.15,501.1,26.22,0.0
101,2022,338,737,13.15,504.2,26.24,0.0
101,2022,338,738,13.14,540.4,26.33,0.0
101,2022,338,739,13.15,548.0,26.29,0.0
101,2022,338,740,13.15,551.7,26.28,0.0
101,2022,338,741,13.14,549.4,26.33,0.0
101,2022,338,742,13.14,545.1,26.34,0.0
101,2022,338,743,13.14,516.4,26.28,0.0
101,2022,338,744,13.14,502.2,26.25,0.0
101,2022,338,745,13.14,563.4,26.31,0.0
101,2022,338,746,13.14,570.7,26.39,0.0
101,2022,338,747,13.14,587.1,26.48,0.0
101,2022,338,748,13.14,594.8,26.54,0.0
101,2022,338,749,13.14,510.5,26.72,0.0
101,2022,338,750,13.14,595.9,26.8,0.0
101,2022,338,751,13.14,634.3,26.93,0.0
101,2022,338,752,13.14,609.9,26.9,0.0
101,2022,338,753,13.14,649.6,26.87,0.0
101,2022,338,754,13.14,596.9,26.99,0.0
101,2022,338,755,13.13,320.8,26.94,0.0
101,2022,338,756,13.13,446.1,26.87,0.0
101,2022,338,757,13.13,652.4,26.76,0.0
101,2022,338,758,13.13,592.3,26.8,0.0
101,2022,338,759,13.13,734.0,26.93,0.0
101,2022,338,800,13.13,686.8,27.14,0.0
101,2022,338,801,13.13,655.4,27.18,0.0
101,2022,338,802,13.13,632.7,27.27,0.0
101,2022,338,803,13.13,537.8,27.19,0.0
101,2022,338,804,13.13,674.8,27.15,0.0
101,2022,338,805,13.13,677.6,27.12,0.0
101,2022,338,806,13.13,362.4,27.23,0.0
101,2022,338,807,13.13,649.6,27.11,0.0
101,2022,338,808,13.13,584.9,27.16,0.0
101,2022,338,809,13.12,654.6,27.25,0.0
101,2022,338,810,13.13,718.0,27.23,0.0
101,2022,338,811,13.13,688.4,27.15,0.0
101,2022,338,812,13.12,706.0,27.13,0.0
101,2022,338,813,13.12,669.4,27.18,0.0
101,2022,338,814,13.12,374.4,27.29,0.0
101,2022,338,815,13.13,599.8,27.25,0.0
101,2022,338,816,13.13,344.9,27.26,0.0
101,2022,338,817,13.12,234.1,27.17,0.0
101,2022,338,818,13.12,577.5,26.96,0.0
101,2022,338,819,13.12,436.5,26.99,0.0
101,2022,338,820,13.12,542.8,27.03,0.0
101,2022,338,821,13.12,209.8,27.04,0.0
101,2022,338,822,13.12,510.0,26.99,0.0
101,2022,338,823,13.12,795.0,26.99,0.0
101,2022,338,824,13.13,786.0,27.12,0.0
101,2022,338,825,13.13,505.3,27.3,0.0
101,2022,338,826,13.12,691.4,27.37,0.0
101,2022,338,827,13.12,796.0,27.35,0.0
101,2022,338,828,13.12,781.0,27.43,0.0
101,2022,338,829,13.12,763.0,27.49,0.0
101,2022,338,830,13.12,676.6,27.55,0.0
101,2022,338,831,13.12,410.6,27.57,0.0
101,2022,338,832,13.12,512.8,27.54,0.0
101,2022,338,833,13.12,262.0,27.38,0.0
101,2022,338,834,13.12,718.0,27.27,0.0
101,2022,338,835,13.12,504.2,27.28,0.0
101,2022,338,836,13.12,782.0,27.36,0.0
101,2022,338,837,13.12,787.0,27.56,0.0
101,2022,338,838,13.12,799.0,27.83,0.0
101,2022,338,839,13.12,760.0,27.94,0.0
101,2022,338,840,13.12,669.3,27.83,0.0
101,2022,338,841,13.12,891.0,27.85,0.0
101,2022,338,842,13.12,858.0,27.94,0.0
101,2022,338,843,13.12,679.6,27.96,0.0
101,2022,338,844,13.11,740.0,27.95,0.0
101,2022,338,845,13.11,797.0,27.9,0.0
101,2022,338,846,13.11,486.6,27.83,0.0
101,2022,338,847,13.11,525.0,27.77,0.0
101,2022,338,848,13.11,509.7,27.75,0.0
101,2022,338,849,13.11,892.0,27.76,0.0
101,2022,338,850,13.11,832.0,27.85,0.0
101,2022,338,851,13.11,772.0,27.95,0.0
101,2022,338,852,13.11,521.5,27.86,0.0
101,2022,338,853,13.11,294.8,27.86,0.0
101,2022,338,854,13.11,329.0,27.77,0.0
101,2022,338,855,13.11,415.3,27.69,0.0
101,2022,338,856,13.11,385.4,27.52,0.0
101,2022,338,857,13.11,740.0,27.51,0.0
101,2022,338,858,13.11,840.0,27.54,0.0
101,2022,338,859,13.11,825.0,27.69,0.0
101,2022,338,900,13.11,961.0,27.98,0.0
101,2022,338,901,13.11,834.0,28.17,0.0
101,2022,338,902,13.11,835.0,28.09,0.0
101,2022,338,903,13.11,356.1,28.09,0.0
101,2022,338,904,13.11,346.5,27.88,0.0
101,2022,338,905,13.11,599.9,27.78,0.0
101,2022,338,906,13.11,639.5,27.79,0.0
101,2022,338,907,13.11,587.8,27.85,0.0
101,2022,338,908,13.11,336.8,27.77,0.0
101,2022,338,909,13.11,336.6,27.68,0.0
101,2022,338,910,13.11,761.0,27.6,0.0
101,2022,338,911,13.11,998.0,27.68,0.0
101,2022,338,912,13.11,971.0,27.82,0.0
101,2022,338,913,13.11,796.0,27.88,0.0
101,2022,338,914,13.11,947.0,27.91,0.0
101,2022,338,915,13.11,945.0,27.83,0.0
101,2022,338,916,13.11,919.0,27.92,0.0
101,2022,338,917,13.11,912.0,28.25,0.0
101,2022,338,918,13.11,665.1,28.28,0.0
101,2022,338,919,13.11,942.0,28.32,0.0
101,2022,338,920,13.11,973.0,28.36,0.0
101,2022,338,921,13.1,520.4,28.49,0.0
101,2022,338,922,13.11,540.6,28.38,0.0
101,2022,338,923,13.1,876.0,28.36,0.0
101,2022,338,924,13.11,1044.0,28.33,0.0
101,2022,338,925,13.11,851.0,28.57,0.0
101,2022,338,926,13.11,974.0,28.8,0.0
101,2022,338,927,13.1,1027.0,28.91,0.0
101,2022,338,928,13.11,640.6,28.8,0.0
101,2022,338,929,13.1,822.0,28.85,0.0
101,2022,338,930,13.1,593.0,28.59,0.0
101,2022,338,931,13.1,599.6,28.37,0.0
101,2022,338,932,13.1,804.0,28.23,0.0
101,2022,338,933,13.1,966.0,28.38,0.0
101,2022,338,934,13.1,1000.0,28.5,0.0
101,2022,338,935,13.1,1023.0,28.61,0.0
101,2022,338,936,13.1,772.0,28.7,0.0
101,2022,338,937,13.1,1017.0,28.96,0.0
101,2022,338,938,13.1,1018.0,28.97,0.0
101,2022,338,939,13.1,995.0,28.84,0.0
101,2022,338,940,13.1,989.0,29.01,0.0
101,2022,338,941,13.1,992.0,29.01,0.0
101,2022,338,942,13.1,1013.0,29.17,0.0
101,2022,338,943,13.1,1042.0,29.24,0.0
101,2022,338,944,13.1,1040.0,29.14,0.0
101,2022,338,945,13.1,1030.0,29.0,0.0
101,2022,338,946,13.1,1025.0,28.8,0.0
101,2022,338,947,13.1,1016.0,28.82,0.0
101,2022,338,948,13.1,1017.0,28.81,0.0
101,2022,338,949,13.1,985.0,28.86,0.0
101,2022,338,950,13.1,1004.0,28.89,0.0
101,2022,338,951,13.1,1010.0,28.81,0.0
101,2022,338,952,13.1,1012.0,28.92,0.0
101,2022,338,953,13.1,1012.0,28.97,0.0
101,2022,338,954,13.1,1014.0,28.94,0.0
101,2022,338,955,13.1,1006.0,28.95,0.0
101,2022,338,956,13.11,1006.0,28.91,0.0
101,2022,338,957,13.11,849.0,29.07,0.0
101,2022,338,958,13.11,296.4,29.18,0.0
101,2022,338,959,13.11,376.0,28.79,0.0
101,2022,338,1000,13.1,901.0,28.63,0.0
101,2022,338,1001,13.11,1030.0,28.56,0.0
101,2022,338,1002,13.1,1049.0,28.88,0.0
101,2022,338,1003,13.1,640.4,28.89,0.0
101,2022,338,1004,13.11,605.1,29.01,0.0
101,2022,338,1005,13.11,989.0,29.11,0.0
101,2022,338,1006,13.11,950.0,29.13,0.0
101,2022,338,1007,13.1,1084.0,29.28,0.0
101,2022,338,1008,13.11,1091.0,29.58,0.0
101,2022,338,1009,13.1,544.3,29.56,0.0
101,2022,338,1010,13.11,557.1,29.41,0.0
101,2022,338,1011,13.1,1075.0,29.21,0.0
101,2022,338,1012,13.1,1056.0,29.27,0.0
101,2022,338,1013,13.1,1050.0,29.42,0.0
101,2022,338,1014,13.1,1033.0,29.66,0.0
101,2022,338,1015,13.11,869.0,29.6,0.0
101,2022,338,1016,13.1,692.7,29.47,0.0
101,2022,338,1017,13.11,1099.0,29.31,0.0
101,2022,338,1018,13.1,1103.0,29.53,0.0
101,2022,338,1019,13.1,1102.0,29.58,0.0
101,2022,338,1020,13.1,1093.0,29.44,0.0
101,2022,338,1021,13.1,1078.0,29.63,0.0
101,2022,338,1022,13.1,1063.0,29.73,0.0
101,2022,338,1023,13.1,1068.0,29.43,0.0
101,2022,338,1024,13.1,1078.0,29.45,0.0
101,2022,338,1025,13.11,1076.0,29.61,0.0
101,2022,338,1026,13.11,1059.0,29.62,0.0
101,2022,338,1027,13.1,1056.0,29.66,0.0
101,2022,338,1028,13.1,1046.0,29.71,0.0
101,2022,338,1029,13.1,1045.0,29.4,0.0
101,2022,338,1030,13.1,1065.0,29.35,0.0
101,2022,338,1031,13.1,742.0,29.23,0.0
101,2022,338,1032,13.1,713.0,29.35,0.0
101,2022,338,1033,13.1,1053.0,29.51,0.0
101,2022,338,1034,13.1,1036.0,29.64,0.0
101,2022,338,1035,13.1,1032.0,29.62,0.0
101,2022,338,1036,13.1,1036.0,29.61,0.0
101,2022,338,1037,13.11,1041.0,29.51,0.0
101,2022,338,1038,13.1,1043.0,29.65,0.0
101,2022,338,1039,13.1,1046.0,29.78,0.0
101,2022,338,1040,13.1,814.0,29.85,0.0
101,2022,338,1041,13.1,482.9,29.55,0.0
101,2022,338,1042,13.1,1081.0,29.42,0.0
101,2022,338,1043,13.1,1082.0,29.49,0.0
101,2022,338,1044,13.1,462.9,29.48,0.0
101,2022,338,1045,13.1,484.4,29.03,0.0
101,2022,338,1046,13.1,646.3,29.15,0.0
101,2022,338,1047,13.1,481.1,29.29,0.0
101,2022,338,1048,13.1,299.9,29.18,0.0
101,2022,338,1049,13.11,361.6,29.15,0.0
101,2022,338,1050,13.1,645.1,29.04,0.0
101,2022,338,1051,13.1,306.9,28.94,0.0
101,2022,338,1052,13.1,286.6,28.82,0.0
101,2022,338,1053,13.1,307.5,28.86,0.0
101,2022,338,1054,13.11,303.2,28.79,0.0
101,2022,338,1055,13.1,296.8,28.78,0.0
101,2022,338,1056,13.1,298.2,28.71,0.0
101,2022,338,1057,13.1,324.3,28.62,0.0
101,2022,338,1058,13.1,567.5,28.52,0.0
101,2022,338,1059,13.1,374.9,28.53,0.0
101,2022,338,1100,13.1,345.5,28.57,0.0
101,2022,338,1101,13.1,329.7,28.59,0.0
101,2022,338,1102,13.11,328.7,28.74,0.0
101,2022,338,1103,13.1,340.1,28.9,0.0
101,2022,338,1104,13.1,351.0,28.77,0.0
101,2022,338,1105,13.1,474.2,28.68,0.0
101,2022,338,1106,13.11,425.6,28.7,0.0
101,2022,338,1107,13.1,364.9,28.67,0.0
101,2022,338,1108,13.11,396.1,28.58,0.0
101,2022,338,1109,13.1,688.8,28.66,0.0
101,2022,338,1110,13.11,1217.0,28.63,0.0
101,2022,338,1111,13.1,1036.0,28.81,0.0
101,2022,338,1112,13.11,971.0,28.74,0.0
101,2022,338,1113,13.1,966.0,28.9,0.0
101,2022,338,1114,13.11,1009.0,29.24,0.0
101,2022,338,1115,13.11,865.0,29.3,0.0
101,2022,338,1116,13.11,1132.0,29.14,0.0
101,2022,338,1117,13.1,1169.0,29.15,0.0
101,2022,338,1118,13.1,1170.0,29.28,0.0
101,2022,338,1119,13.1,714.0,29.23,0.0
101,2022,338,1120,13.11,558.5,29.08,0.0
101,2022,338,1121,13.1,1108.0,29.03,0.0
101,2022,338,1122,13.11,1160.0,29.11,0.0
101,2022,338,1123,13.1,1158.0,29.25,0.0
101,2022,338,1124,13.1,512.8,29.41,0.0
101,2022,338,1125,13.1,300.4,29.49,0.0
101,2022,338,1126,13.11,342.8,29.16,0.0
101,2022,338,1127,13.1,1090.0,28.95,0.0
101,2022,338,1128,13.11,626.3,29.06,0.0
101,2022,338,1129,13.1,322.0,29.21,0.0
101,2022,338,1130,13.1,303.7,29.04,0.0
101,2022,338,1131,13.11,449.1,28.85,0.0
101,2022,338,1132,13.1,1105.0,28.89,0.0
101,2022,338,1133,13.1,747.0,29.04,0.0
101,2022,338,1134,13.1,332.6,29.24,0.0
101,2022,338,1135,13.11,296.1,29.28,0.0
101,2022,338,1136,13.1,272.0,29.1,0.0
101,2022,338,1137,13.1,257.1,28.83,0.0
101,2022,338,1138,13.1,637.1,28.77,0.0
101,2022,338,1139,13.11,1085.0,28.77,0.0
101,2022,338,1140,13.11,1114.0,29.02,0.0
101,2022,338,1141,13.11,1141.0,29.49,0.0
101,2022,338,1142,13.11,1119.0,29.68,0.0
101,2022,338,1143,13.1,366.2,29.61,0.0
101,2022,338,1144,13.11,266.9,29.29,0.0
101,2022,338,1145,13.1,253.1,29.06,0.0
101,2022,338,1146,13.11,785.0,28.92,0.0
101,2022,338,1147,13.1,1111.0,28.93,0.0
101,2022,338,1148,13.11,1118.0,29.05,0.0
101,2022,338,1149,13.1,1105.0,29.31,0.0
101,2022,338,1150,13.1,1089.0,29.4,0.0
101,2022,338,1151,13.1,1090.0,29.62,0.0
101,2022,338,1152,13.11,1110.0,29.65,0.0
101,2022,338,1153,13.1,1126.0,29.59,0.0
101,2022,338,1154,13.1,1146.0,29.54,0.0
101,2022,338,1155,13.1,1118.0,29.72,0.0
101,2022,338,1156,13.11,961.0,29.8,0.0
101,2022,338,1157,13.1,421.6,29.81,0.0
101,2022,338,1158,13.1,305.4,29.83,0.0
101,2022,338,1159,13.11,531.6,29.69,0.0
101,2022,338,1200,13.11,676.3,29.55,0.0
101,2022,338,1201,13.1,393.1,29.32,0.0
101,2022,338,1202,13.11,296.3,29.12,0.0
101,2022,338,1203,13.1,294.6,28.96,0.0
101,2022,338,1204,13.11,840.0,28.84,0.0
101,2022,338,1205,13.1,1085.0,28.95,0.0
101,2022,338,1206,13.11,1053.0,29.08,0.0
101,2022,338,1207,13.1,476.0,28.91,0.0
101,2022,338,1208,13.11,352.2,28.84,0.0
101,2022,338,1209,13.1,987.0,28.82,0.0
101,2022,338,1210,13.11,1023.0,29.1,0.0
101,2022,338,1211,13.1,1086.0,29.27,0.0
101,2022,338,1212,13.11,1088.0,29.4,0.0
101,2022,338,1213,13.1,1084.0,29.43,0.0
101,2022,338,1214,13.1,1072.0,29.4,0.0
101,2022,338,1215,13.11,1058.0,29.61,0.0
101,2022,338,1216,13.11,907.0,29.88,0.0
101,2022,338,1217,13.1,272.1,29.72,0.0
101,2022,338,1218,13.1,215.6,29.26,0.0
101,2022,338,1219,13.1,501.4,29.06,0.0
101,2022,338,1220,13.11,1025.0,29.1,0.0
101,2022,338,1221,13.1,1037.0,29.23,0.0
101,2022,338,1222,13.11,1051.0,29.22,0.0
101,2022,338,1223,13.1,1065.0,29.27,0.0
101,2022,338,1224,13.1,1060.0,29.67,0.0
101,2022,338,1225,13.1,1057.0,30.0,0.0
101,2022,338,1226,13.1,1050.0,29.73,0.0
101,2022,338,1227,13.11,1053.0,29.89,0.0
101,2022,338,1228,13.1,1044.0,29.96,0.0
101,2022,338,1229,13.11,832.0,29.82,0.0
101,2022,338,1230,13.11,847.0,29.95,0.0
101,2022,338,1231,13.11,1043.0,29.94,0.0
101,2022,338,1232,13.1,980.0,29.76,0.0
101,2022,338,1233,13.1,1042.0,29.76,0.0
101,2022,338,1234,13.11,1043.0,29.89,0.0
101,2022,338,1235,13.1,1044.0,30.07,0.0
101,2022,338,1236,13.1,1044.0,30.02,0.0
101,2022,338,1237,13.1,1045.0,29.84,0.0
101,2022,338,1238,13.1,365.8,29.91,0.0
101,2022,338,1239,13.1,535.0,29.71,0.0
101,2022,338,1240,13.11,1034.0,29.63,0.0
101,2022,338,1241,13.1,1035.0,29.63,0.0
101,2022,338,1242,13.1,1038.0,29.71,0.0
101,2022,338,1243,13.1,598.8,29.88,0.0
101,2022,338,1244,13.1,547.6,29.96,0.0
101,2022,338,1245,13.1,1012.0,29.83,0.0
101,2022,338,1246,13.1,1027.0,29.8,0.0
101,2022,338,1247,13.1,1043.0,29.79,0.0
101,2022,338,1248,13.1,1049.0,30.11,0.0
101,2022,338,1249,13.1,1052.0,30.18,0.0
101,2022,338,1250,13.1,1057.0,30.32,0.0
101,2022,338,1251,13.1,533.6,30.07,0.0
101,2022,338,1252,13.1,485.8,29.61,0.0
101,2022,338,1253,13.1,281.6,29.58,0.0
101,2022,338,1254,13.1,269.8,29.36,0.0
101,2022,338,1255,13.1,273.7,29.23,0.0
101,2022,338,1256,13.1,291.5,29.22,0.0
101,2022,338,1257,13.1,857.0,29.29,0.0
101,2022,338,1258,13.1,983.0,29.28,0.0
101,2022,338,1259,13.1,973.0,29.59,0.0
101,2022,338,1300,13.1,970.0,29.66,0.0
101,2022,338,1301,13.1,971.0,29.77,0.0
101,2022,338,1302,13.1,975.0,29.73,0.0
101,2022,338,1303,13.1,976.0,29.8,0.0
101,2022,338,1304,13.11,972.0,29.96,0.0
101,2022,338,1305,13.1,957.0,29.86,0.0
101,2022,338,1306,13.1,948.0,29.68,0.0
101,2022,338,1307,13.1,948.0,29.59,0.0
101,2022,338,1308,13.1,946.0,29.73,0.0
101,2022,338,1309,13.1,945.0,30.15,0.0
101,2022,338,1310,13.1,496.0,30.1,0.0
101,2022,338,1311,13.1,206.9,29.93,0.0
101,2022,338,1312,13.11,234.0,29.62,0.0
101,2022,338,1313,13.1,834.0,29.3,0.0
101,2022,338,1314,13.11,929.0,29.34,0.0
101,2022,338,1315,13.11,821.0,29.55,0.0
101,2022,338,1316,13.11,762.0,29.56,0.0
101,2022,338,1317,13.1,935.0,29.66,0.0
101,2022,338,1318,13.1,935.0,29.88,0.0
101,2022,338,1319,13.1,936.0,29.88,0.0
101,2022,338,1320,13.11,939.0,29.69,0.0
101,2022,338,1321,13.1,940.0,29.67,0.0
101,2022,338,1322,13.11,950.0,29.59,0.0
101,2022,338,1323,13.1,960.0,29.57,0.0
101,2022,338,1324,13.1,967.0,29.52,0.0
101,2022,338,1325,13.1,958.0,29.87,0.0
101,2022,338,1326,13.11,956.0,29.81,0.0
101,2022,338,1327,13.1,662.0,29.69,0.0
101,2022,338,1328,13.1,916.0,29.65,0.0
101,2022,338,1329,13.1,340.5,29.58,0.0
101,2022,338,1330,13.1,281.0,29.27,0.0
101,2022,338,1331,13.11,309.6,29.15,0.0
101,2022,338,1332,13.1,522.9,29.15,0.0
101,2022,338,1333,13.1,1005.0,29.37,0.0
101,2022,338,1334,13.1,1006.0,29.53,0.0
101,2022,338,1335,13.1,512.7,29.73,0.0
101,2022,338,1336,13.11,283.7,29.48,0.0
101,2022,338,1337,13.11,263.5,29.37,0.0
101,2022,338,1338,13.11,266.5,29.11,0.0
101,2022,338,1339,13.11,295.1,28.98,0.0
101,2022,338,1340,13.1,637.9,28.95,0.0
101,2022,338,1341,13.1,872.0,29.01,0.0
101,2022,338,1342,13.11,732.0,29.2,0.0
101,2022,338,1343,13.11,432.1,29.22,0.0
101,2022,338,1344,13.1,377.6,29.03,0.0
101,2022,338,1345,13.1,643.6,28.98,0.0
101,2022,338,1346,13.1,623.1,28.91,0.0
101,2022,338,1347,13.1,744.0,28.51,0.0
101,2022,338,1348,13.1,873.0,28.16,0.0
101,2022,338,1349,13.1,396.8,28.09,0.0
101,2022,338,1350,13.1,467.1,27.85,0.0
101,2022,338,1351,13.1,378.1,27.77,0.0
101,2022,338,1352,13.11,329.3,27.69,0.0
101,2022,338,1353,13.1,293.5,27.62,0.0
101,2022,338,1354,13.11,279.9,27.51,0.0
101,2022,338,1355,13.11,327.8,27.42,0.0
101,2022,338,1356,13.1,375.8,27.04,0.0
101,2022,338,1357,13.11,491.4,26.99,0.0
101,2022,338,1358,13.11,666.0,26.9,0.0
101,2022,338,1359,13.11,1107.0,26.89,0.0
101,2022,338,1400,13.11,964.0,27.2,0.0
101,2022,338,1401,13.11,597.1,27.36,0.0
101,2022,338,1402,13.11,395.3,26.93,0.0
101,2022,338,1403,13.11,328.0,26.62,0.0
101,2022,338,1404,13.11,330.7,26.39,0.0
101,2022,338,1405,13.11,349.9,26.32,0.0
101,2022,338,1406,13.11,373.3,26.37,0.0
101,2022,338,1407,13.11,373.5,26.34,0.0
101,2022,338,1408,13.11,392.8,26.38,0.0
101,2022,338,1409,13.11,397.3,26.38,0.0
101,2022,338,1410,13.11,398.9,26.17,0.0
101,2022,338,1411,13.11,405.2,25.89,0.0
101,2022,338,1412,13.12,405.5,25.87,0.0
101,2022,338,1413,13.12,401.4,25.74,0.0
101,2022,338,1414,13.12,391.5,25.55,0.0
101,2022,338,1415,13.12,377.6,25.6,0.0
101,2022,338,1416,13.12,363.9,25.67,0.0
101,2022,338,1417,13.12,353.2,25.53,0.0
101,2022,338,1418,13.12,345.8,25.34,0.0
101,2022,338,1419,13.12,341.5,25.21,0.0
101,2022,338,1420,13.12,340.3,25.25,0.0
101,2022,338,1421,13.12,340.6,25.36,0.0
101,2022,338,1422,13.12,341.0,25.28,0.0
101,2022,338,1423,13.12,340.3,25.14,0.0
101,2022,338,1424,13.12,339.2,24.94,0.0
101,2022,338,1425,13.13,337.7,24.9,0.0
101,2022,338,1426,13.12,337.3,24.79,0.0
101,2022,338,1427,13.12,337.3,24.77,0.0
101,2022,338,1428,13.13,338.4,24.88,0.0
101,2022,338,1429,13.13,340.4,25.0,0.0
101,2022,338,1430,13.13,342.8,25.04,0.0
101,2022,338,1431,13.13,345.6,25.05,0.0
101,2022,338,1432,13.12,343.5,25.03,0.0
101,2022,338,1433,13.12,335.3,25.1,0.0
101,2022,338,1434,13.12,327.2,25.16,0.0
101,2022,338,1435,13.13,319.9,25.25,0.0
101,2022,338,1436,13.13,314.9,25.26,0.0
101,2022,338,1437,13.13,312.6,25.34,0.0
101,2022,338,1438,13.13,312.2,25.35,0.0
101,2022,338,1439,13.13,313.8,25.41,0.0
101,2022,338,1440,13.13,316.7,25.46,0.0
101,2022,338,1441,13.13,320.5,25.53,0.0
101,2022,338,1442,13.13,325.3,25.53,0.0
101,2022,338,1443,13.13,330.5,25.55,0.0
101,2022,338,1444,13.13,332.1,25.49,0.0
101,2022,338,1445,13.13,332.8,25.52,0.0
101,2022,338,1446,13.13,330.5,25.55,0.0
101,2022,338,1447,13.13,324.1,25.69,0.0
101,2022,338,1448,13.13,314.1,25.79,0.0
101,2022,338,1449,13.13,306.1,25.87,0.0
101,2022,338,1450,13.13,293.5,25.86,0.0
101,2022,338,1451,13.13,282.0,25.82,0.0
101,2022,338,1452,13.13,277.6,25.81,0.0
101,2022,338,1453,13.13,277.7,25.81,0.0
101,2022,338,1454,13.13,279.9,25.72,0.0
101,2022,338,1455,13.13,283.2,25.6,0.0
101,2022,338,1456,13.13,286.3,25.47,0.0
101,2022,338,1457,13.13,288.0,25.44,0.0
101,2022,338,1458,13.13,287.1,25.4,0.0
101,2022,338,1459,13.13,283.7,25.46,0.0
101,2022,338,1500,13.14,279.6,25.56,0.0
101,2022,338,1501,13.13,276.8,25.61,0.0
101,2022,338,1502,13.14,275.2,25.56,0.0
101,2022,338,1503,13.14,274.3,25.49,0.0
101,2022,338,1504,13.14,273.7,25.57,0.0
101,2022,338,1505,13.14,272.6,25.59,0.0
101,2022,338,1506,13.14,270.9,25.57,0.0
101,2022,338,1507,13.14,269.8,25.58,0.0
101,2022,338,1508,13.14,270.8,25.51,0.0
101,2022,338,1509,13.14,274.6,25.48,0.0
101,2022,338,1510,13.14,279.8,25.47,0.0
101,2022,338,1511,13.14,284.3,25.56,0.0
101,2022,338,1512,13.14,285.6,25.69,0.0
101,2022,338,1513,13.14,285.9,25.74,0.0
101,2022,338,1514,13.14,284.3,25.77,0.0
101,2022,338,1515,13.14,277.2,25.83,0.0
101,2022,338,1516,13.14,292.2,25.85,0.0
101,2022,338,1517,13.14,281.5,25.84,0.0
101,2022,338,1518,13.14,266.9,25.76,0.0
101,2022,338,1519,13.14,287.8,25.81,0.0
101,2022,338,1520,13.14,389.5,25.89,0.0
101,2022,338,1521,13.14,316.9,25.96,0.0
101,2022,338,1522,13.14,258.5,25.9,0.0
101,2022,338,1523,13.14,230.3,25.83,0.0
101,2022,338,1524,13.14,208.0,25.87,0.0
101,2022,338,1525,13.14,202.2,25.93,0.0
101,2022,338,1526,13.14,213.9,25.98,0.0
101,2022,338,1527,13.14,234.4,25.92,0.0
101,2022,338,1528,13.14,269.1,25.87,0.0
101,2022,338,1529,13.14,260.2,25.9,0.0
101,2022,338,1530,13.14,224.2,26.01,0.0
101,2022,338,1531,13.14,224.8,26.12,0.0
101,2022,338,1532,13.14,236.4,26.07,0.0
101,2022,338,1533,13.14,235.5,25.99,0.0
101,2022,338,1534,13.15,243.3,25.98,0.0
101,2022,338,1535,13.15,235.1,25.98,0.0
101,2022,338,1536,13.14,230.3,26.03,0.0
101,2022,338,1537,13.15,216.1,26.07,0.0
101,2022,338,1538,13.14,209.5,26.14,0.0
101,2022,338,1539,13.15,202.4,26.13,0.0
101,2022,338,1540,13.15,195.4,26.02,0.0
101,2022,338,1541,13.15,192.7,25.99,0.0
101,2022,338,1542,13.15,192.2,26.01,0.0
101,2022,338,1543,13.15,193.4,26.0,0.0
101,2022,338,1544,13.15,193.5,26.0,0.0
101,2022,338,1545,13.15,190.2,26.0,0.0
101,2022,338,1546,13.15,186.6,25.99,0.0
101,2022,338,1547,13.15,186.7,25.95,0.0
101,2022,338,1548,13.15,187.3,25.91,0.0
101,2022,338,1549,13.15,184.6,25.85,0.0
101,2022,338,1550,13.15,181.5,25.82,0.0
101,2022,338,1551,13.15,177.7,25.79,0.0
101,2022,338,1552,13.15,171.6,25.77,0.0
101,2022,338,1553,13.14,163.0,25.77,0.0
101,2022,338,1554,13.15,156.0,25.72,0.0
101,2022,338,1555,13.15,152.4,25.65,0.0
101,2022,338,1556,13.15,152.0,25.62,0.0
101,2022,338,1557,13.15,155.1,25.56,0.0
101,2022,338,1558,13.15,159.2,25.5,0.0
101,2022,338,1559,13.15,158.7,25.5,0.0
101,2022,338,1600,13.15,153.7,25.52,0.0
101,2022,338,1601,13.15,147.8,25.53,0.0
101,2022,338,1602,13.15,142.7,25.55,0.0
101,2022,338,1603,13.15,136.5,25.61,0.0
101,2022,338,1604,13.15,130.6,25.65,0.0
101,2022,338,1605,13.15,127.1,25.64,0.0
101,2022,338,1606,13.15,127.1,25.63,0.0
101,2022,338,1607,13.15,130.0,25.61,0.0
101,2022,338,1608,13.15,136.0,25.56,0.0
101,2022,338,1609,13.15,143.3,25.54,0.0
101,2022,338,1610,13.15,147.9,25.53,0.0
101,2022,338,1611,13.15,147.2,25.58,0.0
101,2022,338,1612,13.15,143.8,25.62,0.0
101,2022,338,1613,13.15,141.1,25.58,0.0
101,2022,338,1614,13.15,140.4,25.59,0.0
101,2022,338,1615,13.15,141.5,25.63,0.0
101,2022,338,1616,13.15,143.5,25.58,0.0
101,2022,338,1617,13.15,145.1,25.53,0.0
101,2022,338,1618,13.15,145.7,25.5,0.0
101,2022,338,1619,13.15,145.4,25.5,0.0
101,2022,338,1620,13.15,145.1,25.52,0.0
101,2022,338,1621,13.15,144.3,25.56,0.0
101,2022,338,1622,13.15,143.2,25.53,0.0
101,2022,338,1623,13.15,141.9,25.49,0.0
101,2022,338,1624,13.15,140.2,25.5,0.0
101,2022,338,1625,13.15,136.5,25.54,0.0
101,2022,338,1626,13.16,130.1,25.43,0.0
101,2022,338,1627,13.16,122.7,25.41,0.0
101,2022,338,1628,13.15,119.4,25.38,0.0
101,2022,338,1629,13.16,117.4,25.35,0.0
101,2022,338,1630,13.16,109.9,25.35,0.0
101,2022,338,1631,13.16,104.3,25.37,0.0
101,2022,338,1632,13.16,101.0,25.37,0.0
101,2022,338,1633,13.16,98.6,25.37,0.0
101,2022,338,1634,13.16,95.7,25.33,0.0
101,2022,338,1635,13.16,93.8,25.28,0.0
101,2022,338,1636,13.16,93.4,25.24,0.0
101,2022,338,1637,13.16,93.9,25.25,0.0
101,2022,338,1638,13.16,94.3,25.25,0.0
101,2022,338,1639,13.16,94.2,25.25,0.0
101,2022,338,1640,13.16,92.9,25.27,0.0
101,2022,338,1641,13.16,90.6,25.28,0.0
101,2022,338,1642,13.16,88.2,25.28,0.0
101,2022,338,1643,13.16,86.0,25.29,0.0
101,2022,338,1644,13.16,84.4,25.27,0.0
101,2022,338,1645,13.16,81.8,25.23,0.0
101,2022,338,1646,13.16,75.6,25.21,0.0
101,2022,338,1647,13.16,67.64,25.2,0.0
101,2022,338,1648,13.16,61.19,25.22,0.0
101,2022,338,1649,13.16,56.82,25.19,0.0
101,2022,338,1650,13.16,54.6,25.16,0.0
101,2022,338,1651,13.16,52.93,25.16,0.0
101,2022,338,1652,13.16,50.99,25.11,0.0
101,2022,338,1653,13.16,48.96,25.07,0.0
101,2022,338,1654,13.17,46.77,25.05,0.0
101,2022,338,1655,13.17,44.46,25.01,0.0
101,2022,338,1656,13.16,42.76,25.05,0.0
101,2022,338,1657,13.16,41.98,25.03,0.0
101,2022,338,1658,13.16,41.44,25.02,0.0
101,2022,338,1659,13.15,40.48,24.99,0.0
101,2022,338,1700,13.15,38.51,24.96,0.0
101,2022,338,1701,13.15,36.03,24.93,0.0
101,2022,338,1702,13.14,33.72,24.9,0.0
101,2022,338,1703,13.14,32.0,24.87,0.0
101,2022,338,1704,13.13,30.62,24.81,0.0
101,2022,338,1705,13.12,29.35,24.79,0.0
101,2022,338,1706,13.11,28.37,24.78,0.0
101,2022,338,1707,13.11,27.38,24.77,0.0
101,2022,338,1708,13.1,26.76,24.74,0.0
101,2022,338,1709,13.1,26.31,24.72,0.0
101,2022,338,1710,13.09,25.69,24.7,0.0
101,2022,338,1711,13.08,24.88,24.66,0.0
101,2022,338,1712,13.07,23.83,24.66,0.0
101,2022,338,1713,13.06,22.4,24.66,0.0
101,2022,338,1714,13.06,20.76,24.69,0.0
101,2022,338,1715,13.05,19.35,24.67,0.0
101,2022,338,1716,13.04,18.12,24.66,0.0
101,2022,338,1717,13.04,16.82,24.6,0.0
101,2022,338,1718,13.03,15.61,24.56,0.0
101,2022,338,1719,13.02,14.37,24.58,0.0
101,2022,338,1720,13.02,12.99,24.55,0.0
101,2022,338,1721,13.01,11.69,24.53,0.0
101,2022,338,1722,13.01,10.31,24.55,0.0
101,2022,338,1723,13.0,9.04,24.54,0.0
101,2022,338,1724,13.0,7.83,24.52,0.0
101,2022,338,1725,12.99,6.79,24.52,0.0
101,2022,338,1726,12.99,5.804,24.54,0.0
101,2022,338,1727,12.98,5.044,24.54,0.0
101,2022,338,1728,12.98,4.283,24.48,0.0
101,2022,338,1729,12.97,3.719,24.45,0.0
101,2022,338,1730,12.97,3.24,24.44,0.0
101,2022,338,1731,12.96,2.79,24.42,0.0
101,2022,338,1732,12.96,2.48,24.38,0.0
101,2022,338,1733,12.96,2.367,24.34,0.0
101,2022,338,1734,12.95,2.367,24.3,0.0
101,2022,338,1735,12.95,2.17,24.28,0.0
101,2022,338,1736,12.94,2.029,24.2,0.0
101,2022,338,1737,12.94,2.029,24.12,0.0
101,2022,338,1738,12.94,1.972,24.06,0.0
101,2022,338,1739,12.94,1.606,24.02,0.0
101,2022,338,1740,12.93,1.381,23.99,0.0
101,2022,338,1741,12.93,1.353,23.98,0.0
101,2022,338,1742,12.92,1.127,23.97,0.0
101,2022,338,1743,12.92,0.902,23.96,0.0
101,2022,338,1744,12.92,0.0,23.9,0.0
101,2022,338,1745,12.91,0.0,23.86,0.0
101,2022,338,1746,12.91,0.0,23.83,0.0
101,2022,338,1747,12.91,0.0,23.77,0.0
101,2022,338,1748,12.91,0.0,23.72,0.0
101,2022,338,1749,12.91,0.0,23.65,0.0
101,2022,338,1750,12.9,0.0,23.63,0.0
101,2022,338,1751,12.9,0.0,23.59,0.0
101,2022,338,1752,12.9,0.0,23.54,0.0
101,2022,338,1753,12.89,0.0,23.52,0.0
101,2022,338,1754,12.89,0.0,23.5,0.0
101,2022,338,1755,12.89,0.0,23.49,0.0
101,2022,338,1756,12.89,0.0,23.49,0.0
101,2022,338,1757,12.88,0.0,23.49,0.0
101,2022,338,1758,12.88,0.0,23.48,0.0
101,2022,338,1759,12.88,0.0,23.47,0.0
101,2022,338,1800,12.88,0.0,23.46,0.0
101,2022,338,1801,12.88,0.0,23.48,0.0
101,2022,338,1802,12.88,0.0,23.48,0.0
101,2022,338,1803,12.88,0.0,23.48,0.0
101,2022,338,1804,12.87,0.0,23.45,0.0
101,2022,338,1805,12.87,0.0,23.45,0.0
101,2022,338,1806,12.87,0.0,23.44,0.0
101,2022,338,1807,12.86,0.0,23.41,0.0
101,2022,338,1808,12.86,0.0,23.41,0.0
101,2022,338,1809,12.86,0.0,23.39,0.0
101,2022,338,1810,12.86,0.0,23.37,0.0
101,2022,338,1811,12.86,0.0,23.41,0.0
101,2022,338,1812,12.86,0.0,23.38,0.0
101,2022,338,1813,12.86,0.0,23.37,0.0
101,2022,338,1814,12.85,0.0,23.37,0.0
101,2022,338,1815,12.85,0.0,23.35,0.0
101,2022,338,1816,12.85,0.0,23.36,0.0
101,2022,338,1817,12.85,0.0,23.33,0.0
101,2022,338,1818,12.85,0.0,23.33,0.0
101,2022,338,1819,12.85,0.0,23.33,0.0
101,2022,338,1820,12.84,0.0,23.31,0.0
101,2022,338,1821,12.84,0.0,23.31,0.0
101,2022,338,1822,12.84,0.0,23.31,0.0
101,2022,338,1823,12.84,0.0,23.31,0.0
101,2022,338,1824,12.84,0.0,23.31,0.0
101,2022,338,1825,12.84,0.0,23.29,0.0
101,2022,338,1826,12.84,0.0,23.29,0.0
101,2022,338,1827,12.84,0.0,23.31,0.0
101,2022,338,1828,12.84,0.0,23.32,0.0
101,2022,338,1829,12.83,0.0,23.31,0.0
101,2022,338,1830,12.83,0.0,23.32,0.0
101,2022,338,1831,12.83,0.0,23.35,0.0
101,2022,338,1832,12.83,0.0,23.34,0.0
101,2022,338,1833,12.83,0.0,23.31,0.0
101,2022,338,1834,12.83,0.0,23.29,0.0
101,2022,338,1835,12.83,0.0,23.27,0.0
101,2022,338,1836,12.83,0.0,23.27,0.0
101,2022,338,1837,12.83,0.0,23.27,0.0
101,2022,338,1838,12.83,0.0,23.28,0.0
101,2022,338,1839,12.82,0.0,23.28,0.0
101,2022,338,1840,12.83,0.0,23.25,0.0
101,2022,338,1841,12.83,0.0,23.25,0.0
101,2022,338,1842,12.83,0.0,23.25,0.0
101,2022,338,1843,12.82,0.0,23.23,0.0
101,2022,338,1844,12.82,0.0,23.23,0.0
101,2022,338,1845,12.82,0.0,23.23,0.0
101,2022,338,1846,12.82,0.0,23.23,0.0
101,2022,338,1847,12.82,0.0,23.21,0.0
101,2022,338,1848,12.82,0.0,23.21,0.0
101,2022,338,1849,12.82,0.0,23.2,0.0
101,2022,338,1850,12.82,0.0,23.18,0.0
101,2022,338,1851,12.81,0.0,23.16,0.0
101,2022,338,1852,12.81,0.0,23.14,0.0
101,2022,338,1853,12.81,0.0,23.13,0.0
101,2022,338,1854,12.81,0.0,23.12,0.0
101,2022,338,1855,12.81,0.0,23.1,0.0
101,2022,338,1856,12.81,0.0,23.1,0.0
101,2022,338,1857,12.81,0.0,23.08,0.0
101,2022,338,1858,12.81,0.0,23.07,0.0
101,2022,338,1859,12.81,0.0,23.05,0.0
101,2022,338,1900,12.81,0.0,23.04,0.0
101,2022,338,1901,12.81,0.0,23.03,0.0
101,2022,338,1902,12.81,0.0,23.03,0.0
101,2022,338,1903,12.81,0.0,23.02,0.0
101,2022,338,1904,12.8,0.0,23.01,0.0
101,2022,338,1905,12.81,0.0,22.99,0.0
101,2022,338,1906,12.81,0.0,22.98,0.0
101,2022,338,1907,12.81,0.0,22.96,0.0
101,2022,338,1908,12.81,0.0,22.95,0.0
101,2022,338,1909,12.81,0.0,22.94,0.0
101,2022,338,1910,12.8,0.0,22.93,0.0
101,2022,338,1911,12.8,0.0,22.91,0.0
101,2022,338,1912,12.8,0.0,22.9,0.0
101,2022,338,1913,12.8,0.0,22.9,0.0
101,2022,338,1914,12.8,0.0,22.89,0.0
101,2022,338,1915,12.8,0.0,22.87,0.0
101,2022,338,1916,12.8,0.0,22.86,0.0
101,2022,338,1917,12.8,0.0,22.86,0.0
101,2022,338,1918,12.8,0.0,22.85,0.0
101,2022,338,1919,12.8,0.0,22.83,0.0
101,2022,338,1920,12.8,0.0,22.83,0.0
101,2022,338,1921,12.8,0.0,22.83,0.0
101,2022,338,1922,12.79,0.0,22.83,0.0
101,2022,338,1923,12.79,0.0,22.82,0.0
101,2022,338,1924,12.79,0.0,22.81,0.0
101,2022,338,1925,12.79,0.0,22.81,0.0
101,2022,338,1926,12.79,0.0,22.82,0.0
101,2022,338,1927,12.79,0.0,22.83,0.0
101,2022,338,1928,12.79,0.0,22.84,0.0
101,2022,338,1929,12.79,0.0,22.83,0.0
101,2022,338,1930,12.79,0.0,22.81,0.0
101,2022,338,1931,12.79,0.0,22.81,0.0
101,2022,338,1932,12.79,0.0,22.79,0.0
101,2022,338,1933,12.79,0.0,22.79,0.0
101,2022,338,1934,12.79,0.0,22.79,0.0
101,2022,338,1935,12.79,0.0,22.79,0.0
101,2022,338,1936,12.79,0.0,22.79,0.0
101,2022,338,1937,12.79,0.0,22.79,0.0
101,2022,338,1938,12.79,0.0,22.78,0.0
101,2022,338,1939,12.79,0.0,22.81,0.0
101,2022,338,1940,12.79,0.0,22.82,0.0
101,2022,338,1941,12.79,0.0,22.82,0.0
101,2022,338,1942,12.78,0.0,22.82,0.0
101,2022,338,1943,12.79,0.0,22.83,0.0
101,2022,338,1944,12.79,0.0,22.82,0.0
101,2022,338,1945,12.78,0.0,22.82,0.0
101,2022,338,1946,12.78,0.0,22.82,0.0
101,2022,338,1947,12.78,0.0,22.81,0.0
101,2022,338,1948,12.79,0.0,22.82,0.0
101,2022,338,1949,12.79,0.0,22.83,0.0
101,2022,338,1950,12.78,0.0,22.84,0.0
101,2022,338,1951,12.78,0.0,22.85,0.0
101,2022,338,1952,12.78,0.0,22.86,0.0
101,2022,338,1953,12.78,0.0,22.85,0.0
101,2022,338,1954,12.78,0.0,22.86,0.0
101,2022,338,1955,12.78,0.0,22.86,0.0
101,2022,338,1956,12.78,0.0,22.87,0.0
101,2022,338,1957,12.78,0.0,22.89,0.0
101,2022,338,1958,12.78,0.0,22.89,0.0
101,2022,338,1959,12.78,0.0,22.91,0.0
101,2022,338,2000,12.78,0.0,22.91,0.0
101,2022,338,2001,12.78,0.0,22.92,0.0
101,2022,338,2002,12.78,0.0,22.92,0.0
101,2022,338,2003,12.78,0.0,22.94,0.0
101,2022,338,2004,12.78,0.0,22.94,0.0
101,2022,338,2005,12.78,0.0,22.94,0.0
101,2022,338,2006,12.78,0.0,22.96,0.0
101,2022,338,2007,12.78,0.0,22.93,0.0
101,2022,338,2008,12.78,0.0,22.92,0.0
101,2022,338,2009,12.77,0.0,22.87,0.0
101,2022,338,2010,12.77,0.0,22.83,0.0
101,2022,338,2011,12.77,0.0,22.84,0.0
101,2022,338,2012,12.77,0.0,22.84,0.0
101,2022,338,2013,12.77,0.0,22.86,0.0
101,2022,338,2014,12.77,0.0,22.84,0.0
101,2022,338,2015,12.77,0.0,22.84,0.0
101,2022,338,2016,12.77,0.0,22.82,0.0
101,2022,338,2017,12.77,0.0,22.81,0.0
101,2022,338,2018,12.77,0.0,22.81,0.0
101,2022,338,2019,12.77,0.0,22.8,0.0
101,2022,338,2020,12.77,0.0,22.79,0.0
101,2022,338,2021,12.77,0.0,22.76,0.0
101,2022,338,2022,12.77,0.0,22.73,0.0
101,2022,338,2023,12.77,0.0,22.73,0.0
101,2022,338,2024,12.77,0.0,22.7,0.0
101,2022,338,2025,12.77,0.0,22.69,0.0
101,2022,338,2026,12.77,0.0,22.67,0.0
101,2022,338,2027,12.77,0.0,22.65,0.0
101,2022,338,2028,12.77,0.0,22.61,0.0
101,2022,338,2029,12.77,0.0,22.59,0.0
101,2022,338,2030,12.77,0.0,22.59,0.0
101,2022,338,2031,12.77,0.0,22.59,0.0
101,2022,338,2032,12.77,0.0,22.58,0.0
101,2022,338,2033,12.77,0.0,22.58,0.0
101,2022,338,2034,12.77,0.0,22.56,0.0
101,2022,338,2035,12.77,0.0,22.57,0.0
101,2022,338,2036,12.77,0.0,22.54,0.0
101,2022,338,2037,12.77,0.0,22.54,0.0
101,2022,338,2038,12.77,0.0,22.53,0.0
101,2022,338,2039,12.77,0.0,22.53,0.0
101,2022,338,2040,12.77,0.0,22.51,0.0
101,2022,338,2041,12.77,0.0,22.49,0.0
101,2022,338,2042,12.77,0.0,22.51,0.0
101,2022,338,2043,12.77,0.0,22.5,0.0
101,2022,338,2044,12.77,0.0,22.49,0.0
101,2022,338,2045,12.77,0.0,22.44,0.0
101,2022,338,2046,12.77,0.0,22.44,0.0
101,2022,338,2047,12.77,0.0,22.43,0.0
101,2022,338,2048,12.76,0.0,22.44,0.0
101,2022,338,2049,12.76,0.0,22.43,0.0
101,2022,338,2050,12.76,0.0,22.43,0.0
101,2022,338,2051,12.76,0.0,22.43,0.0
101,2022,338,2052,12.76,0.0,22.42,0.0
101,2022,338,2053,12.76,0.0,22.42,0.0
101,2022,338,2054,12.76,0.0,22.42,0.0
101,2022,338,2055,12.76,0.0,22.41,0.0
101,2022,338,2056,12.76,0.0,22.4,0.0
101,2022,338,2057,12.76,0.0,22.43,0.0
101,2022,338,2058,12.76,0.0,22.41,0.0
101,2022,338,2059,12.76,0.0,22.42,0.0
101,2022,338,2100,12.76,0.0,22.43,0.0
101,2022,338,2101,12.76,0.0,22.42,0.0
101,2022,338,2102,12.76,0.0,22.41,0.0
101,2022,338,2103,12.76,0.0,22.42,0.0
101,2022,338,2104,12.76,0.0,22.43,0.0
101,2022,338,2105,12.76,0.0,22.4,0.0
101,2022,338,2106,12.76,0.0,22.37,0.0
101,2022,338,2107,12.76,0.0,22.35,0.0
101,2022,338,2108,12.76,0.0,22.35,0.0
101,2022,338,2109,12.76,0.0,22.33,0.0
101,2022,338,2110,12.76,0.0,22.33,0.0
101,2022,338,2111,12.76,0.0,22.31,0.0
101,2022,338,2112,12.76,0.0,22.31,0.0
101,2022,338,2113,12.76,0.0,22.32,0.0
101,2022,338,2114,12.76,0.0,22.33,0.0
101,2022,338,2115,12.76,0.0,22.31,0.0
101,2022,338,2116,12.75,0.0,22.32,0.0
101,2022,338,2117,12.76,0.0,22.33,0.0
101,2022,338,2118,12.75,0.0,22.33,0.0
101,2022,338,2119,12.75,0.0,22.33,0.0
101,2022,338,2120,12.75,0.0,22.34,0.0
101,2022,338,2121,12.75,0.0,22.36,0.0
101,2022,338,2122,12.75,0.0,22.35,0.0
101,2022,338,2123,12.75,0.0,22.37,0.0
101,2022,338,2124,12.75,0.0,22.35,0.0
101,2022,338,2125,12.75,0.0,22.36,0.0
101,2022,338,2126,12.75,0.0,22.37,0.0
101,2022,338,2127,12.75,0.0,22.37,0.0
101,2022,338,2128,12.75,0.0,22.37,0.0
101,2022,338,2129,12.75,0.0,22.36,0.0
101,2022,338,2130,12.75,0.0,22.36,0.0
101,2022,338,2131,12.75,0.0,22.39,0.0
101,2022,338,2132,12.75,0.0,22.4,0.0
101,2022,338,2133,12.75,0.0,22.43,0.0
101,2022,338,2134,12.75,0.0,22.43,0.0
101,2022,338,2135,12.75,0.0,22.42,0.0
101,2022,338,2136,12.75,0.0,22.4,0.0
101,2022,338,2137,12.75,0.0,22.39,0.0
101,2022,338,2138,12.75,0.0,22.39,0.0
101,2022,338,2139,12.75,0.0,22.36,0.0
101,2022,338,2140,12.75,0.0,22.36,0.0
101,2022,338,2141,12.75,0.0,22.38,0.0
101,2022,338,2142,12.75,0.0,22.39,0.0
101,2022,338,2143,12.75,0.0,22.39,0.0
101,2022,338,2144,12.75,0.0,22.39,0.0
101,2022,338,2145,12.75,0.0,22.36,0.0
101,2022,338,2146,12.75,0.0,22.35,0.0
101,2022,338,2147,12.75,0.0,22.37,0.0
101,2022,338,2148,12.75,0.0,22.37,0.0
101,2022,338,2149,12.75,0.0,22.35,0.0
101,2022,338,2150,12.75,0.0,22.35,0.0
101,2022,338,2151,12.75,0.0,22.36,0.0
101,2022,338,2152,12.75,0.0,22.37,0.0
101,2022,338,2153,12.75,0.0,22.38,0.0
101,2022,338,2154,12.75,0.0,22.39,0.0
101,2022,338,2155,12.75,0.0,22.38,0.0
101,2022,338,2156,12.75,0.0,22.4,0.0
101,2022,338,2157,12.75,0.0,22.41,0.0
101,2022,338,2158,12.75,0.0,22.43,0.0
101,2022,338,2159,12.75,0.0,22.42,0.0
101,2022,338,2200,12.75,0.0,22.39,0.0
101,2022,338,2201,12.75,0.0,22.4,0.0
101,2022,338,2202,12.75,0.0,22.44,0.0
101,2022,338,2203,12.75,0.0,22.48,0.0
101,2022,338,2204,12.75,0.0,22.48,0.0
101,2022,338,2205,12.75,0.0,22.49,0.0
101,2022,338,2206,12.75,0.0,22.51,0.0
101,2022,338,2207,12.75,0.0,22.49,0.0
101,2022,338,2208,12.75,0.0,22.49,0.0
101,2022,338,2209,12.75,0.0,22.52,0.0
101,2022,338,2210,12.75,0.0,22.53,0.0
101,2022,338,2211,12.75,0.0,22.53,0.0
101,2022,338,2212,12.75,0.0,22.53,0.0
101,2022,338,2213,12.75,0.0,22.52,0.0
101,2022,338,2214,12.75,0.0,22.44,0.0
101,2022,338,2215,12.75,0.0,22.41,0.0
101,2022,338,2216,12.75,0.0,22.34,0.0
101,2022,338,2217,12.75,0.0,22.32,0.0
101,2022,338,2218,12.75,0.0,22.31,0.0
101,2022,338,2219,12.75,0.0,22.3,0.0
101,2022,338,2220,12.75,0.0,22.27,0.0
101,2022,338,2221,12.75,0.0,22.24,0.0
101,2022,338,2222,12.75,0.0,22.22,0.0
101,2022,338,2223,12.75,0.0,22.2,0.0
101,2022,338,2224,12.75,0.0,22.2,0.0
101,2022,338,2225,12.75,0.0,22.19,0.0
101,2022,338,2226,12.75,0.0,22.2,0.0
101,2022,338,2227,12.75,0.0,22.19,0.0
101,2022,338,2228,12.75,0.0,22.18,0.0
101,2022,338,2229,12.75,0.0,22.15,0.0
101,2022,338,2230,12.75,0.0,22.14,0.0
101,2022,338,2231,12.75,0.0,22.15,0.0
101,2022,338,2232,12.75,0.0,22.15,0.0
101,2022,338,2233,12.75,0.0,22.14,0.0
101,2022,338,2234,12.75,0.0,22.14,0.0
101,2022,338,2235,12.75,0.0,22.15,0.0
101,2022,338,2236,12.74,0.0,22.15,0.0
101,2022,338,2237,12.74,0.0,22.14,0.0
101,2022,338,2238,12.74,0.0,22.14,0.0
101,2022,338,2239,12.74,0.0,22.13,0.0
101,2022,338,2240,12.75,0.0,22.14,0.0
101,2022,338,2241,12.75,0.0,22.14,0.0
101,2022,338,2242,12.74,0.0,22.15,0.0
101,2022,338,2243,12.74,0.0,22.16,0.0
101,2022,338,2244,12.74,0.0,22.16,0.0
101,2022,338,2245,12.74,0.0,22.17,0.0
101,2022,338,2246,12.74,0.0,22.15,0.0
101,2022,338,2247,12.74,0.0,22.15,0.0
101,2022,338,2248,12.74,0.0,22.14,0.0
101,2022,338,2249,12.74,0.0,22.13,0.0
101,2022,338,2250,12.74,0.0,22.11,0.0
101,2022,338,2251,12.74,0.0,22.1,0.0
101,2022,338,2252,12.74,0.0,22.12,0.0
101,2022,338,2253,12.74,0.0,22.11,0.0
101,2022,338,2254,12.74,0.0,22.11,0.0
101,2022,338,2255,12.74,0.0,22.1,0.0
101,2022,338,2256,12.74,0.0,22.12,0.0
101,2022,338,2257,12.74,0.0,22.1,0.0
101,2022,338,2258,12.74,0.0,22.08,0.0
101,2022,338,2259,12.74,0.0,22.11,0.0
101,2022,338,2300,12.74,0.0,22.12,0.0
101,2022,338,2301,12.74,0.0,22.12,0.0
101,2022,338,2302,12.74,0.0,22.14,0.0
101,2022,338,2303,12.74,0.0,22.13,0.0
101,2022,338,2304,12.74,0.0,22.13,0.0
101,2022,338,2305,12.74,0.0,22.12,0.0
101,2022,338,2306,12.74,0.0,22.12,0.0
101,2022,338,2307,12.74,0.0,22.11,0.0
101,2022,338,2308,12.74,0.0,22.12,0.0
101,2022,338,2309,12.74,0.0,22.11,0.0
101,2022,338,2310,12.74,0.0,22.11,0.0
101,2022,338,2311,12.74,0.0,22.1,0.0
101,2022,338,2312,12.74,0.0,22.11,0.0
101,2022,338,2313,12.74,0.0,22.1,0.0
101,2022,338,2314,12.74,0.0,22.1,0.0
101,2022,338,2315,12.74,0.0,22.12,0.0
101,2022,338,2316,12.74,0.0,22.11,0.0
101,2022,338,2317,12.74,0.0,22.11,0.0
101,2022,338,2318,12.74,0.0,22.1,0.0
101,2022,338,2319,12.74,0.0,22.1,0.0
101,2022,338,2320,12.74,0.0,22.1,0.0
101,2022,338,2321,12.74,0.0,22.1,0.0
101,2022,338,2322,12.74,0.0,22.12,0.0
101,2022,338,2323,12.74,0.0,22.12,0.0
101,2022,338,2324,12.74,0.0,22.12,0.0
101,2022,338,2325,12.74,0.0,22.13,0.0
101,2022,338,2326,12.74,0.0,22.12,0.0
101,2022,338,2327,12.74,0.0,22.1,0.0
101,2022,338,2328,12.74,0.0,22.11,0.0
101,2022,338,2329,12.74,0.0,22.11,0.0
101,2022,338,2330,12.74,0.0,22.1,0.0
101,2022,338,2331,12.74,0.0,22.12,0.0
101,2022,338,2332,12.74,0.0,22.15,0.0
101,2022,338,2333,12.73,0.0,22.14,0.0
101,2022,338,2334,12.74,0.0,22.15,0.0
101,2022,338,2335,12.73,0.0,22.14,0.0
101,2022,338,2336,12.74,0.0,22.11,0.0
101,2022,338,2337,12.74,0.0,22.08,0.0
101,2022,338,2338,12.73,0.0,22.07,0.0
101,2022,338,2339,12.73,0.0,22.07,0.0
101,2022,338,2340,12.73,0.0,22.08,0.0
101,2022,338,2341,12.73,0.0,22.09,0.0
101,2022,338,2342,12.73,0.0,22.07,0.0
101,2022,338,2343,12.73,0.0,22.08,0.0
101,2022,338,2344,12.73,0.0,22.1,0.0
101,2022,338,2345,12.73,0.0,22.1,0.0
101,2022,338,2346,12.73,0.0,22.12,0.0
101,2022,338,2347,12.73,0.0,22.12,0.0
101,2022,338,2348,12.73,0.0,22.08,0.0
101,2022,338,2349,12.73,0.0,22.05,0.0
101,2022,338,2350,12.73,0.0,22.04,0.0
101,2022,338,2351,12.73,0.0,22.04,0.0
101,2022,338,2352,12.73,0.0,22.05,0.0
101,2022,338,2353,12.73,0.0,22.05,0.0
101,2022,338,2354,12.73,0.0,22.06,0.0
101,2022,338,2355,12.73,0.0,22.05,0.0
101,2022,338,2356,12.73,0.0,22.05,0.0
101,2022,338,2357,12.73,0.0,22.04,0.0
101,2022,338,2358,12.73,0.0,22.01,0.0
101,2022,338,2359,12.73,0.0,22.0,0.0
