a,b,dia_juliano,d,e,f,g,h
101,2022,284,2400,12.82,0,23.95,0
101,2022,284,1,12.82,0,23.95,0
101,2022,284,2,12.82,0,23.93,0
101,2022,284,3,12.81,0,23.93,0
101,2022,284,4,12.81,0,23.97,0
101,2022,284,5,12.81,0,23.98,0
101,2022,284,6,12.81,0,23.98,0
101,2022,284,7,12.81,0,24,0
101,2022,284,8,12.82,0,24.01,0
101,2022,284,9,12.82,0,24.01,0
101,2022,284,10,12.81,0,24.02,0
101,2022,284,11,12.81,0,24.03,0
101,2022,284,12,12.81,0,24.03,0
101,2022,284,13,12.81,0,24.05,0
101,2022,284,14,12.82,0,24.04,0
101,2022,284,15,12.81,0,24.06,0
101,2022,284,16,12.81,0,24.09,0
101,2022,284,17,12.81,0,24.1,0
101,2022,284,18,12.81,0,24.12,0
101,2022,284,19,12.81,0,24.15,0
101,2022,284,20,12.81,0,24.16,0
101,2022,284,21,12.81,0,24.17,0
101,2022,284,22,12.81,0,24.18,0
101,2022,284,23,12.81,0,24.18,0
101,2022,284,24,12.81,0,24.19,0
101,2022,284,25,12.81,0,24.23,0
101,2022,284,26,12.81,0,24.23,0
101,2022,284,27,12.81,0,24.23,0
101,2022,284,28,12.81,0,24.25,0
101,2022,284,29,12.81,0,24.25,0
101,2022,284,30,12.81,0,24.25,0
101,2022,284,31,12.81,0,24.22,0
101,2022,284,32,12.81,0,24.2,0
101,2022,284,33,12.81,0,24.19,0
101,2022,284,34,12.81,0,24.18,0
101,2022,284,35,12.81,0,24.18,0
101,2022,284,36,12.81,0,24.18,0
101,2022,284,37,12.81,0,24.17,0
101,2022,284,38,12.81,0,24.16,0
101,2022,284,39,12.81,0,24.15,0
101,2022,284,40,12.81,0,24.15,0
101,2022,284,41,12.81,0,24.14,0
101,2022,284,42,12.81,0,24.14,0
101,2022,284,43,12.81,0,24.13,0
101,2022,284,44,12.81,0,24.14,0
101,2022,284,45,12.81,0,24.13,0
101,2022,284,46,12.81,0,24.12,0
101,2022,284,47,12.81,0,24.12,0
101,2022,284,48,12.81,0,24.11,0
101,2022,284,49,12.81,0,24.09,0
101,2022,284,50,12.81,0,24.08,0
101,2022,284,51,12.81,0,24.08,0
101,2022,284,52,12.81,0,24.1,0
101,2022,284,53,12.81,0,24.12,0
101,2022,284,54,12.81,0,24.13,0
101,2022,284,55,12.81,0,24.13,0
101,2022,284,56,12.81,0,24.12,0
101,2022,284,57,12.81,0,24.13,0
101,2022,284,58,12.81,0,24.13,0
101,2022,284,59,12.81,0,24.12,0
101,2022,284,100,12.81,0,24.11,0
101,2022,284,101,12.81,0,24.1,0
101,2022,284,102,12.81,0,24.11,0
101,2022,284,103,12.81,0,24.11,0
101,2022,284,104,12.81,0,24.1,0
101,2022,284,105,12.81,0,24.1,0
101,2022,284,106,12.81,0,24.1,0
101,2022,284,107,12.81,0,24.1,0
101,2022,284,108,12.81,0,24.08,0
101,2022,284,109,12.81,0,24.07,0
101,2022,284,110,12.81,0,24.06,0
101,2022,284,111,12.81,0,24.05,0
101,2022,284,112,12.81,0,24.05,0
101,2022,284,113,12.81,0,24.04,0
101,2022,284,114,12.81,0,24.02,0
101,2022,284,115,12.81,0,24.02,0
101,2022,284,116,12.81,0,24,0
101,2022,284,117,12.81,0,24.01,0
101,2022,284,118,12.81,0,24.03,0
101,2022,284,119,12.81,0,24.05,0
101,2022,284,120,12.81,0,24.04,0
101,2022,284,121,12.81,0,24.04,0
101,2022,284,122,12.81,0,24.05,0
101,2022,284,123,12.81,0,24.04,0
101,2022,284,124,12.81,0,24.04,0
101,2022,284,125,12.81,0,24.06,0
101,2022,284,126,12.81,0,24.05,0
101,2022,284,127,12.81,0,24.06,0
101,2022,284,128,12.81,0,24.05,0
101,2022,284,129,12.81,0,24.03,0
101,2022,284,130,12.81,0,24.02,0
101,2022,284,131,12.81,0,24.02,0
101,2022,284,132,12.81,0,24.02,0
101,2022,284,133,12.81,0,24,0
101,2022,284,134,12.81,0,24,0
101,2022,284,135,12.81,0,24,0
101,2022,284,136,12.81,0,24,0
101,2022,284,137,12.81,0,23.99,0
101,2022,284,138,12.81,0,23.99,0
101,2022,284,139,12.81,0,23.99,0
101,2022,284,140,12.81,0,23.98,0
101,2022,284,141,12.81,0,23.98,0
101,2022,284,142,12.81,0,23.98,0
101,2022,284,143,12.81,0,23.98,0
101,2022,284,144,12.81,0,24,0
101,2022,284,145,12.81,0,24,0
101,2022,284,146,12.81,0,24.01,0
101,2022,284,147,12.81,0,23.98,0
101,2022,284,148,12.81,0,23.97,0
101,2022,284,149,12.81,0,23.97,0
101,2022,284,150,12.81,0,23.97,0
101,2022,284,151,12.81,0,23.96,0
101,2022,284,152,12.81,0,23.95,0
101,2022,284,153,12.81,0,23.94,0
101,2022,284,154,12.81,0,23.93,0
101,2022,284,155,12.81,0,23.9,0
101,2022,284,156,12.81,0,23.88,0
101,2022,284,157,12.81,0,23.87,0
101,2022,284,158,12.81,0,23.86,0
101,2022,284,159,12.81,0,23.85,0
101,2022,284,200,12.81,0,23.86,0
101,2022,284,201,12.81,0,23.86,0
101,2022,284,202,12.81,0,23.85,0
101,2022,284,203,12.81,0,23.87,0
101,2022,284,204,12.81,0,23.9,0
101,2022,284,205,12.81,0,23.9,0
101,2022,284,206,12.81,0,23.9,0
101,2022,284,207,12.81,0,23.92,0
101,2022,284,208,12.81,0,23.93,0
101,2022,284,209,12.81,0,23.93,0
101,2022,284,210,12.81,0,23.94,0
101,2022,284,211,12.81,0,23.94,0
101,2022,284,212,12.81,0,23.94,0
101,2022,284,213,12.81,0,23.94,0
101,2022,284,214,12.81,0,23.93,0
101,2022,284,215,12.81,0,23.92,0
101,2022,284,216,12.81,0,23.92,0
101,2022,284,217,12.81,0,23.91,0
101,2022,284,218,12.81,0,23.9,0
101,2022,284,219,12.81,0,23.89,0
101,2022,284,220,12.81,0,23.9,0
101,2022,284,221,12.81,0,23.9,0
101,2022,284,222,12.81,0,23.9,0
101,2022,284,223,12.81,0,23.9,0
101,2022,284,224,12.81,0,23.88,0
101,2022,284,225,12.81,0,23.89,0
101,2022,284,226,12.81,0,23.89,0
101,2022,284,227,12.81,0,23.9,0
101,2022,284,228,12.81,0,23.92,0
101,2022,284,229,12.81,0,23.93,0
101,2022,284,230,12.81,0,23.93,0
101,2022,284,231,12.81,0,23.94,0
101,2022,284,232,12.81,0,23.95,0
101,2022,284,233,12.81,0,23.95,0
101,2022,284,234,12.81,0,23.95,0
101,2022,284,235,12.81,0,23.95,0
101,2022,284,236,12.81,0,23.95,0
101,2022,284,237,12.81,0,23.94,0
101,2022,284,238,12.81,0,23.94,0
101,2022,284,239,12.81,0,23.93,0
101,2022,284,240,12.81,0,23.91,0
101,2022,284,241,12.81,0,23.92,0
101,2022,284,242,12.81,0,23.91,0
101,2022,284,243,12.81,0,23.9,0
101,2022,284,244,12.81,0,23.9,0
101,2022,284,245,12.81,0,23.9,0
101,2022,284,246,12.81,0,23.9,0
101,2022,284,247,12.81,0,23.9,0
101,2022,284,248,12.81,0,23.9,0
101,2022,284,249,12.81,0,23.88,0
101,2022,284,250,12.81,0,23.86,0
101,2022,284,251,12.81,0,23.87,0
101,2022,284,252,12.81,0,23.87,0
101,2022,284,253,12.81,0,23.86,0
101,2022,284,254,12.81,0,23.85,0
101,2022,284,255,12.81,0,23.84,0
101,2022,284,256,12.81,0,23.81,0
101,2022,284,257,12.81,0,23.79,0
101,2022,284,258,12.81,0,23.77,0
101,2022,284,259,12.81,0,23.77,0
101,2022,284,300,12.81,0,23.76,0
101,2022,284,301,12.81,0,23.74,0
101,2022,284,302,12.81,0,23.75,0
101,2022,284,303,12.81,0,23.77,0
101,2022,284,304,12.81,0,23.78,0
101,2022,284,305,12.81,0,23.8,0
101,2022,284,306,12.81,0,23.8,0
101,2022,284,307,12.81,0,23.79,0
101,2022,284,308,12.8,0,23.77,0
101,2022,284,309,12.81,0,23.78,0
101,2022,284,310,12.81,0,23.77,0
101,2022,284,311,12.81,0,23.76,0
101,2022,284,312,12.8,0,23.77,0
101,2022,284,313,12.81,0,23.77,0
101,2022,284,314,12.81,0,23.79,0
101,2022,284,315,12.81,0,23.81,0
101,2022,284,316,12.81,0,23.8,0
101,2022,284,317,12.8,0,23.8,0
101,2022,284,318,12.81,0,23.8,0
101,2022,284,319,12.81,0,23.78,0
101,2022,284,320,12.81,0,23.77,0
101,2022,284,321,12.81,0,23.76,0
101,2022,284,322,12.81,0,23.74,0
101,2022,284,323,12.81,0,23.72,0
101,2022,284,324,12.8,0,23.72,0
101,2022,284,325,12.8,0,23.72,0
101,2022,284,326,12.8,0,23.72,0
101,2022,284,327,12.8,0,23.72,0
101,2022,284,328,12.8,0,23.72,0
101,2022,284,329,12.81,0,23.7,0
101,2022,284,330,12.8,0,23.68,0
101,2022,284,331,12.81,0,23.67,0
101,2022,284,332,12.81,0,23.66,0
101,2022,284,333,12.81,0,23.66,0
101,2022,284,334,12.81,0,23.66,0
101,2022,284,335,12.81,0,23.64,0
101,2022,284,336,12.81,0,23.62,0
101,2022,284,337,12.8,0,23.58,0
101,2022,284,338,12.81,0,23.57,0
101,2022,284,339,12.8,0,23.57,0
101,2022,284,340,12.81,0,23.56,0
101,2022,284,341,12.81,0,23.55,0
101,2022,284,342,12.81,0,23.54,0
101,2022,284,343,12.81,0,23.55,0
101,2022,284,344,12.81,0,23.54,0
101,2022,284,345,12.8,0,23.52,0
101,2022,284,346,12.8,0,23.52,0
101,2022,284,347,12.81,0,23.52,0
101,2022,284,348,12.81,0,23.5,0
101,2022,284,349,12.81,0,23.5,0
101,2022,284,350,12.81,0,23.48,0
101,2022,284,351,12.8,0,23.47,0
101,2022,284,352,12.81,0,23.45,0
101,2022,284,353,12.81,0,23.43,0
101,2022,284,354,12.81,0,23.4,0
101,2022,284,355,12.81,0,23.38,0
101,2022,284,356,12.81,0,23.36,0
101,2022,284,357,12.81,0,23.34,0
101,2022,284,358,12.81,0,23.31,0
101,2022,284,359,12.81,0,23.28,0
101,2022,284,400,12.81,0,23.25,0
101,2022,284,401,12.81,0,23.22,0
101,2022,284,402,12.81,0,23.2,0
101,2022,284,403,12.8,0,23.17,0
101,2022,284,404,12.81,0,23.15,0
101,2022,284,405,12.81,0,23.13,0
101,2022,284,406,12.8,0,23.11,0
101,2022,284,407,12.8,0,23.08,0
101,2022,284,408,12.8,0,23.08,0
101,2022,284,409,12.8,0,23.05,0
101,2022,284,410,12.8,0,23.02,0
101,2022,284,411,12.8,0,22.99,0
101,2022,284,412,12.8,0,22.98,0
101,2022,284,413,12.8,0,22.96,0
101,2022,284,414,12.8,0,22.93,0
101,2022,284,415,12.8,0,22.91,0
101,2022,284,416,12.8,0,22.88,0
101,2022,284,417,12.8,0,22.86,0
101,2022,284,418,12.8,0,22.84,0
101,2022,284,419,12.8,0,22.81,0
101,2022,284,420,12.8,0,22.78,0
101,2022,284,421,12.8,0,22.75,0
101,2022,284,422,12.8,0,22.72,0
101,2022,284,423,12.8,0,22.69,0
101,2022,284,424,12.8,0,22.66,0
101,2022,284,425,12.8,0,22.64,0
101,2022,284,426,12.8,0,22.63,0
101,2022,284,427,12.8,0,22.6,0
101,2022,284,428,12.8,0,22.59,0
101,2022,284,429,12.8,0,22.59,0
101,2022,284,430,12.8,0,22.58,0
101,2022,284,431,12.8,0,22.57,0
101,2022,284,432,12.8,0,22.56,0
101,2022,284,433,12.8,0,22.56,0
101,2022,284,434,12.8,0,22.57,0
101,2022,284,435,12.8,0,22.56,0
101,2022,284,436,12.8,0,22.56,0
101,2022,284,437,12.8,0,22.57,0
101,2022,284,438,12.8,0,22.62,0
101,2022,284,439,12.8,0,22.61,0
101,2022,284,440,12.8,0,22.59,0
101,2022,284,441,12.8,0,22.6,0
101,2022,284,442,12.8,0,22.6,0
101,2022,284,443,12.8,0,22.6,0
101,2022,284,444,12.8,0,22.62,0
101,2022,284,445,12.8,0,22.64,0
101,2022,284,446,12.8,0,22.68,0
101,2022,284,447,12.8,.282,22.74,0
101,2022,284,448,12.8,.648,22.76,0
101,2022,284,449,12.8,.677,22.77,0
101,2022,284,450,12.8,.677,22.76,0
101,2022,284,451,12.8,.677,22.77,0
101,2022,284,452,12.8,.874,22.81,0
101,2022,284,453,12.8,1.325,22.85,0
101,2022,284,454,12.8,1.353,22.86,0
101,2022,284,455,12.79,1.381,22.85,0
101,2022,284,456,12.8,1.917,22.87,0
101,2022,284,457,12.8,2.03,22.91,0
101,2022,284,458,12.8,2.283,22.92,0
101,2022,284,459,12.8,2.706,22.93,0
101,2022,284,500,12.8,3.157,22.96,0
101,2022,284,501,12.8,3.439,22.97,0
101,2022,284,502,12.8,4.003,22.99,0
101,2022,284,503,12.8,4.256,23.03,0
101,2022,284,504,12.79,4.736,23.05,0
101,2022,284,505,12.8,5.553,23.05,0
101,2022,284,506,12.79,6.23,23.07,0
101,2022,284,507,12.79,6.906,23.09,0
101,2022,284,508,12.79,7.67,23.1,0
101,2022,284,509,12.8,8.54,23.14,0
101,2022,284,510,12.8,9.47,23.14,0
101,2022,284,511,12.8,10.18,23.16,0
101,2022,284,512,12.8,10.88,23.16,0
101,2022,284,513,12.81,11.59,23.2,0
101,2022,284,514,12.81,12.29,23.24,0
101,2022,284,515,12.81,13.02,23.24,0
101,2022,284,516,12.81,13.47,23.24,0
101,2022,284,517,12.81,14.15,23.24,0
101,2022,284,518,12.81,14.8,23.26,0
101,2022,284,519,12.82,15.67,23.28,0
101,2022,284,520,12.82,17.08,23.27,0
101,2022,284,521,12.83,18.75,23.28,0
101,2022,284,522,12.83,20.8,23.32,0
101,2022,284,523,12.84,22.33,23.33,0
101,2022,284,524,12.84,23.48,23.33,0
101,2022,284,525,12.85,25.31,23.36,0
101,2022,284,526,12.86,26.95,23.38,0
101,2022,284,527,12.86,27.46,23.38,0
101,2022,284,528,12.87,27.93,23.4,0
101,2022,284,529,12.87,28.75,23.44,0
101,2022,284,530,12.87,29.77,23.45,0
101,2022,284,531,12.88,30.05,23.46,0
101,2022,284,532,12.88,29.96,23.49,0
101,2022,284,533,12.89,30.05,23.49,0
101,2022,284,534,12.89,30.92,23.49,0
101,2022,284,535,12.9,32.39,23.51,0
101,2022,284,536,12.91,33.88,23.54,0
101,2022,284,537,12.92,34.28,23.56,0
101,2022,284,538,12.95,37.72,23.57,0
101,2022,284,539,12.98,40.17,23.6,0
101,2022,284,540,13.08,46.91,23.62,0
101,2022,284,541,13.2,51.33,23.64,0
101,2022,284,542,13.27,55.19,23.67,0
101,2022,284,543,13.28,64.3,23.71,0
101,2022,284,544,13.28,72.6,23.75,0
101,2022,284,545,13.28,71.9,23.8,0
101,2022,284,546,13.28,65.09,23.84,0
101,2022,284,547,13.28,67.76,23.86,0
101,2022,284,548,13.28,69.4,23.87,0
101,2022,284,549,13.27,68.78,23.89,0
101,2022,284,550,13.27,65.45,23.9,0
101,2022,284,551,13.28,60.92,23.92,0
101,2022,284,552,13.27,57.31,23.92,0
101,2022,284,553,13.28,56.69,23.94,0
101,2022,284,554,13.27,59.53,23.94,0
101,2022,284,555,13.28,63.31,23.94,0
101,2022,284,556,13.27,67.17,23.95,0
101,2022,284,557,13.28,85.7,23.97,0
101,2022,284,558,13.28,147.6,24.02,0
101,2022,284,559,13.28,179.9,24.1,0
101,2022,284,600,13.28,190.8,24.19,0
101,2022,284,601,13.28,194,24.29,0
101,2022,284,602,13.28,191.3,24.4,0
101,2022,284,603,13.27,184.6,24.44,0
101,2022,284,604,13.27,179.2,24.47,0
101,2022,284,605,13.27,175.3,24.54,0
101,2022,284,606,13.27,175.5,24.65,0
101,2022,284,607,13.27,175.1,24.74,0
101,2022,284,608,13.26,175.8,24.81,0
101,2022,284,609,13.26,164.4,24.85,0
101,2022,284,610,13.26,160.1,24.88,0
101,2022,284,611,13.26,141,24.88,0
101,2022,284,612,13.26,182.2,24.93,0
101,2022,284,613,13.26,190.3,25.03,0
101,2022,284,614,13.26,175.1,25.09,0
101,2022,284,615,13.26,222.2,25.11,0
101,2022,284,616,13.25,230.8,25.11,0
101,2022,284,617,13.26,233,25.16,0
101,2022,284,618,13.25,230.8,25.19,0
101,2022,284,619,13.25,231.5,25.19,0
101,2022,284,620,13.25,239.5,25.24,0
101,2022,284,621,13.25,232.2,25.36,0
101,2022,284,622,13.25,265.9,25.41,0
101,2022,284,623,13.25,294.9,25.47,0
101,2022,284,624,13.25,315.4,25.46,0
101,2022,284,625,13.25,336.2,25.54,0
101,2022,284,626,13.24,348.6,25.63,0
101,2022,284,627,13.24,339.9,25.68,0
101,2022,284,628,13.24,316.3,25.71,0
101,2022,284,629,13.24,309.5,25.62,0
101,2022,284,630,13.24,276.4,25.66,0
101,2022,284,631,13.24,211.3,25.72,0
101,2022,284,632,13.24,264.9,25.7,0
101,2022,284,633,13.24,257,25.76,0
101,2022,284,634,13.24,180.6,25.76,0
101,2022,284,635,13.23,180.7,25.67,0
101,2022,284,636,13.24,191.2,25.63,0
101,2022,284,637,13.24,153.6,25.6,0
101,2022,284,638,13.24,126.2,25.59,0
101,2022,284,639,13.23,121.9,25.54,0
101,2022,284,640,13.24,132.2,25.51,0
101,2022,284,641,13.24,142.8,25.45,0
101,2022,284,642,13.24,121.4,25.44,0
101,2022,284,643,13.24,105.6,25.39,0
101,2022,284,644,13.23,92.6,25.35,0
101,2022,284,645,13.24,89.1,25.34,0
101,2022,284,646,13.23,98.6,25.29,0
101,2022,284,647,13.24,120.2,25.25,0
101,2022,284,648,13.24,273.5,25.03,0
101,2022,284,649,13.24,311.8,24.95,0
101,2022,284,650,13.24,345.5,24.95,0
101,2022,284,651,13.24,472.9,25,0
101,2022,284,652,13.24,479.9,25.03,0
101,2022,284,653,13.24,468.9,25.05,0
101,2022,284,654,13.24,446.7,25.13,0
101,2022,284,655,13.24,418.5,25.21,0
101,2022,284,656,13.23,401.9,25.3,0
101,2022,284,657,13.23,392.1,25.33,0
101,2022,284,658,13.23,386.7,25.37,0
101,2022,284,659,13.23,386.8,25.45,0
101,2022,284,700,13.23,394.3,25.42,0
101,2022,284,701,13.23,403.3,25.48,0
101,2022,284,702,13.23,410.4,25.49,0
101,2022,284,703,13.23,419.4,25.57,0
101,2022,284,704,13.22,432,25.65,0
101,2022,284,705,13.22,439.6,25.77,0
101,2022,284,706,13.22,436.8,25.8,0
101,2022,284,707,13.22,441.5,25.92,0
101,2022,284,708,13.22,453.2,25.98,0
101,2022,284,709,13.22,459.4,26.05,0
101,2022,284,710,13.22,460.9,26.03,0
101,2022,284,711,13.22,460.4,26.08,0
101,2022,284,712,13.21,463.1,26.16,0
101,2022,284,713,13.21,467.1,26.26,0
101,2022,284,714,13.21,472.8,26.22,0
101,2022,284,715,13.21,474.8,26.2,0
101,2022,284,716,13.21,476.3,26.26,0
101,2022,284,717,13.21,478.7,26.23,0
101,2022,284,718,13.21,475.4,26.19,0
101,2022,284,719,13.21,473.9,26.24,0
101,2022,284,720,13.21,474.1,26.37,0
101,2022,284,721,13.21,478.5,26.42,0
101,2022,284,722,13.2,480.9,26.42,0
101,2022,284,723,13.2,482.5,26.46,0
101,2022,284,724,13.2,483.5,26.47,0
101,2022,284,725,13.2,488,26.57,0
101,2022,284,726,13.2,494.3,26.66,0
101,2022,284,727,13.2,497.4,26.66,0
101,2022,284,728,13.2,500.4,26.74,0
101,2022,284,729,13.19,506.3,26.7,0
101,2022,284,730,13.19,511.5,26.72,0
101,2022,284,731,13.19,518.1,26.85,0
101,2022,284,732,13.19,520.6,26.8,0
101,2022,284,733,13.19,525.3,26.77,0
101,2022,284,734,13.19,527.2,26.83,0
101,2022,284,735,13.19,529.1,26.84,0
101,2022,284,736,13.19,529.9,26.79,0
101,2022,284,737,13.19,534.9,26.89,0
101,2022,284,738,13.19,538.9,26.85,0
101,2022,284,739,13.19,545.5,26.93,0
101,2022,284,740,13.19,547.2,27.13,0
101,2022,284,741,13.19,552,27.16,0
101,2022,284,742,13.19,560.4,27.14,0
101,2022,284,743,13.19,561.3,27.29,0
101,2022,284,744,13.18,562,27.3,0
101,2022,284,745,13.18,573.2,27.42,0
101,2022,284,746,13.18,579.9,27.3,0
101,2022,284,747,13.18,594.1,27.19,0
101,2022,284,748,13.18,603.8,27.28,0
101,2022,284,749,13.18,612.3,27.41,0
101,2022,284,750,13.18,628.8,27.5,0
101,2022,284,751,13.18,649.3,27.53,0
101,2022,284,752,13.18,652.5,27.4,0
101,2022,284,753,13.18,678.4,27.32,0
101,2022,284,754,13.18,700,27.43,0
101,2022,284,755,13.17,517,27.42,0
101,2022,284,756,13.17,337.7,27.48,0
101,2022,284,757,13.17,645.1,27.29,0
101,2022,284,758,13.17,718,27.07,0
101,2022,284,759,13.17,595.6,27.12,0
101,2022,284,800,13.17,465.3,27.18,0
101,2022,284,801,13.17,359,27.26,0
101,2022,284,802,13.17,267.4,27.35,0
101,2022,284,803,13.17,326.8,27.24,0
101,2022,284,804,13.17,723,27.23,0
101,2022,284,805,13.17,475.1,27.24,0
101,2022,284,806,13.18,785,27.35,0
101,2022,284,807,13.17,776,27.51,0
101,2022,284,808,13.17,784,27.63,0
101,2022,284,809,13.17,781,27.67,0
101,2022,284,810,13.17,760,27.62,0
101,2022,284,811,13.17,665.6,27.7,0
101,2022,284,812,13.17,653.2,27.56,0
101,2022,284,813,13.17,665.2,27.58,0
101,2022,284,814,13.17,376.4,27.43,0
101,2022,284,815,13.17,710,27.27,0
101,2022,284,816,13.17,447.3,27.3,0
101,2022,284,817,13.17,503.1,27.38,0
101,2022,284,818,13.17,304.9,27.46,0
101,2022,284,819,13.17,270.4,27.48,0
101,2022,284,820,13.17,321,27.38,0
101,2022,284,821,13.17,411.2,27.24,0
101,2022,284,822,13.17,675.3,27.19,0
101,2022,284,823,13.17,639.9,27.25,0
101,2022,284,824,13.17,293.3,27.37,0
101,2022,284,825,13.17,352.3,27.28,0
101,2022,284,826,13.17,748,27.3,0
101,2022,284,827,13.17,727,27.31,0
101,2022,284,828,13.17,609.3,27.23,0
101,2022,284,829,13.17,341,27.32,0
101,2022,284,830,13.17,486.4,27.34,0
101,2022,284,831,13.17,323.3,27.3,0
101,2022,284,832,13.17,315.2,27.25,0
101,2022,284,833,13.17,321,27.04,0
101,2022,284,834,13.17,334.8,26.92,0
101,2022,284,835,13.17,354.8,26.98,0
101,2022,284,836,13.17,404.5,27.1,0
101,2022,284,837,13.17,470.1,27.26,0
101,2022,284,838,13.17,430.6,27.29,0
101,2022,284,839,13.17,405.2,27.19,0
101,2022,284,840,13.17,848,27.23,0
101,2022,284,841,13.17,808,27.27,0
101,2022,284,842,13.17,470.6,27.3,0
101,2022,284,843,13.17,426.3,27.31,0
101,2022,284,844,13.17,297.1,27.31,0
101,2022,284,845,13.17,295.3,27.05,0
101,2022,284,846,13.17,282.7,27.06,0
101,2022,284,847,13.17,503.8,26.98,0
101,2022,284,848,13.17,624.3,27.1,0
101,2022,284,849,13.18,714,27.19,0
101,2022,284,850,13.17,413,27.29,0
101,2022,284,851,13.17,380.8,27.28,0
101,2022,284,852,13.17,339.4,27.09,0
101,2022,284,853,13.17,427.8,26.99,0
101,2022,284,854,13.17,810,27.09,0
101,2022,284,855,13.17,942,27.27,0
101,2022,284,856,13.17,613.3,27.42,0
101,2022,284,857,13.17,397.1,27.51,0
101,2022,284,858,13.17,319.5,27.53,0
101,2022,284,859,13.17,311.8,27.46,0
101,2022,284,900,13.17,329.7,27.3,0
101,2022,284,901,13.17,380.6,27.18,0
101,2022,284,902,13.17,462.8,27.13,0
101,2022,284,903,13.17,561.3,27.23,0
101,2022,284,904,13.17,669.4,27.23,0
101,2022,284,905,13.17,764,27.46,0
101,2022,284,906,13.17,858,27.66,0
101,2022,284,907,13.17,925,27.68,0
101,2022,284,908,13.17,551.2,27.61,0
101,2022,284,909,13.17,485.2,27.53,0
101,2022,284,910,13.17,499,27.52,0
101,2022,284,911,13.17,575.9,27.34,0
101,2022,284,912,13.17,787,27.31,0
101,2022,284,913,13.17,755,27.28,0
101,2022,284,914,13.17,872,27.34,0
101,2022,284,915,13.17,720,27.54,0
101,2022,284,916,13.17,734,27.63,0
101,2022,284,917,13.17,704,27.56,0
101,2022,284,918,13.17,761,27.53,0
101,2022,284,919,13.17,598.9,27.55,0
101,2022,284,920,13.17,499.5,27.35,0
101,2022,284,921,13.17,532.6,27.43,0
101,2022,284,922,13.17,676.1,27.61,0
101,2022,284,923,13.17,701,27.68,0
101,2022,284,924,13.17,909,27.7,0
101,2022,284,925,13.17,545.4,27.7,0
101,2022,284,926,13.17,503.2,27.41,0
101,2022,284,927,13.17,386.7,27.25,0
101,2022,284,928,13.17,626.1,27.25,0
101,2022,284,929,13.17,818,27.26,0
101,2022,284,930,13.17,412.3,27.26,0
101,2022,284,931,13.17,382,27.33,0
101,2022,284,932,13.17,425.1,27.36,0
101,2022,284,933,13.17,385.6,27.32,0
101,2022,284,934,13.17,392,27.31,0
101,2022,284,935,13.17,391.5,27.22,0
101,2022,284,936,13.17,381.8,27.35,0
101,2022,284,937,13.17,486.9,27.34,0
101,2022,284,938,13.17,1123,27.38,0
101,2022,284,939,13.17,1158,27.6,0
101,2022,284,940,13.17,745,27.75,0
101,2022,284,941,13.17,1050,27.82,0
101,2022,284,942,13.17,1064,27.69,0
101,2022,284,943,13.17,874,27.56,0
101,2022,284,944,13.17,693.3,27.52,0
101,2022,284,945,13.17,1084,27.39,0
101,2022,284,946,13.17,1026,27.46,0
101,2022,284,947,13.17,903,27.69,0
101,2022,284,948,13.17,648.7,28.09,0
101,2022,284,949,13.17,765,28.28,0
101,2022,284,950,13.17,863,28.06,0
101,2022,284,951,13.17,600.6,27.88,0
101,2022,284,952,13.17,530.3,27.94,0
101,2022,284,953,13.17,619.2,27.87,0
101,2022,284,954,13.16,661.4,27.87,0
101,2022,284,955,13.16,619.1,27.98,0
101,2022,284,956,13.16,582,27.77,0
101,2022,284,957,13.16,498.1,27.66,0
101,2022,284,958,13.16,446.6,27.69,0
101,2022,284,959,13.16,451.4,27.77,0
101,2022,284,1000,13.16,529.3,27.75,0
101,2022,284,1001,13.16,588.3,27.79,0
101,2022,284,1002,13.16,656.4,27.74,0
101,2022,284,1003,13.16,668,27.71,0
101,2022,284,1004,13.16,644.9,27.73,0
101,2022,284,1005,13.16,618.5,27.71,0
101,2022,284,1006,13.16,574.9,27.71,0
101,2022,284,1007,13.17,532.8,27.65,0
101,2022,284,1008,13.16,518.7,27.61,0
101,2022,284,1009,13.16,491.8,27.68,0
101,2022,284,1010,13.16,451.3,27.42,0
101,2022,284,1011,13.16,455.3,27.2,0
101,2022,284,1012,13.16,498.1,27.13,0
101,2022,284,1013,13.16,556.7,27.18,0
101,2022,284,1014,13.16,614.6,27.26,0
101,2022,284,1015,13.16,639.7,27.28,0
101,2022,284,1016,13.16,681.4,27.48,0
101,2022,284,1017,13.16,635,27.54,0
101,2022,284,1018,13.16,613.5,27.52,0
101,2022,284,1019,13.16,564.7,27.38,0
101,2022,284,1020,13.16,508.2,27.31,0
101,2022,284,1021,13.16,515.1,27.27,0
101,2022,284,1022,13.16,571.3,27.24,0
101,2022,284,1023,13.16,633.9,27.28,0
101,2022,284,1024,13.16,725,27.19,0
101,2022,284,1025,13.16,880,27.37,0
101,2022,284,1026,13.16,808,27.57,0
101,2022,284,1027,13.16,727,27.59,0
101,2022,284,1028,13.16,636.1,27.53,0
101,2022,284,1029,13.16,571.6,27.33,0
101,2022,284,1030,13.16,553.8,27.17,0
101,2022,284,1031,13.16,551.4,27.11,0
101,2022,284,1032,13.16,566.1,27.12,0
101,2022,284,1033,13.16,572.2,27.11,0
101,2022,284,1034,13.16,551.5,27.15,0
101,2022,284,1035,13.16,566,27.02,0
101,2022,284,1036,13.16,701,26.92,0
101,2022,284,1037,13.16,914,27.01,0
101,2022,284,1038,13.17,727,27.01,0
101,2022,284,1039,13.16,733,27.12,0
101,2022,284,1040,13.16,597.1,27.11,0
101,2022,284,1041,13.16,648.8,27.11,0
101,2022,284,1042,13.16,800,27.08,0
101,2022,284,1043,13.17,595.5,27.07,0
101,2022,284,1044,13.16,594.4,27.27,0
101,2022,284,1045,13.16,689.8,27.37,0
101,2022,284,1046,13.16,789,27.41,0
101,2022,284,1047,13.17,731,27.41,0
101,2022,284,1048,13.17,678.6,27.4,0
101,2022,284,1049,13.16,687,27.47,0
101,2022,284,1050,13.16,801,27.39,0
101,2022,284,1051,13.16,992,27.64,0
101,2022,284,1052,13.16,782,27.76,0
101,2022,284,1053,13.16,790,27.61,0
101,2022,284,1054,13.16,736,27.78,0
101,2022,284,1055,13.16,744,27.86,0
101,2022,284,1056,13.16,764,27.68,0
101,2022,284,1057,13.16,781,27.37,0
101,2022,284,1058,13.16,643.1,27.42,0
101,2022,284,1059,13.16,585.9,27.48,0
101,2022,284,1100,13.16,651,27.54,0
101,2022,284,1101,13.16,657,27.59,0
101,2022,284,1102,13.16,663.9,27.52,0
101,2022,284,1103,13.16,688.9,27.41,0
101,2022,284,1104,13.16,682.8,27.55,0
101,2022,284,1105,13.17,636.1,27.48,0
101,2022,284,1106,13.16,610.4,27.4,0
101,2022,284,1107,13.16,620.5,27.39,0
101,2022,284,1108,13.16,630.2,27.21,0
101,2022,284,1109,13.16,614.6,27.08,0
101,2022,284,1110,13.16,597.8,27.28,0
101,2022,284,1111,13.16,610.2,27.23,0
101,2022,284,1112,13.16,652.2,27.2,0
101,2022,284,1113,13.16,629.2,27.22,0
101,2022,284,1114,13.16,609.3,27.42,0
101,2022,284,1115,13.16,619.1,27.23,0
101,2022,284,1116,13.16,668.9,26.98,0
101,2022,284,1117,13.16,820,26.79,0
101,2022,284,1118,13.16,765,26.54,0
101,2022,284,1119,13.16,661.8,26.47,0
101,2022,284,1120,13.16,604.1,26.39,0
101,2022,284,1121,13.16,586.4,26.5,0
101,2022,284,1122,13.16,597.2,26.36,0
101,2022,284,1123,13.16,625.6,26.26,0
101,2022,284,1124,13.16,634.3,26.27,0
101,2022,284,1125,13.16,632.6,26.17,0
101,2022,284,1126,13.16,637.2,26.14,0
101,2022,284,1127,13.16,652.7,26.02,0
101,2022,284,1128,13.16,658.5,25.86,0
101,2022,284,1129,13.17,653.5,26.03,0
101,2022,284,1130,13.17,643.3,26.28,0
101,2022,284,1131,13.17,627.3,26.41,0
101,2022,284,1132,13.17,614.9,26.2,0
101,2022,284,1133,13.17,574.9,25.73,0
101,2022,284,1134,13.17,538.5,25.62,0
101,2022,284,1135,13.17,524.6,25.4,0
101,2022,284,1136,13.17,507.1,25.16,0
101,2022,284,1137,13.17,494,25.12,0
101,2022,284,1138,13.17,477.8,25.3,0
101,2022,284,1139,13.17,463,25.52,0
101,2022,284,1140,13.17,454.2,25.6,0
101,2022,284,1141,13.18,450.2,25.63,0
101,2022,284,1142,13.18,450.9,25.73,0
101,2022,284,1143,13.18,458.5,25.66,0
101,2022,284,1144,13.18,466.9,25.69,0
101,2022,284,1145,13.18,482,25.57,0
101,2022,284,1146,13.18,503.5,25.37,0
101,2022,284,1147,13.18,517.2,25.44,0
101,2022,284,1148,13.17,521.8,25.55,0
101,2022,284,1149,13.18,530.5,25.64,0
101,2022,284,1150,13.18,537.8,25.83,0
101,2022,284,1151,13.18,549.2,25.94,0
101,2022,284,1152,13.18,572.7,25.85,0
101,2022,284,1153,13.18,598.5,25.8,0
101,2022,284,1154,13.18,616.1,25.71,0
101,2022,284,1155,13.17,663,25.88,0
101,2022,284,1156,13.17,696.8,25.87,0
101,2022,284,1157,13.18,704,26.14,0
101,2022,284,1158,13.18,688.6,26.17,0
101,2022,284,1159,13.18,677.8,26.09,0
101,2022,284,1200,13.18,684.9,26.23,0
101,2022,284,1201,13.18,711,26.27,0
101,2022,284,1202,13.18,751,26.32,0
101,2022,284,1203,13.18,759,26.38,0
101,2022,284,1204,13.17,731,26.47,0
101,2022,284,1205,13.17,735,26.37,0
101,2022,284,1206,13.17,729,26.53,0
101,2022,284,1207,13.17,718,26.67,0
101,2022,284,1208,13.17,720,26.55,0
101,2022,284,1209,13.17,768,26.48,0
101,2022,284,1210,13.17,737,26.37,0
101,2022,284,1211,13.17,671.5,26.49,0
101,2022,284,1212,13.17,631,26.55,0
101,2022,284,1213,13.17,605.1,26.68,0
101,2022,284,1214,13.17,550.3,26.69,0
101,2022,284,1215,13.17,518.1,26.8,0
101,2022,284,1216,13.17,505.8,26.7,0
101,2022,284,1217,13.17,505,26.82,0
101,2022,284,1218,13.17,510.6,26.78,0
101,2022,284,1219,13.17,515.2,26.8,0
101,2022,284,1220,13.17,516.5,26.92,0
101,2022,284,1221,13.17,518,26.91,0
101,2022,284,1222,13.17,517.8,26.92,0
101,2022,284,1223,13.17,510.3,27.01,0
101,2022,284,1224,13.17,498,26.95,0
101,2022,284,1225,13.17,490.2,26.72,0
101,2022,284,1226,13.17,492,26.74,0
101,2022,284,1227,13.17,506,26.89,0
101,2022,284,1228,13.17,535.6,26.83,0
101,2022,284,1229,13.17,572.8,26.74,0
101,2022,284,1230,13.17,586.3,26.96,0
101,2022,284,1231,13.17,572,27.12,0
101,2022,284,1232,13.17,554.2,27.14,0
101,2022,284,1233,13.17,546.7,27.04,0
101,2022,284,1234,13.17,535,27.28,0
101,2022,284,1235,13.17,514.8,27.28,0
101,2022,284,1236,13.17,493.9,27,0
101,2022,284,1237,13.17,483.5,26.95,0
101,2022,284,1238,13.17,490.3,27.01,0
101,2022,284,1239,13.17,510.5,26.96,0
101,2022,284,1240,13.17,527.2,26.77,0
101,2022,284,1241,13.17,539.1,26.74,0
101,2022,284,1242,13.17,591.6,26.73,0
101,2022,284,1243,13.17,642.7,26.88,0
101,2022,284,1244,13.17,571.1,27.09,0
101,2022,284,1245,13.17,531.4,27.21,0
101,2022,284,1246,13.17,581.1,27.18,0
101,2022,284,1247,13.17,617.3,27.23,0
101,2022,284,1248,13.17,827,27.22,0
101,2022,284,1249,13.17,1173,27.32,0
101,2022,284,1250,13.17,1190,27.46,0
101,2022,284,1251,13.17,1173,27.81,0
101,2022,284,1252,13.17,995,28.03,0
101,2022,284,1253,13.17,826,28.2,0
101,2022,284,1254,13.17,1105,27.97,0
101,2022,284,1255,13.17,666.2,27.95,0
101,2022,284,1256,13.17,903,27.94,0
101,2022,284,1257,13.17,1015,27.82,0
101,2022,284,1258,13.17,1002,27.84,0
101,2022,284,1259,13.17,577.3,27.91,0
101,2022,284,1300,13.17,484.8,27.89,0
101,2022,284,1301,13.17,591,27.76,0
101,2022,284,1302,13.17,975,27.69,0
101,2022,284,1303,13.17,988,27.89,0
101,2022,284,1304,13.17,966,27.95,0
101,2022,284,1305,13.17,805,28.05,0
101,2022,284,1306,13.17,887,27.92,0
101,2022,284,1307,13.17,998,27.95,0
101,2022,284,1308,13.17,1003,28.04,0
101,2022,284,1309,13.17,1015,28.21,0
101,2022,284,1310,13.17,1055,28.21,0
101,2022,284,1311,13.17,1026,28.19,0
101,2022,284,1312,13.17,725,28.13,0
101,2022,284,1313,13.17,575.2,27.99,0
101,2022,284,1314,13.17,1025,28.05,0
101,2022,284,1315,13.17,979,28.21,0
101,2022,284,1316,13.17,581.2,28.31,0
101,2022,284,1317,13.17,708,28.19,0
101,2022,284,1318,13.17,889,28.14,0
101,2022,284,1319,13.17,545.9,28.17,0
101,2022,284,1320,13.17,1026,28.25,0
101,2022,284,1321,13.17,888,28.36,0
101,2022,284,1322,13.17,863,28.56,0
101,2022,284,1323,13.17,835,28.7,0
101,2022,284,1324,13.17,843,28.66,0
101,2022,284,1325,13.17,618.2,28.61,0
101,2022,284,1326,13.17,529.1,28.5,0
101,2022,284,1327,13.17,448.7,28.34,0
101,2022,284,1328,13.17,425.2,28.26,0
101,2022,284,1329,13.17,417.3,28.14,0
101,2022,284,1330,13.16,401.5,28.12,0
101,2022,284,1331,13.17,571.3,28.09,0
101,2022,284,1332,13.16,793,28.22,0
101,2022,284,1333,13.17,421.1,28.09,0
101,2022,284,1334,13.17,324.6,28.05,0
101,2022,284,1335,13.16,348.9,27.99,0
101,2022,284,1336,13.17,324.3,27.92,0
101,2022,284,1337,13.17,333,27.95,0
101,2022,284,1338,13.17,311.3,27.82,0
101,2022,284,1339,13.17,287.9,27.69,0
101,2022,284,1340,13.17,269.2,27.63,0
101,2022,284,1341,13.17,251.2,27.65,0
101,2022,284,1342,13.17,246.8,27.71,0
101,2022,284,1343,13.17,255,27.56,0
101,2022,284,1344,13.17,294.8,27.6,0
101,2022,284,1345,13.17,573.8,27.6,0
101,2022,284,1346,13.17,240.3,27.65,0
101,2022,284,1347,13.17,220.6,27.69,0
101,2022,284,1348,13.17,214.6,27.7,0
101,2022,284,1349,13.17,207.5,27.67,0
101,2022,284,1350,13.17,184.8,27.61,0
101,2022,284,1351,13.17,162.3,27.4,0
101,2022,284,1352,13.17,152,27.43,0
101,2022,284,1353,13.17,154.7,27.46,0
101,2022,284,1354,13.17,167.4,27.39,0
101,2022,284,1355,13.17,183.7,27.28,0
101,2022,284,1356,13.17,198.6,27.22,0
101,2022,284,1357,13.17,200.8,27.23,0
101,2022,284,1358,13.17,196.3,27.26,0
101,2022,284,1359,13.17,189.2,27.31,0
101,2022,284,1400,13.17,185.3,27.34,0
101,2022,284,1401,13.18,184,27.34,0
101,2022,284,1402,13.18,187.6,27.27,0
101,2022,284,1403,13.18,194,27.08,0
101,2022,284,1404,13.17,198.1,27.09,0
101,2022,284,1405,13.18,202.1,27.07,0
101,2022,284,1406,13.18,211.5,27.08,0
101,2022,284,1407,13.18,244.2,27.14,0
101,2022,284,1408,13.18,295.2,27.2,0
101,2022,284,1409,13.18,347.5,27.29,0
101,2022,284,1410,13.17,332.9,27.31,0
101,2022,284,1411,13.18,340,27.23,0
101,2022,284,1412,13.18,350.8,27.14,0
101,2022,284,1413,13.18,355.4,27.07,0
101,2022,284,1414,13.18,338,27.11,0
101,2022,284,1415,13.18,312.2,27.1,0
101,2022,284,1416,13.18,287.4,27.21,0
101,2022,284,1417,13.18,270,27.34,0
101,2022,284,1418,13.18,251.5,27.38,0
101,2022,284,1419,13.18,235.7,27.27,0
101,2022,284,1420,13.18,222,27.3,0
101,2022,284,1421,13.18,218,27.28,0
101,2022,284,1422,13.18,227.7,27.19,0
101,2022,284,1423,13.18,225.9,27.1,0
101,2022,284,1424,13.18,243.3,27.07,0
101,2022,284,1425,13.18,255.5,27.05,0
101,2022,284,1426,13.18,266.8,27.03,0
101,2022,284,1427,13.18,261.8,27.05,0
101,2022,284,1428,13.18,249.3,27.04,0
101,2022,284,1429,13.18,247.3,26.98,0
101,2022,284,1430,13.18,248.9,27.03,0
101,2022,284,1431,13.18,252,26.93,0
101,2022,284,1432,13.18,253.1,26.87,0
101,2022,284,1433,13.18,259.1,26.91,0
101,2022,284,1434,13.18,263.1,27.01,0
101,2022,284,1435,13.18,256.1,27,0
101,2022,284,1436,13.18,247.8,26.91,0
101,2022,284,1437,13.18,255.8,27,0
101,2022,284,1438,13.18,274.4,27.09,0
101,2022,284,1439,13.18,294.2,26.96,0
101,2022,284,1440,13.18,310,26.92,0
101,2022,284,1441,13.18,275.8,27.06,0
101,2022,284,1442,13.18,255.9,26.96,0
101,2022,284,1443,13.18,247.1,26.93,0
101,2022,284,1444,13.17,255.5,26.92,0
101,2022,284,1445,13.18,256,26.82,0
101,2022,284,1446,13.18,272.1,26.74,0
101,2022,284,1447,13.18,340,26.78,0
101,2022,284,1448,13.18,336.3,26.68,0
101,2022,284,1449,13.18,304.3,26.81,0
101,2022,284,1450,13.18,301,26.88,0
101,2022,284,1451,13.18,301.9,26.79,0
101,2022,284,1452,13.18,303.2,26.75,0
101,2022,284,1453,13.18,271.4,26.64,0
101,2022,284,1454,13.18,269.8,26.66,0
101,2022,284,1455,13.18,239.8,26.7,0
101,2022,284,1456,13.18,230.3,26.66,0
101,2022,284,1457,13.18,221.7,26.69,0
101,2022,284,1458,13.18,236.4,26.62,0
101,2022,284,1459,13.18,218.8,26.5,0
101,2022,284,1500,13.18,215.6,26.49,0
101,2022,284,1501,13.18,217.7,26.53,0
101,2022,284,1502,13.18,250.2,26.5,0
101,2022,284,1503,13.18,296.2,26.45,0
101,2022,284,1504,13.18,274.2,26.48,0
101,2022,284,1505,13.18,262.2,26.46,0
101,2022,284,1506,13.18,328.1,26.51,0
101,2022,284,1507,13.19,294.4,26.48,0
101,2022,284,1508,13.18,317.9,26.52,0
101,2022,284,1509,13.19,562.8,26.52,0
101,2022,284,1510,13.18,454.5,26.58,0
101,2022,284,1511,13.19,466.4,26.6,0
101,2022,284,1512,13.18,574,26.67,0
101,2022,284,1513,13.19,473.6,26.72,0
101,2022,284,1514,13.18,401.6,26.76,0
101,2022,284,1515,13.19,487.8,26.86,0
101,2022,284,1516,13.18,464.9,26.69,0
101,2022,284,1517,13.18,261.2,26.06,0
101,2022,284,1518,13.18,197.2,25.79,0
101,2022,284,1519,13.19,115.1,25.41,0
101,2022,284,1520,13.18,85.8,25,0
101,2022,284,1521,13.18,68.88,24.78,0
101,2022,284,1522,13.19,60.57,24.68,0
101,2022,284,1523,13.19,61.5,24.49,0
101,2022,284,1524,13.19,65.27,24.28,0
101,2022,284,1525,13.19,71.2,24.18,0
101,2022,284,1526,13.19,79.8,24.09,0
101,2022,284,1527,13.2,85.1,24.01,0
101,2022,284,1528,13.2,84.2,23.92,0
101,2022,284,1529,13.2,85.9,23.82,0
101,2022,284,1530,13.2,85.1,23.78,0
101,2022,284,1531,13.2,83.6,23.79,0
101,2022,284,1532,13.2,82.3,23.75,0
101,2022,284,1533,13.2,82.1,23.72,0
101,2022,284,1534,13.2,81.4,23.67,0
101,2022,284,1535,13.2,80.8,23.61,0
101,2022,284,1536,13.21,82.7,23.6,0
101,2022,284,1537,13.21,83.4,23.52,0
101,2022,284,1538,13.21,83.7,23.47,0
101,2022,284,1539,13.21,84.7,23.46,0
101,2022,284,1540,13.21,85.6,23.46,0
101,2022,284,1541,13.21,87.1,23.45,0
101,2022,284,1542,13.21,90.3,23.47,0
101,2022,284,1543,13.22,94.7,23.48,0
101,2022,284,1544,13.21,99.4,23.49,0
101,2022,284,1545,13.22,104.6,23.52,0
101,2022,284,1546,13.22,112.9,23.54,0
101,2022,284,1547,13.22,119.8,23.57,0
101,2022,284,1548,13.22,118.8,23.58,0
101,2022,284,1549,13.22,117.4,23.61,0
101,2022,284,1550,13.22,119.4,23.65,0
101,2022,284,1551,13.22,121.1,23.67,0
101,2022,284,1552,13.22,122.3,23.74,0
101,2022,284,1553,13.22,123.1,23.77,0
101,2022,284,1554,13.22,123.6,23.8,0
101,2022,284,1555,13.22,123.7,23.84,0
101,2022,284,1556,13.22,122.9,23.88,0
101,2022,284,1557,13.22,121.5,23.91,0
101,2022,284,1558,13.22,119.8,23.96,0
101,2022,284,1559,13.23,117.7,23.98,0
101,2022,284,1600,13.22,115.9,24.01,0
101,2022,284,1601,13.22,114.8,24.03,0
101,2022,284,1602,13.22,114,24.06,0
101,2022,284,1603,13.22,113.9,24.09,0
101,2022,284,1604,13.22,115.4,24.11,0
101,2022,284,1605,13.22,122.1,24.13,0
101,2022,284,1606,13.22,122.9,24.16,0
101,2022,284,1607,13.23,135.5,24.19,0
101,2022,284,1608,13.22,172.9,24.23,0
101,2022,284,1609,13.22,123,24.26,0
101,2022,284,1610,13.22,122.7,24.28,0
101,2022,284,1611,13.23,114.2,24.3,0
101,2022,284,1612,13.23,112.5,24.31,0
101,2022,284,1613,13.23,113.7,24.31,0
101,2022,284,1614,13.22,111.1,24.32,0
101,2022,284,1615,13.23,118.2,24.33,0
101,2022,284,1616,13.23,126.2,24.35,0
101,2022,284,1617,13.23,137.1,24.38,0
101,2022,284,1618,13.23,130.4,24.41,0
101,2022,284,1619,13.23,114.5,24.43,0
101,2022,284,1620,13.23,111.4,24.46,0
101,2022,284,1621,13.23,127.6,24.5,0
101,2022,284,1622,13.23,165.4,24.53,0
101,2022,284,1623,13.23,166.4,24.58,0
101,2022,284,1624,13.23,151.2,24.62,0
101,2022,284,1625,13.23,138,24.66,0
101,2022,284,1626,13.23,151.6,24.67,0
101,2022,284,1627,13.23,154.8,24.68,0
101,2022,284,1628,13.23,130.4,24.71,0
101,2022,284,1629,13.23,141.7,24.75,0
101,2022,284,1630,13.23,140.1,24.77,0
101,2022,284,1631,13.23,101.7,24.78,0
101,2022,284,1632,13.23,90.7,24.8,0
101,2022,284,1633,13.23,109.5,24.81,0
101,2022,284,1634,13.23,131.3,24.81,0
101,2022,284,1635,13.23,132.2,24.8,0
101,2022,284,1636,13.23,137.9,24.8,0
101,2022,284,1637,13.23,135.8,24.81,0
101,2022,284,1638,13.23,119.8,24.81,0
101,2022,284,1639,13.23,123.1,24.81,0
101,2022,284,1640,13.23,130.1,24.81,0
101,2022,284,1641,13.23,121.6,24.83,0
101,2022,284,1642,13.23,116.2,24.82,0
101,2022,284,1643,13.23,111.5,24.83,0
101,2022,284,1644,13.23,99.8,24.83,0
101,2022,284,1645,13.23,89.4,24.84,0
101,2022,284,1646,13.23,88.9,24.84,0
101,2022,284,1647,13.23,81.2,24.82,0
101,2022,284,1648,13.23,71.4,24.82,0
101,2022,284,1649,13.23,57.66,24.84,0
101,2022,284,1650,13.22,54.22,24.84,0
101,2022,284,1651,13.21,41.54,24.83,0
101,2022,284,1652,13.2,41.59,24.79,0
101,2022,284,1653,13.2,42.04,24.77,0
101,2022,284,1654,13.2,53.26,24.77,0
101,2022,284,1655,13.19,47.6,24.75,0
101,2022,284,1656,13.18,40.27,24.73,0
101,2022,284,1657,13.17,36.58,24.72,0
101,2022,284,1658,13.16,43.99,24.72,0
101,2022,284,1659,13.16,43.85,24.7,0
101,2022,284,1700,13.14,33.76,24.69,0
101,2022,284,1701,13.13,29.5,24.67,0
101,2022,284,1702,13.11,27.5,24.66,0
101,2022,284,1703,13.1,23.16,24.67,0
101,2022,284,1704,13.09,21.42,24.7,0
101,2022,284,1705,13.09,19.44,24.72,0
101,2022,284,1706,13.08,17.92,24.69,0
101,2022,284,1707,13.07,16.18,24.68,0
101,2022,284,1708,13.06,14.65,24.66,0
101,2022,284,1709,13.06,13.5,24.62,0
101,2022,284,1710,13.05,12.82,24.58,0
101,2022,284,1711,13.05,11.89,24.55,0
101,2022,284,1712,13.04,10.4,24.54,0
101,2022,284,1713,13.03,9.1,24.54,0
101,2022,284,1714,13.03,8.23,24.51,0
101,2022,284,1715,13.02,7.38,24.49,0
101,2022,284,1716,13.02,6.594,24.46,0
101,2022,284,1717,13.02,5.918,24.42,0
101,2022,284,1718,13.01,5.27,24.38,0
101,2022,284,1719,13.01,4.678,24.36,0
101,2022,284,1720,13,4.227,24.35,0
101,2022,284,1721,13,4.058,24.34,0
101,2022,284,1722,13,3.494,24.3,0
101,2022,284,1723,12.99,3.1,24.28,0
101,2022,284,1724,12.99,2.705,24.27,0
101,2022,284,1725,12.99,2.395,24.25,0
101,2022,284,1726,12.98,2.029,24.25,0
101,2022,284,1727,12.98,1.944,24.22,0
101,2022,284,1728,12.98,1.55,24.21,0
101,2022,284,1729,12.97,1.353,24.22,0
101,2022,284,1730,12.97,1.353,24.19,0
101,2022,284,1731,12.97,1.184,24.18,0
101,2022,284,1732,12.96,.817,24.19,0
101,2022,284,1733,12.96,.676,24.19,0
101,2022,284,1734,12.96,.676,24.22,0
101,2022,284,1735,12.96,.535,24.19,0
101,2022,284,1736,12.96,.395,24.16,0
101,2022,284,1737,12.95,.169,24.14,0
101,2022,284,1738,12.95,0,24.12,0
101,2022,284,1739,12.95,0,24.12,0
101,2022,284,1740,12.95,0,24.12,0
101,2022,284,1741,12.94,0,24.12,0
101,2022,284,1742,12.94,0,24.1,0
101,2022,284,1743,12.94,0,24.08,0
101,2022,284,1744,12.94,0,24.07,0
101,2022,284,1745,12.94,0,24.06,0
101,2022,284,1746,12.94,0,24.06,0
101,2022,284,1747,12.93,0,24.06,0
101,2022,284,1748,12.93,0,24.04,0
101,2022,284,1749,12.93,0,24.05,0
101,2022,284,1750,12.93,0,24.06,0
101,2022,284,1751,12.93,0,24.04,0
101,2022,284,1752,12.93,0,24.04,0
101,2022,284,1753,12.92,0,24.03,0
101,2022,284,1754,12.92,0,24,0
101,2022,284,1755,12.92,0,24.01,0
101,2022,284,1756,12.92,0,24.01,0
101,2022,284,1757,12.92,0,23.99,0
101,2022,284,1758,12.92,0,23.97,0
101,2022,284,1759,12.92,0,23.95,0
101,2022,284,1800,12.92,0,23.95,0
101,2022,284,1801,12.91,0,23.93,0
101,2022,284,1802,12.91,0,23.91,0
101,2022,284,1803,12.91,0,23.9,0
101,2022,284,1804,12.91,0,23.88,0
101,2022,284,1805,12.91,0,23.86,0
101,2022,284,1806,12.91,0,23.82,0
101,2022,284,1807,12.91,0,23.8,0
101,2022,284,1808,12.91,0,23.78,0
101,2022,284,1809,12.9,0,23.75,0
101,2022,284,1810,12.9,0,23.73,0
101,2022,284,1811,12.9,0,23.71,0
101,2022,284,1812,12.9,0,23.71,0
101,2022,284,1813,12.91,0,23.71,0
101,2022,284,1814,12.9,0,23.72,0
101,2022,284,1815,12.9,0,23.71,0
101,2022,284,1816,12.9,0,23.71,0
101,2022,284,1817,12.9,0,23.69,0
101,2022,284,1818,12.9,0,23.67,0
101,2022,284,1819,12.9,0,23.68,0
101,2022,284,1820,12.9,0,23.67,0
101,2022,284,1821,12.89,0,23.66,0
101,2022,284,1822,12.89,0,23.69,0
101,2022,284,1823,12.89,0,23.68,0
101,2022,284,1824,12.89,0,23.7,0
101,2022,284,1825,12.89,0,23.72,0
101,2022,284,1826,12.89,0,23.74,0
101,2022,284,1827,12.89,0,23.75,0
101,2022,284,1828,12.89,0,23.74,0
101,2022,284,1829,12.89,0,23.71,0
101,2022,284,1830,12.89,0,23.69,0
101,2022,284,1831,12.89,0,23.67,0
101,2022,284,1832,12.89,0,23.69,0
101,2022,284,1833,12.89,0,23.68,0
101,2022,284,1834,12.89,0,23.68,0
101,2022,284,1835,12.89,0,23.65,0
101,2022,284,1836,12.89,0,23.63,0
101,2022,284,1837,12.89,0,23.6,0
101,2022,284,1838,12.88,0,23.58,0
101,2022,284,1839,12.89,0,23.56,0
101,2022,284,1840,12.89,0,23.53,0
101,2022,284,1841,12.88,0,23.51,0
101,2022,284,1842,12.88,0,23.5,0
101,2022,284,1843,12.88,0,23.49,0
101,2022,284,1844,12.88,0,23.47,0
101,2022,284,1845,12.88,0,23.46,0
101,2022,284,1846,12.88,0,23.45,0
101,2022,284,1847,12.88,0,23.48,0
101,2022,284,1848,12.88,0,23.52,0
101,2022,284,1849,12.88,0,23.52,0
101,2022,284,1850,12.88,0,23.52,0
101,2022,284,1851,12.88,0,23.5,0
101,2022,284,1852,12.87,0,23.49,0
101,2022,284,1853,12.87,0,23.49,0
101,2022,284,1854,12.87,0,23.47,0
101,2022,284,1855,12.87,0,23.46,0
101,2022,284,1856,12.87,0,23.44,0
101,2022,284,1857,12.87,0,23.41,0
101,2022,284,1858,12.87,0,23.42,0
101,2022,284,1859,12.87,0,23.4,0
101,2022,284,1900,12.87,0,23.37,0
101,2022,284,1901,12.87,0,23.34,0
101,2022,284,1902,12.87,0,23.32,0
101,2022,284,1903,12.87,0,23.33,0
101,2022,284,1904,12.86,0,23.37,0
101,2022,284,1905,12.87,0,23.39,0
101,2022,284,1906,12.87,0,23.38,0
101,2022,284,1907,12.87,0,23.35,0
101,2022,284,1908,12.87,0,23.32,0
101,2022,284,1909,12.87,0,23.33,0
101,2022,284,1910,12.87,0,23.31,0
101,2022,284,1911,12.86,0,23.31,0
101,2022,284,1912,12.86,0,23.28,0
101,2022,284,1913,12.86,0,23.24,0
101,2022,284,1914,12.87,0,23.22,0
101,2022,284,1915,12.86,0,23.2,0
101,2022,284,1916,12.86,0,23.18,0
101,2022,284,1917,12.86,0,23.13,0
101,2022,284,1918,12.86,0,23.09,0
101,2022,284,1919,12.86,0,23.06,0
101,2022,284,1920,12.86,0,23.03,0
101,2022,284,1921,12.86,0,23.01,0
101,2022,284,1922,12.86,0,22.97,0
101,2022,284,1923,12.86,0,22.94,0
101,2022,284,1924,12.86,0,22.91,0
101,2022,284,1925,12.86,0,22.88,0
101,2022,284,1926,12.86,0,22.85,0
101,2022,284,1927,12.86,0,22.83,0
101,2022,284,1928,12.86,0,22.8,0
101,2022,284,1929,12.86,0,22.79,0
101,2022,284,1930,12.86,0,22.75,0
101,2022,284,1931,12.86,0,22.76,0
101,2022,284,1932,12.86,0,22.8,0
101,2022,284,1933,12.86,0,22.8,0
101,2022,284,1934,12.86,0,22.8,0
101,2022,284,1935,12.86,0,22.8,0
101,2022,284,1936,12.85,0,22.81,0
101,2022,284,1937,12.85,0,22.81,0
101,2022,284,1938,12.85,0,22.79,0
101,2022,284,1939,12.85,0,22.77,0
101,2022,284,1940,12.85,0,22.75,0
101,2022,284,1941,12.85,0,22.75,0
101,2022,284,1942,12.85,0,22.78,0
101,2022,284,1943,12.85,0,22.81,0
101,2022,284,1944,12.85,0,22.88,0
101,2022,284,1945,12.85,0,22.94,0
101,2022,284,1946,12.85,0,23.01,0
101,2022,284,1947,12.85,0,23.07,0
101,2022,284,1948,12.85,0,23.09,0
101,2022,284,1949,12.85,0,23.12,0
101,2022,284,1950,12.85,0,23.1,0
101,2022,284,1951,12.85,0,23.06,0
101,2022,284,1952,12.85,0,23.06,0
101,2022,284,1953,12.85,0,23.09,0
101,2022,284,1954,12.85,0,23.11,0
101,2022,284,1955,12.85,0,23.12,0
101,2022,284,1956,12.85,0,23.12,0
101,2022,284,1957,12.85,0,23.15,0
101,2022,284,1958,12.85,0,23.16,0
101,2022,284,1959,12.85,0,23.13,0
101,2022,284,2000,12.84,0,23.11,0
101,2022,284,2001,12.84,0,23.11,0
101,2022,284,2002,12.84,0,23.11,0
101,2022,284,2003,12.85,0,23.09,0
101,2022,284,2004,12.84,0,23.06,0
101,2022,284,2005,12.85,0,23.04,0
101,2022,284,2006,12.84,0,23.01,0
101,2022,284,2007,12.84,0,22.97,0
101,2022,284,2008,12.84,0,22.98,0
101,2022,284,2009,12.84,0,23.01,0
101,2022,284,2010,12.84,0,23.02,0
101,2022,284,2011,12.84,0,23.01,0
101,2022,284,2012,12.84,0,23.02,0
101,2022,284,2013,12.84,0,23.04,0
101,2022,284,2014,12.84,0,23.05,0
101,2022,284,2015,12.84,0,23.02,0
101,2022,284,2016,12.84,0,23.02,0
101,2022,284,2017,12.84,0,23.03,0
101,2022,284,2018,12.84,0,23.04,0
101,2022,284,2019,12.84,0,23.03,0
101,2022,284,2020,12.84,0,23.04,0
101,2022,284,2021,12.84,0,23.04,0
101,2022,284,2022,12.84,0,23.06,0
101,2022,284,2023,12.84,0,23.05,0
101,2022,284,2024,12.84,0,23.07,0
101,2022,284,2025,12.84,0,23.08,0
101,2022,284,2026,12.84,0,23.08,0
101,2022,284,2027,12.84,0,23.11,0
101,2022,284,2028,12.84,0,23.12,0
101,2022,284,2029,12.84,0,23.11,0
101,2022,284,2030,12.84,0,23.09,0
101,2022,284,2031,12.84,0,23.07,0
101,2022,284,2032,12.84,0,23.06,0
101,2022,284,2033,12.84,0,23.05,0
101,2022,284,2034,12.84,0,23.04,0
101,2022,284,2035,12.84,0,23.02,0
101,2022,284,2036,12.84,0,23.01,0
101,2022,284,2037,12.84,0,22.98,0
101,2022,284,2038,12.84,0,22.96,0
101,2022,284,2039,12.84,0,22.95,0
101,2022,284,2040,12.84,0,22.93,0
101,2022,284,2041,12.83,0,22.94,0
101,2022,284,2042,12.83,0,22.95,0
101,2022,284,2043,12.84,0,22.95,0
101,2022,284,2044,12.83,0,22.94,0
101,2022,284,2045,12.83,0,22.94,0
101,2022,284,2046,12.83,0,22.94,0
101,2022,284,2047,12.83,0,22.96,0
101,2022,284,2048,12.83,0,22.99,0
101,2022,284,2049,12.83,0,23.03,0
101,2022,284,2050,12.83,0,23.01,0
101,2022,284,2051,12.83,0,22.96,0
101,2022,284,2052,12.83,0,22.91,0
101,2022,284,2053,12.83,0,22.81,0
101,2022,284,2054,12.83,0,22.72,0
101,2022,284,2055,12.83,0,22.67,0
101,2022,284,2056,12.83,0,22.62,0
101,2022,284,2057,12.83,0,22.59,0
101,2022,284,2058,12.83,0,22.55,0
101,2022,284,2059,12.83,0,22.54,0
101,2022,284,2100,12.83,0,22.5,0
101,2022,284,2101,12.83,0,22.46,0
101,2022,284,2102,12.83,0,22.42,0
101,2022,284,2103,12.83,0,22.41,0
101,2022,284,2104,12.83,0,22.41,0
101,2022,284,2105,12.83,0,22.41,0
101,2022,284,2106,12.83,0,22.41,0
101,2022,284,2107,12.83,0,22.44,0
101,2022,284,2108,12.83,0,22.5,0
101,2022,284,2109,12.83,0,22.55,0
101,2022,284,2110,12.83,0,22.66,0
101,2022,284,2111,12.83,0,22.7,0
101,2022,284,2112,12.83,0,22.72,0
101,2022,284,2113,12.83,0,22.74,0
101,2022,284,2114,12.83,0,22.74,0
101,2022,284,2115,12.83,0,22.74,0
101,2022,284,2116,12.83,0,22.73,0
101,2022,284,2117,12.83,0,22.74,0
101,2022,284,2118,12.83,0,22.74,0
101,2022,284,2119,12.83,0,22.75,0
101,2022,284,2120,12.83,0,22.73,0
101,2022,284,2121,12.83,0,22.73,0
101,2022,284,2122,12.83,0,22.73,0
101,2022,284,2123,12.82,0,22.73,0
101,2022,284,2124,12.83,0,22.72,0
101,2022,284,2125,12.83,0,22.7,0
101,2022,284,2126,12.83,0,22.7,0
101,2022,284,2127,12.83,0,22.7,0
101,2022,284,2128,12.82,0,22.69,0
101,2022,284,2129,12.83,0,22.68,0
101,2022,284,2130,12.83,0,22.68,0
101,2022,284,2131,12.83,0,22.68,0
101,2022,284,2132,12.82,0,22.68,0
101,2022,284,2133,12.83,0,22.68,0
101,2022,284,2134,12.83,0,22.68,0
101,2022,284,2135,12.83,0,22.67,0
101,2022,284,2136,12.83,0,22.65,0
101,2022,284,2137,12.83,0,22.64,0
101,2022,284,2138,12.83,0,22.63,0
101,2022,284,2139,12.83,0,22.63,0
101,2022,284,2140,12.83,0,22.63,0
101,2022,284,2141,12.83,0,22.63,0
101,2022,284,2142,12.83,0,22.63,0
101,2022,284,2143,12.82,0,22.63,0
101,2022,284,2144,12.82,0,22.63,0
101,2022,284,2145,12.82,0,22.64,0
101,2022,284,2146,12.82,0,22.64,0
101,2022,284,2147,12.82,0,22.68,0
101,2022,284,2148,12.82,0,22.68,0
101,2022,284,2149,12.82,0,22.68,0
101,2022,284,2150,12.82,0,22.67,0
101,2022,284,2151,12.82,0,22.68,0
101,2022,284,2152,12.82,0,22.71,0
101,2022,284,2153,12.82,0,22.77,0
101,2022,284,2154,12.82,0,22.79,0
101,2022,284,2155,12.82,0,22.81,0
101,2022,284,2156,12.82,0,22.8,0
101,2022,284,2157,12.82,0,22.81,0
101,2022,284,2158,12.82,0,22.8,0
101,2022,284,2159,12.82,0,22.78,0
101,2022,284,2200,12.82,0,22.78,0
101,2022,284,2201,12.82,0,22.77,0
101,2022,284,2202,12.82,0,22.75,0
101,2022,284,2203,12.82,0,22.75,0
101,2022,284,2204,12.82,0,22.74,0
101,2022,284,2205,12.82,0,22.73,0
101,2022,284,2206,12.82,0,22.75,0
101,2022,284,2207,12.82,0,22.75,0
101,2022,284,2208,12.82,0,22.75,0
101,2022,284,2209,12.82,0,22.76,0
101,2022,284,2210,12.82,0,22.75,0
101,2022,284,2211,12.82,0,22.75,0
101,2022,284,2212,12.82,0,22.75,0
101,2022,284,2213,12.82,0,22.76,0
101,2022,284,2214,12.82,0,22.84,0
101,2022,284,2215,12.82,0,22.85,0
101,2022,284,2216,12.82,0,22.85,0
101,2022,284,2217,12.82,0,22.84,0
101,2022,284,2218,12.82,0,22.88,0
101,2022,284,2219,12.82,0,22.91,0
101,2022,284,2220,12.82,0,22.94,0
101,2022,284,2221,12.82,0,22.92,0
101,2022,284,2222,12.82,0,22.89,0
101,2022,284,2223,12.82,0,22.9,0
101,2022,284,2224,12.82,0,22.93,0
101,2022,284,2225,12.82,0,22.95,0
101,2022,284,2226,12.82,0,22.94,0
101,2022,284,2227,12.82,0,22.94,0
101,2022,284,2228,12.82,0,22.93,0
101,2022,284,2229,12.82,0,22.91,0
101,2022,284,2230,12.82,0,22.92,0
101,2022,284,2231,12.82,0,22.91,0
101,2022,284,2232,12.82,0,22.92,0
101,2022,284,2233,12.82,0,22.89,0
101,2022,284,2234,12.82,0,22.88,0
101,2022,284,2235,12.82,0,22.87,0
101,2022,284,2236,12.81,0,22.85,0
101,2022,284,2237,12.81,0,22.83,0
101,2022,284,2238,12.81,0,22.83,0
101,2022,284,2239,12.81,0,22.85,0
101,2022,284,2240,12.81,0,22.83,0
101,2022,284,2241,12.81,0,22.82,0
101,2022,284,2242,12.81,0,22.82,0
101,2022,284,2243,12.81,0,22.8,0
101,2022,284,2244,12.81,0,22.76,0
101,2022,284,2245,12.81,0,22.74,0
101,2022,284,2246,12.81,0,22.74,0
101,2022,284,2247,12.81,0,22.75,0
101,2022,284,2248,12.82,0,22.77,0
101,2022,284,2249,12.81,0,22.76,0
101,2022,284,2250,12.81,0,22.75,0
101,2022,284,2251,12.81,0,22.75,0
101,2022,284,2252,12.81,0,22.72,0
101,2022,284,2253,12.81,0,22.7,0
101,2022,284,2254,12.81,0,22.67,0
101,2022,284,2255,12.81,0,22.66,0
101,2022,284,2256,12.81,0,22.65,0
101,2022,284,2257,12.81,0,22.65,0
101,2022,284,2258,12.81,0,22.63,0
101,2022,284,2259,12.81,0,22.62,0
101,2022,284,2300,12.81,0,22.59,0
101,2022,284,2301,12.81,0,22.57,0
101,2022,284,2302,12.81,0,22.55,0
101,2022,284,2303,12.81,0,22.53,0
101,2022,284,2304,12.81,0,22.52,0
101,2022,284,2305,12.81,0,22.52,0
101,2022,284,2306,12.81,0,22.5,0
101,2022,284,2307,12.81,0,22.49,0
101,2022,284,2308,12.81,0,22.49,0
101,2022,284,2309,12.81,0,22.48,0
101,2022,284,2310,12.81,0,22.49,0
101,2022,284,2311,12.81,0,22.48,0
101,2022,284,2312,12.81,0,22.47,0
101,2022,284,2313,12.81,0,22.47,0
101,2022,284,2314,12.81,0,22.46,0
101,2022,284,2315,12.81,0,22.45,0
101,2022,284,2316,12.81,0,22.41,0
101,2022,284,2317,12.81,0,22.39,0
101,2022,284,2318,12.81,0,22.38,0
101,2022,284,2319,12.81,0,22.37,0
101,2022,284,2320,12.81,0,22.36,0
101,2022,284,2321,12.81,0,22.34,0
101,2022,284,2322,12.81,0,22.33,0
101,2022,284,2323,12.81,0,22.31,0
101,2022,284,2324,12.81,0,22.29,0
101,2022,284,2325,12.81,0,22.28,0
101,2022,284,2326,12.81,0,22.28,0
101,2022,284,2327,12.81,0,22.28,0
101,2022,284,2328,12.81,0,22.29,0
101,2022,284,2329,12.81,0,22.3,0
101,2022,284,2330,12.81,0,22.34,0
101,2022,284,2331,12.81,0,22.32,0
101,2022,284,2332,12.8,0,22.33,0
101,2022,284,2333,12.81,0,22.31,0
101,2022,284,2334,12.81,0,22.29,0
101,2022,284,2335,12.81,0,22.31,0
101,2022,284,2336,12.81,0,22.31,0
101,2022,284,2337,12.81,0,22.32,0
101,2022,284,2338,12.81,0,22.35,0
101,2022,284,2339,12.81,0,22.36,0
101,2022,284,2340,12.81,0,22.34,0
101,2022,284,2341,12.81,0,22.34,0
101,2022,284,2342,12.8,0,22.37,0
101,2022,284,2343,12.81,0,22.4,0
101,2022,284,2344,12.81,0,22.4,0
101,2022,284,2345,12.81,0,22.39,0
101,2022,284,2346,12.81,0,22.44,0
101,2022,284,2347,12.81,0,22.45,0
101,2022,284,2348,12.81,0,22.46,0
101,2022,284,2349,12.8,0,22.49,0
101,2022,284,2350,12.81,0,22.49,0
101,2022,284,2351,12.81,0,22.48,0
101,2022,284,2352,12.81,0,22.48,0
101,2022,284,2353,12.81,0,22.47,0
101,2022,284,2354,12.81,0,22.45,0
101,2022,284,2355,12.81,0,22.47,0
101,2022,284,2356,12.81,0,22.48,0
101,2022,284,2357,12.81,0,22.46,0
101,2022,284,2358,12.81,0,22.45,0
101,2022,284,2359,12.81,0,22.46,0
