a,b,dia_juliano,d,e,f,g,h
101,2022,281,2400,12.79,0,21.68,0
101,2022,281,1,12.79,0,21.68,0
101,2022,281,2,12.79,0,21.67,0
101,2022,281,3,12.79,0,21.66,0
101,2022,281,4,12.79,0,21.63,0
101,2022,281,5,12.79,0,21.61,0
101,2022,281,6,12.79,0,21.61,0
101,2022,281,7,12.79,0,21.6,0
101,2022,281,8,12.79,0,21.61,0
101,2022,281,9,12.79,0,21.67,0
101,2022,281,10,12.79,0,21.71,0
101,2022,281,11,12.79,0,21.7,0
101,2022,281,12,12.79,0,21.68,0
101,2022,281,13,12.79,0,21.67,0
101,2022,281,14,12.79,0,21.66,0
101,2022,281,15,12.79,0,21.66,0
101,2022,281,16,12.79,0,21.67,0
101,2022,281,17,12.79,0,21.68,0
101,2022,281,18,12.79,0,21.66,0
101,2022,281,19,12.79,0,21.66,0
101,2022,281,20,12.79,0,21.66,0
101,2022,281,21,12.79,0,21.64,0
101,2022,281,22,12.79,0,21.63,0
101,2022,281,23,12.79,0,21.63,0
101,2022,281,24,12.79,0,21.61,0
101,2022,281,25,12.79,0,21.57,0
101,2022,281,26,12.79,0,21.55,0
101,2022,281,27,12.79,0,21.54,0
101,2022,281,28,12.79,0,21.56,0
101,2022,281,29,12.79,0,21.58,0
101,2022,281,30,12.79,0,21.53,0
101,2022,281,31,12.79,0,21.48,0
101,2022,281,32,12.79,.028,21.41,0
101,2022,281,33,12.79,.028,21.38,0
101,2022,281,34,12.79,0,21.34,0
101,2022,281,35,12.79,0,21.3,0
101,2022,281,36,12.79,.056,21.25,0
101,2022,281,37,12.79,.056,21.25,0
101,2022,281,38,12.79,0,21.29,0
101,2022,281,39,12.79,0,21.32,0
101,2022,281,40,12.79,0,21.32,0
101,2022,281,41,12.79,0,21.33,0
101,2022,281,42,12.79,.056,21.29,0
101,2022,281,43,12.79,0,21.25,0
101,2022,281,44,12.79,0,21.21,0
101,2022,281,45,12.79,.028,21.14,0
101,2022,281,46,12.79,.028,21.1,0
101,2022,281,47,12.79,0,21.18,0
101,2022,281,48,12.79,0,21.25,0
101,2022,281,49,12.79,0,21.22,0
101,2022,281,50,12.79,0,21.1,0
101,2022,281,51,12.79,0,21.02,0
101,2022,281,52,12.79,0,21.06,0
101,2022,281,53,12.79,.028,21.04,0
101,2022,281,54,12.79,0,21.02,0
101,2022,281,55,12.79,0,21,0
101,2022,281,56,12.79,0,20.98,0
101,2022,281,57,12.79,0,20.96,0
101,2022,281,58,12.79,0,20.93,0
101,2022,281,59,12.79,0,20.93,0
101,2022,281,100,12.79,0,20.94,0
101,2022,281,101,12.79,0,20.95,0
101,2022,281,102,12.79,0,20.94,0
101,2022,281,103,12.79,0,20.93,0
101,2022,281,104,12.79,0,20.91,0
101,2022,281,105,12.79,0,20.88,0
101,2022,281,106,12.79,0,20.86,0
101,2022,281,107,12.79,0,20.85,0
101,2022,281,108,12.79,0,20.83,0
101,2022,281,109,12.79,0,20.83,0
101,2022,281,110,12.79,0,20.84,0
101,2022,281,111,12.79,0,20.85,0
101,2022,281,112,12.79,0,20.88,0
101,2022,281,113,12.79,0,20.92,0
101,2022,281,114,12.79,0,20.91,0
101,2022,281,115,12.79,0,20.89,0
101,2022,281,116,12.79,0,20.88,0
101,2022,281,117,12.79,0,20.86,0
101,2022,281,118,12.79,0,20.84,0
101,2022,281,119,12.79,0,20.81,0
101,2022,281,120,12.79,0,20.8,0
101,2022,281,121,12.79,0,20.86,0
101,2022,281,122,12.79,0,20.91,0
101,2022,281,123,12.79,0,20.9,0
101,2022,281,124,12.79,0,20.85,0
101,2022,281,125,12.79,0,20.85,0
101,2022,281,126,12.79,0,20.85,0
101,2022,281,127,12.79,0,20.85,0
101,2022,281,128,12.79,0,20.84,0
101,2022,281,129,12.79,0,20.85,0
101,2022,281,130,12.79,0,20.87,0
101,2022,281,131,12.79,0,20.97,0
101,2022,281,132,12.79,0,20.99,0
101,2022,281,133,12.78,0,20.98,0
101,2022,281,134,12.78,0,20.96,0
101,2022,281,135,12.79,0,20.95,0
101,2022,281,136,12.79,0,20.93,0
101,2022,281,137,12.79,.028,20.92,0
101,2022,281,138,12.79,.028,20.93,0
101,2022,281,139,12.78,.028,20.93,0
101,2022,281,140,12.78,0,20.93,0
101,2022,281,141,12.78,0,20.92,0
101,2022,281,142,12.79,0,20.9,0
101,2022,281,143,12.78,0,20.88,0
101,2022,281,144,12.78,0,20.9,0
101,2022,281,145,12.78,0,20.9,0
101,2022,281,146,12.78,0,20.89,0
101,2022,281,147,12.78,0,20.86,0
101,2022,281,148,12.78,0,20.82,0
101,2022,281,149,12.78,0,20.84,0
101,2022,281,150,12.78,.028,20.91,0
101,2022,281,151,12.78,.028,20.92,0
101,2022,281,152,12.78,.028,20.92,0
101,2022,281,153,12.78,0,20.91,0
101,2022,281,154,12.78,.056,20.9,0
101,2022,281,155,12.78,0,20.83,0
101,2022,281,156,12.78,0,20.77,0
101,2022,281,157,12.78,0,20.71,0
101,2022,281,158,12.78,0,20.68,0
101,2022,281,159,12.78,0,20.7,0
101,2022,281,200,12.78,0,20.71,0
101,2022,281,201,12.78,0,20.71,0
101,2022,281,202,12.78,0,20.69,0
101,2022,281,203,12.78,0,20.75,0
101,2022,281,204,12.78,0,20.78,0
101,2022,281,205,12.78,0,20.78,0
101,2022,281,206,12.78,0,20.83,0
101,2022,281,207,12.78,.028,20.84,0
101,2022,281,208,12.78,0,20.82,0
101,2022,281,209,12.78,0,20.81,0
101,2022,281,210,12.78,0,20.83,0
101,2022,281,211,12.78,0,20.88,0
101,2022,281,212,12.78,0,20.93,0
101,2022,281,213,12.78,0,20.94,0
101,2022,281,214,12.78,0,20.96,0
101,2022,281,215,12.78,0,20.99,0
101,2022,281,216,12.78,0,21.02,0
101,2022,281,217,12.78,0,21.03,0
101,2022,281,218,12.78,0,21,0
101,2022,281,219,12.78,0,20.97,0
101,2022,281,220,12.78,0,20.96,0
101,2022,281,221,12.78,0,20.93,0
101,2022,281,222,12.78,0,20.88,0
101,2022,281,223,12.78,0,20.88,0
101,2022,281,224,12.78,0,20.88,0
101,2022,281,225,12.78,0,20.81,0
101,2022,281,226,12.78,0,20.83,0
101,2022,281,227,12.78,0,20.88,0
101,2022,281,228,12.78,.028,20.97,0
101,2022,281,229,12.78,0,20.98,0
101,2022,281,230,12.78,0,20.95,0
101,2022,281,231,12.78,0,20.92,0
101,2022,281,232,12.78,0,20.92,0
101,2022,281,233,12.78,0,20.93,0
101,2022,281,234,12.78,0,20.92,0
101,2022,281,235,12.78,0,20.9,0
101,2022,281,236,12.78,0,20.88,0
101,2022,281,237,12.78,0,20.85,0
101,2022,281,238,12.78,0,20.84,0
101,2022,281,239,12.78,0,20.83,0
101,2022,281,240,12.78,0,20.81,0
101,2022,281,241,12.78,0,20.82,0
101,2022,281,242,12.78,0,20.87,0
101,2022,281,243,12.78,0,20.95,0
101,2022,281,244,12.78,0,21.02,0
101,2022,281,245,12.78,0,21.01,0
101,2022,281,246,12.78,0,20.99,0
101,2022,281,247,12.78,0,20.95,0
101,2022,281,248,12.78,0,20.93,0
101,2022,281,249,12.78,0,20.89,0
101,2022,281,250,12.78,0,20.85,0
101,2022,281,251,12.78,0,20.83,0
101,2022,281,252,12.78,0,20.83,0
101,2022,281,253,12.78,0,20.82,0
101,2022,281,254,12.78,0,20.81,0
101,2022,281,255,12.78,0,20.8,0
101,2022,281,256,12.78,0,20.79,0
101,2022,281,257,12.78,0,20.8,0
101,2022,281,258,12.78,0,20.79,0
101,2022,281,259,12.78,0,20.78,0
101,2022,281,300,12.78,0,20.75,0
101,2022,281,301,12.78,0,20.74,0
101,2022,281,302,12.78,0,20.79,0
101,2022,281,303,12.78,0,20.83,0
101,2022,281,304,12.78,0,20.81,0
101,2022,281,305,12.78,0,20.77,0
101,2022,281,306,12.78,0,20.73,0
101,2022,281,307,12.78,0,20.71,0
101,2022,281,308,12.78,0,20.7,0
101,2022,281,309,12.78,0,20.68,0
101,2022,281,310,12.78,0,20.69,0
101,2022,281,311,12.78,0,20.7,0
101,2022,281,312,12.78,0,20.71,0
101,2022,281,313,12.78,0,20.72,0
101,2022,281,314,12.78,0,20.72,0
101,2022,281,315,12.78,0,20.7,0
101,2022,281,316,12.78,0,20.68,0
101,2022,281,317,12.78,0,20.66,0
101,2022,281,318,12.78,0,20.65,0
101,2022,281,319,12.78,0,20.65,0
101,2022,281,320,12.78,0,20.64,0
101,2022,281,321,12.78,0,20.63,0
101,2022,281,322,12.78,0,20.62,0
101,2022,281,323,12.78,0,20.65,0
101,2022,281,324,12.78,0,20.7,0
101,2022,281,325,12.78,0,20.72,0
101,2022,281,326,12.78,0,20.72,0
101,2022,281,327,12.78,0,20.76,0
101,2022,281,328,12.78,0,20.78,0
101,2022,281,329,12.78,0,20.75,0
101,2022,281,330,12.78,0,20.73,0
101,2022,281,331,12.78,0,20.73,0
101,2022,281,332,12.78,0,20.72,0
101,2022,281,333,12.78,0,20.72,0
101,2022,281,334,12.78,0,20.74,0
101,2022,281,335,12.78,0,20.75,0
101,2022,281,336,12.78,0,20.72,0
101,2022,281,337,12.78,0,20.7,0
101,2022,281,338,12.78,0,20.69,0
101,2022,281,339,12.78,0,20.7,0
101,2022,281,340,12.78,0,20.69,0
101,2022,281,341,12.78,0,20.69,0
101,2022,281,342,12.78,0,20.73,0
101,2022,281,343,12.78,0,20.72,0
101,2022,281,344,12.78,0,20.74,0
101,2022,281,345,12.78,0,20.71,0
101,2022,281,346,12.78,0,20.68,0
101,2022,281,347,12.78,0,20.67,0
101,2022,281,348,12.77,0,20.65,0
101,2022,281,349,12.77,0,20.65,0
101,2022,281,350,12.78,0,20.63,0
101,2022,281,351,12.77,0,20.63,0
101,2022,281,352,12.78,0,20.63,0
101,2022,281,353,12.78,0,20.61,0
101,2022,281,354,12.78,0,20.6,0
101,2022,281,355,12.78,0,20.58,0
101,2022,281,356,12.78,0,20.57,0
101,2022,281,357,12.77,0,20.59,0
101,2022,281,358,12.78,0,20.6,0
101,2022,281,359,12.77,0,20.61,0
101,2022,281,400,12.77,0,20.62,0
101,2022,281,401,12.78,0,20.63,0
101,2022,281,402,12.78,0,20.66,0
101,2022,281,403,12.77,0,20.66,0
101,2022,281,404,12.78,0,20.67,0
101,2022,281,405,12.78,0,20.69,0
101,2022,281,406,12.78,0,20.69,0
101,2022,281,407,12.78,0,20.67,0
101,2022,281,408,12.77,0,20.66,0
101,2022,281,409,12.77,0,20.67,0
101,2022,281,410,12.78,0,20.68,0
101,2022,281,411,12.78,0,20.66,0
101,2022,281,412,12.78,0,20.63,0
101,2022,281,413,12.77,0,20.61,0
101,2022,281,414,12.77,0,20.59,0
101,2022,281,415,12.77,0,20.57,0
101,2022,281,416,12.77,0,20.56,0
101,2022,281,417,12.77,0,20.57,0
101,2022,281,418,12.77,0,20.58,0
101,2022,281,419,12.77,0,20.58,0
101,2022,281,420,12.77,0,20.55,0
101,2022,281,421,12.77,0,20.51,0
101,2022,281,422,12.77,0,20.52,0
101,2022,281,423,12.77,0,20.55,0
101,2022,281,424,12.77,0,20.61,0
101,2022,281,425,12.77,0,20.66,0
101,2022,281,426,12.77,0,20.71,0
101,2022,281,427,12.77,0,20.71,0
101,2022,281,428,12.77,0,20.79,0
101,2022,281,429,12.77,0,20.84,0
101,2022,281,430,12.77,0,20.88,0
101,2022,281,431,12.77,0,20.86,0
101,2022,281,432,12.78,0,20.82,0
101,2022,281,433,12.77,0,20.77,0
101,2022,281,434,12.77,0,20.74,0
101,2022,281,435,12.77,0,20.7,0
101,2022,281,436,12.77,0,20.68,0
101,2022,281,437,12.77,0,20.67,0
101,2022,281,438,12.77,0,20.65,0
101,2022,281,439,12.77,0,20.63,0
101,2022,281,440,12.78,0,20.62,0
101,2022,281,441,12.77,0,20.6,0
101,2022,281,442,12.77,0,20.6,0
101,2022,281,443,12.77,0,20.58,0
101,2022,281,444,12.77,0,20.55,0
101,2022,281,445,12.77,0,20.53,0
101,2022,281,446,12.77,.197,20.51,0
101,2022,281,447,12.77,.338,20.48,0
101,2022,281,448,12.77,.536,20.43,0
101,2022,281,449,12.77,.677,20.4,0
101,2022,281,450,12.77,.677,20.39,0
101,2022,281,451,12.77,.677,20.36,0
101,2022,281,452,12.77,.818,20.37,0
101,2022,281,453,12.77,1.043,20.43,0
101,2022,281,454,12.77,1.297,20.51,0
101,2022,281,455,12.77,1.353,20.49,0
101,2022,281,456,12.77,1.551,20.49,0
101,2022,281,457,12.77,1.889,20.57,0
101,2022,281,458,12.77,2.03,20.62,0
101,2022,281,459,12.77,2.369,20.59,0
101,2022,281,500,12.77,2.707,20.57,0
101,2022,281,501,12.77,3.045,20.58,0
101,2022,281,502,12.77,3.468,20.59,0
101,2022,281,503,12.77,3.976,20.6,0
101,2022,281,504,12.77,4.399,20.62,0
101,2022,281,505,12.77,4.794,20.63,0
101,2022,281,506,12.77,5.414,20.6,0
101,2022,281,507,12.77,6.034,20.57,0
101,2022,281,508,12.77,6.711,20.55,0
101,2022,281,509,12.78,7.5,20.53,0
101,2022,281,510,12.78,8.26,20.52,0
101,2022,281,511,12.79,9.11,20.52,0
101,2022,281,512,12.79,9.98,20.54,0
101,2022,281,513,12.8,10.83,20.54,0
101,2022,281,514,12.81,11.73,20.55,0
101,2022,281,515,12.82,13.11,20.56,0
101,2022,281,516,12.83,14.55,20.58,0
101,2022,281,517,12.84,15.85,20.6,0
101,2022,281,518,12.85,16.58,20.61,0
101,2022,281,519,12.87,17.48,20.63,0
101,2022,281,520,12.89,18.67,20.65,0
101,2022,281,521,12.91,20.56,20.65,0
101,2022,281,522,12.94,25.1,20.64,0
101,2022,281,523,12.97,29.44,20.65,0
101,2022,281,524,13.02,31.89,20.67,0
101,2022,281,525,13.08,32.74,20.67,0
101,2022,281,526,13.14,32.45,20.69,0
101,2022,281,527,13.19,32.26,20.69,0
101,2022,281,528,13.27,35.58,20.72,0
101,2022,281,529,13.33,41.84,20.75,0
101,2022,281,530,13.33,45.2,20.8,0
101,2022,281,531,13.33,49.54,20.87,0
101,2022,281,532,13.33,52.42,20.94,0
101,2022,281,533,13.33,54.98,20.97,0
101,2022,281,534,13.33,57.75,21,0
101,2022,281,535,13.33,60.2,21.06,0
101,2022,281,536,13.33,62.82,21.01,0
101,2022,281,537,13.33,65.39,20.93,0
101,2022,281,538,13.33,67.81,20.95,0
101,2022,281,539,13.33,70.5,21.01,0
101,2022,281,540,13.33,73,21.14,0
101,2022,281,541,13.33,74.8,21.27,0
101,2022,281,542,13.33,76.3,21.38,0
101,2022,281,543,13.32,69.68,21.48,0
101,2022,281,544,13.32,70.2,21.53,0
101,2022,281,545,13.32,68.07,21.56,0
101,2022,281,546,13.32,48.75,21.58,0
101,2022,281,547,13.32,48.1,21.6,0
101,2022,281,548,13.32,48.61,21.57,0
101,2022,281,549,13.32,49.57,21.54,0
101,2022,281,550,13.32,50.16,21.49,0
101,2022,281,551,13.32,50.92,21.45,0
101,2022,281,552,13.32,51.66,21.41,0
101,2022,281,553,13.32,52.67,21.4,0
101,2022,281,554,13.32,53.83,21.38,0
101,2022,281,555,13.32,54.9,21.33,0
101,2022,281,556,13.32,55.41,21.27,0
101,2022,281,557,13.32,56,21.28,0
101,2022,281,558,13.32,56.93,21.34,0
101,2022,281,559,13.32,58.14,21.39,0
101,2022,281,600,13.32,60,21.37,0
101,2022,281,601,13.32,63.39,21.4,0
101,2022,281,602,13.32,69.39,21.41,0
101,2022,281,603,13.32,82.1,21.34,0
101,2022,281,604,13.32,94.3,21.28,0
101,2022,281,605,13.32,127.5,21.28,0
101,2022,281,606,13.32,134.6,21.31,0
101,2022,281,607,13.32,136.7,21.4,0
101,2022,281,608,13.32,147.8,21.43,0
101,2022,281,609,13.32,155.3,21.48,0
101,2022,281,610,13.32,152.3,21.61,0
101,2022,281,611,13.32,149.6,21.76,0
101,2022,281,612,13.32,165.7,21.81,0
101,2022,281,613,13.31,166.7,21.9,0
101,2022,281,614,13.31,173.3,22.01,0
101,2022,281,615,13.31,177.9,22.09,0
101,2022,281,616,13.31,180.9,22.2,0
101,2022,281,617,13.31,184.7,22.35,0
101,2022,281,618,13.3,189.5,22.42,0
101,2022,281,619,13.3,195.3,22.45,0
101,2022,281,620,13.3,200.8,22.46,0
101,2022,281,621,13.3,206.8,22.61,0
101,2022,281,622,13.3,213.1,22.59,0
101,2022,281,623,13.3,220.8,22.72,0
101,2022,281,624,13.3,227.1,22.91,0
101,2022,281,625,13.3,235.2,22.91,0
101,2022,281,626,13.3,243.1,22.91,0
101,2022,281,627,13.29,251.8,22.96,0
101,2022,281,628,13.29,260.5,23.15,0
101,2022,281,629,13.29,268,23.26,0
101,2022,281,630,13.29,275.2,23.38,0
101,2022,281,631,13.29,282.5,23.55,0
101,2022,281,632,13.29,291,23.67,0
101,2022,281,633,13.29,298.2,23.87,0
101,2022,281,634,13.28,305.2,23.92,0
101,2022,281,635,13.28,311.7,24.11,0
101,2022,281,636,13.28,312.7,24.32,0
101,2022,281,637,13.28,188.8,24.39,0
101,2022,281,638,13.28,162.6,24.4,0
101,2022,281,639,13.28,345.6,24.24,0
101,2022,281,640,13.28,361.8,24.31,0
101,2022,281,641,13.28,363.8,24.38,0
101,2022,281,642,13.28,365.1,24.51,0
101,2022,281,643,13.28,360.8,24.58,0
101,2022,281,644,13.28,360.4,24.53,0
101,2022,281,645,13.27,363.3,24.54,0
101,2022,281,646,13.27,364.5,24.65,0
101,2022,281,647,13.27,366.8,24.61,0
101,2022,281,648,13.27,370,24.66,0
101,2022,281,649,13.27,367.7,24.75,0
101,2022,281,650,13.27,370.5,24.59,0
101,2022,281,651,13.26,385.8,24.46,0
101,2022,281,652,13.26,390.1,24.44,0
101,2022,281,653,13.26,387.2,24.58,0
101,2022,281,654,13.26,384.5,24.7,0
101,2022,281,655,13.26,387.8,24.67,0
101,2022,281,656,13.26,389.3,24.64,0
101,2022,281,657,13.26,391.4,24.69,0
101,2022,281,658,13.25,393.3,24.78,0
101,2022,281,659,13.26,391.4,24.82,0
101,2022,281,700,13.25,388.3,24.77,0
101,2022,281,701,13.25,391.1,24.84,0
101,2022,281,702,13.25,392,24.89,0
101,2022,281,703,13.25,395,24.94,0
101,2022,281,704,13.25,399.8,24.9,0
101,2022,281,705,13.25,399.5,24.88,0
101,2022,281,706,13.25,395.4,24.92,0
101,2022,281,707,13.24,213.1,24.85,0
101,2022,281,708,13.24,365.7,24.81,0
101,2022,281,709,13.24,393,24.77,0
101,2022,281,710,13.24,395.9,24.77,0
101,2022,281,711,13.24,399.1,24.79,0
101,2022,281,712,13.24,401.3,24.95,0
101,2022,281,713,13.24,404.1,25.06,0
101,2022,281,714,13.24,407.5,25.03,0
101,2022,281,715,13.24,411.5,25,0
101,2022,281,716,13.24,415.5,24.9,0
101,2022,281,717,13.23,419.5,24.94,0
101,2022,281,718,13.24,425,25.03,0
101,2022,281,719,13.23,429.4,25.08,0
101,2022,281,720,13.23,434,25.11,0
101,2022,281,721,13.23,439.6,25.09,0
101,2022,281,722,13.23,446.6,25.17,0
101,2022,281,723,13.23,452.6,25.26,0
101,2022,281,724,13.23,456.6,25.41,0
101,2022,281,725,13.23,462,25.37,0
101,2022,281,726,13.22,467.5,25.35,0
101,2022,281,727,13.22,473.5,25.35,0
101,2022,281,728,13.22,480.4,25.38,0
101,2022,281,729,13.22,486.1,25.42,0
101,2022,281,730,13.22,488.4,25.48,0
101,2022,281,731,13.22,492.9,25.58,0
101,2022,281,732,13.22,499.5,25.63,0
101,2022,281,733,13.22,507.2,25.57,0
101,2022,281,734,13.21,514.1,25.48,0
101,2022,281,735,13.22,520.8,25.55,0
101,2022,281,736,13.21,528.5,25.75,0
101,2022,281,737,13.21,538.2,25.82,0
101,2022,281,738,13.21,551.3,25.78,0
101,2022,281,739,13.21,560,25.73,0
101,2022,281,740,13.21,568.2,25.8,0
101,2022,281,741,13.21,575.3,25.87,0
101,2022,281,742,13.21,569.1,25.78,0
101,2022,281,743,13.21,576.6,25.67,0
101,2022,281,744,13.2,590.9,25.71,0
101,2022,281,745,13.21,592.3,25.87,0
101,2022,281,746,13.21,551.2,25.95,0
101,2022,281,747,13.2,612.1,26.04,0
101,2022,281,748,13.2,633.6,26.17,0
101,2022,281,749,13.2,646.4,26.14,0
101,2022,281,750,13.2,527.8,26.19,0
101,2022,281,751,13.2,648.2,26.37,0
101,2022,281,752,13.2,627.8,26.54,0
101,2022,281,753,13.2,547.1,26.8,0
101,2022,281,754,13.19,353.7,26.99,0
101,2022,281,755,13.2,637.8,26.75,0
101,2022,281,756,13.19,636.5,26.55,0
101,2022,281,757,13.19,636.4,26.56,0
101,2022,281,758,13.19,499.2,26.63,0
101,2022,281,759,13.19,262.7,26.61,0
101,2022,281,800,13.19,247.8,26.5,0
101,2022,281,801,13.19,487.9,26.44,0
101,2022,281,802,13.19,754,26.53,0
101,2022,281,803,13.19,742,26.46,0
101,2022,281,804,13.19,715,26.66,0
101,2022,281,805,13.19,699,26.75,0
101,2022,281,806,13.19,657.2,27.02,0
101,2022,281,807,13.19,560.3,26.99,0
101,2022,281,808,13.19,248.1,26.78,0
101,2022,281,809,13.19,339,26.55,0
101,2022,281,810,13.18,272.2,26.55,0
101,2022,281,811,13.19,249.8,26.72,0
101,2022,281,812,13.18,275.8,26.61,0
101,2022,281,813,13.19,292.5,26.51,0
101,2022,281,814,13.19,634.5,26.48,0
101,2022,281,815,13.19,775,26.58,0
101,2022,281,816,13.19,786,26.68,0
101,2022,281,817,13.19,763,26.84,0
101,2022,281,818,13.19,733,27.12,0
101,2022,281,819,13.19,743,27.01,0
101,2022,281,820,13.19,751,27.05,0
101,2022,281,821,13.18,779,27.18,0
101,2022,281,822,13.19,576.7,27.16,0
101,2022,281,823,13.18,244.4,27.14,0
101,2022,281,824,13.18,236.2,26.9,0
101,2022,281,825,13.18,237.5,26.87,0
101,2022,281,826,13.18,247.2,26.81,0
101,2022,281,827,13.18,454.4,26.8,0
101,2022,281,828,13.18,820,26.83,0
101,2022,281,829,13.18,847,26.97,0
101,2022,281,830,13.18,875,27.2,0
101,2022,281,831,13.18,875,27.25,0
101,2022,281,832,13.18,858,27.29,0
101,2022,281,833,13.18,513.5,27.61,0
101,2022,281,834,13.17,423.9,27.55,0
101,2022,281,835,13.18,323.3,27.37,0
101,2022,281,836,13.17,296,27.23,0
101,2022,281,837,13.18,265.4,27.29,0
101,2022,281,838,13.18,254.6,27.33,0
101,2022,281,839,13.18,266.1,27.26,0
101,2022,281,840,13.18,281.3,26.99,0
101,2022,281,841,13.18,303.1,26.94,0
101,2022,281,842,13.18,541.1,26.98,0
101,2022,281,843,13.18,937,27.05,0
101,2022,281,844,13.18,940,27.22,0
101,2022,281,845,13.17,911,27.48,0
101,2022,281,846,13.17,423.6,27.54,0
101,2022,281,847,13.18,324,27.35,0
101,2022,281,848,13.18,325.2,27.24,0
101,2022,281,849,13.17,345.4,27.36,0
101,2022,281,850,13.18,312.2,27.3,0
101,2022,281,851,13.18,339.8,27.2,0
101,2022,281,852,13.18,559.8,27.22,0
101,2022,281,853,13.18,491,27.4,0
101,2022,281,854,13.18,319.7,27.3,0
101,2022,281,855,13.18,320.8,27.01,0
101,2022,281,856,13.17,391.5,27.07,0
101,2022,281,857,13.18,335.7,27.19,0
101,2022,281,858,13.17,299.9,27.11,0
101,2022,281,859,13.18,280.5,27.07,0
101,2022,281,900,13.18,282.3,27.13,0
101,2022,281,901,13.18,392.6,27.02,0
101,2022,281,902,13.18,938,27.18,0
101,2022,281,903,13.18,866,27.49,0
101,2022,281,904,13.18,1019,27.62,0
101,2022,281,905,13.18,966,27.58,0
101,2022,281,906,13.17,983,27.89,0
101,2022,281,907,13.17,975,28.04,0
101,2022,281,908,13.17,982,27.98,0
101,2022,281,909,13.17,885,27.85,0
101,2022,281,910,13.17,592.2,27.86,0
101,2022,281,911,13.17,429.6,27.97,0
101,2022,281,912,13.17,313,27.97,0
101,2022,281,913,13.17,312,27.77,0
101,2022,281,914,13.17,325.8,27.6,0
101,2022,281,915,13.17,389.3,27.5,0
101,2022,281,916,13.17,386.3,27.52,0
101,2022,281,917,13.17,376.2,27.53,0
101,2022,281,918,13.17,364.1,27.47,0
101,2022,281,919,13.17,367.1,27.46,0
101,2022,281,920,13.17,380.7,27.44,0
101,2022,281,921,13.18,428.5,27.55,0
101,2022,281,922,13.18,567.1,27.61,0
101,2022,281,923,13.18,1064,27.6,0
101,2022,281,924,13.18,996,27.65,0
101,2022,281,925,13.17,867,27.62,0
101,2022,281,926,13.17,644.3,27.53,0
101,2022,281,927,13.18,561.8,27.66,0
101,2022,281,928,13.17,421.6,27.73,0
101,2022,281,929,13.17,308.2,27.84,0
101,2022,281,930,13.17,303.1,27.7,0
101,2022,281,931,13.17,343.3,27.73,0
101,2022,281,932,13.17,284.8,27.61,0
101,2022,281,933,13.17,271.3,27.42,0
101,2022,281,934,13.17,278.2,27.41,0
101,2022,281,935,13.18,296.9,27.38,0
101,2022,281,936,13.17,314.4,27.32,0
101,2022,281,937,13.18,322.8,27.45,0
101,2022,281,938,13.17,322,27.45,0
101,2022,281,939,13.18,315.4,27.45,0
101,2022,281,940,13.17,318.5,27.47,0
101,2022,281,941,13.18,319.5,27.49,0
101,2022,281,942,13.18,373,27.52,0
101,2022,281,943,13.18,970,27.62,0
101,2022,281,944,13.18,1154,27.88,0
101,2022,281,945,13.18,978,28.12,0
101,2022,281,946,13.18,530.6,28.57,0
101,2022,281,947,13.17,336.5,28.38,0
101,2022,281,948,13.18,320.4,28.2,0
101,2022,281,949,13.17,423.3,27.83,0
101,2022,281,950,13.17,939,27.7,0
101,2022,281,951,13.17,613.5,27.87,0
101,2022,281,952,13.17,346.6,27.72,0
101,2022,281,953,13.17,356.7,27.82,0
101,2022,281,954,13.17,399.9,27.99,0
101,2022,281,955,13.17,407.8,27.85,0
101,2022,281,956,13.17,751,27.99,0
101,2022,281,957,13.17,520.4,28.17,0
101,2022,281,958,13.17,365.5,28.32,0
101,2022,281,959,13.17,458.4,28.31,0
101,2022,281,1000,13.17,385.5,28.04,0
101,2022,281,1001,13.17,388,28.05,0
101,2022,281,1002,13.17,372.4,28.05,0
101,2022,281,1003,13.17,347.8,27.88,0
101,2022,281,1004,13.17,643.7,27.81,0
101,2022,281,1005,13.17,1146,27.94,0
101,2022,281,1006,13.17,793,28.05,0
101,2022,281,1007,13.17,792,28.18,0
101,2022,281,1008,13.17,1198,28.07,0
101,2022,281,1009,13.17,1068,28.26,0
101,2022,281,1010,13.17,1060,28.3,0
101,2022,281,1011,13.17,1156,28.37,0
101,2022,281,1012,13.17,1135,28.65,0
101,2022,281,1013,13.17,488.8,28.71,0
101,2022,281,1014,13.17,373.7,28.45,0
101,2022,281,1015,13.17,393.4,28.4,0
101,2022,281,1016,13.17,527.4,28.44,0
101,2022,281,1017,13.17,1130,28.38,0
101,2022,281,1018,13.16,1117,28.39,0
101,2022,281,1019,13.16,1087,28.45,0
101,2022,281,1020,13.16,1036,28.45,0
101,2022,281,1021,13.16,850,28.5,0
101,2022,281,1022,13.16,755,28.35,0
101,2022,281,1023,13.16,1081,28.3,0
101,2022,281,1024,13.16,1006,28.47,0
101,2022,281,1025,13.16,901,28.34,0
101,2022,281,1026,13.16,1091,28.48,0
101,2022,281,1027,13.16,1084,28.79,0
101,2022,281,1028,13.16,1074,28.75,0
101,2022,281,1029,13.16,1064,28.75,0
101,2022,281,1030,13.16,1064,29,0
101,2022,281,1031,13.16,1075,29.02,0
101,2022,281,1032,13.16,1090,29.3,0
101,2022,281,1033,13.16,1096,29.25,0
101,2022,281,1034,13.16,1110,29.1,0
101,2022,281,1035,13.16,1123,29.08,0
101,2022,281,1036,13.16,1125,29.24,0
101,2022,281,1037,13.16,1126,29.23,0
101,2022,281,1038,13.16,1124,29.32,0
101,2022,281,1039,13.16,1120,29.16,0
101,2022,281,1040,13.16,1107,28.77,0
101,2022,281,1041,13.16,1098,28.95,0
101,2022,281,1042,13.16,1095,29.13,0
101,2022,281,1043,13.16,1094,29.21,0
101,2022,281,1044,13.16,1098,29.46,0
101,2022,281,1045,13.16,1109,29.19,0
101,2022,281,1046,13.16,1125,29.04,0
101,2022,281,1047,13.16,1149,29.52,0
101,2022,281,1048,13.16,1173,29.82,0
101,2022,281,1049,13.16,1174,29.75,0
101,2022,281,1050,13.15,1172,29.63,0
101,2022,281,1051,13.16,1173,29.56,0
101,2022,281,1052,13.15,1175,29.93,0
101,2022,281,1053,13.16,1170,30.27,0
101,2022,281,1054,13.15,1110,29.88,0
101,2022,281,1055,13.16,1126,29.89,0
101,2022,281,1056,13.15,1119,29.89,0
101,2022,281,1057,13.16,1137,29.65,0
101,2022,281,1058,13.15,1137,29.72,0
101,2022,281,1059,13.15,1142,29.54,0
101,2022,281,1100,13.15,1144,29.16,0
101,2022,281,1101,13.15,1145,29.31,0
101,2022,281,1102,13.15,1142,29.62,0
101,2022,281,1103,13.15,1135,29.67,0
101,2022,281,1104,13.15,1139,29.43,0
101,2022,281,1105,13.15,1152,29.18,0
101,2022,281,1106,13.15,1045,29.08,0
101,2022,281,1107,13.15,816,29.15,0
101,2022,281,1108,13.15,782,29.08,0
101,2022,281,1109,13.15,486,28.97,0
101,2022,281,1110,13.15,1136,29.05,0
101,2022,281,1111,13.15,1180,29.36,0
101,2022,281,1112,13.15,1153,29.73,0
101,2022,281,1113,13.15,1171,30.06,0
101,2022,281,1114,13.15,1184,30.25,0
101,2022,281,1115,13.15,980,30.27,0
101,2022,281,1116,13.15,348.9,30.18,0
101,2022,281,1117,13.15,325.9,30.09,0
101,2022,281,1118,13.15,438.9,29.9,0
101,2022,281,1119,13.15,812,29.53,0
101,2022,281,1120,13.15,711,29.23,0
101,2022,281,1121,13.15,1175,29.24,0
101,2022,281,1122,13.15,1199,29.45,0
101,2022,281,1123,13.15,1194,29.55,0
101,2022,281,1124,13.15,684,29.89,0
101,2022,281,1125,13.15,336.1,29.73,0
101,2022,281,1126,13.15,338.8,29.34,0
101,2022,281,1127,13.15,366.2,29.06,0
101,2022,281,1128,13.15,370.5,28.93,0
101,2022,281,1129,13.15,377,28.79,0
101,2022,281,1130,13.15,582.6,28.6,0
101,2022,281,1131,13.15,658.3,28.45,0
101,2022,281,1132,13.15,1059,28.57,0
101,2022,281,1133,13.15,1110,28.81,0
101,2022,281,1134,13.15,1113,29.2,0
101,2022,281,1135,13.15,1090,29.51,0
101,2022,281,1136,13.16,463.1,29.81,0
101,2022,281,1137,13.15,462.7,29.92,0
101,2022,281,1138,13.15,881,29.65,0
101,2022,281,1139,13.15,606.1,29.42,0
101,2022,281,1140,13.15,1171,29.11,0
101,2022,281,1141,13.16,1191,29.22,0
101,2022,281,1142,13.15,883,29.34,0
101,2022,281,1143,13.15,379.5,29.15,0
101,2022,281,1144,13.15,590.8,29.01,0
101,2022,281,1145,13.15,1203,28.98,0
101,2022,281,1146,13.15,501.3,29.24,0
101,2022,281,1147,13.15,443.4,29.38,0
101,2022,281,1148,13.15,985,28.99,0
101,2022,281,1149,13.15,1161,29.18,0
101,2022,281,1150,13.15,1135,29.59,0
101,2022,281,1151,13.15,1118,29.88,0
101,2022,281,1152,13.15,1107,30.01,0
101,2022,281,1153,13.15,1119,29.67,0
101,2022,281,1154,13.15,1039,29.58,0
101,2022,281,1155,13.15,626.7,29.59,0
101,2022,281,1156,13.15,1126,29.39,0
101,2022,281,1157,13.15,1137,29.36,0
101,2022,281,1158,13.15,1143,29.52,0
101,2022,281,1159,13.15,1134,29.83,0
101,2022,281,1200,13.15,1170,29.95,0
101,2022,281,1201,13.15,1160,29.93,0
101,2022,281,1202,13.15,1071,29.77,0
101,2022,281,1203,13.15,1180,29.53,0
101,2022,281,1204,13.15,1180,29.63,0
101,2022,281,1205,13.15,1165,29.59,0
101,2022,281,1206,13.15,1155,29.69,0
101,2022,281,1207,13.15,1150,29.84,0
101,2022,281,1208,13.15,1141,30.2,0
101,2022,281,1209,13.15,1133,30.24,0
101,2022,281,1210,13.15,1134,29.84,0
101,2022,281,1211,13.15,1143,30.3,0
101,2022,281,1212,13.15,1147,30.19,0
101,2022,281,1213,13.15,1142,30.13,0
101,2022,281,1214,13.15,1143,30.27,0
101,2022,281,1215,13.15,933,30.41,0
101,2022,281,1216,13.15,496.3,30.3,0
101,2022,281,1217,13.15,457.9,29.82,0
101,2022,281,1218,13.15,423.1,29.66,0
101,2022,281,1219,13.15,594.4,29.48,0
101,2022,281,1220,13.15,1189,29.46,0
101,2022,281,1221,13.14,716,29.45,0
101,2022,281,1222,13.15,957,29.55,0
101,2022,281,1223,13.15,1158,29.74,0
101,2022,281,1224,13.15,1159,29.47,0
101,2022,281,1225,13.15,1165,29.39,0
101,2022,281,1226,13.15,1083,29.41,0
101,2022,281,1227,13.14,390.1,29.29,0
101,2022,281,1228,13.14,349.1,29.16,0
101,2022,281,1229,13.14,385.3,29.01,0
101,2022,281,1230,13.14,847,29.03,0
101,2022,281,1231,13.14,952,29.25,0
101,2022,281,1232,13.14,1130,29.37,0
101,2022,281,1233,13.14,904,29.52,0
101,2022,281,1234,13.15,651.1,29.66,0
101,2022,281,1235,13.14,1122,29.73,0
101,2022,281,1236,13.14,521.1,29.73,0
101,2022,281,1237,13.14,411,29.26,0
101,2022,281,1238,13.15,517.1,29.13,0
101,2022,281,1239,13.14,1004,29.08,0
101,2022,281,1240,13.15,796,29.36,0
101,2022,281,1241,13.15,511.4,29.53,0
101,2022,281,1242,13.15,1132,29.51,0
101,2022,281,1243,13.15,515.1,29.73,0
101,2022,281,1244,13.15,892,29.71,0
101,2022,281,1245,13.15,474.4,29.62,0
101,2022,281,1246,13.15,316.6,29.29,0
101,2022,281,1247,13.14,446.9,28.89,0
101,2022,281,1248,13.15,917,28.82,0
101,2022,281,1249,13.15,1022,28.92,0
101,2022,281,1250,13.15,1024,28.86,0
101,2022,281,1251,13.15,1025,28.92,0
101,2022,281,1252,13.15,1022,29.03,0
101,2022,281,1253,13.15,1017,29.08,0
101,2022,281,1254,13.15,1016,29.33,0
101,2022,281,1255,13.15,1021,29.59,0
101,2022,281,1256,13.15,1019,29.52,0
101,2022,281,1257,13.14,1022,29.27,0
101,2022,281,1258,13.15,1035,29.23,0
101,2022,281,1259,13.15,1039,29.2,0
101,2022,281,1300,13.15,1036,29.21,0
101,2022,281,1301,13.15,1036,29.13,0
101,2022,281,1302,13.14,1025,29.04,0
101,2022,281,1303,13.15,824,29.01,0
101,2022,281,1304,13.15,981,29.2,0
101,2022,281,1305,13.15,998,29.26,0
101,2022,281,1306,13.15,947,29.25,0
101,2022,281,1307,13.15,831,29.51,0
101,2022,281,1308,13.15,760,29.58,0
101,2022,281,1309,13.15,1000,29.18,0
101,2022,281,1310,13.15,504,28.96,0
101,2022,281,1311,13.15,506.6,28.86,0
101,2022,281,1312,13.14,831,28.57,0
101,2022,281,1313,13.15,979,28.79,0
101,2022,281,1314,13.15,1000,28.97,0
101,2022,281,1315,13.15,1014,28.94,0
101,2022,281,1316,13.15,981,29.2,0
101,2022,281,1317,13.15,974,29.18,0
101,2022,281,1318,13.15,963,29.03,0
101,2022,281,1319,13.15,649.3,29.1,0
101,2022,281,1320,13.15,944,28.93,0
101,2022,281,1321,13.15,981,28.89,0
101,2022,281,1322,13.15,1000,28.99,0
101,2022,281,1323,13.15,994,29.33,0
101,2022,281,1324,13.15,995,29.52,0
101,2022,281,1325,13.15,861,29.19,0
101,2022,281,1326,13.15,880,29.16,0
101,2022,281,1327,13.15,921,29.1,0
101,2022,281,1328,13.15,914,29.02,0
101,2022,281,1329,13.15,913,28.97,0
101,2022,281,1330,13.15,914,29.22,0
101,2022,281,1331,13.15,911,29.12,0
101,2022,281,1332,13.15,913,28.95,0
101,2022,281,1333,13.15,926,28.72,0
101,2022,281,1334,13.15,914,28.73,0
101,2022,281,1335,13.15,384.8,28.89,0
101,2022,281,1336,13.15,426.5,28.65,0
101,2022,281,1337,13.15,846,28.66,0
101,2022,281,1338,13.14,401.7,28.72,0
101,2022,281,1339,13.15,289.3,28.66,0
101,2022,281,1340,13.15,282.9,28.41,0
101,2022,281,1341,13.15,427.6,28.3,0
101,2022,281,1342,13.15,627.5,28.32,0
101,2022,281,1343,13.15,868,28.39,0
101,2022,281,1344,13.15,862,28.46,0
101,2022,281,1345,13.15,855,28.5,0
101,2022,281,1346,13.15,855,28.55,0
101,2022,281,1347,13.15,848,28.77,0
101,2022,281,1348,13.15,832,28.62,0
101,2022,281,1349,13.15,829,28.79,0
101,2022,281,1350,13.15,828,28.92,0
101,2022,281,1351,13.15,826,28.93,0
101,2022,281,1352,13.15,824,28.7,0
101,2022,281,1353,13.15,831,28.87,0
101,2022,281,1354,13.15,839,28.91,0
101,2022,281,1355,13.15,846,29.18,0
101,2022,281,1356,13.15,843,29.15,0
101,2022,281,1357,13.16,820,29.08,0
101,2022,281,1358,13.15,827,28.74,0
101,2022,281,1359,13.15,810,28.56,0
101,2022,281,1400,13.15,735,28.56,0
101,2022,281,1401,13.16,790,28.95,0
101,2022,281,1402,13.15,782,28.91,0
101,2022,281,1403,13.16,774,28.66,0
101,2022,281,1404,13.15,780,28.66,0
101,2022,281,1405,13.15,789,28.53,0
101,2022,281,1406,13.15,799,28.53,0
101,2022,281,1407,13.16,807,28.61,0
101,2022,281,1408,13.15,812,28.68,0
101,2022,281,1409,13.16,815,28.45,0
101,2022,281,1410,13.15,811,28.52,0
101,2022,281,1411,13.16,632,28.82,0
101,2022,281,1412,13.16,520.9,28.94,0
101,2022,281,1413,13.15,775,28.89,0
101,2022,281,1414,13.15,712,28.69,0
101,2022,281,1415,13.15,735,28.81,0
101,2022,281,1416,13.15,541.5,28.98,0
101,2022,281,1417,13.15,678.7,28.88,0
101,2022,281,1418,13.15,732,28.84,0
101,2022,281,1419,13.16,737,28.7,0
101,2022,281,1420,13.15,733,28.8,0
101,2022,281,1421,13.15,719,28.91,0
101,2022,281,1422,13.15,726,29.06,0
101,2022,281,1423,13.15,684.2,29.07,0
101,2022,281,1424,13.15,738,28.74,0
101,2022,281,1425,13.15,739,28.59,0
101,2022,281,1426,13.15,720,28.54,0
101,2022,281,1427,13.15,707,28.8,0
101,2022,281,1428,13.15,702,29.01,0
101,2022,281,1429,13.15,695.9,28.87,0
101,2022,281,1430,13.15,688.4,28.71,0
101,2022,281,1431,13.15,683.3,28.75,0
101,2022,281,1432,13.15,682.3,28.6,0
101,2022,281,1433,13.15,683.4,28.6,0
101,2022,281,1434,13.15,685.7,28.61,0
101,2022,281,1435,13.15,690.7,28.59,0
101,2022,281,1436,13.15,688.2,28.58,0
101,2022,281,1437,13.15,679.2,28.54,0
101,2022,281,1438,13.15,671.2,28.43,0
101,2022,281,1439,13.15,656.3,28.54,0
101,2022,281,1440,13.15,416.2,28.54,0
101,2022,281,1441,13.15,202.9,28.46,0
101,2022,281,1442,13.15,609.5,28.3,0
101,2022,281,1443,13.15,625.7,28.37,0
101,2022,281,1444,13.15,618.8,28.4,0
101,2022,281,1445,13.15,612.2,28.38,0
101,2022,281,1446,13.15,605.2,28.37,0
101,2022,281,1447,13.15,600.8,28.52,0
101,2022,281,1448,13.15,593.8,28.26,0
101,2022,281,1449,13.15,589.7,28.23,0
101,2022,281,1450,13.15,588.8,28.38,0
101,2022,281,1451,13.15,582.5,28.33,0
101,2022,281,1452,13.16,577.9,28.25,0
101,2022,281,1453,13.16,576.7,28.05,0
101,2022,281,1454,13.16,573.1,28.15,0
101,2022,281,1455,13.16,568.4,28.31,0
101,2022,281,1456,13.16,563.7,28.48,0
101,2022,281,1457,13.16,558.5,28.29,0
101,2022,281,1458,13.15,551.7,28.31,0
101,2022,281,1459,13.15,547.4,28.59,0
101,2022,281,1500,13.15,535.8,28.41,0
101,2022,281,1501,13.16,540.5,28.19,0
101,2022,281,1502,13.15,539.1,28.29,0
101,2022,281,1503,13.15,537,28.19,0
101,2022,281,1504,13.15,530.8,28.03,0
101,2022,281,1505,13.15,524.3,27.91,0
101,2022,281,1506,13.16,522.2,27.95,0
101,2022,281,1507,13.15,517.2,28.21,0
101,2022,281,1508,13.15,513.3,28.15,0
101,2022,281,1509,13.16,512.3,28.11,0
101,2022,281,1510,13.16,505.9,28.08,0
101,2022,281,1511,13.15,501.9,28.12,0
101,2022,281,1512,13.16,497.8,28.03,0
101,2022,281,1513,13.16,492.9,28,0
101,2022,281,1514,13.16,487.8,27.96,0
101,2022,281,1515,13.16,483.3,27.93,0
101,2022,281,1516,13.16,480.2,27.89,0
101,2022,281,1517,13.16,477.2,27.93,0
101,2022,281,1518,13.16,471.4,27.93,0
101,2022,281,1519,13.16,464.6,27.85,0
101,2022,281,1520,13.16,456.5,27.91,0
101,2022,281,1521,13.16,459.1,27.9,0
101,2022,281,1522,13.16,454.8,28.09,0
101,2022,281,1523,13.16,449.4,27.99,0
101,2022,281,1524,13.16,446.4,27.92,0
101,2022,281,1525,13.16,442.7,27.91,0
101,2022,281,1526,13.16,439.1,27.92,0
101,2022,281,1527,13.16,434.2,28.04,0
101,2022,281,1528,13.16,429.5,27.98,0
101,2022,281,1529,13.16,424.9,28,0
101,2022,281,1530,13.16,420.5,28.03,0
101,2022,281,1531,13.16,415.8,28.05,0
101,2022,281,1532,13.16,411.6,28.04,0
101,2022,281,1533,13.16,409.1,27.9,0
101,2022,281,1534,13.16,404.3,27.91,0
101,2022,281,1535,13.16,400.6,27.96,0
101,2022,281,1536,13.16,396.4,27.87,0
101,2022,281,1537,13.16,392.7,27.95,0
101,2022,281,1538,13.16,388.2,27.99,0
101,2022,281,1539,13.16,381.8,28.06,0
101,2022,281,1540,13.16,375.9,28.18,0
101,2022,281,1541,13.16,370.9,28.27,0
101,2022,281,1542,13.16,369.2,28.17,0
101,2022,281,1543,13.16,366.1,27.92,0
101,2022,281,1544,13.16,362,27.79,0
101,2022,281,1545,13.16,356,27.78,0
101,2022,281,1546,13.16,351.4,27.78,0
101,2022,281,1547,13.16,347.3,27.73,0
101,2022,281,1548,13.16,342.9,27.7,0
101,2022,281,1549,13.16,337.9,27.73,0
101,2022,281,1550,13.16,335.1,27.79,0
101,2022,281,1551,13.16,331,27.67,0
101,2022,281,1552,13.16,326.2,27.53,0
101,2022,281,1553,13.16,321.7,27.46,0
101,2022,281,1554,13.16,317.4,27.42,0
101,2022,281,1555,13.16,311.7,27.48,0
101,2022,281,1556,13.16,307,27.43,0
101,2022,281,1557,13.17,302.5,27.32,0
101,2022,281,1558,13.17,297.1,27.27,0
101,2022,281,1559,13.17,292.6,27.25,0
101,2022,281,1600,13.17,289.3,27.23,0
101,2022,281,1601,13.17,284.6,27.27,0
101,2022,281,1602,13.17,278.4,27.42,0
101,2022,281,1603,13.17,276,27.38,0
101,2022,281,1604,13.17,273.4,27.24,0
101,2022,281,1605,13.17,268.9,27.17,0
101,2022,281,1606,13.17,264,27.17,0
101,2022,281,1607,13.17,259.7,27.19,0
101,2022,281,1608,13.17,255.2,27.12,0
101,2022,281,1609,13.17,250.9,27.12,0
101,2022,281,1610,13.17,246.1,27.09,0
101,2022,281,1611,13.17,241.1,27.04,0
101,2022,281,1612,13.17,236.9,27.06,0
101,2022,281,1613,13.17,232.2,27.14,0
101,2022,281,1614,13.17,226.1,27.2,0
101,2022,281,1615,13.17,221.2,27.23,0
101,2022,281,1616,13.17,217,27.19,0
101,2022,281,1617,13.17,213.4,27.14,0
101,2022,281,1618,13.17,210.6,27.06,0
101,2022,281,1619,13.17,206.2,26.93,0
101,2022,281,1620,13.17,201.6,26.94,0
101,2022,281,1621,13.17,196.9,26.88,0
101,2022,281,1622,13.17,192.4,26.89,0
101,2022,281,1623,13.18,187.8,26.92,0
101,2022,281,1624,13.17,183.6,26.9,0
101,2022,281,1625,13.18,179.5,26.9,0
101,2022,281,1626,13.18,174.9,26.81,0
101,2022,281,1627,13.18,169.8,26.68,0
101,2022,281,1628,13.18,164.5,26.61,0
101,2022,281,1629,13.18,159.3,26.57,0
101,2022,281,1630,13.18,154.7,26.58,0
101,2022,281,1631,13.18,149.4,26.62,0
101,2022,281,1632,13.18,144.4,26.7,0
101,2022,281,1633,13.18,141.4,26.73,0
101,2022,281,1634,13.18,136.9,26.62,0
101,2022,281,1635,13.18,132.2,26.52,0
101,2022,281,1636,13.18,127.6,26.49,0
101,2022,281,1637,13.18,123.7,26.49,0
101,2022,281,1638,13.18,120,26.42,0
101,2022,281,1639,13.18,116.2,26.37,0
101,2022,281,1640,13.18,112.3,26.33,0
101,2022,281,1641,13.18,108.5,26.27,0
101,2022,281,1642,13.18,104.5,26.24,0
101,2022,281,1643,13.18,100.6,26.24,0
101,2022,281,1644,13.18,96.8,26.24,0
101,2022,281,1645,13.18,92.5,26.21,0
101,2022,281,1646,13.17,88.2,26.18,0
101,2022,281,1647,13.17,84.4,26.1,0
101,2022,281,1648,13.17,80.8,26.09,0
101,2022,281,1649,13.16,76.7,26.06,0
101,2022,281,1650,13.15,73.3,26.03,0
101,2022,281,1651,13.15,70.2,26.01,0
101,2022,281,1652,13.15,66.94,25.97,0
101,2022,281,1653,13.14,63.61,25.93,0
101,2022,281,1654,13.13,59.89,25.91,0
101,2022,281,1655,13.12,56.37,25.9,0
101,2022,281,1656,13.12,52.71,25.87,0
101,2022,281,1657,13.11,49.67,25.83,0
101,2022,281,1658,13.1,46.74,25.78,0
101,2022,281,1659,13.09,43.3,25.75,0
101,2022,281,1700,13.08,40.06,25.75,0
101,2022,281,1701,13.07,37.33,25.73,0
101,2022,281,1702,13.06,34.48,25.69,0
101,2022,281,1703,13.05,31.75,25.68,0
101,2022,281,1704,13.04,29.02,25.66,0
101,2022,281,1705,13.04,26.62,25.6,0
101,2022,281,1706,13.03,24.48,25.54,0
101,2022,281,1707,13.03,22.37,25.5,0
101,2022,281,1708,13.02,20.26,25.47,0
101,2022,281,1709,13.01,17.86,25.42,0
101,2022,281,1710,13.01,15.1,25.39,0
101,2022,281,1711,13,13.1,25.35,0
101,2022,281,1712,13,11.78,25.32,0
101,2022,281,1713,13,10.68,25.28,0
101,2022,281,1714,12.99,9.64,25.23,0
101,2022,281,1715,12.99,8.59,25.18,0
101,2022,281,1716,12.98,7.66,25.15,0
101,2022,281,1717,12.98,6.762,25.11,0
101,2022,281,1718,12.97,5.945,25.1,0
101,2022,281,1719,12.97,5.297,25.09,0
101,2022,281,1720,12.97,4.621,25.06,0
101,2022,281,1721,12.97,4.085,25.03,0
101,2022,281,1722,12.96,3.804,25,0
101,2022,281,1723,12.96,3.325,24.96,0
101,2022,281,1724,12.96,3.015,24.94,0
101,2022,281,1725,12.96,2.62,24.92,0
101,2022,281,1726,12.95,2.31,24.89,0
101,2022,281,1727,12.95,2,24.88,0
101,2022,281,1728,12.95,1.719,24.87,0
101,2022,281,1729,12.94,1.606,24.82,0
101,2022,281,1730,12.94,1.296,24.78,0
101,2022,281,1731,12.94,1.014,24.77,0
101,2022,281,1732,12.94,.93,24.75,0
101,2022,281,1733,12.94,.676,24.73,0
101,2022,281,1734,12.94,.564,24.72,0
101,2022,281,1735,12.94,.338,24.7,0
101,2022,281,1736,12.93,.338,24.68,0
101,2022,281,1737,12.93,.338,24.68,0
101,2022,281,1738,12.93,.282,24.68,0
101,2022,281,1739,12.93,.225,24.64,0
101,2022,281,1740,12.92,.113,24.63,0
101,2022,281,1741,12.92,.169,24.6,0
101,2022,281,1742,12.92,.028,24.58,0
101,2022,281,1743,12.92,0,24.57,0
101,2022,281,1744,12.92,0,24.53,0
101,2022,281,1745,12.92,0,24.48,0
101,2022,281,1746,12.92,.028,24.43,0
101,2022,281,1747,12.92,0,24.39,0
101,2022,281,1748,12.91,0,24.37,0
101,2022,281,1749,12.91,0,24.34,0
101,2022,281,1750,12.91,0,24.31,0
101,2022,281,1751,12.91,0,24.28,0
101,2022,281,1752,12.91,0,24.26,0
101,2022,281,1753,12.91,0,24.23,0
101,2022,281,1754,12.91,0,24.21,0
101,2022,281,1755,12.91,0,24.19,0
101,2022,281,1756,12.91,0,24.17,0
101,2022,281,1757,12.91,0,24.15,0
101,2022,281,1758,12.91,0,24.13,0
101,2022,281,1759,12.91,0,24.13,0
101,2022,281,1800,12.9,0,24.12,0
101,2022,281,1801,12.9,0,24.11,0
101,2022,281,1802,12.9,0,24.11,0
101,2022,281,1803,12.9,0,24.09,0
101,2022,281,1804,12.9,0,24.08,0
101,2022,281,1805,12.9,0,24.08,0
101,2022,281,1806,12.9,0,24.08,0
101,2022,281,1807,12.9,0,24.08,0
101,2022,281,1808,12.9,0,24.08,0
101,2022,281,1809,12.9,0,24.08,0
101,2022,281,1810,12.89,0,24.08,0
101,2022,281,1811,12.9,0,24.06,0
101,2022,281,1812,12.9,0,24.04,0
101,2022,281,1813,12.89,0,24.02,0
101,2022,281,1814,12.89,0,24,0
101,2022,281,1815,12.89,0,24,0
101,2022,281,1816,12.89,0,23.99,0
101,2022,281,1817,12.89,0,23.96,0
101,2022,281,1818,12.89,0,23.94,0
101,2022,281,1819,12.89,0,23.91,0
101,2022,281,1820,12.89,0,23.9,0
101,2022,281,1821,12.89,0,23.89,0
101,2022,281,1822,12.89,0,23.91,0
101,2022,281,1823,12.89,0,23.92,0
101,2022,281,1824,12.88,0,23.9,0
101,2022,281,1825,12.88,0,23.89,0
101,2022,281,1826,12.88,0,23.89,0
101,2022,281,1827,12.88,0,23.89,0
101,2022,281,1828,12.88,0,23.88,0
101,2022,281,1829,12.88,0,23.87,0
101,2022,281,1830,12.88,0,23.87,0
101,2022,281,1831,12.88,0,23.86,0
101,2022,281,1832,12.88,0,23.85,0
101,2022,281,1833,12.88,0,23.84,0
101,2022,281,1834,12.88,0,23.83,0
101,2022,281,1835,12.88,0,23.81,0
101,2022,281,1836,12.88,0,23.79,0
101,2022,281,1837,12.88,0,23.78,0
101,2022,281,1838,12.88,0,23.77,0
101,2022,281,1839,12.88,0,23.76,0
101,2022,281,1840,12.88,0,23.75,0
101,2022,281,1841,12.88,0,23.74,0
101,2022,281,1842,12.88,0,23.73,0
101,2022,281,1843,12.88,0,23.71,0
101,2022,281,1844,12.88,0,23.68,0
101,2022,281,1845,12.87,0,23.66,0
101,2022,281,1846,12.87,0,23.64,0
101,2022,281,1847,12.87,0,23.62,0
101,2022,281,1848,12.87,0,23.59,0
101,2022,281,1849,12.87,0,23.56,0
101,2022,281,1850,12.87,0,23.52,0
101,2022,281,1851,12.87,0,23.47,0
101,2022,281,1852,12.87,0,23.43,0
101,2022,281,1853,12.87,0,23.41,0
101,2022,281,1854,12.87,0,23.36,0
101,2022,281,1855,12.87,0,23.31,0
101,2022,281,1856,12.87,0,23.27,0
101,2022,281,1857,12.87,0,23.23,0
101,2022,281,1858,12.87,0,23.2,0
101,2022,281,1859,12.87,0,23.15,0
101,2022,281,1900,12.86,0,23.12,0
101,2022,281,1901,12.87,0,23.07,0
101,2022,281,1902,12.86,0,23.02,0
101,2022,281,1903,12.87,0,22.97,0
101,2022,281,1904,12.87,0,22.9,0
101,2022,281,1905,12.87,0,22.88,0
101,2022,281,1906,12.86,0,22.86,0
101,2022,281,1907,12.86,0,22.85,0
101,2022,281,1908,12.87,0,22.84,0
101,2022,281,1909,12.86,0,22.8,0
101,2022,281,1910,12.86,0,22.8,0
101,2022,281,1911,12.86,0,22.79,0
101,2022,281,1912,12.86,0,22.75,0
101,2022,281,1913,12.86,0,22.73,0
101,2022,281,1914,12.86,0,22.71,0
101,2022,281,1915,12.86,0,22.71,0
101,2022,281,1916,12.86,0,22.71,0
101,2022,281,1917,12.86,0,22.7,0
101,2022,281,1918,12.86,0,22.68,0
101,2022,281,1919,12.86,0,22.66,0
101,2022,281,1920,12.86,0,22.65,0
101,2022,281,1921,12.86,0,22.64,0
101,2022,281,1922,12.86,0,22.63,0
101,2022,281,1923,12.86,0,22.62,0
101,2022,281,1924,12.86,0,22.61,0
101,2022,281,1925,12.86,0,22.59,0
101,2022,281,1926,12.86,0,22.57,0
101,2022,281,1927,12.85,0,22.54,0
101,2022,281,1928,12.85,0,22.52,0
101,2022,281,1929,12.85,0,22.51,0
101,2022,281,1930,12.85,0,22.49,0
101,2022,281,1931,12.85,0,22.46,0
101,2022,281,1932,12.85,0,22.44,0
101,2022,281,1933,12.85,0,22.43,0
101,2022,281,1934,12.85,0,22.4,0
101,2022,281,1935,12.85,0,22.38,0
101,2022,281,1936,12.85,0,22.36,0
101,2022,281,1937,12.85,0,22.35,0
101,2022,281,1938,12.85,0,22.32,0
101,2022,281,1939,12.85,0,22.32,0
101,2022,281,1940,12.85,0,22.29,0
101,2022,281,1941,12.85,0,22.27,0
101,2022,281,1942,12.85,0,22.26,0
101,2022,281,1943,12.85,0,22.26,0
101,2022,281,1944,12.85,0,22.26,0
101,2022,281,1945,12.85,0,22.24,0
101,2022,281,1946,12.85,0,22.21,0
101,2022,281,1947,12.85,0,22.18,0
101,2022,281,1948,12.85,0,22.14,0
101,2022,281,1949,12.85,0,22.12,0
101,2022,281,1950,12.85,0,22.1,0
101,2022,281,1951,12.85,0,22.11,0
101,2022,281,1952,12.84,0,22.09,0
101,2022,281,1953,12.84,0,22.04,0
101,2022,281,1954,12.84,0,22.05,0
101,2022,281,1955,12.85,0,22.06,0
101,2022,281,1956,12.84,0,22.06,0
101,2022,281,1957,12.84,0,22.06,0
101,2022,281,1958,12.85,0,22.05,0
101,2022,281,1959,12.84,0,22.04,0
101,2022,281,2000,12.84,0,22.03,0
101,2022,281,2001,12.84,0,22.01,0
101,2022,281,2002,12.84,0,22,0
101,2022,281,2003,12.84,0,21.98,0
101,2022,281,2004,12.84,0,21.99,0
101,2022,281,2005,12.84,0,21.99,0
101,2022,281,2006,12.84,0,21.99,0
101,2022,281,2007,12.84,0,22.02,0
101,2022,281,2008,12.84,0,22.02,0
101,2022,281,2009,12.84,0,22.01,0
101,2022,281,2010,12.84,0,22,0
101,2022,281,2011,12.84,0,22.01,0
101,2022,281,2012,12.84,0,22,0
101,2022,281,2013,12.84,0,21.99,0
101,2022,281,2014,12.84,0,21.98,0
101,2022,281,2015,12.84,0,21.96,0
101,2022,281,2016,12.84,0,21.98,0
101,2022,281,2017,12.84,0,21.96,0
101,2022,281,2018,12.84,0,21.96,0
101,2022,281,2019,12.84,0,21.97,0
101,2022,281,2020,12.84,0,21.98,0
101,2022,281,2021,12.84,0,21.96,0
101,2022,281,2022,12.84,0,21.95,0
101,2022,281,2023,12.84,0,21.92,0
101,2022,281,2024,12.83,0,21.9,0
101,2022,281,2025,12.83,0,21.89,0
101,2022,281,2026,12.83,0,21.88,0
101,2022,281,2027,12.83,0,21.88,0
101,2022,281,2028,12.83,0,21.88,0
101,2022,281,2029,12.83,0,21.88,0
101,2022,281,2030,12.83,0,21.86,0
101,2022,281,2031,12.83,0,21.86,0
101,2022,281,2032,12.83,0,21.78,0
101,2022,281,2033,12.83,0,21.75,0
101,2022,281,2034,12.83,0,21.76,0
101,2022,281,2035,12.83,0,21.79,0
101,2022,281,2036,12.83,0,21.8,0
101,2022,281,2037,12.83,0,21.82,0
101,2022,281,2038,12.83,0,21.84,0
101,2022,281,2039,12.83,0,21.84,0
101,2022,281,2040,12.83,0,21.83,0
101,2022,281,2041,12.83,0,21.82,0
101,2022,281,2042,12.83,0,21.82,0
101,2022,281,2043,12.83,0,21.85,0
101,2022,281,2044,12.83,0,21.86,0
101,2022,281,2045,12.83,0,21.87,0
101,2022,281,2046,12.83,0,21.89,0
101,2022,281,2047,12.83,0,21.92,0
101,2022,281,2048,12.83,0,21.93,0
101,2022,281,2049,12.83,0,21.94,0
101,2022,281,2050,12.83,0,21.96,0
101,2022,281,2051,12.83,0,21.97,0
101,2022,281,2052,12.83,0,21.96,0
101,2022,281,2053,12.83,0,21.94,0
101,2022,281,2054,12.83,0,21.94,0
101,2022,281,2055,12.83,0,21.97,0
101,2022,281,2056,12.83,0,21.97,0
101,2022,281,2057,12.83,0,21.96,0
101,2022,281,2058,12.83,0,21.94,0
101,2022,281,2059,12.83,0,21.93,0
101,2022,281,2100,12.83,0,21.93,0
101,2022,281,2101,12.83,0,21.93,0
101,2022,281,2102,12.83,0,21.97,0
101,2022,281,2103,12.83,0,21.96,0
101,2022,281,2104,12.83,0,21.93,0
101,2022,281,2105,12.83,0,21.9,0
101,2022,281,2106,12.83,0,21.9,0
101,2022,281,2107,12.83,0,21.91,0
101,2022,281,2108,12.82,0,21.92,0
101,2022,281,2109,12.82,0,21.92,0
101,2022,281,2110,12.82,0,21.93,0
101,2022,281,2111,12.82,0,21.92,0
101,2022,281,2112,12.82,0,21.92,0
101,2022,281,2113,12.82,0,21.89,0
101,2022,281,2114,12.82,0,21.88,0
101,2022,281,2115,12.82,0,21.88,0
101,2022,281,2116,12.82,0,21.87,0
101,2022,281,2117,12.82,0,21.86,0
101,2022,281,2118,12.82,0,21.87,0
101,2022,281,2119,12.82,0,21.91,0
101,2022,281,2120,12.82,0,21.93,0
101,2022,281,2121,12.82,0,21.93,0
101,2022,281,2122,12.82,0,21.93,0
101,2022,281,2123,12.82,0,21.97,0
101,2022,281,2124,12.82,0,21.97,0
101,2022,281,2125,12.82,0,22,0
101,2022,281,2126,12.82,0,22.02,0
101,2022,281,2127,12.82,0,22.05,0
101,2022,281,2128,12.82,0,22.07,0
101,2022,281,2129,12.82,0,22.04,0
101,2022,281,2130,12.82,0,22.03,0
101,2022,281,2131,12.82,0,22,0
101,2022,281,2132,12.82,0,21.98,0
101,2022,281,2133,12.82,0,21.99,0
101,2022,281,2134,12.82,0,22.01,0
101,2022,281,2135,12.82,0,21.99,0
101,2022,281,2136,12.82,0,21.97,0
101,2022,281,2137,12.82,0,21.95,0
101,2022,281,2138,12.82,0,21.96,0
101,2022,281,2139,12.82,0,21.96,0
101,2022,281,2140,12.82,0,21.97,0
101,2022,281,2141,12.82,0,22,0
101,2022,281,2142,12.82,0,22.02,0
101,2022,281,2143,12.82,0,22.03,0
101,2022,281,2144,12.82,0,22.07,0
101,2022,281,2145,12.82,0,22.11,0
101,2022,281,2146,12.82,0,22.16,0
101,2022,281,2147,12.81,0,22.19,0
101,2022,281,2148,12.81,0,22.2,0
101,2022,281,2149,12.81,0,22.23,0
101,2022,281,2150,12.81,0,22.25,0
101,2022,281,2151,12.81,0,22.28,0
101,2022,281,2152,12.81,0,22.31,0
101,2022,281,2153,12.81,0,22.32,0
101,2022,281,2154,12.81,0,22.33,0
101,2022,281,2155,12.81,0,22.34,0
101,2022,281,2156,12.81,0,22.35,0
101,2022,281,2157,12.81,0,22.33,0
101,2022,281,2158,12.81,0,22.31,0
101,2022,281,2159,12.81,0,22.29,0
101,2022,281,2200,12.81,0,22.28,0
101,2022,281,2201,12.81,0,22.27,0
101,2022,281,2202,12.81,0,22.26,0
101,2022,281,2203,12.81,0,22.26,0
101,2022,281,2204,12.81,0,22.25,0
101,2022,281,2205,12.81,0,22.24,0
101,2022,281,2206,12.81,0,22.24,0
101,2022,281,2207,12.81,0,22.24,0
101,2022,281,2208,12.81,0,22.23,0
101,2022,281,2209,12.81,0,22.21,0
101,2022,281,2210,12.81,0,22.19,0
101,2022,281,2211,12.81,0,22.19,0
101,2022,281,2212,12.81,0,22.16,0
101,2022,281,2213,12.81,0,22.13,0
101,2022,281,2214,12.81,0,22.11,0
101,2022,281,2215,12.81,0,22.09,0
101,2022,281,2216,12.81,0,22.07,0
101,2022,281,2217,12.81,0,22.06,0
101,2022,281,2218,12.81,0,22.04,0
101,2022,281,2219,12.81,0,22.04,0
101,2022,281,2220,12.81,0,22.02,0
101,2022,281,2221,12.81,0,22.02,0
101,2022,281,2222,12.81,0,21.99,0
101,2022,281,2223,12.81,0,21.97,0
101,2022,281,2224,12.81,0,21.97,0
101,2022,281,2225,12.81,0,21.97,0
101,2022,281,2226,12.81,0,21.96,0
101,2022,281,2227,12.81,0,21.94,0
101,2022,281,2228,12.81,0,21.93,0
101,2022,281,2229,12.81,0,21.93,0
101,2022,281,2230,12.81,0,21.92,0
101,2022,281,2231,12.81,0,21.92,0
101,2022,281,2232,12.81,0,21.92,0
101,2022,281,2233,12.81,0,21.91,0
101,2022,281,2234,12.81,0,21.9,0
101,2022,281,2235,12.81,0,21.89,0
101,2022,281,2236,12.81,0,21.89,0
101,2022,281,2237,12.81,0,21.9,0
101,2022,281,2238,12.81,0,21.94,0
101,2022,281,2239,12.81,0,21.92,0
101,2022,281,2240,12.81,0,21.87,0
101,2022,281,2241,12.81,0,21.83,0
101,2022,281,2242,12.81,0,21.81,0
101,2022,281,2243,12.81,0,21.81,0
101,2022,281,2244,12.81,0,21.86,0
101,2022,281,2245,12.81,0,21.92,0
101,2022,281,2246,12.81,0,21.97,0
101,2022,281,2247,12.81,0,22,0
101,2022,281,2248,12.81,0,22,0
101,2022,281,2249,12.81,0,21.98,0
101,2022,281,2250,12.81,0,21.94,0
101,2022,281,2251,12.81,0,21.93,0
101,2022,281,2252,12.81,0,21.88,0
101,2022,281,2253,12.81,0,21.85,0
101,2022,281,2254,12.81,0,21.85,0
101,2022,281,2255,12.81,0,21.83,0
101,2022,281,2256,12.81,0,21.82,0
101,2022,281,2257,12.81,0,21.82,0
101,2022,281,2258,12.81,0,21.77,0
101,2022,281,2259,12.81,0,21.79,0
101,2022,281,2300,12.81,0,21.79,0
101,2022,281,2301,12.81,0,21.78,0
101,2022,281,2302,12.81,0,21.78,0
101,2022,281,2303,12.81,0,21.78,0
101,2022,281,2304,12.81,0,21.77,0
101,2022,281,2305,12.81,0,21.78,0
101,2022,281,2306,12.81,0,21.82,0
101,2022,281,2307,12.81,0,21.83,0
101,2022,281,2308,12.81,0,21.83,0
101,2022,281,2309,12.81,0,21.82,0
101,2022,281,2310,12.81,0,21.81,0
101,2022,281,2311,12.81,0,21.8,0
101,2022,281,2312,12.81,0,21.79,0
101,2022,281,2313,12.81,0,21.72,0
101,2022,281,2314,12.81,0,21.64,0
101,2022,281,2315,12.81,0,21.6,0
101,2022,281,2316,12.81,0,21.58,0
101,2022,281,2317,12.81,.028,21.57,0
101,2022,281,2318,12.81,0,21.57,0
101,2022,281,2319,12.81,.028,21.58,0
101,2022,281,2320,12.81,.028,21.56,0
101,2022,281,2321,12.81,0,21.56,0
101,2022,281,2322,12.81,.028,21.54,0
101,2022,281,2323,12.81,.028,21.56,0
101,2022,281,2324,12.81,.028,21.56,0
101,2022,281,2325,12.8,0,21.58,0
101,2022,281,2326,12.81,0,21.61,0
101,2022,281,2327,12.81,0,21.61,0
101,2022,281,2328,12.81,0,21.63,0
101,2022,281,2329,12.8,0,21.62,0
101,2022,281,2330,12.8,0,21.64,0
101,2022,281,2331,12.81,0,21.63,0
101,2022,281,2332,12.8,0,21.61,0
101,2022,281,2333,12.8,0,21.6,0
101,2022,281,2334,12.8,0,21.55,0
101,2022,281,2335,12.8,0,21.52,0
101,2022,281,2336,12.8,0,21.49,0
101,2022,281,2337,12.8,0,21.5,0
101,2022,281,2338,12.8,0,21.46,0
101,2022,281,2339,12.8,0,21.43,0
101,2022,281,2340,12.8,0,21.44,0
101,2022,281,2341,12.8,0,21.4,0
101,2022,281,2342,12.8,0,21.36,0
101,2022,281,2343,12.8,0,21.37,0
101,2022,281,2344,12.8,0,21.36,0
101,2022,281,2345,12.8,0,21.38,0
101,2022,281,2346,12.8,0,21.38,0
101,2022,281,2347,12.8,0,21.41,0
101,2022,281,2348,12.8,0,21.42,0
101,2022,281,2349,12.8,0,21.44,0
101,2022,281,2350,12.8,0,21.42,0
101,2022,281,2351,12.8,0,21.39,0
101,2022,281,2352,12.8,0,21.36,0
101,2022,281,2353,12.8,0,21.34,0
101,2022,281,2354,12.8,0,21.33,0
101,2022,281,2355,12.8,0,21.34,0
101,2022,281,2356,12.8,0,21.37,0
101,2022,281,2357,12.8,0,21.4,0
101,2022,281,2358,12.8,0,21.43,0
101,2022,281,2359,12.8,0,21.43,0
