a,b,dia_juliano,d,e,f,g,h
101,2022,301,530,13.3,33.52,21.44,0
101,2022,301,531,13.3,35.12,21.43,0
101,2022,301,532,13.3,36.78,21.44,0
101,2022,301,533,13.3,38.79,21.47,0
101,2022,301,534,13.3,41.75,21.49,0
101,2022,301,535,13.3,54.32,21.53,0
101,2022,301,536,13.3,69.76,21.56,0
101,2022,301,537,13.3,81.1,21.6,0
101,2022,301,538,13.3,92.3,21.64,0
101,2022,301,539,13.3,92.1,21.65,0
101,2022,301,540,13.3,77,21.69,0
101,2022,301,541,13.3,89,21.72,0
101,2022,301,542,13.3,116.7,21.75,0
101,2022,301,543,13.3,128.1,21.84,0
101,2022,301,544,13.3,125.9,21.97,0
101,2022,301,545,13.29,115.7,22.01,0
101,2022,301,546,13.29,107.1,22.08,0
101,2022,301,547,13.29,101.1,22.12,0
101,2022,301,548,13.29,126.9,22.17,0
101,2022,301,549,13.29,133.9,22.25,0
101,2022,301,550,13.29,136.4,22.38,0
101,2022,301,551,13.29,136.7,22.57,0
101,2022,301,552,13.29,140.3,22.8,0
101,2022,301,553,13.29,145.6,22.8,0
101,2022,301,554,13.28,151.2,22.84,0
101,2022,301,555,13.28,156.6,22.88,0
101,2022,301,556,13.28,161.4,23.06,0
101,2022,301,557,13.28,164,23.11,0
101,2022,301,558,13.28,165.3,23.07,0
101,2022,301,559,13.28,168.6,23.12,0
101,2022,301,600,13.28,172,23.23,0
101,2022,301,601,13.28,176.1,23.26,0
101,2022,301,602,13.28,176.8,23.28,0
101,2022,301,603,13.28,174.1,23.41,0
101,2022,301,604,13.28,173.9,23.51,0
101,2022,301,605,13.27,175.7,23.58,0
101,2022,301,606,13.28,177,23.64,0
101,2022,301,607,13.27,177.6,23.64,0
101,2022,301,608,13.27,178,23.63,0
101,2022,301,609,13.27,179.9,23.65,0
101,2022,301,610,13.27,180.5,23.67,0
101,2022,301,611,13.27,156.9,23.76,0
101,2022,301,612,13.27,188.1,23.83,0
101,2022,301,613,13.27,160.4,23.94,0
101,2022,301,614,13.27,152.5,24.04,0
101,2022,301,615,13.26,125.8,23.99,0
101,2022,301,616,13.26,210.9,24.07,0
101,2022,301,617,13.26,223.4,24.17,0
101,2022,301,618,13.26,228,24.18,0
101,2022,301,619,13.26,228.7,24.18,0
101,2022,301,620,13.26,230.6,24.25,0
101,2022,301,621,13.26,237.7,24.3,0
101,2022,301,622,13.26,221,24.29,0
101,2022,301,623,13.26,202.9,24.21,0
101,2022,301,624,13.26,146.2,24.2,0
101,2022,301,625,13.26,166.8,24.16,0
101,2022,301,626,13.26,263.8,24.2,0
101,2022,301,627,13.26,279.7,24.25,0
101,2022,301,628,13.26,267.3,24.32,0
101,2022,301,629,13.25,293,24.42,0
101,2022,301,630,13.25,298.2,24.58,0
101,2022,301,631,13.25,300.4,24.68,0
101,2022,301,632,13.25,303.6,24.65,0
101,2022,301,633,13.25,305.3,24.74,0
101,2022,301,634,13.25,306.7,24.78,0
101,2022,301,635,13.25,308.8,24.81,0
101,2022,301,636,13.24,310.3,24.75,0
101,2022,301,637,13.24,312.1,24.74,0
101,2022,301,638,13.24,316.7,24.73,0
101,2022,301,639,13.24,320.3,24.77,0
101,2022,301,640,13.24,322.8,24.79,0
101,2022,301,641,13.24,326.8,24.77,0
101,2022,301,642,13.24,330.4,24.78,0
101,2022,301,643,13.24,334.4,24.77,0
101,2022,301,644,13.24,338.7,24.68,0
101,2022,301,645,13.23,341.7,24.68,0
101,2022,301,646,13.23,347.2,24.73,0
101,2022,301,647,13.23,350.9,24.83,0
101,2022,301,648,13.23,353.6,24.78,0
101,2022,301,649,13.23,356.1,24.78,0
101,2022,301,650,13.23,360.1,24.72,0
101,2022,301,651,13.23,364,24.72,0
101,2022,301,652,13.23,367.6,24.74,0
101,2022,301,653,13.22,371.7,24.79,0
101,2022,301,654,13.22,373.7,24.87,0
101,2022,301,655,13.22,377,24.99,0
101,2022,301,656,13.22,380.2,25.03,0
101,2022,301,657,13.22,384,24.99,0
101,2022,301,658,13.22,388,25.11,0
101,2022,301,659,13.22,385,25.16,0
101,2022,301,700,13.22,380.6,25.07,0
101,2022,301,701,13.22,399.5,25.05,0
101,2022,301,702,13.21,407,25.04,0
101,2022,301,703,13.21,412.3,25.04,0
101,2022,301,704,13.21,423.1,25.11,0
101,2022,301,705,13.21,287.9,25.11,0
101,2022,301,706,13.21,184.3,25.09,0
101,2022,301,707,13.21,372.2,25.1,0
101,2022,301,708,13.21,469.1,25.15,0
101,2022,301,709,13.21,471,25.17,0
101,2022,301,710,13.21,495.2,25.17,0
101,2022,301,711,13.21,527.1,25.3,0
101,2022,301,712,13.21,533.9,25.45,0
101,2022,301,713,13.21,534,25.54,0
101,2022,301,714,13.21,538.9,25.52,0
101,2022,301,715,13.21,521.2,25.62,0
101,2022,301,716,13.2,416.5,25.68,0
101,2022,301,717,13.2,215.5,25.57,0
101,2022,301,718,13.2,374.7,25.52,0
101,2022,301,719,13.2,537.7,25.54,0
101,2022,301,720,13.2,504.2,25.6,0
101,2022,301,721,13.2,184.6,25.75,0
101,2022,301,722,13.2,174.2,25.74,0
101,2022,301,723,13.2,274.8,25.68,0
101,2022,301,724,13.2,522.5,25.67,0
101,2022,301,725,13.2,603.6,25.68,0
101,2022,301,726,13.2,278.6,25.78,0
101,2022,301,727,13.2,204,25.81,0
101,2022,301,728,13.2,436.5,25.79,0
101,2022,301,729,13.2,660.2,25.86,0
101,2022,301,730,13.2,612.1,25.91,0
101,2022,301,731,13.2,543.3,26,0
101,2022,301,732,13.2,243.6,25.95,0
101,2022,301,733,13.2,609.5,25.95,0
101,2022,301,734,13.2,602.3,25.99,0
101,2022,301,735,13.2,630.7,26.05,0
101,2022,301,736,13.2,558.2,26.19,0
101,2022,301,737,13.19,620,26.34,0
101,2022,301,738,13.19,530.7,26.41,0
101,2022,301,739,13.19,673.7,26.52,0
101,2022,301,740,13.19,406.5,26.43,0
101,2022,301,741,13.19,674.5,26.36,0
101,2022,301,742,13.19,664.6,26.44,0
101,2022,301,743,13.19,666.4,26.63,0
101,2022,301,744,13.19,687.6,26.65,0
101,2022,301,745,13.19,703,26.59,0
101,2022,301,746,13.18,676.5,26.63,0
101,2022,301,747,13.18,652.5,26.52,0
101,2022,301,748,13.18,660.7,26.47,0
101,2022,301,749,13.18,488.4,26.48,0
101,2022,301,750,13.18,252.5,26.43,0
101,2022,301,751,13.18,279.6,26.33,0
101,2022,301,752,13.18,589.8,26.27,0
101,2022,301,753,13.18,413.3,26.38,0
101,2022,301,754,13.17,539.3,26.51,0
101,2022,301,755,13.18,729,26.63,0
101,2022,301,756,13.18,561,26.79,0
101,2022,301,757,13.18,549.8,26.89,0
101,2022,301,758,13.17,292.1,26.97,0
101,2022,301,759,13.17,372.2,26.84,0
101,2022,301,800,13.17,474.5,26.72,0
101,2022,301,801,13.17,421.4,26.76,0
101,2022,301,802,13.17,309,26.8,0
101,2022,301,803,13.17,346.3,26.82,0
101,2022,301,804,13.17,363.9,26.82,0
101,2022,301,805,13.17,423.2,26.78,0
101,2022,301,806,13.17,344.1,26.79,0
101,2022,301,807,13.17,314.3,26.71,0
101,2022,301,808,13.17,354.8,26.72,0
101,2022,301,809,13.17,414,26.77,0
101,2022,301,810,13.18,457.6,26.81,0
101,2022,301,811,13.18,442.2,26.72,0
101,2022,301,812,13.18,314.1,26.78,0
101,2022,301,813,13.18,242.9,26.68,0
101,2022,301,814,13.18,215,26.55,0
101,2022,301,815,13.18,207.2,26.53,0
101,2022,301,816,13.18,213.9,26.52,0
101,2022,301,817,13.18,216.7,26.47,0
101,2022,301,818,13.18,206.9,26.38,0
101,2022,301,819,13.18,193.3,26.31,0
101,2022,301,820,13.18,192.1,26.37,0
101,2022,301,821,13.18,196,26.41,0
101,2022,301,822,13.18,200.3,26.34,0
101,2022,301,823,13.18,205.4,26.29,0
101,2022,301,824,13.19,215,26.34,0
101,2022,301,825,13.18,231.4,26.36,0
101,2022,301,826,13.18,248.5,26.41,0
101,2022,301,827,13.18,261.5,26.36,0
101,2022,301,828,13.18,277.9,26.38,0
101,2022,301,829,13.18,295.2,26.37,0
101,2022,301,830,13.18,307.4,26.32,0
101,2022,301,831,13.18,326,26.29,0
101,2022,301,832,13.18,338.5,26.3,0
101,2022,301,833,13.19,329.5,26.32,0
101,2022,301,834,13.18,323.1,26.29,0
101,2022,301,835,13.19,335.5,26.31,0
101,2022,301,836,13.19,456.4,26.36,0
101,2022,301,837,13.19,661.6,26.47,0
101,2022,301,838,13.18,815,26.6,0
101,2022,301,839,13.18,1028,26.7,0
101,2022,301,840,13.18,1031,26.89,0
101,2022,301,841,13.19,1031,27.04,0
101,2022,301,842,13.18,709,27.18,0
101,2022,301,843,13.18,415.5,27.14,0
101,2022,301,844,13.18,412.7,27.05,0
101,2022,301,845,13.18,359,27.06,0
101,2022,301,846,13.17,338.3,27.03,0
101,2022,301,847,13.17,336.1,27.03,0
101,2022,301,848,13.17,357,26.86,0
101,2022,301,849,13.17,336.8,26.75,0
101,2022,301,850,13.17,361.4,26.65,0
101,2022,301,851,13.17,352.3,26.72,0
101,2022,301,852,13.17,302,26.76,0
101,2022,301,853,13.17,259,26.85,0
101,2022,301,854,13.17,239.7,26.84,0
101,2022,301,855,13.17,243.9,26.81,0
101,2022,301,856,13.17,264.4,26.84,0
101,2022,301,857,13.17,247.8,26.82,0
101,2022,301,858,13.17,248.7,26.76,0
101,2022,301,859,13.17,325.9,26.77,0
101,2022,301,900,13.17,470.5,26.84,0
101,2022,301,901,13.17,280.4,26.86,0
101,2022,301,902,13.17,236.5,26.83,0
101,2022,301,903,13.17,202.4,26.9,0
101,2022,301,904,13.17,182.9,26.83,0
101,2022,301,905,13.17,173.4,26.79,0
101,2022,301,906,13.17,161.4,26.79,0
101,2022,301,907,13.18,150.6,26.75,0
101,2022,301,908,13.18,144.7,26.71,0
101,2022,301,909,13.18,131.7,26.6,0
101,2022,301,910,13.18,120.8,26.55,0
101,2022,301,911,13.18,117.4,26.6,0
101,2022,301,912,13.18,114.9,26.48,0
101,2022,301,913,13.18,113.7,26.39,0
101,2022,301,914,13.18,123.6,26.21,0
101,2022,301,915,13.18,134.3,25.93,0
101,2022,301,916,13.18,140.8,25.65,0
101,2022,301,917,13.18,148,25.31,0
101,2022,301,918,13.19,156.3,25.1,0
101,2022,301,919,13.19,161.3,24.89,0
101,2022,301,920,13.18,167.5,24.79,0
101,2022,301,921,13.19,179,24.73,0
101,2022,301,922,13.19,197.4,24.72,0
101,2022,301,923,13.19,240.5,24.73,0
101,2022,301,924,13.19,306.3,24.78,0
101,2022,301,925,13.19,448.2,24.84,0
101,2022,301,926,13.2,1005,24.91,0
101,2022,301,927,13.2,1187,25.06,0
101,2022,301,928,13.19,1109,25.31,0
101,2022,301,929,13.2,1120,25.53,0
101,2022,301,930,13.2,929,25.72,0
101,2022,301,931,13.2,804,25.92,0
101,2022,301,932,13.2,862,25.91,0
101,2022,301,933,13.2,693.6,26.04,0
101,2022,301,934,13.2,987,26.11,0
101,2022,301,935,13.2,1116,26.09,0
101,2022,301,936,13.2,1124,26.21,0
101,2022,301,937,13.2,1131,26.36,0
101,2022,301,938,13.19,1051,26.31,0
101,2022,301,939,13.19,482.3,26.26,0
101,2022,301,940,13.19,528,26.14,0
101,2022,301,941,13.19,566,26.13,0
101,2022,301,942,13.19,475.1,26.19,0
101,2022,301,943,13.19,1047,26.23,0
101,2022,301,944,13.19,964,26.29,0
101,2022,301,945,13.19,471.4,26.41,0
101,2022,301,946,13.19,925,26.55,0
101,2022,301,947,13.19,1135,26.66,0
101,2022,301,948,13.18,998,26.75,0
101,2022,301,949,13.19,1142,26.83,0
101,2022,301,950,13.18,795,26.87,0
101,2022,301,951,13.19,619,26.86,0
101,2022,301,952,13.18,948,26.86,0
101,2022,301,953,13.19,1150,26.93,0
101,2022,301,954,13.18,989,26.91,0
101,2022,301,955,13.18,692.9,26.96,0
101,2022,301,956,13.18,527,27.06,0
101,2022,301,957,13.18,394.7,27.01,0
101,2022,301,958,13.18,419.7,26.85,0
101,2022,301,959,13.18,582.3,26.88,0
101,2022,301,1000,13.18,1092,26.88,0
101,2022,301,1001,13.18,1045,27.05,0
101,2022,301,1002,13.18,663.2,27.15,0
101,2022,301,1003,13.18,512.4,27.12,0
101,2022,301,1004,13.18,460.1,27.05,0
101,2022,301,1005,13.18,580.7,27.07,0
101,2022,301,1006,13.18,499.7,27.07,0
101,2022,301,1007,13.18,718,27.11,0
101,2022,301,1008,13.18,931,27.22,0
101,2022,301,1009,13.17,592.6,27.33,0
101,2022,301,1010,13.17,708,27.43,0
101,2022,301,1011,13.17,537.1,27.44,0
101,2022,301,1012,13.17,360.5,27.46,0
101,2022,301,1013,13.17,315.1,27.44,0
101,2022,301,1014,13.17,296.3,27.41,0
101,2022,301,1015,13.17,296.9,27.4,0
101,2022,301,1016,13.17,316.4,27.41,0
101,2022,301,1017,13.17,371.5,27.35,0
101,2022,301,1018,13.17,432.8,27.4,0
101,2022,301,1019,13.17,861,27.52,0
101,2022,301,1020,13.17,1047,27.7,0
101,2022,301,1021,13.17,1254,27.84,0
101,2022,301,1022,13.17,1212,28.03,0
101,2022,301,1023,13.17,779,28.12,0
101,2022,301,1024,13.17,614.8,28.17,0
101,2022,301,1025,13.17,1148,28.3,0
101,2022,301,1026,13.17,1143,28.39,0
101,2022,301,1027,13.17,880,28.26,0
101,2022,301,1028,13.17,956,28.3,0
101,2022,301,1029,13.17,1091,28.52,0
101,2022,301,1030,13.17,1070,28.58,0
101,2022,301,1031,13.17,1063,28.84,0
101,2022,301,1032,13.17,1069,28.87,0
101,2022,301,1033,13.17,1084,28.82,0
101,2022,301,1034,13.17,1073,28.76,0
101,2022,301,1035,13.17,1084,28.69,0
101,2022,301,1036,13.17,1114,28.72,0
101,2022,301,1037,13.17,958,28.87,0
101,2022,301,1038,13.17,962,28.97,0
101,2022,301,1039,13.17,825,28.97,0
101,2022,301,1040,13.17,361.6,29.03,0
101,2022,301,1041,13.17,510.9,28.72,0
101,2022,301,1042,13.17,1008,28.6,0
101,2022,301,1043,13.17,1087,28.7,0
101,2022,301,1044,13.17,1088,28.79,0
101,2022,301,1045,13.16,931,28.74,0
101,2022,301,1046,13.17,527.6,28.7,0
101,2022,301,1047,13.16,683.9,28.78,0
101,2022,301,1048,13.16,649.9,28.86,0
101,2022,301,1049,13.17,787,28.68,0
101,2022,301,1050,13.16,1109,28.64,0
101,2022,301,1051,13.17,1143,28.76,0
101,2022,301,1052,13.16,867,28.73,0
101,2022,301,1053,13.17,1135,28.77,0
101,2022,301,1054,13.17,933,28.83,0
101,2022,301,1055,13.16,1054,29.03,0
101,2022,301,1056,13.16,452.9,28.9,0
101,2022,301,1057,13.16,702,28.86,0
101,2022,301,1058,13.17,1187,28.91,0
101,2022,301,1059,13.17,1031,29.08,0
101,2022,301,1100,13.17,822,29.31,0
101,2022,301,1101,13.16,390.6,29.21,0
101,2022,301,1102,13.16,315.1,28.93,0
101,2022,301,1103,13.16,375.7,28.8,0
101,2022,301,1104,13.17,969,28.73,0
101,2022,301,1105,13.16,445.1,28.91,0
101,2022,301,1106,13.16,663.1,28.94,0
101,2022,301,1107,13.17,398.1,28.73,0
101,2022,301,1108,13.16,362,28.33,0
101,2022,301,1109,13.16,321.2,28.15,0
101,2022,301,1110,13.16,301.8,28.07,0
101,2022,301,1111,13.17,607.8,28.12,0
101,2022,301,1112,13.16,1055,28.21,0
101,2022,301,1113,13.16,1096,28.42,0
101,2022,301,1114,13.16,1085,28.77,0
101,2022,301,1115,13.17,1084,28.8,0
101,2022,301,1116,13.16,1093,28.76,0
101,2022,301,1117,13.17,1109,28.93,0
101,2022,301,1118,13.16,1029,29.22,0
101,2022,301,1119,13.16,1190,29.22,0
101,2022,301,1120,13.16,779,29.29,0
101,2022,301,1121,13.16,914,28.95,0
101,2022,301,1122,13.16,1182,28.98,0
101,2022,301,1123,13.16,501.9,28.94,0
101,2022,301,1124,13.16,398.7,28.86,0
101,2022,301,1125,13.16,421.8,28.87,0
101,2022,301,1126,13.16,302,28.81,0
101,2022,301,1127,13.16,227.5,28.64,0
101,2022,301,1128,13.16,192.6,28.54,0
101,2022,301,1129,13.16,181.5,28.48,0
101,2022,301,1130,13.16,177.3,28.43,0
101,2022,301,1131,13.16,182.8,28.3,0
101,2022,301,1132,13.16,209.7,28.14,0
101,2022,301,1133,13.16,230.4,28.1,0
101,2022,301,1134,13.16,237.1,28.04,0
101,2022,301,1135,13.16,224.8,27.94,0
101,2022,301,1136,13.16,218.1,27.88,0
101,2022,301,1137,13.16,239.8,27.81,0
101,2022,301,1138,13.16,312.4,27.8,0
101,2022,301,1139,13.16,351.2,27.8,0
101,2022,301,1140,13.17,624.2,27.83,0
101,2022,301,1141,13.16,869,27.96,0
101,2022,301,1142,13.16,473.5,28.07,0
101,2022,301,1143,13.16,425.1,28.2,0
101,2022,301,1144,13.16,662.9,28.31,0
101,2022,301,1145,13.17,547.8,28.25,0
101,2022,301,1146,13.16,377.6,28.2,0
101,2022,301,1147,13.16,376,28.23,0
101,2022,301,1148,13.16,863,28.2,0
101,2022,301,1149,13.17,413.7,28.34,0
101,2022,301,1150,13.17,365.6,28.41,0
101,2022,301,1151,13.17,316,28.37,0
101,2022,301,1152,13.16,343.4,28.37,0
101,2022,301,1153,13.16,1026,28.39,0
101,2022,301,1154,13.16,1093,28.58,0
101,2022,301,1155,13.17,435,28.58,0
101,2022,301,1156,13.16,331.5,28.34,0
101,2022,301,1157,13.16,436.9,28.26,0
101,2022,301,1158,13.16,440.4,28.27,0
101,2022,301,1159,13.16,398.3,28.28,0
101,2022,301,1200,13.16,343.8,28.29,0
101,2022,301,1201,13.16,383.5,28.23,0
101,2022,301,1202,13.16,434.6,28.17,0
101,2022,301,1203,13.16,669.4,28.27,0
101,2022,301,1204,13.16,1004,28.33,0
101,2022,301,1205,13.16,497.2,28.39,0
101,2022,301,1206,13.16,820,28.39,0
101,2022,301,1207,13.17,1118,28.52,0
101,2022,301,1208,13.16,654.7,28.87,0
101,2022,301,1209,13.17,352.3,29.04,0
101,2022,301,1210,13.16,343.3,28.75,0
101,2022,301,1211,13.16,594.4,28.71,0
101,2022,301,1212,13.16,341.8,28.76,0
101,2022,301,1213,13.17,412.8,28.62,0
101,2022,301,1214,13.17,1089,28.69,0
101,2022,301,1215,13.16,1082,28.96,0
101,2022,301,1216,13.16,1088,29.17,0
101,2022,301,1217,13.16,1092,29.24,0
101,2022,301,1218,13.17,1095,29.24,0
101,2022,301,1219,13.17,1071,29.27,0
101,2022,301,1220,13.17,1056,29.27,0
101,2022,301,1221,13.16,1046,29.3,0
101,2022,301,1222,13.16,1046,29.35,0
101,2022,301,1223,13.16,1043,29.47,0
101,2022,301,1224,13.16,1040,29.34,0
101,2022,301,1225,13.16,1058,29.59,0
101,2022,301,1226,13.16,1077,29.69,0
101,2022,301,1227,13.16,968,29.49,0
101,2022,301,1228,13.16,748,29.29,0
101,2022,301,1229,13.16,1039,29.3,0
101,2022,301,1230,13.16,1020,29.42,0
101,2022,301,1231,13.16,1009,29.69,0
101,2022,301,1232,13.15,1002,29.82,0
101,2022,301,1233,13.16,1004,29.51,0
101,2022,301,1234,13.16,1011,29.42,0
101,2022,301,1235,13.16,1015,29.46,0
101,2022,301,1236,13.16,1020,29.58,0
101,2022,301,1237,13.16,1044,29.81,0
101,2022,301,1238,13.16,915,29.7,0
101,2022,301,1239,13.16,1063,29.68,0
101,2022,301,1240,13.16,476.7,29.7,0
101,2022,301,1241,13.16,286.3,29.32,0
101,2022,301,1242,13.16,710,29.14,0
101,2022,301,1243,13.16,935,29.07,0
101,2022,301,1244,13.16,323.2,29.06,0
101,2022,301,1245,13.16,306.5,29.02,0
101,2022,301,1246,13.15,417.4,28.92,0
101,2022,301,1247,13.16,561.3,28.76,0
101,2022,301,1248,13.15,511.7,28.84,0
101,2022,301,1249,13.16,983,28.87,0
101,2022,301,1250,13.16,977,29.01,0
101,2022,301,1251,13.16,998,29.16,0
101,2022,301,1252,13.16,809,29.24,0
101,2022,301,1253,13.16,622.9,29.28,0
101,2022,301,1254,13.16,201.3,29.47,0
101,2022,301,1255,13.16,250.4,29.34,0
101,2022,301,1256,13.16,971,28.97,0
101,2022,301,1257,13.16,1007,29.03,0
101,2022,301,1258,13.16,1004,29.05,0
101,2022,301,1259,13.16,997,29,0
101,2022,301,1300,13.16,1005,29.13,0
101,2022,301,1301,13.16,998,29.3,0
101,2022,301,1302,13.16,891,29.09,0
101,2022,301,1303,13.16,1023,29.24,0
101,2022,301,1304,13.16,788,29.3,0
101,2022,301,1305,13.16,873,29.11,0
101,2022,301,1306,13.16,351.5,29.03,0
101,2022,301,1307,13.16,446.9,28.98,0
101,2022,301,1308,13.16,421.3,28.96,0
101,2022,301,1309,13.15,405.6,28.95,0
101,2022,301,1310,13.15,983,28.82,0
101,2022,301,1311,13.16,1019,28.86,0
101,2022,301,1312,13.15,927,29.06,0
101,2022,301,1313,13.16,858,29.16,0
101,2022,301,1314,13.15,551.7,29.1,0
101,2022,301,1315,13.16,417.8,29.03,0
101,2022,301,1316,13.16,876,29.08,0
101,2022,301,1317,13.16,915,29.09,0
101,2022,301,1318,13.16,933,28.96,0
101,2022,301,1319,13.16,949,29.07,0
101,2022,301,1320,13.16,773,29.2,0
101,2022,301,1321,13.16,925,29.2,0
101,2022,301,1322,13.16,908,29.15,0
101,2022,301,1323,13.16,905,29.09,0
101,2022,301,1324,13.16,909,29.02,0
101,2022,301,1325,13.16,917,29.12,0
101,2022,301,1326,13.16,930,29.23,0
101,2022,301,1327,13.16,944,29.28,0
101,2022,301,1328,13.16,760,29.22,0
101,2022,301,1329,13.16,722,29.24,0
101,2022,301,1330,13.16,920,29.33,0
101,2022,301,1331,13.16,531,29.45,0
101,2022,301,1332,13.16,645.2,29.33,0
101,2022,301,1333,13.16,760,29.21,0
101,2022,301,1334,13.16,900,29.35,0
101,2022,301,1335,13.16,879,29.4,0
101,2022,301,1336,13.15,865,29.24,0
101,2022,301,1337,13.16,862,29.15,0
101,2022,301,1338,13.16,862,29.18,0
101,2022,301,1339,13.16,863,29.31,0
101,2022,301,1340,13.16,859,29.57,0
101,2022,301,1341,13.16,866,29.68,0
101,2022,301,1342,13.15,882,29.81,0
101,2022,301,1343,13.16,886,29.91,0
101,2022,301,1344,13.16,884,29.72,0
101,2022,301,1345,13.15,863,29.53,0
101,2022,301,1346,13.15,848,29.55,0
101,2022,301,1347,13.15,842,29.67,0
101,2022,301,1348,13.15,838,29.53,0
101,2022,301,1349,13.16,830,29.42,0
101,2022,301,1350,13.16,828,29.33,0
101,2022,301,1351,13.15,830,29.18,0
101,2022,301,1352,13.15,830,29.21,0
101,2022,301,1353,13.15,827,29.23,0
101,2022,301,1354,13.15,817,29.14,0
101,2022,301,1355,13.15,804,29.29,0
101,2022,301,1356,13.15,795,29.3,0
101,2022,301,1357,13.16,794,29.13,0
101,2022,301,1358,13.15,799,29.05,0
101,2022,301,1359,13.15,813,29.05,0
101,2022,301,1400,13.15,830,29.08,0
101,2022,301,1401,13.16,847,29.17,0
101,2022,301,1402,13.16,825,29.36,0
101,2022,301,1403,13.16,379.9,29.28,0
101,2022,301,1404,13.16,247.9,29.02,0
101,2022,301,1405,13.16,419,28.88,0
101,2022,301,1406,13.15,778,28.83,0
101,2022,301,1407,13.15,770,28.99,0
101,2022,301,1408,13.15,761,29.1,0
101,2022,301,1409,13.16,751,28.98,0
101,2022,301,1410,13.16,746,28.91,0
101,2022,301,1411,13.16,745,28.99,0
101,2022,301,1412,13.16,717,29.07,0
101,2022,301,1413,13.16,737,29.13,0
101,2022,301,1414,13.15,731,29.09,0
101,2022,301,1415,13.16,727,29.17,0
101,2022,301,1416,13.16,712,29,0
101,2022,301,1417,13.16,721,28.94,0
101,2022,301,1418,13.15,721,29.06,0
101,2022,301,1419,13.16,720,29.01,0
101,2022,301,1420,13.16,716,29.03,0
101,2022,301,1421,13.16,707,28.95,0
101,2022,301,1422,13.16,701,28.85,0
101,2022,301,1423,13.16,698.6,28.83,0
101,2022,301,1424,13.16,695.4,28.86,0
101,2022,301,1425,13.16,691.3,28.9,0
101,2022,301,1426,13.16,685.4,28.95,0
101,2022,301,1427,13.16,682.2,28.88,0
101,2022,301,1428,13.15,679.8,28.77,0
101,2022,301,1429,13.16,675.7,28.75,0
101,2022,301,1430,13.16,670.4,28.93,0
101,2022,301,1431,13.16,663.7,29.08,0
101,2022,301,1432,13.16,662.1,28.91,0
101,2022,301,1433,13.16,658.5,28.94,0
101,2022,301,1434,13.16,654.1,29.01,0
101,2022,301,1435,13.16,651.5,28.73,0
101,2022,301,1436,13.16,647.1,28.65,0
101,2022,301,1437,13.16,641.9,28.78,0
101,2022,301,1438,13.16,638.1,29.02,0
101,2022,301,1439,13.16,635.6,28.93,0
101,2022,301,1440,13.16,631.4,28.96,0
101,2022,301,1441,13.16,624.7,28.8,0
101,2022,301,1442,13.16,619.9,28.87,0
101,2022,301,1443,13.16,613.4,28.88,0
101,2022,301,1444,13.16,612,28.86,0
101,2022,301,1445,13.16,611.9,28.77,0
101,2022,301,1446,13.16,606.5,28.65,0
101,2022,301,1447,13.16,601.2,28.74,0
101,2022,301,1448,13.16,594.9,28.77,0
101,2022,301,1449,13.16,592,28.77,0
101,2022,301,1450,13.16,591.8,28.74,0
101,2022,301,1451,13.16,584.5,28.79,0
101,2022,301,1452,13.16,574.7,28.83,0
101,2022,301,1453,13.16,578,28.79,0
101,2022,301,1454,13.16,577.2,28.78,0
101,2022,301,1455,13.16,573,28.7,0
101,2022,301,1456,13.16,570.4,28.39,0
101,2022,301,1457,13.16,568.8,28.32,0
101,2022,301,1458,13.16,563.8,28.27,0
101,2022,301,1459,13.16,559.6,28.26,0
101,2022,301,1500,13.16,553.5,28.29,0
101,2022,301,1501,13.16,549.7,28.43,0
101,2022,301,1502,13.16,545.8,28.4,0
101,2022,301,1503,13.17,543.2,28.55,0
101,2022,301,1504,13.17,539.5,28.44,0
101,2022,301,1505,13.16,534.2,28.25,0
101,2022,301,1506,13.16,530.3,28.09,0
101,2022,301,1507,13.17,526.7,28.11,0
101,2022,301,1508,13.16,525,28.15,0
101,2022,301,1509,13.16,523.2,28.26,0
101,2022,301,1510,13.16,519.4,28.36,0
101,2022,301,1511,13.16,517.3,28.44,0
101,2022,301,1512,13.16,517,28.4,0
101,2022,301,1513,13.16,512.7,28.32,0
101,2022,301,1514,13.16,504,28.29,0
101,2022,301,1515,13.16,496.8,28.2,0
101,2022,301,1516,13.16,489.9,28.27,0
101,2022,301,1517,13.17,484.8,28.27,0
101,2022,301,1518,13.16,479,28.04,0
101,2022,301,1519,13.16,473.8,28.03,0
101,2022,301,1520,13.16,473.2,28.12,0
101,2022,301,1521,13.16,467.4,28.12,0
101,2022,301,1522,13.16,463.3,28.11,0
101,2022,301,1523,13.16,458,28.13,0
101,2022,301,1524,13.17,455.2,28.06,0
101,2022,301,1525,13.17,449.4,27.97,0
101,2022,301,1526,13.16,445.1,27.95,0
101,2022,301,1527,13.16,441.3,27.95,0
101,2022,301,1528,13.17,438.2,28.09,0
101,2022,301,1529,13.17,434.5,27.97,0
101,2022,301,1530,13.16,428.4,27.93,0
101,2022,301,1531,13.16,422.8,27.97,0
101,2022,301,1532,13.16,413.8,28.05,0
101,2022,301,1533,13.17,411.7,28.05,0
101,2022,301,1534,13.16,408.7,28.08,0
101,2022,301,1535,13.17,405.8,28.04,0
101,2022,301,1536,13.17,400.5,27.87,0
101,2022,301,1537,13.17,400.3,27.78,0
101,2022,301,1538,13.17,396.6,27.76,0
101,2022,301,1539,13.17,391.3,27.7,0
101,2022,301,1540,13.17,387.9,27.62,0
101,2022,301,1541,13.17,383.7,27.69,0
101,2022,301,1542,13.17,378.7,27.7,0
101,2022,301,1543,13.17,372.8,27.81,0
101,2022,301,1544,13.17,368.4,27.79,0
101,2022,301,1545,13.17,363,27.7,0
101,2022,301,1546,13.17,358,27.67,0
101,2022,301,1547,13.17,355.4,27.64,0
101,2022,301,1548,13.17,350.6,27.57,0
101,2022,301,1549,13.17,343.9,27.5,0
101,2022,301,1550,13.17,339,27.5,0
101,2022,301,1551,13.17,335.9,27.61,0
101,2022,301,1552,13.17,334.7,27.68,0
101,2022,301,1553,13.17,332,27.67,0
101,2022,301,1554,13.17,327.4,27.61,0
101,2022,301,1555,13.17,320.4,27.66,0
101,2022,301,1556,13.17,314.8,27.75,0
101,2022,301,1557,13.17,311.1,27.75,0
101,2022,301,1558,13.17,306.3,27.67,0
101,2022,301,1559,13.17,304,27.58,0
101,2022,301,1600,13.17,300.5,27.59,0
101,2022,301,1601,13.17,296.8,27.56,0
101,2022,301,1602,13.17,293.5,27.41,0
101,2022,301,1603,13.17,290,27.31,0
101,2022,301,1604,13.17,284.8,27.33,0
101,2022,301,1605,13.17,279,27.35,0
101,2022,301,1606,13.17,273.1,27.36,0
101,2022,301,1607,13.17,269,27.37,0
101,2022,301,1608,13.17,264.4,27.38,0
101,2022,301,1609,13.17,255,27.37,0
101,2022,301,1610,13.17,246,27.29,0
101,2022,301,1611,13.17,250.6,27.29,0
101,2022,301,1612,13.17,245.5,27.31,0
101,2022,301,1613,13.17,242.5,27.26,0
101,2022,301,1614,13.17,238.6,27.15,0
101,2022,301,1615,13.17,235.3,27.07,0
101,2022,301,1616,13.17,230.7,26.99,0
101,2022,301,1617,13.17,225.4,26.97,0
101,2022,301,1618,13.17,220.9,26.95,0
101,2022,301,1619,13.17,216.2,26.92,0
101,2022,301,1620,13.17,211.6,26.92,0
101,2022,301,1621,13.17,205.2,26.9,0
101,2022,301,1622,13.17,199.5,26.86,0
101,2022,301,1623,13.17,196.2,26.82,0
101,2022,301,1624,13.17,190.7,26.81,0
101,2022,301,1625,13.17,186,26.7,0
101,2022,301,1626,13.18,181.9,26.68,0
101,2022,301,1627,13.18,178.5,26.67,0
101,2022,301,1628,13.18,174.4,26.65,0
101,2022,301,1629,13.18,170.5,26.68,0
101,2022,301,1630,13.18,165.4,26.66,0
101,2022,301,1631,13.18,160.2,26.63,0
101,2022,301,1632,13.18,155.3,26.6,0
101,2022,301,1633,13.18,151.7,26.57,0
101,2022,301,1634,13.18,148.4,26.56,0
101,2022,301,1635,13.18,144.4,26.55,0
101,2022,301,1636,13.18,139.9,26.51,0
101,2022,301,1637,13.18,135.6,26.51,0
101,2022,301,1638,13.18,130.8,26.49,0
101,2022,301,1639,13.18,126.2,26.48,0
101,2022,301,1640,13.18,121.8,26.43,0
101,2022,301,1641,13.18,117.4,26.39,0
101,2022,301,1642,13.18,113.4,26.38,0
101,2022,301,1643,13.18,109.5,26.32,0
101,2022,301,1644,13.18,105.4,26.27,0
101,2022,301,1645,13.18,101.4,26.26,0
101,2022,301,1646,13.18,97.2,26.24,0
101,2022,301,1647,13.18,92.7,26.22,0
101,2022,301,1648,13.18,88.7,26.19,0
101,2022,301,1649,13.18,84.9,26.16,0
101,2022,301,1650,13.18,80.9,26.13,0
101,2022,301,1651,13.18,77,26.11,0
101,2022,301,1652,13.18,73.3,26.08,0
101,2022,301,1653,13.17,69.98,26.06,0
101,2022,301,1654,13.17,66.69,26.04,0
101,2022,301,1655,13.17,63.62,26,0
101,2022,301,1656,13.16,60.49,25.97,0
101,2022,301,1657,13.15,57.4,25.94,0
101,2022,301,1658,13.15,54.35,25.91,0
101,2022,301,1659,13.14,49.68,25.89,0
101,2022,301,1700,13.12,42.41,25.84,0
101,2022,301,1701,13.11,37.63,25.8,0
101,2022,301,1702,13.1,32.41,25.76,0
101,2022,301,1703,13.09,24.84,25.72,0
101,2022,301,1704,13.09,21.54,25.68,0
101,2022,301,1705,13.07,21.83,25.64,0
101,2022,301,1706,13.07,21.6,25.6,0
101,2022,301,1707,13.06,19.94,25.57,0
101,2022,301,1708,13.06,18.22,25.53,0
101,2022,301,1709,13.05,15.35,25.49,0
101,2022,301,1710,13.04,13.04,25.46,0
101,2022,301,1711,13.04,11.55,25.44,0
101,2022,301,1712,13.03,10.59,25.43,0
101,2022,301,1713,13.03,10,25.4,0
101,2022,301,1714,13.02,9.35,25.36,0
101,2022,301,1715,13.02,8.48,25.33,0
101,2022,301,1716,13.01,7.63,25.29,0
101,2022,301,1717,13.01,6.873,25.25,0
101,2022,301,1718,13.01,6.169,25.23,0
101,2022,301,1719,13,5.549,25.2,0
101,2022,301,1720,12.99,4.958,25.16,0
101,2022,301,1721,12.99,4.394,25.14,0
101,2022,301,1722,12.99,4.056,25.11,0
101,2022,301,1723,12.99,3.831,25.08,0
101,2022,301,1724,12.98,3.38,25.05,0
101,2022,301,1725,12.98,2.958,25.02,0
101,2022,301,1726,12.97,2.676,24.99,0
101,2022,301,1727,12.97,2.169,24.96,0
101,2022,301,1728,12.96,2,24.93,0
101,2022,301,1729,12.96,1.549,24.91,0
101,2022,301,1730,12.96,1.324,24.88,0
101,2022,301,1731,12.96,.958,24.85,0
101,2022,301,1732,12.95,.676,24.84,0
101,2022,301,1733,12.95,.676,24.82,0
101,2022,301,1734,12.95,.676,24.8,0
101,2022,301,1735,12.94,.507,24.78,0
101,2022,301,1736,12.94,.366,24.75,0
101,2022,301,1737,12.94,.113,24.72,0
101,2022,301,1738,12.93,.028,24.71,0
101,2022,301,1739,12.93,0,24.69,0
101,2022,301,1740,12.93,0,24.66,0
101,2022,301,1741,12.93,0,24.64,0
101,2022,301,1742,12.93,0,24.61,0
101,2022,301,1743,12.92,0,24.59,0
101,2022,301,1744,12.92,0,24.56,0
101,2022,301,1745,12.92,0,24.54,0
101,2022,301,1746,12.92,0,24.52,0
101,2022,301,1747,12.91,0,24.5,0
101,2022,301,1748,12.91,0,24.48,0
101,2022,301,1749,12.91,0,24.46,0
101,2022,301,1750,12.91,0,24.44,0
101,2022,301,1751,12.91,0,24.43,0
101,2022,301,1752,12.91,0,24.41,0
101,2022,301,1753,12.9,0,24.41,0
101,2022,301,1754,12.9,0,24.4,0
101,2022,301,1755,12.9,0,24.38,0
101,2022,301,1756,12.9,0,24.36,0
101,2022,301,1757,12.9,0,24.34,0
101,2022,301,1758,12.89,0,24.32,0
101,2022,301,1759,12.9,0,24.31,0
