a,b,dia_juliano,d,e,f,g,h
101,2022,293,2400,12.78,0,21.15,0
101,2022,293,1,12.78,.085,21.15,0
101,2022,293,2,12.78,.085,21.12,0
101,2022,293,3,12.78,0,21.11,0
101,2022,293,4,12.78,.028,21.08,0
101,2022,293,5,12.78,0,21.06,0
101,2022,293,6,12.78,0,21.06,0
101,2022,293,7,12.78,0,21.07,0
101,2022,293,8,12.78,0,21.01,0
101,2022,293,9,12.78,0,20.96,0
101,2022,293,10,12.78,0,20.93,0
101,2022,293,11,12.78,0,20.9,0
101,2022,293,12,12.78,.028,20.89,0
101,2022,293,13,12.78,0,20.91,0
101,2022,293,14,12.78,.113,20.92,0
101,2022,293,15,12.78,.056,20.96,0
101,2022,293,16,12.78,0,20.98,0
101,2022,293,17,12.78,.028,20.97,0
101,2022,293,18,12.78,.028,21.01,0
101,2022,293,19,12.77,.028,21.05,0
101,2022,293,20,12.78,.028,21.04,0
101,2022,293,21,12.78,.028,21.01,0
101,2022,293,22,12.78,0,20.99,0
101,2022,293,23,12.78,0,20.96,0
101,2022,293,24,12.78,0,20.94,0
101,2022,293,25,12.77,0,20.93,0
101,2022,293,26,12.78,0,20.91,0
101,2022,293,27,12.77,0,20.89,0
101,2022,293,28,12.78,0,20.89,0
101,2022,293,29,12.77,0,20.9,0
101,2022,293,30,12.78,.028,20.92,0
101,2022,293,31,12.77,.113,20.92,0
101,2022,293,32,12.77,.169,20.94,0
101,2022,293,33,12.77,.056,20.97,0
101,2022,293,34,12.77,0,20.99,0
101,2022,293,35,12.77,0,21,0
101,2022,293,36,12.78,0,21.01,0
101,2022,293,37,12.77,0,21.02,0
101,2022,293,38,12.77,0,21.03,0
101,2022,293,39,12.77,0,21.03,0
101,2022,293,40,12.77,0,21.04,0
101,2022,293,41,12.77,0,21.05,0
101,2022,293,42,12.77,0,21.03,0
101,2022,293,43,12.77,0,21.03,0
101,2022,293,44,12.77,0,21.01,0
101,2022,293,45,12.77,0,21.01,0
101,2022,293,46,12.77,0,21.01,0
101,2022,293,47,12.77,0,21.01,0
101,2022,293,48,12.77,0,20.99,0
101,2022,293,49,12.77,0,20.98,0
101,2022,293,50,12.77,0,20.98,0
101,2022,293,51,12.77,0,21,0
101,2022,293,52,12.77,0,20.99,0
101,2022,293,53,12.77,0,20.99,0
101,2022,293,54,12.77,0,20.98,0
101,2022,293,55,12.77,0,20.98,0
101,2022,293,56,12.77,0,20.98,0
101,2022,293,57,12.77,0,20.99,0
101,2022,293,58,12.77,0,20.98,0
101,2022,293,59,12.77,.028,20.94,0
101,2022,293,100,12.77,.028,20.89,0
101,2022,293,101,12.77,.028,20.88,0
101,2022,293,102,12.77,.141,20.88,0
101,2022,293,103,12.77,.028,20.85,0
101,2022,293,104,12.77,.085,20.79,0
101,2022,293,105,12.77,0,20.76,0
101,2022,293,106,12.77,0,20.75,0
101,2022,293,107,12.77,0,20.76,0
101,2022,293,108,12.77,0,20.75,0
101,2022,293,109,12.77,0,20.75,0
101,2022,293,110,12.77,0,20.76,0
101,2022,293,111,12.77,0,20.76,0
101,2022,293,112,12.77,0,20.77,0
101,2022,293,113,12.77,0,20.75,0
101,2022,293,114,12.77,0,20.74,0
101,2022,293,115,12.77,0,20.74,0
101,2022,293,116,12.77,0,20.74,0
101,2022,293,117,12.77,0,20.75,0
101,2022,293,118,12.77,0,20.76,0
101,2022,293,119,12.77,0,20.79,0
101,2022,293,120,12.77,0,20.77,0
101,2022,293,121,12.77,0,20.77,0
101,2022,293,122,12.77,0,20.75,0
101,2022,293,123,12.77,0,20.73,0
101,2022,293,124,12.77,0,20.72,0
101,2022,293,125,12.77,0,20.71,0
101,2022,293,126,12.77,0,20.68,0
101,2022,293,127,12.77,0,20.68,0
101,2022,293,128,12.77,0,20.7,0
101,2022,293,129,12.77,0,20.71,0
101,2022,293,130,12.77,0,20.71,0
101,2022,293,131,12.77,0,20.7,0
101,2022,293,132,12.77,0,20.71,0
101,2022,293,133,12.77,0,20.73,0
101,2022,293,134,12.77,0,20.73,0
101,2022,293,135,12.77,0,20.73,0
101,2022,293,136,12.77,0,20.75,0
101,2022,293,137,12.77,0,20.76,0
101,2022,293,138,12.77,0,20.75,0
101,2022,293,139,12.77,0,20.74,0
101,2022,293,140,12.77,0,20.7,0
101,2022,293,141,12.77,0,20.66,0
101,2022,293,142,12.77,.028,20.61,0
101,2022,293,143,12.77,0,20.59,0
101,2022,293,144,12.76,0,20.55,0
101,2022,293,145,12.77,0,20.55,0
101,2022,293,146,12.77,0,20.55,0
101,2022,293,147,12.77,0,20.57,0
101,2022,293,148,12.76,0,20.58,0
101,2022,293,149,12.77,0,20.61,0
101,2022,293,150,12.76,0,20.63,0
101,2022,293,151,12.76,0,20.62,0
101,2022,293,152,12.76,0,20.61,0
101,2022,293,153,12.76,0,20.63,0
101,2022,293,154,12.76,.056,20.61,0
101,2022,293,155,12.76,0,20.62,0
101,2022,293,156,12.76,0,20.62,0
101,2022,293,157,12.76,0,20.62,0
101,2022,293,158,12.76,0,20.59,0
101,2022,293,159,12.76,0,20.58,0
101,2022,293,200,12.76,0,20.58,0
101,2022,293,201,12.76,0,20.59,0
101,2022,293,202,12.76,0,20.59,0
101,2022,293,203,12.76,0,20.57,0
101,2022,293,204,12.76,0,20.54,0
101,2022,293,205,12.76,0,20.51,0
101,2022,293,206,12.76,0,20.48,0
101,2022,293,207,12.76,0,20.48,0
101,2022,293,208,12.76,0,20.47,0
101,2022,293,209,12.76,0,20.47,0
101,2022,293,210,12.76,0,20.46,0
101,2022,293,211,12.76,0,20.46,0
101,2022,293,212,12.76,0,20.49,0
101,2022,293,213,12.76,0,20.52,0
101,2022,293,214,12.76,0,20.54,0
101,2022,293,215,12.76,0,20.52,0
101,2022,293,216,12.76,0,20.51,0
101,2022,293,217,12.76,0,20.51,0
101,2022,293,218,12.76,0,20.51,0
101,2022,293,219,12.76,0,20.52,0
101,2022,293,220,12.76,0,20.53,0
101,2022,293,221,12.76,0,20.54,0
101,2022,293,222,12.76,0,20.52,0
101,2022,293,223,12.76,0,20.52,0
101,2022,293,224,12.76,0,20.52,0
101,2022,293,225,12.76,0,20.54,0
101,2022,293,226,12.76,0,20.56,0
101,2022,293,227,12.76,0,20.56,0
101,2022,293,228,12.76,0,20.56,0
101,2022,293,229,12.76,0,20.56,0
101,2022,293,230,12.76,0,20.56,0
101,2022,293,231,12.76,0,20.52,0
101,2022,293,232,12.76,0,20.48,0
101,2022,293,233,12.76,0,20.47,0
101,2022,293,234,12.76,0,20.42,0
101,2022,293,235,12.76,0,20.41,0
101,2022,293,236,12.76,0,20.42,0
101,2022,293,237,12.76,0,20.43,0
101,2022,293,238,12.76,0,20.49,0
101,2022,293,239,12.75,0,20.51,0
101,2022,293,240,12.76,0,20.51,0
101,2022,293,241,12.75,0,20.51,0
101,2022,293,242,12.75,0,20.54,0
101,2022,293,243,12.75,0,20.53,0
101,2022,293,244,12.75,0,20.54,0
101,2022,293,245,12.75,0,20.54,0
101,2022,293,246,12.75,0,20.53,0
101,2022,293,247,12.75,0,20.54,0
101,2022,293,248,12.75,0,20.54,0
101,2022,293,249,12.75,0,20.52,0
101,2022,293,250,12.75,0,20.5,0
101,2022,293,251,12.75,0,20.49,0
101,2022,293,252,12.75,0,20.47,0
101,2022,293,253,12.75,0,20.45,0
101,2022,293,254,12.75,.028,20.44,0
101,2022,293,255,12.75,.085,20.45,0
101,2022,293,256,12.75,.056,20.48,0
101,2022,293,257,12.75,.028,20.43,0
101,2022,293,258,12.75,.141,20.41,0
101,2022,293,259,12.75,.113,20.42,0
101,2022,293,300,12.75,.113,20.41,0
101,2022,293,301,12.75,.169,20.41,0
101,2022,293,302,12.75,.197,20.41,0
101,2022,293,303,12.75,.197,20.39,0
101,2022,293,304,12.75,.169,20.38,0
101,2022,293,305,12.75,.226,20.38,0
101,2022,293,306,12.75,.254,20.34,0
101,2022,293,307,12.75,.226,20.3,0
101,2022,293,308,12.75,.197,20.28,0
101,2022,293,309,12.75,.169,20.26,0
101,2022,293,310,12.75,.085,20.23,0
101,2022,293,311,12.75,.31,20.2,0
101,2022,293,312,12.75,.338,20.18,0
101,2022,293,313,12.75,.254,20.18,0
101,2022,293,314,12.75,.31,20.16,0
101,2022,293,315,12.75,.282,20.16,0
101,2022,293,316,12.75,.254,20.13,0
101,2022,293,317,12.75,.197,20.1,0
101,2022,293,318,12.75,.141,20.09,0
101,2022,293,319,12.75,.085,20.08,0
101,2022,293,320,12.75,.085,20.07,0
101,2022,293,321,12.75,.141,20.05,0
101,2022,293,322,12.75,.113,20.03,0
101,2022,293,323,12.75,.113,20.02,0
101,2022,293,324,12.75,.197,20.01,0
101,2022,293,325,12.75,.226,20.01,0
101,2022,293,326,12.75,.31,20,0
101,2022,293,327,12.75,.31,19.99,0
101,2022,293,328,12.75,.254,19.99,0
101,2022,293,329,12.75,.141,20,0
101,2022,293,330,12.75,.056,20.01,0
101,2022,293,331,12.75,.169,20,0
101,2022,293,332,12.75,.226,20,0
101,2022,293,333,12.75,.056,19.97,0
101,2022,293,334,12.75,.056,19.96,0
101,2022,293,335,12.75,.056,19.97,0
101,2022,293,336,12.75,.197,19.97,0
101,2022,293,337,12.75,.282,19.97,0
101,2022,293,338,12.75,.254,19.95,0
101,2022,293,339,12.75,.226,19.97,0
101,2022,293,340,12.75,.282,20,0
101,2022,293,341,12.75,.31,20.03,0
101,2022,293,342,12.75,.226,20.09,0
101,2022,293,343,12.74,.197,20.13,0
101,2022,293,344,12.74,.197,20.13,0
101,2022,293,345,12.74,.169,20.15,0
101,2022,293,346,12.74,.226,20.15,0
101,2022,293,347,12.74,.141,20.15,0
101,2022,293,348,12.74,.141,20.16,0
101,2022,293,349,12.74,.169,20.19,0
101,2022,293,350,12.74,.113,20.22,0
101,2022,293,351,12.74,.169,20.25,0
101,2022,293,352,12.74,.085,20.29,0
101,2022,293,353,12.74,.028,20.31,0
101,2022,293,354,12.74,.113,20.32,0
101,2022,293,355,12.74,.085,20.31,0
101,2022,293,356,12.74,.085,20.29,0
101,2022,293,357,12.74,.085,20.31,0
101,2022,293,358,12.74,.028,20.32,0
101,2022,293,359,12.74,.056,20.32,0
101,2022,293,400,12.74,.028,20.31,0
101,2022,293,401,12.74,0,20.31,0
101,2022,293,402,12.74,0,20.33,0
101,2022,293,403,12.74,0,20.37,0
101,2022,293,404,12.74,0,20.37,0
101,2022,293,405,12.74,0,20.36,0
101,2022,293,406,12.74,0,20.38,0
101,2022,293,407,12.74,-.028,20.4,0
101,2022,293,408,12.74,0,20.4,0
101,2022,293,409,12.74,0,20.39,0
101,2022,293,410,12.74,0,20.38,0
101,2022,293,411,12.74,0,20.36,0
101,2022,293,412,12.74,0,20.36,0
101,2022,293,413,12.74,0,20.34,0
101,2022,293,414,12.74,0,20.35,0
101,2022,293,415,12.74,0,20.32,0
101,2022,293,416,12.74,0,20.29,0
101,2022,293,417,12.74,0,20.31,0
101,2022,293,418,12.74,0,20.32,0
101,2022,293,419,12.73,0,20.3,0
101,2022,293,420,12.74,0,20.29,0
101,2022,293,421,12.73,0,20.26,0
101,2022,293,422,12.73,0,20.25,0
101,2022,293,423,12.73,0,20.23,0
101,2022,293,424,12.73,.028,20.19,0
101,2022,293,425,12.73,0,20.2,0
101,2022,293,426,12.73,.028,20.2,0
101,2022,293,427,12.73,.056,20.18,0
101,2022,293,428,12.73,0,20.19,0
101,2022,293,429,12.73,0,20.19,0
101,2022,293,430,12.73,0,20.17,0
101,2022,293,431,12.73,0,20.19,0
101,2022,293,432,12.73,0,20.25,0
101,2022,293,433,12.73,0,20.24,0
101,2022,293,434,12.73,0,20.24,0
101,2022,293,435,12.73,.056,20.23,0
101,2022,293,436,12.73,.113,20.23,0
101,2022,293,437,12.73,.197,20.22,0
101,2022,293,438,12.73,.338,20.22,0
101,2022,293,439,12.73,.338,20.19,0
101,2022,293,440,12.73,.338,20.21,0
101,2022,293,441,12.73,.338,20.22,0
101,2022,293,442,12.73,.423,20.2,0
101,2022,293,443,12.73,.649,20.2,0
101,2022,293,444,12.73,.677,20.22,0
101,2022,293,445,12.73,.79,20.23,0
101,2022,293,446,12.73,.987,20.23,0
101,2022,293,447,12.73,1.015,20.23,0
101,2022,293,448,12.73,1.212,20.22,0
101,2022,293,449,12.73,1.353,20.25,0
101,2022,293,450,12.73,1.635,20.21,0
101,2022,293,451,12.73,1.805,20.17,0
101,2022,293,452,12.73,2.087,20.09,0
101,2022,293,453,12.73,2.34,20.11,0
101,2022,293,454,12.73,2.65,20.13,0
101,2022,293,455,12.73,3.045,20.13,0
101,2022,293,456,12.73,3.44,20.11,0
101,2022,293,457,12.73,3.807,20.08,0
101,2022,293,458,12.73,4.286,20.06,0
101,2022,293,459,12.73,4.511,20.05,0
101,2022,293,500,12.73,4.822,20.05,0
101,2022,293,501,12.73,5.386,20.06,0
101,2022,293,502,12.73,5.837,20.02,0
101,2022,293,503,12.73,6.344,19.98,0
101,2022,293,504,12.73,6.852,19.96,0
101,2022,293,505,12.73,7.36,19.94,0
101,2022,293,506,12.73,7.98,19.93,0
101,2022,293,507,12.73,8.49,19.93,0
101,2022,293,508,12.73,9.11,19.93,0
101,2022,293,509,12.73,9.93,19.95,0
101,2022,293,510,12.73,10.94,19.96,0
101,2022,293,511,12.73,12.27,20.02,0
101,2022,293,512,12.74,14.49,20.08,0
101,2022,293,513,12.76,17.68,20.12,0
101,2022,293,514,12.78,21.46,20.13,0
101,2022,293,515,12.8,25.55,20.12,0
101,2022,293,516,12.82,28.79,20.13,0
101,2022,293,517,12.84,30.82,20.14,0
101,2022,293,518,12.86,29.8,20.16,0
101,2022,293,519,12.89,29.49,20.17,0
101,2022,293,520,12.91,30.34,20.18,0
101,2022,293,521,12.95,31.52,20.2,0
101,2022,293,522,12.99,32.03,20.22,0
101,2022,293,523,13.02,31.78,20.21,0
101,2022,293,524,13.06,32.09,20.22,0
101,2022,293,525,13.1,33.27,20.24,0
101,2022,293,526,13.13,34.94,20.26,0
101,2022,293,527,13.17,36.46,20.28,0
101,2022,293,528,13.22,38.01,20.3,0
101,2022,293,529,13.27,40.01,20.32,0
101,2022,293,530,13.31,41.59,20.34,0
101,2022,293,531,13.32,42.8,20.37,0
101,2022,293,532,13.33,43.48,20.39,0
101,2022,293,533,13.33,44.15,20.42,0
101,2022,293,534,13.33,44.94,20.44,0
101,2022,293,535,13.33,45.7,20.47,0
101,2022,293,536,13.33,45.76,20.5,0
101,2022,293,537,13.33,45.08,20.54,0
101,2022,293,538,13.33,43.93,20.57,0
101,2022,293,539,13.33,43.25,20.6,0
101,2022,293,540,13.33,43.03,20.66,0
101,2022,293,541,13.33,42.94,20.7,0
101,2022,293,542,13.33,43.28,20.73,0
101,2022,293,543,13.33,43.84,20.75,0
101,2022,293,544,13.33,43.87,20.75,0
101,2022,293,545,13.33,43.14,20.76,0
101,2022,293,546,13.33,42.1,20.78,0
101,2022,293,547,13.33,41.45,20.78,0
101,2022,293,548,13.33,41.81,20.8,0
101,2022,293,549,13.33,43.98,20.82,0
101,2022,293,550,13.33,79.4,20.84,0
101,2022,293,551,13.33,101,20.89,0
101,2022,293,552,13.33,113.8,20.98,0
101,2022,293,553,13.33,127.3,21.13,0
101,2022,293,554,13.33,143.3,21.3,0
101,2022,293,555,13.32,157.2,21.47,0
101,2022,293,556,13.32,167.4,21.62,0
101,2022,293,557,13.32,175.1,21.76,0
101,2022,293,558,13.32,179.9,21.92,0
101,2022,293,559,13.32,161.8,22.11,0
101,2022,293,600,13.32,136.3,22.24,0
101,2022,293,601,13.31,176,22.37,0
101,2022,293,602,13.31,195,22.43,0
101,2022,293,603,13.31,185.5,22.49,0
101,2022,293,604,13.31,196.3,22.58,0
101,2022,293,605,13.31,201.8,22.7,0
101,2022,293,606,13.3,204,22.84,0
101,2022,293,607,13.3,203.6,22.93,0
101,2022,293,608,13.3,200,23.06,0
101,2022,293,609,13.3,194.2,23.16,0
101,2022,293,610,13.3,191,23.27,0
101,2022,293,611,13.3,192.4,23.33,0
101,2022,293,612,13.3,193.7,23.41,0
101,2022,293,613,13.3,195.4,23.55,0
101,2022,293,614,13.3,196.7,23.61,0
101,2022,293,615,13.29,205.2,23.66,0
101,2022,293,616,13.29,211.6,23.73,0
101,2022,293,617,13.29,218.1,23.69,0
101,2022,293,618,13.29,219.9,23.66,0
101,2022,293,619,13.29,222.5,23.7,0
101,2022,293,620,13.29,226.3,23.86,0
101,2022,293,621,13.29,229.9,24.03,0
101,2022,293,622,13.28,233.9,24.11,0
101,2022,293,623,13.28,234.8,24.19,0
101,2022,293,624,13.28,239.6,24.28,0
101,2022,293,625,13.28,246,24.32,0
101,2022,293,626,13.28,250.2,24.31,0
101,2022,293,627,13.28,255.5,24.32,0
101,2022,293,628,13.28,258,24.31,0
101,2022,293,629,13.28,261.7,24.27,0
101,2022,293,630,13.28,267.8,24.3,0
101,2022,293,631,13.27,272,24.36,0
101,2022,293,632,13.27,274.6,24.47,0
101,2022,293,633,13.27,278.5,24.41,0
101,2022,293,634,13.27,284.2,24.46,0
101,2022,293,635,13.27,288.6,24.49,0
101,2022,293,636,13.27,292.4,24.47,0
101,2022,293,637,13.27,296.6,24.47,0
101,2022,293,638,13.26,300.2,24.5,0
101,2022,293,639,13.26,304.2,24.57,0
101,2022,293,640,13.26,307.9,24.62,0
101,2022,293,641,13.26,311.6,24.67,0
101,2022,293,642,13.26,314.8,24.74,0
101,2022,293,643,13.26,319.7,24.72,0
101,2022,293,644,13.26,324,24.75,0
101,2022,293,645,13.26,329,24.74,0
101,2022,293,646,13.25,332.8,24.76,0
101,2022,293,647,13.25,337.5,24.78,0
101,2022,293,648,13.25,341.7,24.76,0
101,2022,293,649,13.25,346,24.7,0
101,2022,293,650,13.25,350.7,24.56,0
101,2022,293,651,13.25,356.2,24.52,0
101,2022,293,652,13.24,360.1,24.54,0
101,2022,293,653,13.24,364.2,24.59,0
101,2022,293,654,13.24,368.3,24.63,0
101,2022,293,655,13.24,374.3,24.71,0
101,2022,293,656,13.24,380.5,24.71,0
101,2022,293,657,13.24,387.1,24.71,0
101,2022,293,658,13.24,393.3,24.69,0
101,2022,293,659,13.24,399.2,24.68,0
101,2022,293,700,13.23,402.9,24.73,0
101,2022,293,701,13.23,402.6,24.79,0
101,2022,293,702,13.23,402.8,24.84,0
101,2022,293,703,13.23,404.6,24.95,0
101,2022,293,704,13.23,409.3,25,0
101,2022,293,705,13.23,412,24.94,0
101,2022,293,706,13.23,418.8,24.89,0
101,2022,293,707,13.23,420.8,24.94,0
101,2022,293,708,13.23,431.7,24.97,0
101,2022,293,709,13.22,386.7,25.14,0
101,2022,293,710,13.22,456.9,25.19,0
101,2022,293,711,13.22,465,25.34,0
101,2022,293,712,13.22,468.8,25.33,0
101,2022,293,713,13.22,473.3,25.33,0
101,2022,293,714,13.22,472.8,25.37,0
101,2022,293,715,13.22,465.7,25.51,0
101,2022,293,716,13.21,460.9,25.56,0
101,2022,293,717,13.22,464.2,25.63,0
101,2022,293,718,13.21,470.5,25.61,0
101,2022,293,719,13.21,332.9,25.64,0
101,2022,293,720,13.21,478.8,25.58,0
101,2022,293,721,13.21,483.1,25.63,0
101,2022,293,722,13.2,487.8,25.72,0
101,2022,293,723,13.21,495,25.71,0
101,2022,293,724,13.21,500.8,25.77,0
101,2022,293,725,13.21,505.9,25.88,0
101,2022,293,726,13.2,510.9,25.92,0
101,2022,293,727,13.2,516.3,26.01,0
101,2022,293,728,13.2,521.7,26.12,0
101,2022,293,729,13.2,507.1,26.15,0
101,2022,293,730,13.2,314.2,26.02,0
101,2022,293,731,13.2,227.7,25.98,0
101,2022,293,732,13.2,474,25.95,0
101,2022,293,733,13.2,613.8,25.84,0
101,2022,293,734,13.19,625.5,25.84,0
101,2022,293,735,13.2,613.7,25.9,0
101,2022,293,736,13.19,599.9,26.12,0
101,2022,293,737,13.19,596.7,26.32,0
101,2022,293,738,13.19,591,26.28,0
101,2022,293,739,13.19,592.3,26.09,0
101,2022,293,740,13.19,597.1,26.05,0
101,2022,293,741,13.19,605,26.19,0
101,2022,293,742,13.19,616.9,26.34,0
101,2022,293,743,13.19,560.1,26.43,0
101,2022,293,744,13.18,226.9,26.47,0
101,2022,293,745,13.19,369.2,26.31,0
101,2022,293,746,13.18,684.6,26.21,0
101,2022,293,747,13.19,685.3,26.21,0
101,2022,293,748,13.18,412.8,26.2,0
101,2022,293,749,13.19,261.7,26.1,0
101,2022,293,750,13.18,244,26.08,0
101,2022,293,751,13.19,232.3,26.05,0
101,2022,293,752,13.18,221.9,25.95,0
101,2022,293,753,13.19,222.7,25.89,0
101,2022,293,754,13.18,257.3,25.83,0
101,2022,293,755,13.19,343.7,25.79,0
101,2022,293,756,13.19,277.6,25.79,0
101,2022,293,757,13.19,264.8,25.86,0
101,2022,293,758,13.19,241.2,25.92,0
101,2022,293,759,13.19,216.4,25.93,0
101,2022,293,800,13.19,210.1,25.83,0
101,2022,293,801,13.19,210.3,25.78,0
101,2022,293,802,13.19,215,25.74,0
101,2022,293,803,13.19,237,25.74,0
101,2022,293,804,13.2,496.2,25.74,0
101,2022,293,805,13.2,798,25.82,0
101,2022,293,806,13.2,832,26.13,0
101,2022,293,807,13.2,839,26.24,0
101,2022,293,808,13.19,747,26.44,0
101,2022,293,809,13.19,603.3,26.57,0
101,2022,293,810,13.19,509.8,26.62,0
101,2022,293,811,13.19,768,26.59,0
101,2022,293,812,13.19,758,26.61,0
101,2022,293,813,13.19,709,26.64,0
101,2022,293,814,13.18,750,26.67,0
101,2022,293,815,13.19,766,26.72,0
101,2022,293,816,13.18,778,26.86,0
101,2022,293,817,13.18,779,27.01,0
101,2022,293,818,13.18,774,27.18,0
101,2022,293,819,13.18,775,27.2,0
101,2022,293,820,13.17,769,27.16,0
101,2022,293,821,13.17,761,27.05,0
101,2022,293,822,13.17,761,26.91,0
101,2022,293,823,13.17,758,26.93,0
101,2022,293,824,13.17,752,26.86,0
101,2022,293,825,13.17,602.5,26.83,0
101,2022,293,826,13.17,749,26.79,0
101,2022,293,827,13.17,710,26.78,0
101,2022,293,828,13.16,294.8,26.74,0
101,2022,293,829,13.16,218,26.7,0
101,2022,293,830,13.16,203.4,26.73,0
101,2022,293,831,13.17,194.8,26.78,0
101,2022,293,832,13.16,192.9,26.7,0
101,2022,293,833,13.17,201.6,26.51,0
101,2022,293,834,13.17,215.8,26.43,0
101,2022,293,835,13.17,221.7,26.25,0
101,2022,293,836,13.17,220.1,26.13,0
101,2022,293,837,13.17,218.7,26.09,0
101,2022,293,838,13.17,221,26.09,0
101,2022,293,839,13.17,231.9,26.02,0
101,2022,293,840,13.17,252.7,25.96,0
101,2022,293,841,13.18,283.5,25.87,0
101,2022,293,842,13.17,308.8,25.84,0
101,2022,293,843,13.18,338.4,25.87,0
101,2022,293,844,13.18,759,25.93,0
101,2022,293,845,13.18,876,26.08,0
101,2022,293,846,13.18,932,26.31,0
101,2022,293,847,13.18,862,26.49,0
101,2022,293,848,13.18,599.4,26.59,0
101,2022,293,849,13.18,501.3,26.6,0
101,2022,293,850,13.18,424.3,26.56,0
101,2022,293,851,13.18,412.5,26.45,0
101,2022,293,852,13.17,398.8,26.52,0
101,2022,293,853,13.18,395.2,26.62,0
101,2022,293,854,13.18,727,26.68,0
101,2022,293,855,13.18,538.8,26.69,0
101,2022,293,856,13.17,412.5,26.82,0
101,2022,293,857,13.17,373.7,26.77,0
101,2022,293,858,13.17,442.8,26.83,0
101,2022,293,859,13.17,1000,26.94,0
101,2022,293,900,13.17,1014,26.96,0
101,2022,293,901,13.17,1015,27.21,0
101,2022,293,902,13.18,1023,27.4,0
101,2022,293,903,13.17,1001,27.67,0
101,2022,293,904,13.17,938,27.64,0
101,2022,293,905,13.17,633.3,27.89,0
101,2022,293,906,13.17,726,27.78,0
101,2022,293,907,13.17,982,27.61,0
101,2022,293,908,13.17,974,27.54,0
101,2022,293,909,13.17,968,27.52,0
101,2022,293,910,13.17,966,27.61,0
101,2022,293,911,13.17,969,27.5,0
101,2022,293,912,13.17,972,27.53,0
101,2022,293,913,13.17,974,27.51,0
101,2022,293,914,13.17,977,27.62,0
101,2022,293,915,13.17,970,27.5,0
101,2022,293,916,13.17,968,27.58,0
101,2022,293,917,13.17,632.3,27.74,0
101,2022,293,918,13.17,412.1,27.65,0
101,2022,293,919,13.17,740,27.58,0
101,2022,293,920,13.17,438.1,27.39,0
101,2022,293,921,13.17,575.1,27.36,0
101,2022,293,922,13.17,910,27.25,0
101,2022,293,923,13.17,929,27.4,0
101,2022,293,924,13.17,342.9,27.48,0
101,2022,293,925,13.17,291.8,27.34,0
101,2022,293,926,13.17,776,27.25,0
101,2022,293,927,13.17,994,27.56,0
101,2022,293,928,13.17,489.2,27.74,0
101,2022,293,929,13.17,494,27.66,0
101,2022,293,930,13.17,986,27.71,0
101,2022,293,931,13.17,971,27.67,0
101,2022,293,932,13.17,979,27.59,0
101,2022,293,933,13.17,963,27.57,0
101,2022,293,934,13.17,892,27.46,0
101,2022,293,935,13.17,582.1,27.56,0
101,2022,293,936,13.17,904,27.69,0
101,2022,293,937,13.17,980,27.89,0
101,2022,293,938,13.17,976,28.01,0
101,2022,293,939,13.17,980,27.58,0
101,2022,293,940,13.17,982,27.51,0
101,2022,293,941,13.17,980,27.51,0
101,2022,293,942,13.17,691.1,27.74,0
101,2022,293,943,13.17,631,27.78,0
101,2022,293,944,13.17,719,27.81,0
101,2022,293,945,13.17,997,27.78,0
101,2022,293,946,13.17,1000,28.01,0
101,2022,293,947,13.17,1003,28.09,0
101,2022,293,948,13.17,1008,28.3,0
101,2022,293,949,13.17,932,28.51,0
101,2022,293,950,13.17,988,28.61,0
101,2022,293,951,13.16,1022,28.73,0
101,2022,293,952,13.16,1013,28.71,0
101,2022,293,953,13.16,1037,28.51,0
101,2022,293,954,13.16,1017,28.32,0
101,2022,293,955,13.16,997,28.29,0
101,2022,293,956,13.16,996,28.5,0
101,2022,293,957,13.16,952,28.53,0
101,2022,293,958,13.16,993,28.45,0
101,2022,293,959,13.16,1001,28.4,0
101,2022,293,1000,13.16,991,28.51,0
101,2022,293,1001,13.16,308.2,28.51,0
101,2022,293,1002,13.17,266.3,28.28,0
101,2022,293,1003,13.16,817,27.99,0
101,2022,293,1004,13.16,1020,28.11,0
101,2022,293,1005,13.16,1088,28.22,0
101,2022,293,1006,13.16,1064,27.96,0
101,2022,293,1007,13.16,1054,27.99,0
101,2022,293,1008,13.16,1046,28.13,0
101,2022,293,1009,13.16,1066,28.42,0
101,2022,293,1010,13.16,835,28.65,0
101,2022,293,1011,13.16,536.8,28.39,0
101,2022,293,1012,13.16,1117,28.02,0
101,2022,293,1013,13.16,1128,28.33,0
101,2022,293,1014,13.16,1113,28.63,0
101,2022,293,1015,13.16,1090,28.75,0
101,2022,293,1016,13.16,1064,28.67,0
101,2022,293,1017,13.16,1044,28.61,0
101,2022,293,1018,13.16,1036,28.74,0
101,2022,293,1019,13.16,1035,28.89,0
101,2022,293,1020,13.16,1051,28.89,0
101,2022,293,1021,13.16,591.1,28.82,0
101,2022,293,1022,13.16,319.4,28.91,0
101,2022,293,1023,13.16,1033,28.64,0
101,2022,293,1024,13.16,1090,28.51,0
101,2022,293,1025,13.16,515.4,28.39,0
101,2022,293,1026,13.16,928,28.45,0
101,2022,293,1027,13.16,1133,28.59,0
101,2022,293,1028,13.15,1117,28.66,0
101,2022,293,1029,13.15,1130,28.53,0
101,2022,293,1030,13.16,1155,28.51,0
101,2022,293,1031,13.16,983,28.63,0
101,2022,293,1032,13.16,1148,28.67,0
101,2022,293,1033,13.16,1132,28.61,0
101,2022,293,1034,13.16,1111,28.66,0
101,2022,293,1035,13.16,1092,28.57,0
101,2022,293,1036,13.15,1087,28.45,0
101,2022,293,1037,13.16,1091,28.38,0
101,2022,293,1038,13.16,1095,28.53,0
101,2022,293,1039,13.16,1102,28.41,0
101,2022,293,1040,13.15,905,28.57,0
101,2022,293,1041,13.15,514.3,28.61,0
101,2022,293,1042,13.16,1084,28.41,0
101,2022,293,1043,13.16,1087,28.31,0
101,2022,293,1044,13.16,1093,28.28,0
101,2022,293,1045,13.16,1101,28.34,0
101,2022,293,1046,13.15,1106,28.65,0
101,2022,293,1047,13.16,1115,28.87,0
101,2022,293,1048,13.15,1128,29.03,0
101,2022,293,1049,13.16,1143,29.17,0
101,2022,293,1050,13.16,903,29.11,0
101,2022,293,1051,13.15,998,28.89,0
101,2022,293,1052,13.16,1111,28.67,0
101,2022,293,1053,13.15,1103,28.57,0
101,2022,293,1054,13.15,1091,28.73,0
101,2022,293,1055,13.15,1089,28.65,0
101,2022,293,1056,13.16,1088,28.53,0
101,2022,293,1057,13.15,1087,28.66,0
101,2022,293,1058,13.15,1092,28.77,0
101,2022,293,1059,13.15,1098,29.02,0
101,2022,293,1100,13.15,1099,29.07,0
101,2022,293,1101,13.15,1090,28.95,0
101,2022,293,1102,13.15,1089,29.08,0
101,2022,293,1103,13.15,1103,29.16,0
101,2022,293,1104,13.15,1120,29.13,0
101,2022,293,1105,13.15,1167,29.25,0
101,2022,293,1106,13.15,1162,29.22,0
101,2022,293,1107,13.15,1176,29.16,0
101,2022,293,1108,13.15,1177,29.08,0
101,2022,293,1109,13.15,1163,29.05,0
101,2022,293,1110,13.15,1131,28.99,0
101,2022,293,1111,13.15,1104,28.88,0
101,2022,293,1112,13.15,1088,29.05,0
101,2022,293,1113,13.15,1077,28.8,0
101,2022,293,1114,13.15,1073,28.95,0
101,2022,293,1115,13.15,1073,28.91,0
101,2022,293,1116,13.15,1068,29.08,0
101,2022,293,1117,13.15,1073,29.16,0
101,2022,293,1118,13.15,1068,29.15,0
101,2022,293,1119,13.15,1067,29.02,0
101,2022,293,1120,13.15,1067,29.12,0
101,2022,293,1121,13.15,1071,29.01,0
101,2022,293,1122,13.15,1083,29.27,0
101,2022,293,1123,13.15,1107,29.12,0
101,2022,293,1124,13.15,975,29.08,0
101,2022,293,1125,13.15,760,28.66,0
101,2022,293,1126,13.15,1085,28.5,0
101,2022,293,1127,13.15,1125,28.62,0
101,2022,293,1128,13.15,1116,28.88,0
101,2022,293,1129,13.15,1116,28.76,0
101,2022,293,1130,13.15,1119,29.09,0
101,2022,293,1131,13.15,744,28.8,0
101,2022,293,1132,13.15,803,28.82,0
101,2022,293,1133,13.15,1126,29.15,0
101,2022,293,1134,13.15,1090,29.41,0
101,2022,293,1135,13.15,1085,29.35,0
101,2022,293,1136,13.15,1087,29.35,0
101,2022,293,1137,13.15,1097,29.41,0
101,2022,293,1138,13.15,1094,29.41,0
101,2022,293,1139,13.15,1139,29.17,0
101,2022,293,1140,13.15,1135,29.23,0
101,2022,293,1141,13.15,1093,29.16,0
101,2022,293,1142,13.15,1143,29.4,0
101,2022,293,1143,13.15,1146,29.5,0
101,2022,293,1144,13.15,1133,29.34,0
101,2022,293,1145,13.15,1130,28.95,0
101,2022,293,1146,13.15,1134,28.86,0
101,2022,293,1147,13.15,1143,28.98,0
101,2022,293,1148,13.15,799,29.09,0
101,2022,293,1149,13.15,323.8,29.11,0
101,2022,293,1150,13.15,344.6,28.95,0
101,2022,293,1151,13.15,1022,28.77,0
101,2022,293,1152,13.15,1086,28.74,0
101,2022,293,1153,13.15,1078,28.73,0
101,2022,293,1154,13.15,1070,28.94,0
101,2022,293,1155,13.15,1068,29.36,0
101,2022,293,1156,13.15,1063,29.7,0
101,2022,293,1157,13.15,1066,29.54,0
101,2022,293,1158,13.15,807,29.1,0
101,2022,293,1159,13.15,854,29.11,0
101,2022,293,1200,13.15,1143,29.01,0
101,2022,293,1201,13.15,915,29.03,0
101,2022,293,1202,13.15,1109,28.99,0
101,2022,293,1203,13.15,1110,28.96,0
101,2022,293,1204,13.15,1091,29.18,0
101,2022,293,1205,13.15,1083,29.58,0
101,2022,293,1206,13.15,1090,29.63,0
101,2022,293,1207,13.15,1089,29.71,0
101,2022,293,1208,13.15,1091,29.77,0
101,2022,293,1209,13.15,1100,29.6,0
101,2022,293,1210,13.15,1115,29.44,0
101,2022,293,1211,13.15,1111,29.37,0
101,2022,293,1212,13.15,1104,29.49,0
101,2022,293,1213,13.15,1084,29.2,0
101,2022,293,1214,13.15,1072,29.32,0
101,2022,293,1215,13.15,1061,29.52,0
101,2022,293,1216,13.15,1056,29.36,0
101,2022,293,1217,13.15,987,29.23,0
101,2022,293,1218,13.14,1066,29.06,0
101,2022,293,1219,13.15,1078,29.15,0
101,2022,293,1220,13.14,1075,29.11,0
101,2022,293,1221,13.15,711,29.04,0
101,2022,293,1222,13.15,1095,28.76,0
101,2022,293,1223,13.14,623.8,28.88,0
101,2022,293,1224,13.15,580.8,28.81,0
101,2022,293,1225,13.15,1014,28.62,0
101,2022,293,1226,13.15,1039,28.75,0
101,2022,293,1227,13.15,1010,28.71,0
101,2022,293,1228,13.15,1002,28.78,0
101,2022,293,1229,13.15,1012,28.86,0
101,2022,293,1230,13.15,1014,28.7,0
101,2022,293,1231,13.15,1008,28.78,0
101,2022,293,1232,13.15,999,29.17,0
101,2022,293,1233,13.15,991,29.55,0
101,2022,293,1234,13.15,989,29.58,0
101,2022,293,1235,13.15,990,29.39,0
101,2022,293,1236,13.15,988,29.32,0
101,2022,293,1237,13.15,987,28.95,0
101,2022,293,1238,13.15,984,28.86,0
101,2022,293,1239,13.15,976,29.11,0
101,2022,293,1240,13.15,981,28.95,0
101,2022,293,1241,13.15,981,29.01,0
101,2022,293,1242,13.15,977,28.8,0
101,2022,293,1243,13.15,976,28.92,0
101,2022,293,1244,13.15,978,29.17,0
101,2022,293,1245,13.15,986,29.33,0
101,2022,293,1246,13.15,895,29.41,0
101,2022,293,1247,13.15,559,29.45,0
101,2022,293,1248,13.15,363.1,29.13,0
101,2022,293,1249,13.15,572.9,29.08,0
101,2022,293,1250,13.15,224.5,28.84,0
101,2022,293,1251,13.15,396.3,28.75,0
101,2022,293,1252,13.15,950,28.68,0
101,2022,293,1253,13.15,956,28.61,0
101,2022,293,1254,13.15,957,28.7,0
101,2022,293,1255,13.15,959,28.71,0
101,2022,293,1256,13.15,964,28.66,0
101,2022,293,1257,13.15,976,28.64,0
101,2022,293,1258,13.15,987,28.9,0
101,2022,293,1259,13.15,989,28.81,0
101,2022,293,1300,13.15,986,28.97,0
101,2022,293,1301,13.15,986,29,0
101,2022,293,1302,13.15,977,28.69,0
101,2022,293,1303,13.15,969,28.8,0
101,2022,293,1304,13.15,976,29.12,0
101,2022,293,1305,13.15,984,29.2,0
101,2022,293,1306,13.15,874,29.39,0
101,2022,293,1307,13.15,921,29.41,0
101,2022,293,1308,13.15,976,29.31,0
101,2022,293,1309,13.15,872,29.31,0
101,2022,293,1310,13.15,467.5,29.34,0
101,2022,293,1311,13.15,714,29.07,0
101,2022,293,1312,13.15,964,29.15,0
101,2022,293,1313,13.15,958,29.26,0
101,2022,293,1314,13.15,930,29.29,0
101,2022,293,1315,13.15,908,29.52,0
101,2022,293,1316,13.15,909,29.48,0
101,2022,293,1317,13.15,912,29.18,0
101,2022,293,1318,13.15,912,29.36,0
101,2022,293,1319,13.15,917,29.44,0
101,2022,293,1320,13.15,921,29.26,0
101,2022,293,1321,13.15,925,29.11,0
101,2022,293,1322,13.15,929,28.79,0
101,2022,293,1323,13.15,931,28.82,0
101,2022,293,1324,13.15,825,28.89,0
101,2022,293,1325,13.15,923,28.91,0
101,2022,293,1326,13.15,910,29.12,0
101,2022,293,1327,13.15,898,29.08,0
101,2022,293,1328,13.15,897,28.93,0
101,2022,293,1329,13.15,901,28.81,0
101,2022,293,1330,13.15,904,28.85,0
101,2022,293,1331,13.15,904,28.78,0
101,2022,293,1332,13.15,900,28.78,0
101,2022,293,1333,13.15,899,28.72,0
101,2022,293,1334,13.15,896,28.7,0
101,2022,293,1335,13.15,890,28.86,0
101,2022,293,1336,13.15,881,28.83,0
101,2022,293,1337,13.15,875,29.15,0
101,2022,293,1338,13.15,882,29.08,0
101,2022,293,1339,13.15,894,28.97,0
101,2022,293,1340,13.15,909,28.97,0
101,2022,293,1341,13.15,917,28.91,0
101,2022,293,1342,13.15,920,28.93,0
101,2022,293,1343,13.15,919,29,0
101,2022,293,1344,13.15,693.1,28.9,0
101,2022,293,1345,13.15,251.2,28.77,0
101,2022,293,1346,13.15,418.1,28.52,0
101,2022,293,1347,13.15,826,28.37,0
101,2022,293,1348,13.15,823,28.42,0
101,2022,293,1349,13.15,822,28.59,0
101,2022,293,1350,13.15,823,28.58,0
101,2022,293,1351,13.15,832,28.53,0
101,2022,293,1352,13.15,838,28.61,0
101,2022,293,1353,13.15,846,28.51,0
101,2022,293,1354,13.15,849,28.5,0
101,2022,293,1355,13.15,836,28.31,0
101,2022,293,1356,13.15,812,28.28,0
101,2022,293,1357,13.15,800,28.41,0
101,2022,293,1358,13.15,798,28.45,0
101,2022,293,1359,13.15,791,28.58,0
101,2022,293,1400,13.15,785,28.68,0
101,2022,293,1401,13.15,783,28.52,0
101,2022,293,1402,13.15,784,28.44,0
101,2022,293,1403,13.15,781,28.61,0
101,2022,293,1404,13.15,647.6,28.65,0
101,2022,293,1405,13.15,561,28.53,0
101,2022,293,1406,13.15,512.2,28.6,0
101,2022,293,1407,13.15,773,28.51,0
101,2022,293,1408,13.15,771,28.59,0
101,2022,293,1409,13.15,764,28.59,0
101,2022,293,1410,13.15,759,28.51,0
101,2022,293,1411,13.15,758,28.36,0
101,2022,293,1412,13.15,759,28.46,0
101,2022,293,1413,13.15,761,28.59,0
101,2022,293,1414,13.15,759,28.38,0
101,2022,293,1415,13.15,759,28.21,0
101,2022,293,1416,13.15,757,28.19,0
101,2022,293,1417,13.15,760,28.13,0
101,2022,293,1418,13.15,734,28.17,0
101,2022,293,1419,13.15,499,28.21,0
101,2022,293,1420,13.15,527.5,28.06,0
101,2022,293,1421,13.15,741,28,0
101,2022,293,1422,13.15,749,28.09,0
101,2022,293,1423,13.15,743,28.51,0
101,2022,293,1424,13.15,521.5,28.5,0
101,2022,293,1425,13.15,533.2,28.34,0
101,2022,293,1426,13.15,705,28.06,0
101,2022,293,1427,13.16,712,27.92,0
101,2022,293,1428,13.15,720,27.94,0
101,2022,293,1429,13.15,726,27.96,0
101,2022,293,1430,13.16,731,28.2,0
101,2022,293,1431,13.16,735,28.24,0
101,2022,293,1432,13.15,729,28.16,0
101,2022,293,1433,13.16,710,28.09,0
101,2022,293,1434,13.16,698.6,28.04,0
101,2022,293,1435,13.16,686.9,28.23,0
101,2022,293,1436,13.16,674.8,28.38,0
101,2022,293,1437,13.16,670.9,28.5,0
101,2022,293,1438,13.15,672.2,28.63,0
101,2022,293,1439,13.16,667.7,28.51,0
101,2022,293,1440,13.16,662.3,28.59,0
101,2022,293,1441,13.16,655.7,28.45,0
101,2022,293,1442,13.16,653.2,28.45,0
101,2022,293,1443,13.16,656.9,28.48,0
101,2022,293,1444,13.16,658,28.41,0
101,2022,293,1445,13.16,652.1,28.14,0
101,2022,293,1446,13.15,644.6,27.91,0
101,2022,293,1447,13.15,636.7,27.73,0
101,2022,293,1448,13.15,620.9,27.87,0
101,2022,293,1449,13.16,615.6,28.05,0
101,2022,293,1450,13.16,614.4,28.22,0
101,2022,293,1451,13.16,467.8,28.09,0
101,2022,293,1452,13.16,217.1,27.78,0
101,2022,293,1453,13.16,250.1,27.66,0
101,2022,293,1454,13.16,555.8,27.62,0
101,2022,293,1455,13.16,378.4,27.67,0
101,2022,293,1456,13.16,163,27.7,0
101,2022,293,1457,13.16,196.5,27.58,0
101,2022,293,1458,13.16,450.5,27.6,0
101,2022,293,1459,13.16,558.4,27.53,0
101,2022,293,1500,13.16,553.4,27.63,0
101,2022,293,1501,13.16,543,27.53,0
101,2022,293,1502,13.16,537,27.54,0
101,2022,293,1503,13.16,535,27.64,0
101,2022,293,1504,13.16,536.5,27.76,0
101,2022,293,1505,13.16,530.6,27.64,0
101,2022,293,1506,13.16,527.4,27.48,0
101,2022,293,1507,13.16,521.7,27.55,0
101,2022,293,1508,13.16,518.9,27.51,0
101,2022,293,1509,13.16,514.5,27.52,0
101,2022,293,1510,13.16,509.7,27.64,0
101,2022,293,1511,13.16,505.7,27.53,0
101,2022,293,1512,13.16,499.6,27.54,0
101,2022,293,1513,13.16,497.8,27.49,0
101,2022,293,1514,13.16,493.8,27.4,0
101,2022,293,1515,13.16,490.3,27.34,0
101,2022,293,1516,13.16,482.9,27.25,0
101,2022,293,1517,13.16,472,27.18,0
101,2022,293,1518,13.16,469.7,27.23,0
101,2022,293,1519,13.16,472.8,27.26,0
101,2022,293,1520,13.16,469.3,27.2,0
101,2022,293,1521,13.16,464.5,27.17,0
101,2022,293,1522,13.16,458.2,27.18,0
101,2022,293,1523,13.16,458,27.21,0
101,2022,293,1524,13.16,328,27.25,0
101,2022,293,1525,13.16,317.2,27.35,0
101,2022,293,1526,13.16,433.6,27.34,0
101,2022,293,1527,13.16,431.7,27.32,0
101,2022,293,1528,13.16,432.5,27.46,0
101,2022,293,1529,13.16,424.7,27.26,0
101,2022,293,1530,13.16,416,27.2,0
101,2022,293,1531,13.16,411.1,27.35,0
101,2022,293,1532,13.16,406.9,27.45,0
101,2022,293,1533,13.16,403.6,27.42,0
101,2022,293,1534,13.16,400.9,27.45,0
101,2022,293,1535,13.16,397.3,27.3,0
101,2022,293,1536,13.16,393.3,27.13,0
101,2022,293,1537,13.16,391.6,27.01,0
101,2022,293,1538,13.16,386.3,27.06,0
101,2022,293,1539,13.16,379.6,27.2,0
101,2022,293,1540,13.16,374.2,27.25,0
101,2022,293,1541,13.16,369.5,27.26,0
101,2022,293,1542,13.16,364.7,27.35,0
101,2022,293,1543,13.16,361,27.31,0
101,2022,293,1544,13.16,358.1,27.25,0
101,2022,293,1545,13.17,354.6,27.26,0
101,2022,293,1546,13.16,352.8,27.27,0
101,2022,293,1547,13.17,348.1,27.25,0
101,2022,293,1548,13.16,344.7,27.19,0
101,2022,293,1549,13.16,338.7,27.15,0
101,2022,293,1550,13.16,333.1,27.11,0
101,2022,293,1551,13.17,331.5,27.05,0
101,2022,293,1552,13.16,327.1,27,0
101,2022,293,1553,13.17,322.8,27.01,0
101,2022,293,1554,13.17,317.3,27,0
101,2022,293,1555,13.17,311,27.03,0
101,2022,293,1556,13.17,305.3,27.07,0
101,2022,293,1557,13.16,300.6,26.99,0
101,2022,293,1558,13.16,295.9,26.97,0
101,2022,293,1559,13.17,291.2,26.99,0
101,2022,293,1600,13.16,287.7,26.91,0
101,2022,293,1601,13.17,282,26.8,0
101,2022,293,1602,13.17,277.7,26.76,0
101,2022,293,1603,13.17,274.3,26.78,0
101,2022,293,1604,13.17,271.6,26.79,0
101,2022,293,1605,13.17,267.9,26.82,0
101,2022,293,1606,13.17,264.5,26.72,0
101,2022,293,1607,13.17,259,26.7,0
101,2022,293,1608,13.17,252.3,26.72,0
101,2022,293,1609,13.17,247.6,26.7,0
101,2022,293,1610,13.17,243.9,26.73,0
101,2022,293,1611,13.17,239.3,26.73,0
101,2022,293,1612,13.17,234.2,26.77,0
101,2022,293,1613,13.17,230.3,26.68,0
101,2022,293,1614,13.17,224.8,26.62,0
101,2022,293,1615,13.17,220.3,26.66,0
101,2022,293,1616,13.17,216.7,26.71,0
101,2022,293,1617,13.17,211.9,26.64,0
101,2022,293,1618,13.17,207.1,26.67,0
101,2022,293,1619,13.17,204.8,26.63,0
101,2022,293,1620,13.17,200.9,26.63,0
101,2022,293,1621,13.17,195.7,26.63,0
101,2022,293,1622,13.17,190.8,26.65,0
101,2022,293,1623,13.17,186.2,26.64,0
101,2022,293,1624,13.17,181.9,26.57,0
101,2022,293,1625,13.17,177.7,26.46,0
101,2022,293,1626,13.17,173.1,26.45,0
101,2022,293,1627,13.18,167.9,26.43,0
101,2022,293,1628,13.18,162.7,26.39,0
101,2022,293,1629,13.18,156.4,26.42,0
101,2022,293,1630,13.18,151.5,26.44,0
101,2022,293,1631,13.18,148.3,26.44,0
101,2022,293,1632,13.17,143.3,26.38,0
101,2022,293,1633,13.18,139.6,26.35,0
101,2022,293,1634,13.18,135.8,26.26,0
101,2022,293,1635,13.18,134.4,26.16,0
101,2022,293,1636,13.18,130.4,26.07,0
101,2022,293,1637,13.18,126.4,26.05,0
101,2022,293,1638,13.18,122,26.02,0
101,2022,293,1639,13.18,117.4,26.01,0
101,2022,293,1640,13.18,113.3,26.04,0
101,2022,293,1641,13.18,106.2,26,0
101,2022,293,1642,13.18,101.7,25.96,0
101,2022,293,1643,13.18,98.6,25.96,0
101,2022,293,1644,13.18,96.2,25.96,0
101,2022,293,1645,13.18,93.6,25.95,0
101,2022,293,1646,13.18,88.9,25.91,0
101,2022,293,1647,13.18,85.7,25.88,0
101,2022,293,1648,13.18,80.5,25.85,0
101,2022,293,1649,13.18,76.1,25.85,0
101,2022,293,1650,13.18,72.2,25.84,0
101,2022,293,1651,13.17,68.45,25.75,0
101,2022,293,1652,13.17,65.52,25.71,0
101,2022,293,1653,13.16,62.05,25.7,0
101,2022,293,1654,13.16,58.98,25.66,0
101,2022,293,1655,13.15,56.17,25.61,0
101,2022,293,1656,13.15,53.29,25.58,0
101,2022,293,1657,13.14,49.94,25.55,0
101,2022,293,1658,13.13,46.65,25.52,0
101,2022,293,1659,13.12,42.76,25.49,0
101,2022,293,1700,13.11,39.49,25.47,0
101,2022,293,1701,13.1,37.04,25.44,0
101,2022,293,1702,13.09,34.48,25.4,0
101,2022,293,1703,13.08,31.66,25.37,0
101,2022,293,1704,13.07,28.87,25.34,0
101,2022,293,1705,13.06,24.62,25.3,0
101,2022,293,1706,13.06,20.54,25.27,0
101,2022,293,1707,13.05,18.42,25.25,0
101,2022,293,1708,13.04,17.58,25.23,0
101,2022,293,1709,13.04,16.56,25.18,0
101,2022,293,1710,13.03,14.93,25.14,0
101,2022,293,1711,13.03,13.3,25.08,0
101,2022,293,1712,13.02,12.14,25.06,0
101,2022,293,1713,13.02,10.99,25.03,0
101,2022,293,1714,13.01,9.97,25.03,0
101,2022,293,1715,13.01,8.96,25,0
101,2022,293,1716,13,7.97,24.96,0
101,2022,293,1717,13,7.13,24.95,0
101,2022,293,1718,12.99,6.198,24.92,0
101,2022,293,1719,12.99,5.521,24.91,0
101,2022,293,1720,12.99,4.845,24.88,0
101,2022,293,1721,12.99,4.226,24.82,0
101,2022,293,1722,12.98,4,24.79,0
101,2022,293,1723,12.97,3.55,24.76,0
101,2022,293,1724,12.97,3.24,24.74,0
101,2022,293,1725,12.97,2.704,24.72,0
101,2022,293,1726,12.96,2.507,24.7,0
101,2022,293,1727,12.96,2.056,24.69,0
101,2022,293,1728,12.96,2.028,24.67,0
101,2022,293,1729,12.95,1.775,24.64,0
101,2022,293,1730,12.95,1.38,24.61,0
101,2022,293,1731,12.95,1.352,24.59,0
101,2022,293,1732,12.94,1.24,24.54,0
101,2022,293,1733,12.94,.986,24.48,0
101,2022,293,1734,12.94,.732,24.44,0
101,2022,293,1735,12.94,.676,24.41,0
101,2022,293,1736,12.93,.676,24.37,0
101,2022,293,1737,12.93,.62,24.32,0
101,2022,293,1738,12.93,.366,24.29,0
101,2022,293,1739,12.93,.141,24.25,0
101,2022,293,1740,12.93,.028,24.22,0
101,2022,293,1741,12.92,.028,24.19,0
101,2022,293,1742,12.92,0,24.18,0
101,2022,293,1743,12.92,0,24.16,0
101,2022,293,1744,12.92,0,24.12,0
101,2022,293,1745,12.91,0,24.09,0
101,2022,293,1746,12.91,0,24.06,0
101,2022,293,1747,12.91,0,24.06,0
101,2022,293,1748,12.91,0,24.03,0
101,2022,293,1749,12.91,0,24.03,0
101,2022,293,1750,12.91,0,24.02,0
101,2022,293,1751,12.91,0,23.98,0
101,2022,293,1752,12.9,0,23.94,0
101,2022,293,1753,12.9,0,23.91,0
101,2022,293,1754,12.9,0,23.88,0
101,2022,293,1755,12.9,0,23.87,0
101,2022,293,1756,12.9,0,23.84,0
101,2022,293,1757,12.9,0,23.84,0
101,2022,293,1758,12.9,0,23.83,0
101,2022,293,1759,12.89,0,23.81,0
101,2022,293,1800,12.89,0,23.79,0
101,2022,293,1801,12.89,0,23.77,0
101,2022,293,1802,12.89,0,23.75,0
101,2022,293,1803,12.89,0,23.73,0
101,2022,293,1804,12.89,0,23.71,0
101,2022,293,1805,12.89,0,23.7,0
101,2022,293,1806,12.88,0,23.69,0
101,2022,293,1807,12.88,0,23.67,0
101,2022,293,1808,12.88,0,23.67,0
101,2022,293,1809,12.88,0,23.67,0
101,2022,293,1810,12.88,0,23.64,0
101,2022,293,1811,12.88,0,23.63,0
101,2022,293,1812,12.88,0,23.6,0
101,2022,293,1813,12.88,0,23.59,0
101,2022,293,1814,12.87,0,23.61,0
101,2022,293,1815,12.88,0,23.61,0
101,2022,293,1816,12.88,0,23.59,0
101,2022,293,1817,12.87,0,23.57,0
101,2022,293,1818,12.87,0,23.56,0
101,2022,293,1819,12.87,0,23.55,0
101,2022,293,1820,12.87,0,23.54,0
101,2022,293,1821,12.87,0,23.54,0
101,2022,293,1822,12.87,0,23.51,0
101,2022,293,1823,12.87,0,23.49,0
101,2022,293,1824,12.86,0,23.46,0
101,2022,293,1825,12.86,0,23.43,0
101,2022,293,1826,12.86,0,23.4,0
101,2022,293,1827,12.86,0,23.37,0
101,2022,293,1828,12.86,0,23.35,0
101,2022,293,1829,12.86,0,23.35,0
101,2022,293,1830,12.86,0,23.34,0
101,2022,293,1831,12.86,0,23.33,0
101,2022,293,1832,12.86,0,23.33,0
101,2022,293,1833,12.86,0,23.32,0
101,2022,293,1834,12.86,0,23.3,0
101,2022,293,1835,12.86,0,23.28,0
101,2022,293,1836,12.86,0,23.26,0
101,2022,293,1837,12.86,0,23.24,0
101,2022,293,1838,12.86,0,23.22,0
101,2022,293,1839,12.86,0,23.2,0
101,2022,293,1840,12.86,0,23.18,0
101,2022,293,1841,12.86,0,23.16,0
101,2022,293,1842,12.85,0,23.15,0
101,2022,293,1843,12.85,0,23.14,0
101,2022,293,1844,12.85,0,23.12,0
101,2022,293,1845,12.85,0,23.11,0
101,2022,293,1846,12.85,0,23.1,0
101,2022,293,1847,12.85,0,23.09,0
101,2022,293,1848,12.85,0,23.07,0
101,2022,293,1849,12.85,0,23.05,0
101,2022,293,1850,12.85,0,23.03,0
101,2022,293,1851,12.85,0,23.01,0
101,2022,293,1852,12.85,0,22.98,0
101,2022,293,1853,12.85,0,22.96,0
101,2022,293,1854,12.84,0,22.92,0
101,2022,293,1855,12.84,0,22.9,0
101,2022,293,1856,12.84,0,22.87,0
101,2022,293,1857,12.84,0,22.84,0
101,2022,293,1858,12.84,0,22.81,0
101,2022,293,1859,12.84,0,22.78,0
101,2022,293,1900,12.84,0,22.76,0
101,2022,293,1901,12.84,0,22.72,0
101,2022,293,1902,12.84,0,22.69,0
101,2022,293,1903,12.84,0,22.66,0
101,2022,293,1904,12.84,0,22.64,0
101,2022,293,1905,12.84,0,22.62,0
101,2022,293,1906,12.84,0,22.6,0
101,2022,293,1907,12.84,0,22.59,0
101,2022,293,1908,12.84,0,22.59,0
101,2022,293,1909,12.84,0,22.59,0
101,2022,293,1910,12.84,0,22.58,0
101,2022,293,1911,12.84,0,22.58,0
101,2022,293,1912,12.84,0,22.58,0
101,2022,293,1913,12.84,0,22.58,0
101,2022,293,1914,12.84,0,22.58,0
101,2022,293,1915,12.84,0,22.57,0
101,2022,293,1916,12.84,0,22.55,0
101,2022,293,1917,12.83,0,22.53,0
101,2022,293,1918,12.84,0,22.52,0
101,2022,293,1919,12.83,0,22.51,0
101,2022,293,1920,12.83,0,22.49,0
101,2022,293,1921,12.83,0,22.49,0
101,2022,293,1922,12.83,0,22.48,0
101,2022,293,1923,12.83,0,22.46,0
101,2022,293,1924,12.83,0,22.44,0
101,2022,293,1925,12.83,0,22.43,0
101,2022,293,1926,12.83,0,22.44,0
101,2022,293,1927,12.83,0,22.43,0
101,2022,293,1928,12.83,0,22.43,0
101,2022,293,1929,12.83,0,22.44,0
101,2022,293,1930,12.83,0,22.45,0
101,2022,293,1931,12.83,0,22.44,0
101,2022,293,1932,12.83,0,22.43,0
101,2022,293,1933,12.83,0,22.44,0
101,2022,293,1934,12.83,0,22.43,0
101,2022,293,1935,12.83,0,22.44,0
101,2022,293,1936,12.83,0,22.43,0
101,2022,293,1937,12.83,0,22.42,0
101,2022,293,1938,12.83,0,22.41,0
101,2022,293,1939,12.83,0,22.41,0
101,2022,293,1940,12.83,0,22.41,0
101,2022,293,1941,12.83,0,22.41,0
101,2022,293,1942,12.83,0,22.4,0
101,2022,293,1943,12.83,0,22.4,0
101,2022,293,1944,12.82,0,22.4,0
101,2022,293,1945,12.82,0,22.4,0
101,2022,293,1946,12.83,0,22.39,0
101,2022,293,1947,12.82,0,22.39,0
101,2022,293,1948,12.83,0,22.38,0
101,2022,293,1949,12.82,0,22.37,0
101,2022,293,1950,12.82,0,22.36,0
101,2022,293,1951,12.82,0,22.35,0
101,2022,293,1952,12.82,0,22.35,0
101,2022,293,1953,12.82,0,22.36,0
101,2022,293,1954,12.82,0,22.35,0
101,2022,293,1955,12.82,0,22.37,0
101,2022,293,1956,12.82,0,22.39,0
101,2022,293,1957,12.82,0,22.41,0
101,2022,293,1958,12.82,0,22.42,0
101,2022,293,1959,12.82,0,22.44,0
101,2022,293,2000,12.82,0,22.43,0
101,2022,293,2001,12.82,0,22.43,0
101,2022,293,2002,12.82,0,22.44,0
101,2022,293,2003,12.82,0,22.46,0
101,2022,293,2004,12.82,0,22.46,0
101,2022,293,2005,12.82,0,22.47,0
101,2022,293,2006,12.82,0,22.51,0
101,2022,293,2007,12.82,0,22.54,0
101,2022,293,2008,12.82,0,22.53,0
101,2022,293,2009,12.82,0,22.53,0
101,2022,293,2010,12.81,0,22.53,0
101,2022,293,2011,12.82,0,22.55,0
101,2022,293,2012,12.81,0,22.57,0
101,2022,293,2013,12.81,0,22.59,0
101,2022,293,2014,12.81,0,22.58,0
101,2022,293,2015,12.81,0,22.58,0
101,2022,293,2016,12.81,0,22.58,0
101,2022,293,2017,12.81,0,22.58,0
101,2022,293,2018,12.81,0,22.58,0
101,2022,293,2019,12.81,0,22.6,0
101,2022,293,2020,12.81,0,22.62,0
101,2022,293,2021,12.81,0,22.63,0
101,2022,293,2022,12.81,0,22.63,0
101,2022,293,2023,12.81,0,22.62,0
101,2022,293,2024,12.81,0,22.61,0
101,2022,293,2025,12.81,0,22.63,0
101,2022,293,2026,12.81,0,22.66,0
101,2022,293,2027,12.81,0,22.66,0
101,2022,293,2028,12.81,0,22.65,0
101,2022,293,2029,12.81,0,22.64,0
101,2022,293,2030,12.81,0,22.64,0
101,2022,293,2031,12.81,0,22.63,0
101,2022,293,2032,12.81,0,22.63,0
101,2022,293,2033,12.81,0,22.6,0
101,2022,293,2034,12.81,0,22.59,0
101,2022,293,2035,12.81,0,22.58,0
101,2022,293,2036,12.81,0,22.57,0
101,2022,293,2037,12.81,0,22.56,0
101,2022,293,2038,12.81,0,22.55,0
101,2022,293,2039,12.81,0,22.54,0
101,2022,293,2040,12.81,0,22.52,0
101,2022,293,2041,12.81,0,22.53,0
101,2022,293,2042,12.81,0,22.51,0
101,2022,293,2043,12.81,0,22.52,0
101,2022,293,2044,12.81,0,22.51,0
101,2022,293,2045,12.81,0,22.51,0
101,2022,293,2046,12.81,0,22.49,0
101,2022,293,2047,12.81,0,22.48,0
101,2022,293,2048,12.81,0,22.46,0
101,2022,293,2049,12.81,0,22.46,0
101,2022,293,2050,12.81,0,22.46,0
101,2022,293,2051,12.81,0,22.46,0
101,2022,293,2052,12.81,0,22.45,0
101,2022,293,2053,12.81,0,22.42,0
101,2022,293,2054,12.81,0,22.41,0
101,2022,293,2055,12.81,0,22.39,0
101,2022,293,2056,12.81,0,22.39,0
101,2022,293,2057,12.81,0,22.38,0
101,2022,293,2058,12.81,0,22.37,0
101,2022,293,2059,12.81,0,22.36,0
101,2022,293,2100,12.81,0,22.34,0
101,2022,293,2101,12.81,0,22.35,0
101,2022,293,2102,12.81,0,22.34,0
101,2022,293,2103,12.81,0,22.33,0
101,2022,293,2104,12.8,0,22.31,0
101,2022,293,2105,12.8,0,22.31,0
101,2022,293,2106,12.8,0,22.3,0
101,2022,293,2107,12.8,0,22.29,0
101,2022,293,2108,12.8,0,22.28,0
101,2022,293,2109,12.8,0,22.28,0
101,2022,293,2110,12.8,0,22.28,0
101,2022,293,2111,12.8,0,22.27,0
101,2022,293,2112,12.8,0,22.26,0
101,2022,293,2113,12.8,0,22.26,0
101,2022,293,2114,12.8,0,22.24,0
101,2022,293,2115,12.8,0,22.24,0
101,2022,293,2116,12.8,0,22.24,0
101,2022,293,2117,12.8,0,22.24,0
101,2022,293,2118,12.8,0,22.25,0
101,2022,293,2119,12.8,0,22.24,0
101,2022,293,2120,12.8,0,22.24,0
101,2022,293,2121,12.8,0,22.22,0
101,2022,293,2122,12.8,0,22.21,0
101,2022,293,2123,12.8,0,22.21,0
101,2022,293,2124,12.8,0,22.21,0
101,2022,293,2125,12.8,0,22.21,0
101,2022,293,2126,12.8,0,22.21,0
101,2022,293,2127,12.8,0,22.19,0
101,2022,293,2128,12.8,0,22.19,0
101,2022,293,2129,12.8,0,22.17,0
101,2022,293,2130,12.8,0,22.16,0
101,2022,293,2131,12.8,0,22.15,0
101,2022,293,2132,12.8,0,22.12,0
101,2022,293,2133,12.8,0,22.1,0
101,2022,293,2134,12.8,0,22.07,0
101,2022,293,2135,12.8,0,22.05,0
101,2022,293,2136,12.8,0,22.02,0
101,2022,293,2137,12.79,0,22.01,0
101,2022,293,2138,12.8,0,21.98,0
101,2022,293,2139,12.8,0,21.94,0
101,2022,293,2140,12.8,0,21.91,0
101,2022,293,2141,12.8,0,21.88,0
101,2022,293,2142,12.79,0,21.84,0
101,2022,293,2143,12.79,0,21.81,0
101,2022,293,2144,12.79,0,21.75,0
101,2022,293,2145,12.79,.028,21.7,0
101,2022,293,2146,12.79,0,21.62,0
101,2022,293,2147,12.79,0,21.47,0
101,2022,293,2148,12.8,.056,21.39,0
101,2022,293,2149,12.79,.056,21.3,0
101,2022,293,2150,12.79,.085,21.23,0
101,2022,293,2151,12.79,.085,21.18,0
101,2022,293,2152,12.79,.085,21.14,0
101,2022,293,2153,12.79,.056,21.12,0
101,2022,293,2154,12.79,.056,21.11,0
101,2022,293,2155,12.79,.028,21.11,0
101,2022,293,2156,12.79,.028,21.07,0
101,2022,293,2157,12.79,.113,21.04,0
101,2022,293,2158,12.79,.226,20.97,0
101,2022,293,2159,12.79,.226,20.88,0
101,2022,293,2200,12.79,.282,20.76,0
101,2022,293,2201,12.79,.226,20.67,0
101,2022,293,2202,12.79,.197,20.59,0
101,2022,293,2203,12.79,.113,20.52,0
101,2022,293,2204,12.79,.085,20.48,0
101,2022,293,2205,12.79,.113,20.44,0
101,2022,293,2206,12.79,.028,20.39,0
101,2022,293,2207,12.79,.085,20.46,0
101,2022,293,2208,12.79,.085,20.5,0
101,2022,293,2209,12.79,.085,20.53,0
101,2022,293,2210,12.79,.028,20.57,0
101,2022,293,2211,12.79,0,20.62,0
101,2022,293,2212,12.79,.028,20.65,0
101,2022,293,2213,12.79,.085,20.67,0
101,2022,293,2214,12.79,0,20.73,0
101,2022,293,2215,12.79,.056,20.78,0
101,2022,293,2216,12.79,.056,20.84,0
101,2022,293,2217,12.79,.141,20.89,0
101,2022,293,2218,12.79,.028,20.9,0
101,2022,293,2219,12.79,.056,20.91,0
101,2022,293,2220,12.79,.056,20.91,0
101,2022,293,2221,12.79,.085,20.91,0
101,2022,293,2222,12.79,.169,20.92,0
101,2022,293,2223,12.79,.085,20.93,0
101,2022,293,2224,12.79,.113,20.93,0
101,2022,293,2225,12.79,.085,20.93,0
101,2022,293,2226,12.79,0,20.92,0
101,2022,293,2227,12.79,.056,20.92,0
101,2022,293,2228,12.79,.085,20.93,0
101,2022,293,2229,12.79,0,20.91,0
101,2022,293,2230,12.79,.028,20.9,0
101,2022,293,2231,12.79,.028,20.9,0
101,2022,293,2232,12.79,.028,20.92,0
101,2022,293,2233,12.79,.028,20.94,0
101,2022,293,2234,12.79,.113,20.91,0
101,2022,293,2235,12.79,.113,20.88,0
101,2022,293,2236,12.79,.197,20.84,0
101,2022,293,2237,12.79,.085,20.84,0
101,2022,293,2238,12.79,.113,20.84,0
101,2022,293,2239,12.79,.141,20.82,0
101,2022,293,2240,12.79,.113,20.8,0
101,2022,293,2241,12.79,.085,20.78,0
101,2022,293,2242,12.79,.113,20.77,0
101,2022,293,2243,12.79,.028,20.75,0
101,2022,293,2244,12.79,.056,20.76,0
101,2022,293,2245,12.79,.113,20.74,0
101,2022,293,2246,12.78,.141,20.72,0
101,2022,293,2247,12.78,.141,20.7,0
101,2022,293,2248,12.78,.085,20.7,0
101,2022,293,2249,12.78,.113,20.72,0
101,2022,293,2250,12.78,.056,20.72,0
101,2022,293,2251,12.78,.085,20.69,0
101,2022,293,2252,12.78,.169,20.67,0
101,2022,293,2253,12.78,.141,20.64,0
101,2022,293,2254,12.78,.197,20.61,0
101,2022,293,2255,12.78,.226,20.59,0
101,2022,293,2256,12.78,.226,20.59,0
101,2022,293,2257,12.78,.141,20.59,0
101,2022,293,2258,12.78,.226,20.64,0
101,2022,293,2259,12.78,.141,20.66,0
101,2022,293,2300,12.78,.113,20.69,0
101,2022,293,2301,12.78,.113,20.71,0
101,2022,293,2302,12.78,.141,20.7,0
101,2022,293,2303,12.78,.197,20.66,0
101,2022,293,2304,12.78,.085,20.65,0
101,2022,293,2305,12.78,.113,20.65,0
101,2022,293,2306,12.78,.085,20.68,0
101,2022,293,2307,12.78,.085,20.71,0
101,2022,293,2308,12.78,.169,20.74,0
101,2022,293,2309,12.78,.141,20.74,0
101,2022,293,2310,12.78,.226,20.73,0
101,2022,293,2311,12.78,.141,20.71,0
101,2022,293,2312,12.78,.113,20.73,0
101,2022,293,2313,12.78,.056,20.76,0
101,2022,293,2314,12.78,.141,20.78,0
101,2022,293,2315,12.78,.113,20.8,0
101,2022,293,2316,12.78,.197,20.8,0
101,2022,293,2317,12.78,.169,20.8,0
101,2022,293,2318,12.78,.226,20.82,0
101,2022,293,2319,12.78,.197,20.85,0
101,2022,293,2320,12.78,.338,20.86,0
101,2022,293,2321,12.78,.226,20.85,0
101,2022,293,2322,12.78,.31,20.82,0
101,2022,293,2323,12.78,.282,20.8,0
101,2022,293,2324,12.78,.31,20.78,0
101,2022,293,2325,12.78,.254,20.78,0
101,2022,293,2326,12.78,.282,20.75,0
101,2022,293,2327,12.78,.338,20.73,0
101,2022,293,2328,12.78,.254,20.73,0
101,2022,293,2329,12.78,.31,20.7,0
101,2022,293,2330,12.78,.31,20.68,0
101,2022,293,2331,12.78,.338,20.66,0
101,2022,293,2332,12.78,.31,20.66,0
101,2022,293,2333,12.78,.254,20.64,0
101,2022,293,2334,12.78,.282,20.62,0
101,2022,293,2335,12.78,.31,20.59,0
101,2022,293,2336,12.78,.254,20.57,0
101,2022,293,2337,12.77,.282,20.61,0
101,2022,293,2338,12.78,.226,20.64,0
101,2022,293,2339,12.77,.254,20.65,0
101,2022,293,2340,12.78,.254,20.67,0
101,2022,293,2341,12.77,.282,20.66,0
101,2022,293,2342,12.77,.282,20.63,0
101,2022,293,2343,12.77,.254,20.6,0
101,2022,293,2344,12.77,.226,20.61,0
101,2022,293,2345,12.77,.254,20.61,0
101,2022,293,2346,12.77,.197,20.64,0
101,2022,293,2347,12.77,.282,20.68,0
101,2022,293,2348,12.77,.254,20.71,0
101,2022,293,2349,12.77,.31,20.72,0
101,2022,293,2350,12.77,.254,20.73,0
101,2022,293,2351,12.77,.282,20.72,0
101,2022,293,2352,12.77,.282,20.71,0
101,2022,293,2353,12.77,.31,20.7,0
101,2022,293,2354,12.77,.254,20.72,0
101,2022,293,2355,12.77,.338,20.7,0
101,2022,293,2356,12.77,.282,20.65,0
101,2022,293,2357,12.77,.282,20.63,0
101,2022,293,2358,12.77,.254,20.62,0
101,2022,293,2359,12.77,.226,20.6,0
