a,b,dia_juliano,d,e,f,g,h
101,2022,296,530,13.3,71.4,21.86,0
101,2022,296,531,13.3,73.5,21.88,0
101,2022,296,532,13.3,75.8,21.89,0
101,2022,296,533,13.3,79.3,21.91,0
101,2022,296,534,13.3,82.6,21.93,0
101,2022,296,535,13.29,85.9,21.96,0
101,2022,296,536,13.29,88.1,22.03,0
101,2022,296,537,13.29,89.9,22.08,0
101,2022,296,538,13.29,91.8,22.13,0
101,2022,296,539,13.29,94.5,22.17,0
101,2022,296,540,13.29,97.4,22.2,0
101,2022,296,541,13.29,100,22.23,0
101,2022,296,542,13.29,103.3,22.29,0
101,2022,296,543,13.29,106.4,22.32,0
101,2022,296,544,13.29,108.8,22.36,0
101,2022,296,545,13.29,111.1,22.4,0
101,2022,296,546,13.29,114.1,22.44,0
101,2022,296,547,13.29,117.5,22.48,0
101,2022,296,548,13.29,119.1,22.54,0
101,2022,296,549,13.29,120.7,22.61,0
101,2022,296,550,13.29,123.6,22.67,0
101,2022,296,551,13.28,127.4,22.73,0
101,2022,296,552,13.28,130.8,22.73,0
101,2022,296,553,13.28,134.1,22.76,0
101,2022,296,554,13.28,136.9,22.82,0
101,2022,296,555,13.28,140,22.91,0
101,2022,296,556,13.28,143.5,22.94,0
101,2022,296,557,13.28,146.7,22.98,0
101,2022,296,558,13.28,149.5,22.99,0
101,2022,296,559,13.28,153.6,23.04,0
101,2022,296,600,13.28,155.3,23.07,0
101,2022,296,601,13.28,156.9,23.1,0
101,2022,296,602,13.28,162.7,23.09,0
101,2022,296,603,13.28,166.9,23.14,0
101,2022,296,604,13.28,170.8,23.18,0
101,2022,296,605,13.27,174.8,23.2,0
101,2022,296,606,13.27,177,23.23,0
101,2022,296,607,13.27,181.1,23.23,0
101,2022,296,608,13.27,184.6,23.29,0
101,2022,296,609,13.27,187.7,23.37,0
101,2022,296,610,13.27,190.2,23.45,0
101,2022,296,611,13.27,193.4,23.47,0
101,2022,296,612,13.27,197.1,23.43,0
101,2022,296,613,13.26,201.4,23.43,0
101,2022,296,614,13.26,207.8,23.46,0
101,2022,296,615,13.26,213.7,23.46,0
101,2022,296,616,13.26,216.8,23.47,0
101,2022,296,617,13.26,222.3,23.54,0
101,2022,296,618,13.26,227.7,23.59,0
101,2022,296,619,13.26,232.9,23.54,0
101,2022,296,620,13.26,236.7,23.57,0
101,2022,296,621,13.26,241.8,23.63,0
101,2022,296,622,13.26,246.3,23.67,0
101,2022,296,623,13.26,252.3,23.76,0
101,2022,296,624,13.26,258.4,23.87,0
101,2022,296,625,13.26,262.8,23.88,0
101,2022,296,626,13.26,264.6,23.83,0
101,2022,296,627,13.26,268.8,23.75,0
101,2022,296,628,13.25,273.7,23.76,0
101,2022,296,629,13.25,278,23.83,0
101,2022,296,630,13.25,283.7,23.95,0
101,2022,296,631,13.25,286.8,24.04,0
101,2022,296,632,13.25,290.2,23.97,0
101,2022,296,633,13.25,294.3,23.92,0
101,2022,296,634,13.25,298.3,23.98,0
101,2022,296,635,13.25,301.9,24.03,0
101,2022,296,636,13.25,304.6,24.08,0
101,2022,296,637,13.25,305.5,24.14,0
101,2022,296,638,13.25,306.9,24.22,0
101,2022,296,639,13.24,311.1,24.3,0
101,2022,296,640,13.24,314,24.35,0
101,2022,296,641,13.24,316.4,24.45,0
101,2022,296,642,13.24,321,24.54,0
101,2022,296,643,13.24,324.4,24.66,0
101,2022,296,644,13.24,326.9,24.67,0
101,2022,296,645,13.24,331.6,24.68,0
101,2022,296,646,13.23,334.8,24.62,0
101,2022,296,647,13.23,338.3,24.67,0
101,2022,296,648,13.23,341.5,24.76,0
101,2022,296,649,13.23,345.6,24.85,0
101,2022,296,650,13.23,350.5,24.94,0
101,2022,296,651,13.23,355.9,24.92,0
101,2022,296,652,13.23,359.7,24.82,0
101,2022,296,653,13.23,362.1,24.74,0
101,2022,296,654,13.23,365.3,24.81,0
101,2022,296,655,13.23,370.6,24.94,0
101,2022,296,656,13.22,375.5,24.99,0
101,2022,296,657,13.22,384.1,25.02,0
101,2022,296,658,13.22,389.4,25.07,0
101,2022,296,659,13.22,388.6,25.11,0
101,2022,296,700,13.22,389.6,25.1,0
101,2022,296,701,13.22,392.4,25.26,0
101,2022,296,702,13.22,398.3,25.32,0
101,2022,296,703,13.21,400.9,25.37,0
101,2022,296,704,13.21,366.4,25.28,0
101,2022,296,705,13.22,413.8,25.38,0
101,2022,296,706,13.21,422.7,25.42,0
101,2022,296,707,13.21,437.5,25.49,0
101,2022,296,708,13.21,457.1,25.47,0
101,2022,296,709,13.21,455.9,25.46,0
101,2022,296,710,13.21,398.5,25.44,0
101,2022,296,711,13.21,464.3,25.57,0
101,2022,296,712,13.21,497.6,25.56,0
101,2022,296,713,13.21,314.4,25.5,0
101,2022,296,714,13.21,200.4,25.47,0
101,2022,296,715,13.21,184.3,25.47,0
101,2022,296,716,13.21,182.7,25.46,0
101,2022,296,717,13.21,418.5,25.45,0
101,2022,296,718,13.21,510,25.49,0
101,2022,296,719,13.21,499.1,25.63,0
101,2022,296,720,13.21,601.4,25.79,0
101,2022,296,721,13.21,427.4,25.94,0
101,2022,296,722,13.2,484.2,26.04,0
101,2022,296,723,13.21,423.7,26.19,0
101,2022,296,724,13.21,661.1,26.16,0
101,2022,296,725,13.2,658,26.16,0
101,2022,296,726,13.2,654.6,26.29,0
101,2022,296,727,13.2,400.5,26.3,0
101,2022,296,728,13.2,619.8,26.37,0
101,2022,296,729,13.2,541.8,26.37,0
101,2022,296,730,13.2,282.7,26.36,0
101,2022,296,731,13.2,276.6,26.16,0
101,2022,296,732,13.2,602.7,26.14,0
101,2022,296,733,13.2,424.5,26.37,0
101,2022,296,734,13.2,327.1,26.6,0
101,2022,296,735,13.19,361.8,26.61,0
101,2022,296,736,13.19,547.4,26.55,0
101,2022,296,737,13.19,585,26.65,0
101,2022,296,738,13.19,287.2,26.47,0
101,2022,296,739,13.19,218.1,26.34,0
101,2022,296,740,13.19,347.1,26.2,0
101,2022,296,741,13.19,264.8,26.17,0
101,2022,296,742,13.19,242.8,26.1,0
101,2022,296,743,13.19,299.9,26.11,0
101,2022,296,744,13.19,330.6,26.16,0
101,2022,296,745,13.19,500.3,26.26,0
101,2022,296,746,13.19,629.8,26.5,0
101,2022,296,747,13.19,519.3,26.69,0
101,2022,296,748,13.19,770,26.75,0
101,2022,296,749,13.19,713,26.75,0
101,2022,296,750,13.19,719,27.02,0
101,2022,296,751,13.19,713,27.25,0
101,2022,296,752,13.19,608.2,27.4,0
101,2022,296,753,13.18,443.4,27.53,0
101,2022,296,754,13.18,264.9,27.22,0
101,2022,296,755,13.19,278.6,26.92,0
101,2022,296,756,13.18,358.4,26.93,0
101,2022,296,757,13.18,697.4,27.07,0
101,2022,296,758,13.18,760,27.34,0
101,2022,296,759,13.18,408.1,27.34,0
101,2022,296,800,13.18,287.4,27.36,0
101,2022,296,801,13.18,319.8,27.2,0
101,2022,296,802,13.18,492.8,27.02,0
101,2022,296,803,13.18,577.9,27.04,0
101,2022,296,804,13.18,609.3,27.06,0
101,2022,296,805,13.18,426.9,27.14,0
101,2022,296,806,13.18,608.5,27.22,0
101,2022,296,807,13.18,464.2,27.22,0
101,2022,296,808,13.18,699.5,27.32,0
101,2022,296,809,13.18,689.6,27.28,0
101,2022,296,810,13.18,423.9,27.38,0
101,2022,296,811,13.18,250.4,27.32,0
101,2022,296,812,13.18,431.6,27.18,0
101,2022,296,813,13.18,274.8,27.08,0
101,2022,296,814,13.17,285.8,27.18,0
101,2022,296,815,13.18,363.3,27.14,0
101,2022,296,816,13.18,446.6,27.19,0
101,2022,296,817,13.18,412.8,27.34,0
101,2022,296,818,13.18,674,27.43,0
101,2022,296,819,13.18,829,27.49,0
101,2022,296,820,13.18,647.2,27.67,0
101,2022,296,821,13.18,841,27.86,0
101,2022,296,822,13.17,610.2,27.99,0
101,2022,296,823,13.17,351.4,27.93,0
101,2022,296,824,13.17,551.5,27.76,0
101,2022,296,825,13.17,607.1,27.67,0
101,2022,296,826,13.17,719,27.49,0
101,2022,296,827,13.17,562.8,27.35,0
101,2022,296,828,13.17,345.4,27.1,0
101,2022,296,829,13.17,319.9,27.06,0
101,2022,296,830,13.17,428.8,27.02,0
101,2022,296,831,13.17,278.4,27.11,0
101,2022,296,832,13.17,274.1,26.99,0
101,2022,296,833,13.17,238.5,27.02,0
101,2022,296,834,13.17,255.8,26.98,0
101,2022,296,835,13.17,359.5,26.98,0
101,2022,296,836,13.17,289.4,27.1,0
101,2022,296,837,13.17,285.1,27.08,0
101,2022,296,838,13.17,278.6,27.12,0
101,2022,296,839,13.18,264.9,27.09,0
101,2022,296,840,13.17,264.8,27.01,0
101,2022,296,841,13.17,259.9,27.05,0
101,2022,296,842,13.17,261.4,27.07,0
101,2022,296,843,13.17,281.9,26.94,0
101,2022,296,844,13.18,357.8,26.99,0
101,2022,296,845,13.18,320.2,27.1,0
101,2022,296,846,13.18,312.5,27.2,0
101,2022,296,847,13.18,289.2,27.19,0
101,2022,296,848,13.18,248.5,27.09,0
101,2022,296,849,13.18,223.3,27.16,0
101,2022,296,850,13.18,225,27.16,0
101,2022,296,851,13.18,234.5,27.14,0
101,2022,296,852,13.18,242.7,27.26,0
101,2022,296,853,13.18,253.2,27.36,0
101,2022,296,854,13.18,281.7,27.39,0
101,2022,296,855,13.18,323,27.43,0
101,2022,296,856,13.18,368.9,27.5,0
101,2022,296,857,13.18,437.7,27.59,0
101,2022,296,858,13.18,608.3,27.64,0
101,2022,296,859,13.18,458.8,27.68,0
101,2022,296,900,13.18,541.9,27.72,0
101,2022,296,901,13.18,519.2,27.85,0
101,2022,296,902,13.18,478.8,27.75,0
101,2022,296,903,13.18,493.2,27.72,0
101,2022,296,904,13.18,691.8,27.77,0
101,2022,296,905,13.17,1033,27.78,0
101,2022,296,906,13.17,671.2,28.09,0
101,2022,296,907,13.17,696.7,28.44,0
101,2022,296,908,13.17,961,28.56,0
101,2022,296,909,13.17,1058,28.37,0
101,2022,296,910,13.17,1086,28.1,0
101,2022,296,911,13.17,1068,28.45,0
101,2022,296,912,13.17,1049,28.61,0
101,2022,296,913,13.17,1040,28.69,0
101,2022,296,914,13.17,980,28.61,0
101,2022,296,915,13.17,930,28.53,0
101,2022,296,916,13.17,984,28.58,0
101,2022,296,917,13.17,993,28.83,0
101,2022,296,918,13.16,897,28.93,0
101,2022,296,919,13.16,947,28.62,0
101,2022,296,920,13.17,1009,29.01,0
101,2022,296,921,13.17,988,29.5,0
101,2022,296,922,13.16,1005,29.32,0
101,2022,296,923,13.16,968,29.14,0
101,2022,296,924,13.16,875,29.3,0
101,2022,296,925,13.16,775,29.3,0
101,2022,296,926,13.16,967,29.02,0
101,2022,296,927,13.16,695.3,29.14,0
101,2022,296,928,13.16,554.1,28.95,0
101,2022,296,929,13.16,1094,28.79,0
101,2022,296,930,13.16,1085,28.76,0
101,2022,296,931,13.16,1038,29.03,0
101,2022,296,932,13.16,1093,28.98,0
101,2022,296,933,13.16,991,29.4,0
101,2022,296,934,13.16,886,29.43,0
101,2022,296,935,13.15,1091,29.17,0
101,2022,296,936,13.16,737,29.27,0
101,2022,296,937,13.16,443.3,29.21,0
101,2022,296,938,13.16,916,28.96,0
101,2022,296,939,13.16,1043,28.93,0
101,2022,296,940,13.16,1062,29.24,0
101,2022,296,941,13.15,1059,29.55,0
101,2022,296,942,13.15,1095,29.67,0
101,2022,296,943,13.15,1104,29.77,0
101,2022,296,944,13.15,1099,29.81,0
101,2022,296,945,13.15,1097,29.85,0
101,2022,296,946,13.15,1091,29.75,0
101,2022,296,947,13.15,1076,29.58,0
101,2022,296,948,13.15,1062,29.3,0
101,2022,296,949,13.15,1055,29.51,0
101,2022,296,950,13.15,1048,29.51,0
101,2022,296,951,13.15,1036,29.49,0
101,2022,296,952,13.15,1022,29.81,0
101,2022,296,953,13.15,1010,29.99,0
101,2022,296,954,13.15,1006,29.92,0
101,2022,296,955,13.15,1002,29.78,0
101,2022,296,956,13.15,1004,29.6,0
101,2022,296,957,13.15,1006,29.6,0
101,2022,296,958,13.15,1012,29.55,0
101,2022,296,959,13.15,1020,29.33,0
101,2022,296,1000,13.15,1050,29.21,0
101,2022,296,1001,13.15,1061,28.97,0
101,2022,296,1002,13.15,1058,29.23,0
101,2022,296,1003,13.15,1072,29.58,0
101,2022,296,1004,13.15,1081,29.63,0
101,2022,296,1005,13.15,1078,29.54,0
101,2022,296,1006,13.15,1074,29.71,0
101,2022,296,1007,13.15,680.9,29.75,0
101,2022,296,1008,13.15,633,29.48,0
101,2022,296,1009,13.15,343,29.3,0
101,2022,296,1010,13.15,360.9,29.23,0
101,2022,296,1011,13.15,381.5,29.08,0
101,2022,296,1012,13.15,972,28.9,0
101,2022,296,1013,13.15,629.1,28.99,0
101,2022,296,1014,13.15,373.2,28.97,0
101,2022,296,1015,13.15,351.9,29.06,0
101,2022,296,1016,13.15,550.7,28.98,0
101,2022,296,1017,13.15,314.3,28.97,0
101,2022,296,1018,13.15,289.6,28.99,0
101,2022,296,1019,13.15,285.7,29.02,0
101,2022,296,1020,13.15,292.3,28.85,0
101,2022,296,1021,13.15,291.2,28.66,0
101,2022,296,1022,13.15,292.9,28.65,0
101,2022,296,1023,13.15,303,28.76,0
101,2022,296,1024,13.15,324.7,28.83,0
101,2022,296,1025,13.15,348.3,28.9,0
101,2022,296,1026,13.15,359.8,28.92,0
101,2022,296,1027,13.15,365.4,28.82,0
101,2022,296,1028,13.15,363.4,28.97,0
101,2022,296,1029,13.15,359.2,28.95,0
101,2022,296,1030,13.15,354.6,28.78,0
101,2022,296,1031,13.15,349,28.79,0
101,2022,296,1032,13.15,340.7,28.66,0
101,2022,296,1033,13.15,331,28.55,0
101,2022,296,1034,13.15,319.2,28.68,0
101,2022,296,1035,13.15,311.7,28.77,0
101,2022,296,1036,13.15,304.2,28.79,0
101,2022,296,1037,13.15,289.1,28.75,0
101,2022,296,1038,13.15,279.8,28.82,0
101,2022,296,1039,13.15,299.9,28.74,0
101,2022,296,1040,13.15,357.7,28.65,0
101,2022,296,1041,13.15,478,28.66,0
101,2022,296,1042,13.15,448.6,28.84,0
101,2022,296,1043,13.15,465.8,28.97,0
101,2022,296,1044,13.15,461.9,29.13,0
101,2022,296,1045,13.15,575.8,29.03,0
101,2022,296,1046,13.15,1162,29,0
101,2022,296,1047,13.15,1142,28.92,0
101,2022,296,1048,13.15,1081,29.42,0
101,2022,296,1049,13.15,1065,29.66,0
101,2022,296,1050,13.15,1038,29.6,0
101,2022,296,1051,13.15,1073,29.51,0
101,2022,296,1052,13.15,1083,29.66,0
101,2022,296,1053,13.15,1065,29.81,0
101,2022,296,1054,13.15,1053,29.97,0
101,2022,296,1055,13.15,1045,29.84,0
101,2022,296,1056,13.15,1041,29.74,0
101,2022,296,1057,13.15,1035,29.7,0
101,2022,296,1058,13.15,1030,29.72,0
101,2022,296,1059,13.15,1021,29.71,0
101,2022,296,1100,13.15,1022,29.88,0
101,2022,296,1101,13.15,1025,30,0
101,2022,296,1102,13.15,1027,29.72,0
101,2022,296,1103,13.15,1027,29.9,0
101,2022,296,1104,13.15,1037,30.01,0
101,2022,296,1105,13.15,955,30.01,0
101,2022,296,1106,13.15,1030,30.19,0
101,2022,296,1107,13.15,896,30.26,0
101,2022,296,1108,13.15,1064,30.21,0
101,2022,296,1109,13.15,685.2,30.38,0
101,2022,296,1110,13.14,339.2,30.36,0
101,2022,296,1111,13.15,1004,30.04,0
101,2022,296,1112,13.14,719,30.37,0
101,2022,296,1113,13.14,1126,30.38,0
101,2022,296,1114,13.14,1139,30.61,0
101,2022,296,1115,13.14,438.4,30.76,0
101,2022,296,1116,13.14,658.3,30.77,0
101,2022,296,1117,13.14,654.1,30.58,0
101,2022,296,1118,13.14,1044,30.4,0
101,2022,296,1119,13.15,1033,30.45,0
101,2022,296,1120,13.14,1028,30.65,0
101,2022,296,1121,13.14,1115,31.07,0
101,2022,296,1122,13.14,1117,31.08,0
101,2022,296,1123,13.14,1109,31.08,0
101,2022,296,1124,13.14,1096,30.97,0
101,2022,296,1125,13.14,664,31,0
101,2022,296,1126,13.14,269.2,30.78,0
101,2022,296,1127,13.14,251.6,30.35,0
101,2022,296,1128,13.14,255.4,30.29,0
101,2022,296,1129,13.14,290.7,30.22,0
101,2022,296,1130,13.14,864,30.13,0
101,2022,296,1131,13.14,479.9,30.14,0
101,2022,296,1132,13.14,313.6,29.95,0
101,2022,296,1133,13.14,347.7,29.89,0
101,2022,296,1134,13.13,1149,29.69,0
101,2022,296,1135,13.14,681.3,29.82,0
101,2022,296,1136,13.14,427.3,30.02,0
101,2022,296,1137,13.14,497.4,29.96,0
101,2022,296,1138,13.14,500.1,29.91,0
101,2022,296,1139,13.14,490.5,30.11,0
101,2022,296,1140,13.14,802,30.03,0
101,2022,296,1141,13.14,337.2,30.17,0
101,2022,296,1142,13.14,295.4,30.08,0
101,2022,296,1143,13.14,270,30.07,0
101,2022,296,1144,13.14,250.4,29.94,0
101,2022,296,1145,13.14,240.4,29.78,0
101,2022,296,1146,13.14,239.3,29.87,0
101,2022,296,1147,13.14,254.2,29.72,0
101,2022,296,1148,13.14,723,29.56,0
101,2022,296,1149,13.14,391.2,29.66,0
101,2022,296,1150,13.14,464.7,29.75,0
101,2022,296,1151,13.14,1121,29.96,0
101,2022,296,1152,13.14,532.9,30.41,0
101,2022,296,1153,13.14,378.9,30.46,0
101,2022,296,1154,13.14,329,30.1,0
101,2022,296,1155,13.14,304.4,29.97,0
101,2022,296,1156,13.14,295.8,29.88,0
101,2022,296,1157,13.14,289.9,29.83,0
101,2022,296,1158,13.14,292.8,29.87,0
101,2022,296,1159,13.14,303.2,29.72,0
101,2022,296,1200,13.14,309.9,29.56,0
101,2022,296,1201,13.14,460.1,29.57,0
101,2022,296,1202,13.14,1076,29.67,0
101,2022,296,1203,13.14,948,29.77,0
101,2022,296,1204,13.14,598.8,29.89,0
101,2022,296,1205,13.14,1083,29.97,0
101,2022,296,1206,13.14,960,30.12,0
101,2022,296,1207,13.14,1037,30.13,0
101,2022,296,1208,13.14,1065,30.05,0
101,2022,296,1209,13.14,1047,30.31,0
101,2022,296,1210,13.14,1035,30.46,0
101,2022,296,1211,13.14,1030,30.6,0
101,2022,296,1212,13.14,1028,31.08,0
101,2022,296,1213,13.14,1026,30.99,0
101,2022,296,1214,13.14,1026,30.9,0
101,2022,296,1215,13.14,1023,31.14,0
101,2022,296,1216,13.13,1025,31.27,0
101,2022,296,1217,13.14,1031,31.26,0
101,2022,296,1218,13.14,1032,31.07,0
101,2022,296,1219,13.14,1023,31.14,0
101,2022,296,1220,13.14,1020,31.32,0
101,2022,296,1221,13.14,1021,31.64,0
101,2022,296,1222,13.14,1018,31.65,0
101,2022,296,1223,13.14,1020,31.51,0
101,2022,296,1224,13.14,1014,31.66,0
101,2022,296,1225,13.14,1020,31.58,0
101,2022,296,1226,13.13,1030,31.55,0
101,2022,296,1227,13.14,1048,31.37,0
101,2022,296,1228,13.13,1082,31.31,0
101,2022,296,1229,13.14,1110,31.59,0
101,2022,296,1230,13.13,1075,31.94,0
101,2022,296,1231,13.13,630.4,31.94,0
101,2022,296,1232,13.13,371.9,31.58,0
101,2022,296,1233,13.13,321.5,31.26,0
101,2022,296,1234,13.13,304.8,31.03,0
101,2022,296,1235,13.13,291.2,30.81,0
101,2022,296,1236,13.13,286.7,30.67,0
101,2022,296,1237,13.13,297.2,30.64,0
101,2022,296,1238,13.13,407.9,30.63,0
101,2022,296,1239,13.13,607.1,30.81,0
101,2022,296,1240,13.13,339.6,30.88,0
101,2022,296,1241,13.13,314.2,30.71,0
101,2022,296,1242,13.13,503.4,30.69,0
101,2022,296,1243,13.13,556.2,30.61,0
101,2022,296,1244,13.13,849,30.56,0
101,2022,296,1245,13.13,1074,30.75,0
101,2022,296,1246,13.13,1043,31.03,0
101,2022,296,1247,13.13,1026,31.32,0
101,2022,296,1248,13.13,821,31.26,0
101,2022,296,1249,13.13,864,31.3,0
101,2022,296,1250,13.13,1009,31.24,0
101,2022,296,1251,13.13,1017,31.24,0
101,2022,296,1252,13.13,1021,31.31,0
101,2022,296,1253,13.13,1023,31.35,0
101,2022,296,1254,13.13,1018,31.39,0
101,2022,296,1255,13.13,1013,31.8,0
101,2022,296,1256,13.13,1008,32.03,0
101,2022,296,1257,13.13,1012,31.95,0
101,2022,296,1258,13.13,1023,32.11,0
101,2022,296,1259,13.13,1033,32.15,0
101,2022,296,1300,13.13,1046,31.81,0
101,2022,296,1301,13.13,1054,31.44,0
101,2022,296,1302,13.12,1051,31.48,0
101,2022,296,1303,13.12,1057,31.6,0
101,2022,296,1304,13.12,1060,31.74,0
101,2022,296,1305,13.12,1042,31.62,0
101,2022,296,1306,13.12,984,31.37,0
101,2022,296,1307,13.12,1059,31.37,0
101,2022,296,1308,13.12,1066,31.32,0
101,2022,296,1309,13.12,523.4,31.38,0
101,2022,296,1310,13.12,346.8,31.52,0
101,2022,296,1311,13.12,416.9,31.42,0
101,2022,296,1312,13.12,499.2,31.35,0
101,2022,296,1313,13.12,975,31.21,0
101,2022,296,1314,13.12,1023,31.08,0
101,2022,296,1315,13.12,1033,31.24,0
101,2022,296,1316,13.12,1020,31.42,0
101,2022,296,1317,13.12,1012,31.21,0
101,2022,296,1318,13.12,922,31.11,0
101,2022,296,1319,13.12,939,31.12,0
101,2022,296,1320,13.12,767,31.09,0
101,2022,296,1321,13.12,824,30.9,0
101,2022,296,1322,13.12,749,30.85,0
101,2022,296,1323,13.12,938,31.09,0
101,2022,296,1324,13.12,1006,31.47,0
101,2022,296,1325,13.12,770,31.65,0
101,2022,296,1326,13.12,373.4,31.46,0
101,2022,296,1327,13.12,328,31.01,0
101,2022,296,1328,13.12,450.1,30.8,0
101,2022,296,1329,13.12,616.3,30.61,0
101,2022,296,1330,13.12,357.8,30.56,0
101,2022,296,1331,13.12,398.7,30.63,0
101,2022,296,1332,13.12,675.2,30.63,0
101,2022,296,1333,13.12,870,30.73,0
101,2022,296,1334,13.12,908,31.02,0
101,2022,296,1335,13.12,922,31.12,0
101,2022,296,1336,13.12,926,31.17,0
101,2022,296,1337,13.12,925,31.21,0
101,2022,296,1338,13.12,925,31.12,0
101,2022,296,1339,13.12,935,30.86,0
101,2022,296,1340,13.12,944,30.71,0
101,2022,296,1341,13.12,667.2,30.65,0
101,2022,296,1342,13.12,459.2,30.75,0
101,2022,296,1343,13.12,463.6,30.61,0
101,2022,296,1344,13.12,798,30.63,0
101,2022,296,1345,13.12,837,30.44,0
101,2022,296,1346,13.12,807,30.32,0
101,2022,296,1347,13.12,793,30.4,0
101,2022,296,1348,13.12,786,30.51,0
101,2022,296,1349,13.12,779,30.6,0
101,2022,296,1350,13.12,788,30.37,0
101,2022,296,1351,13.12,785,30.29,0
101,2022,296,1352,13.13,790,30.45,0
101,2022,296,1353,13.13,794,30.52,0
101,2022,296,1354,13.13,783,30.4,0
101,2022,296,1355,13.13,769,30.5,0
101,2022,296,1356,13.13,768,30.48,0
101,2022,296,1357,13.13,764,30.46,0
101,2022,296,1358,13.13,756,30.68,0
101,2022,296,1359,13.13,750,30.9,0
101,2022,296,1400,13.13,744,30.99,0
101,2022,296,1401,13.13,743,30.95,0
101,2022,296,1402,13.13,740,30.51,0
101,2022,296,1403,13.13,734,30.37,0
101,2022,296,1404,13.13,735,30.46,0
101,2022,296,1405,13.13,732,30.43,0
101,2022,296,1406,13.13,729,30.22,0
101,2022,296,1407,13.13,723,30.24,0
101,2022,296,1408,13.13,722,30.37,0
101,2022,296,1409,13.13,715,30.33,0
101,2022,296,1410,13.13,716,30.45,0
101,2022,296,1411,13.13,714,30.36,0
101,2022,296,1412,13.13,713,30.4,0
101,2022,296,1413,13.13,709,30.19,0
101,2022,296,1414,13.12,704,29.9,0
101,2022,296,1415,13.13,704,29.97,0
101,2022,296,1416,13.13,704,30.1,0
101,2022,296,1417,13.13,704,30.28,0
101,2022,296,1418,13.13,699.1,30.36,0
101,2022,296,1419,13.13,694.4,30.33,0
101,2022,296,1420,13.13,687.3,30.4,0
101,2022,296,1421,13.13,683.1,30.24,0
101,2022,296,1422,13.13,679,30.03,0
101,2022,296,1423,13.13,675,29.93,0
101,2022,296,1424,13.13,670.6,29.62,0
101,2022,296,1425,13.13,668,29.6,0
101,2022,296,1426,13.13,663.8,29.79,0
101,2022,296,1427,13.13,660.6,29.75,0
101,2022,296,1428,13.13,656.3,29.74,0
101,2022,296,1429,13.13,654.1,29.99,0
101,2022,296,1430,13.13,652.2,29.94,0
101,2022,296,1431,13.13,649.9,29.73,0
101,2022,296,1432,13.13,646.6,29.79,0
101,2022,296,1433,13.13,642.6,29.55,0
101,2022,296,1434,13.13,637,29.66,0
101,2022,296,1435,13.13,633.7,29.74,0
101,2022,296,1436,13.13,629.8,29.71,0
101,2022,296,1437,13.14,624.7,29.85,0
101,2022,296,1438,13.13,619.7,29.54,0
101,2022,296,1439,13.13,613.7,29.41,0
101,2022,296,1440,13.13,609.9,29.29,0
101,2022,296,1441,13.13,608,29.3,0
101,2022,296,1442,13.13,602.9,29.55,0
101,2022,296,1443,13.13,597.6,29.64,0
101,2022,296,1444,13.13,591.5,29.68,0
101,2022,296,1445,13.14,589.7,29.76,0
101,2022,296,1446,13.13,587.2,29.63,0
101,2022,296,1447,13.14,583.2,29.48,0
101,2022,296,1448,13.13,578.3,29.38,0
101,2022,296,1449,13.14,573.4,29.46,0
101,2022,296,1450,13.13,570.6,29.63,0
101,2022,296,1451,13.13,569.4,29.63,0
101,2022,296,1452,13.14,568.2,29.39,0
101,2022,296,1453,13.14,559,29.34,0
101,2022,296,1454,13.14,552.1,29.36,0
101,2022,296,1455,13.14,548.4,29.21,0
101,2022,296,1456,13.14,542,29.34,0
101,2022,296,1457,13.13,538,29.4,0
101,2022,296,1458,13.14,534.7,29.53,0
101,2022,296,1459,13.13,531,29.43,0
101,2022,296,1500,13.14,527.4,29.46,0
101,2022,296,1501,13.14,522.6,29.34,0
101,2022,296,1502,13.14,517.8,29.24,0
101,2022,296,1503,13.14,512.8,29.3,0
101,2022,296,1504,13.14,505.4,29.18,0
101,2022,296,1505,13.14,503,29.15,0
101,2022,296,1506,13.14,499.2,29.06,0
101,2022,296,1507,13.14,494.2,28.96,0
101,2022,296,1508,13.14,490.6,28.92,0
101,2022,296,1509,13.14,485.5,28.99,0
101,2022,296,1510,13.14,480.5,29.17,0
101,2022,296,1511,13.14,476.1,29.35,0
101,2022,296,1512,13.14,471.6,29.34,0
101,2022,296,1513,13.14,466.9,29.29,0
101,2022,296,1514,13.14,461.5,29.17,0
101,2022,296,1515,13.14,456.1,29.31,0
101,2022,296,1516,13.14,450.9,29.3,0
101,2022,296,1517,13.15,443.2,29.43,0
101,2022,296,1518,13.14,433.6,29.37,0
101,2022,296,1519,13.14,423.4,29.27,0
101,2022,296,1520,13.14,415.9,29.41,0
101,2022,296,1521,13.15,412.9,29.44,0
101,2022,296,1522,13.14,409.5,29.36,0
101,2022,296,1523,13.14,406.9,29.33,0
101,2022,296,1524,13.14,405.5,29.19,0
101,2022,296,1525,13.14,401.7,29,0
101,2022,296,1526,13.14,398.4,29,0
101,2022,296,1527,13.14,395.4,29.03,0
101,2022,296,1528,13.14,393,29.03,0
101,2022,296,1529,13.14,388,29.12,0
101,2022,296,1530,13.14,381.8,29.16,0
101,2022,296,1531,13.14,376.1,29.05,0
101,2022,296,1532,13.14,370.7,28.79,0
101,2022,296,1533,13.15,363.4,28.84,0
101,2022,296,1534,13.14,356.8,28.89,0
101,2022,296,1535,13.14,350.8,28.87,0
101,2022,296,1536,13.14,346,28.75,0
101,2022,296,1537,13.14,341.9,28.72,0
101,2022,296,1538,13.14,338.6,28.7,0
101,2022,296,1539,13.14,335.5,28.59,0
101,2022,296,1540,13.14,330.1,28.59,0
101,2022,296,1541,13.14,327.7,28.62,0
101,2022,296,1542,13.14,324.4,28.58,0
101,2022,296,1543,13.15,323.1,28.52,0
101,2022,296,1544,13.14,318.4,28.42,0
101,2022,296,1545,13.15,314.6,28.41,0
101,2022,296,1546,13.14,310.5,28.48,0
101,2022,296,1547,13.15,306.2,28.43,0
101,2022,296,1548,13.14,302.2,28.37,0
101,2022,296,1549,13.15,300.5,28.32,0
101,2022,296,1550,13.15,297.4,28.42,0
101,2022,296,1551,13.15,293.3,28.37,0
101,2022,296,1552,13.15,287.6,28.28,0
101,2022,296,1553,13.15,282.7,28.26,0
101,2022,296,1554,13.15,277.2,28.16,0
101,2022,296,1555,13.15,269.8,28.16,0
101,2022,296,1556,13.15,260.6,28.3,0
101,2022,296,1557,13.15,251.9,28.26,0
101,2022,296,1558,13.15,245.3,28.23,0
101,2022,296,1559,13.15,239.5,28.2,0
101,2022,296,1600,13.15,235.6,28.21,0
101,2022,296,1601,13.15,231.9,28.19,0
101,2022,296,1602,13.15,225.9,28.05,0
101,2022,296,1603,13.15,220.2,28,0
101,2022,296,1604,13.15,215.7,27.98,0
101,2022,296,1605,13.15,213.3,27.95,0
101,2022,296,1606,13.15,211.9,27.97,0
101,2022,296,1607,13.15,208.4,27.93,0
101,2022,296,1608,13.15,205,27.96,0
101,2022,296,1609,13.15,200.7,27.95,0
101,2022,296,1610,13.15,195,28,0
101,2022,296,1611,13.15,189.2,27.99,0
101,2022,296,1612,13.15,184.9,27.94,0
101,2022,296,1613,13.15,179.9,27.9,0
101,2022,296,1614,13.15,175.6,27.9,0
101,2022,296,1615,13.15,171.5,27.87,0
101,2022,296,1616,13.16,169.8,27.85,0
101,2022,296,1617,13.16,168,27.84,0
101,2022,296,1618,13.16,165,27.79,0
101,2022,296,1619,13.16,160,27.77,0
101,2022,296,1620,13.16,156.8,27.81,0
101,2022,296,1621,13.16,155.5,27.81,0
101,2022,296,1622,13.16,154.3,27.76,0
101,2022,296,1623,13.16,153.2,27.74,0
101,2022,296,1624,13.16,152.9,27.73,0
101,2022,296,1625,13.16,151.3,27.71,0
101,2022,296,1626,13.16,148.4,27.71,0
101,2022,296,1627,13.16,147.9,27.65,0
101,2022,296,1628,13.16,147.3,27.67,0
101,2022,296,1629,13.16,148.4,27.65,0
101,2022,296,1630,13.16,150.1,27.64,0
101,2022,296,1631,13.16,149.7,27.6,0
101,2022,296,1632,13.16,146.9,27.55,0
101,2022,296,1633,13.16,143.3,27.52,0
101,2022,296,1634,13.16,139.9,27.52,0
101,2022,296,1635,13.17,138.3,27.52,0
101,2022,296,1636,13.16,136.1,27.56,0
101,2022,296,1637,13.16,133.5,27.55,0
101,2022,296,1638,13.16,131.5,27.5,0
101,2022,296,1639,13.16,128.1,27.47,0
101,2022,296,1640,13.16,123.3,27.46,0
101,2022,296,1641,13.16,118.7,27.42,0
101,2022,296,1642,13.16,114.6,27.39,0
101,2022,296,1643,13.16,111.4,27.35,0
101,2022,296,1644,13.16,108.1,27.32,0
101,2022,296,1645,13.17,105.5,27.3,0
101,2022,296,1646,13.16,102.2,27.28,0
101,2022,296,1647,13.17,98.3,27.29,0
101,2022,296,1648,13.16,94,27.28,0
101,2022,296,1649,13.16,91,27.26,0
101,2022,296,1650,13.16,87.4,27.22,0
101,2022,296,1651,13.16,83.6,27.17,0
101,2022,296,1652,13.16,79.6,27.15,0
101,2022,296,1653,13.16,74.8,27.1,0
101,2022,296,1654,13.15,69.79,27.05,0
101,2022,296,1655,13.15,65.62,27.03,0
101,2022,296,1656,13.14,60.63,26.99,0
101,2022,296,1657,13.13,55.51,26.97,0
101,2022,296,1658,13.12,51.23,26.95,0
101,2022,296,1659,13.11,46.72,26.91,0
101,2022,296,1700,13.1,41.93,26.9,0
101,2022,296,1701,13.09,39.15,26.88,0
101,2022,296,1702,13.08,36.64,26.84,0
101,2022,296,1703,13.07,34.61,26.81,0
101,2022,296,1704,13.06,32.1,26.8,0
101,2022,296,1705,13.06,28.56,26.78,0
101,2022,296,1706,13.05,24.08,26.75,0
101,2022,296,1707,13.05,20.87,26.72,0
101,2022,296,1708,13.04,18.9,26.69,0
101,2022,296,1709,13.03,17.21,26.65,0
101,2022,296,1710,13.02,15.55,26.62,0
101,2022,296,1711,13.02,14.11,26.56,0
101,2022,296,1712,13.02,12.96,26.53,0
101,2022,296,1713,13.01,11.74,26.5,0
101,2022,296,1714,13.01,10.59,26.47,0
101,2022,296,1715,13,9.43,26.44,0
101,2022,296,1716,13,8.34,26.41,0
101,2022,296,1717,12.99,7.32,26.36,0
101,2022,296,1718,12.99,6.309,26.32,0
101,2022,296,1719,12.99,5.379,26.31,0
101,2022,296,1720,12.98,4.535,26.31,0
101,2022,296,1721,12.98,4.056,26.28,0
101,2022,296,1722,12.98,3.746,26.25,0
101,2022,296,1723,12.97,3.408,26.21,0
101,2022,296,1724,12.96,3.38,26.19,0
101,2022,296,1725,12.96,3.38,26.16,0
101,2022,296,1726,12.96,3.464,26.11,0
101,2022,296,1727,12.96,3.605,26.06,0
101,2022,296,1728,12.95,3.352,26.03,0
101,2022,296,1729,12.95,3.098,26.01,0
101,2022,296,1730,12.95,2.704,25.96,0
101,2022,296,1731,12.95,2.507,25.91,0
101,2022,296,1732,12.94,1.887,25.87,0
101,2022,296,1733,12.94,1.183,25.84,0
101,2022,296,1734,12.94,.676,25.81,0
101,2022,296,1735,12.94,.479,25.77,0
101,2022,296,1736,12.93,.338,25.73,0
101,2022,296,1737,12.93,.31,25.7,0
101,2022,296,1738,12.93,.225,25.67,0
101,2022,296,1739,12.93,.085,25.65,0
101,2022,296,1740,12.92,.028,25.63,0
101,2022,296,1741,12.92,.056,25.61,0
101,2022,296,1742,12.92,.056,25.59,0
101,2022,296,1743,12.92,0,25.59,0
101,2022,296,1744,12.91,0,25.58,0
101,2022,296,1745,12.91,0,25.56,0
101,2022,296,1746,12.91,0,25.55,0
101,2022,296,1747,12.91,0,25.53,0
101,2022,296,1748,12.91,0,25.52,0
101,2022,296,1749,12.91,0,25.51,0
101,2022,296,1750,12.91,0,25.49,0
101,2022,296,1751,12.9,0,25.47,0
101,2022,296,1752,12.9,0,25.45,0
101,2022,296,1753,12.9,0,25.45,0
101,2022,296,1754,12.9,0,25.43,0
101,2022,296,1755,12.9,0,25.42,0
101,2022,296,1756,12.89,0,25.39,0
101,2022,296,1757,12.89,0,25.37,0
101,2022,296,1758,12.89,0,25.36,0
101,2022,296,1759,12.89,0,25.34,0
