a,b,dia_juliano,d,e,f,g,h
101,2022,310,2400,12.79,0,22.38,0
101,2022,310,1,12.79,0,22.38,0
101,2022,310,2,12.79,0,22.37,0
101,2022,310,3,12.79,0,22.36,0
101,2022,310,4,12.79,0,22.35,0
101,2022,310,5,12.79,0,22.33,0
101,2022,310,6,12.79,0,22.32,0
101,2022,310,7,12.79,0,22.3,0
101,2022,310,8,12.79,0,22.3,0
101,2022,310,9,12.79,0,22.28,0
101,2022,310,10,12.79,0,22.28,0
101,2022,310,11,12.79,0,22.28,0
101,2022,310,12,12.79,0,22.28,0
101,2022,310,13,12.79,0,22.28,0
101,2022,310,14,12.79,0,22.26,0
101,2022,310,15,12.79,0,22.26,0
101,2022,310,16,12.79,0,22.25,0
101,2022,310,17,12.79,0,22.25,0
101,2022,310,18,12.79,0,22.24,0
101,2022,310,19,12.79,0,22.24,0
101,2022,310,20,12.79,0,22.24,0
101,2022,310,21,12.79,0,22.24,0
101,2022,310,22,12.79,0,22.24,0
101,2022,310,23,12.79,0,22.23,0
101,2022,310,24,12.79,0,22.23,0
101,2022,310,25,12.79,0,22.23,0
101,2022,310,26,12.79,0,22.22,0
101,2022,310,27,12.79,0,22.23,0
101,2022,310,28,12.79,0,22.23,0
101,2022,310,29,12.79,0,22.23,0
101,2022,310,30,12.79,0,22.23,0
101,2022,310,31,12.79,0,22.21,0
101,2022,310,32,12.79,0,22.22,0
101,2022,310,33,12.79,0,22.22,0
101,2022,310,34,12.79,0,22.21,0
101,2022,310,35,12.79,0,22.21,0
101,2022,310,36,12.79,0,22.2,0
101,2022,310,37,12.79,0,22.2,0
101,2022,310,38,12.78,0,22.19,0
101,2022,310,39,12.79,0,22.19,0
101,2022,310,40,12.78,0,22.18,0
101,2022,310,41,12.78,0,22.19,0
101,2022,310,42,12.78,0,22.2,0
101,2022,310,43,12.78,0,22.19,0
101,2022,310,44,12.78,0,22.2,0
101,2022,310,45,12.78,0,22.18,0
101,2022,310,46,12.78,0,22.18,0
101,2022,310,47,12.78,0,22.19,0
101,2022,310,48,12.78,0,22.2,0
101,2022,310,49,12.78,0,22.18,0
101,2022,310,50,12.78,0,22.18,0
101,2022,310,51,12.78,0,22.2,0
101,2022,310,52,12.78,0,22.19,0
101,2022,310,53,12.78,0,22.2,0
101,2022,310,54,12.78,0,22.19,0
101,2022,310,55,12.78,0,22.2,0
101,2022,310,56,12.78,0,22.2,0
101,2022,310,57,12.78,0,22.2,0
101,2022,310,58,12.78,0,22.21,0
101,2022,310,59,12.78,0,22.21,0
101,2022,310,100,12.78,0,22.19,0
101,2022,310,101,12.78,0,22.18,0
101,2022,310,102,12.78,0,22.18,0
101,2022,310,103,12.78,0,22.18,0
101,2022,310,104,12.78,0,22.18,0
101,2022,310,105,12.78,0,22.18,0
101,2022,310,106,12.78,0,22.18,0
101,2022,310,107,12.78,0,22.16,0
101,2022,310,108,12.78,0,22.16,0
101,2022,310,109,12.78,0,22.16,0
101,2022,310,110,12.78,0,22.14,0
101,2022,310,111,12.78,0,22.14,0
101,2022,310,112,12.78,0,22.14,0
101,2022,310,113,12.78,0,22.14,0
101,2022,310,114,12.78,0,22.15,0
101,2022,310,115,12.78,0,22.16,0
101,2022,310,116,12.78,0,22.16,0
101,2022,310,117,12.78,0,22.14,0
101,2022,310,118,12.77,0,22.14,0
101,2022,310,119,12.77,0,22.14,0
101,2022,310,120,12.77,0,22.14,0
101,2022,310,121,12.77,0,22.13,0
101,2022,310,122,12.77,0,22.12,0
101,2022,310,123,12.77,0,22.12,0
101,2022,310,124,12.77,0,22.12,0
101,2022,310,125,12.77,0,22.11,0
101,2022,310,126,12.77,0,22.11,0
101,2022,310,127,12.77,0,22.1,0
101,2022,310,128,12.77,0,22.09,0
101,2022,310,129,12.77,0,22.09,0
101,2022,310,130,12.77,0,22.09,0
101,2022,310,131,12.77,0,22.08,0
101,2022,310,132,12.77,0,22.08,0
101,2022,310,133,12.77,0,22.08,0
101,2022,310,134,12.77,0,22.08,0
101,2022,310,135,12.77,0,22.07,0
101,2022,310,136,12.77,0,22.06,0
101,2022,310,137,12.77,0,22.06,0
101,2022,310,138,12.77,0,22.06,0
101,2022,310,139,12.77,0,22.06,0
101,2022,310,140,12.77,0,22.06,0
101,2022,310,141,12.77,0,22.06,0
101,2022,310,142,12.77,0,22.06,0
101,2022,310,143,12.77,0,22.06,0
101,2022,310,144,12.77,0,22.06,0
101,2022,310,145,12.77,0,22.05,0
101,2022,310,146,12.77,0,22.05,0
101,2022,310,147,12.77,0,22.04,0
101,2022,310,148,12.77,0,22.04,0
101,2022,310,149,12.77,0,22.04,0
101,2022,310,150,12.77,0,22.03,0
101,2022,310,151,12.77,0,22.04,0
101,2022,310,152,12.77,0,22.03,0
101,2022,310,153,12.77,0,22.03,0
101,2022,310,154,12.77,0,22.02,0
101,2022,310,155,12.77,0,22.02,0
101,2022,310,156,12.77,0,22.01,0
101,2022,310,157,12.77,0,22.02,0
101,2022,310,158,12.77,0,22.02,0
101,2022,310,159,12.77,0,22.02,0
101,2022,310,200,12.77,0,22.01,0
101,2022,310,201,12.77,0,22,0
101,2022,310,202,12.77,0,21.99,0
101,2022,310,203,12.77,0,21.99,0
101,2022,310,204,12.77,0,21.99,0
101,2022,310,205,12.77,0,21.99,0
101,2022,310,206,12.76,0,21.98,0
101,2022,310,207,12.76,0,21.98,0
101,2022,310,208,12.76,0,21.98,0
101,2022,310,209,12.76,0,21.98,0
101,2022,310,210,12.76,0,21.97,0
101,2022,310,211,12.76,0,21.97,0
101,2022,310,212,12.76,0,21.97,0
101,2022,310,213,12.76,0,21.97,0
101,2022,310,214,12.76,0,21.97,0
101,2022,310,215,12.76,0,21.97,0
101,2022,310,216,12.76,0,21.96,0
101,2022,310,217,12.76,0,21.95,0
101,2022,310,218,12.76,0,21.94,0
101,2022,310,219,12.76,0,21.94,0
101,2022,310,220,12.76,0,21.94,0
101,2022,310,221,12.76,0,21.94,0
101,2022,310,222,12.76,0,21.94,0
101,2022,310,223,12.76,0,21.94,0
101,2022,310,224,12.76,0,21.94,0
101,2022,310,225,12.76,0,21.93,0
101,2022,310,226,12.76,0,21.92,0
101,2022,310,227,12.76,0,21.92,0
101,2022,310,228,12.76,0,21.92,0
101,2022,310,229,12.76,0,21.92,0
101,2022,310,230,12.76,0,21.91,0
101,2022,310,231,12.76,0,21.91,0
101,2022,310,232,12.76,0,21.91,0
101,2022,310,233,12.76,0,21.91,0
101,2022,310,234,12.76,0,21.91,0
101,2022,310,235,12.76,0,21.91,0
101,2022,310,236,12.75,0,21.91,0
101,2022,310,237,12.76,0,21.91,0
101,2022,310,238,12.75,0,21.91,0
101,2022,310,239,12.75,0,21.92,0
101,2022,310,240,12.75,0,21.92,0
101,2022,310,241,12.75,0,21.92,0
101,2022,310,242,12.75,0,21.93,0
101,2022,310,243,12.75,0,21.93,0
101,2022,310,244,12.75,0,21.94,0
101,2022,310,245,12.75,0,21.94,0
101,2022,310,246,12.75,0,21.94,0
101,2022,310,247,12.75,0,21.94,0
101,2022,310,248,12.75,0,21.93,0
101,2022,310,249,12.75,0,21.92,0
101,2022,310,250,12.75,0,21.92,0
101,2022,310,251,12.75,0,21.92,0
101,2022,310,252,12.75,0,21.9,0
101,2022,310,253,12.75,0,21.92,0
101,2022,310,254,12.75,0,21.92,0
101,2022,310,255,12.75,0,21.92,0
101,2022,310,256,12.75,0,21.92,0
101,2022,310,257,12.75,0,21.92,0
101,2022,310,258,12.75,0,21.92,0
101,2022,310,259,12.75,0,21.92,0
101,2022,310,300,12.75,0,21.92,0
101,2022,310,301,12.75,0,21.92,0
101,2022,310,302,12.75,0,21.93,0
101,2022,310,303,12.75,0,21.92,0
101,2022,310,304,12.75,0,21.92,0
101,2022,310,305,12.75,0,21.92,0
101,2022,310,306,12.75,0,21.92,0
101,2022,310,307,12.75,0,21.92,0
101,2022,310,308,12.75,0,21.92,0
101,2022,310,309,12.75,0,21.91,0
101,2022,310,310,12.75,0,21.92,0
101,2022,310,311,12.75,0,21.92,0
101,2022,310,312,12.75,0,21.91,0
101,2022,310,313,12.75,0,21.92,0
101,2022,310,314,12.75,0,21.92,0
101,2022,310,315,12.75,0,21.92,0
101,2022,310,316,12.75,0,21.92,0
101,2022,310,317,12.75,0,21.92,0
101,2022,310,318,12.75,0,21.92,0
101,2022,310,319,12.74,0,21.92,0
101,2022,310,320,12.75,0,21.92,0
101,2022,310,321,12.75,0,21.92,0
101,2022,310,322,12.75,0,21.92,0
101,2022,310,323,12.75,0,21.91,0
101,2022,310,324,12.74,0,21.91,0
101,2022,310,325,12.74,0,21.92,0
101,2022,310,326,12.74,0,21.91,0
101,2022,310,327,12.74,0,21.91,0
101,2022,310,328,12.74,0,21.91,0
101,2022,310,329,12.74,0,21.91,0
101,2022,310,330,12.74,0,21.91,0
101,2022,310,331,12.74,0,21.91,0
101,2022,310,332,12.74,0,21.91,0
101,2022,310,333,12.74,0,21.89,0
101,2022,310,334,12.74,0,21.9,0
101,2022,310,335,12.74,0,21.91,0
101,2022,310,336,12.74,0,21.91,0
101,2022,310,337,12.74,0,21.91,0
101,2022,310,338,12.74,0,21.91,0
101,2022,310,339,12.74,0,21.89,0
101,2022,310,340,12.74,0,21.88,0
101,2022,310,341,12.74,0,21.89,0
101,2022,310,342,12.74,0,21.89,0
101,2022,310,343,12.74,0,21.89,0
101,2022,310,344,12.74,0,21.89,0
101,2022,310,345,12.74,0,21.89,0
101,2022,310,346,12.74,0,21.89,0
101,2022,310,347,12.74,0,21.89,0
101,2022,310,348,12.73,0,21.89,0
101,2022,310,349,12.73,0,21.87,0
101,2022,310,350,12.73,0,21.87,0
101,2022,310,351,12.73,0,21.87,0
101,2022,310,352,12.73,0,21.87,0
101,2022,310,353,12.73,0,21.87,0
101,2022,310,354,12.73,0,21.87,0
101,2022,310,355,12.73,0,21.86,0
101,2022,310,356,12.73,0,21.85,0
101,2022,310,357,12.73,0,21.86,0
101,2022,310,358,12.73,0,21.86,0
101,2022,310,359,12.73,0,21.84,0
101,2022,310,400,12.73,0,21.84,0
101,2022,310,401,12.73,0,21.84,0
101,2022,310,402,12.73,0,21.85,0
101,2022,310,403,12.73,0,21.86,0
101,2022,310,404,12.73,0,21.87,0
101,2022,310,405,12.73,0,21.87,0
101,2022,310,406,12.73,0,21.87,0
101,2022,310,407,12.73,0,21.87,0
101,2022,310,408,12.73,0,21.87,0
101,2022,310,409,12.73,0,21.87,0
101,2022,310,410,12.73,0,21.86,0
101,2022,310,411,12.73,0,21.86,0
101,2022,310,412,12.73,0,21.85,0
101,2022,310,413,12.73,0,21.86,0
101,2022,310,414,12.73,0,21.86,0
101,2022,310,415,12.73,0,21.87,0
101,2022,310,416,12.73,0,21.87,0
101,2022,310,417,12.73,0,21.87,0
101,2022,310,418,12.73,0,21.87,0
101,2022,310,419,12.73,0,21.88,0
101,2022,310,420,12.73,0,21.88,0
101,2022,310,421,12.73,0,21.88,0
101,2022,310,422,12.73,0,21.88,0
101,2022,310,423,12.73,0,21.89,0
101,2022,310,424,12.73,0,21.89,0
101,2022,310,425,12.73,0,21.89,0
101,2022,310,426,12.73,0,21.87,0
101,2022,310,427,12.73,0,21.87,0
101,2022,310,428,12.73,0,21.87,0
101,2022,310,429,12.73,0,21.87,0
101,2022,310,430,12.73,0,21.87,0
101,2022,310,431,12.72,0,21.87,0
101,2022,310,432,12.73,0,21.86,0
101,2022,310,433,12.72,0,21.86,0
101,2022,310,434,12.72,0,21.85,0
101,2022,310,435,12.72,0,21.86,0
101,2022,310,436,12.72,0,21.85,0
101,2022,310,437,12.72,.028,21.85,0
101,2022,310,438,12.72,.31,21.85,0
101,2022,310,439,12.72,.451,21.84,0
101,2022,310,440,12.72,.676,21.84,0
101,2022,310,441,12.72,.676,21.84,0
101,2022,310,442,12.72,.676,21.84,0
101,2022,310,443,12.72,.705,21.84,0
101,2022,310,444,12.72,.958,21.84,0
101,2022,310,445,12.72,1.325,21.84,0
101,2022,310,446,12.72,1.353,21.84,0
101,2022,310,447,12.72,1.719,21.84,0
101,2022,310,448,12.72,2.198,21.84,0
101,2022,310,449,12.72,2.677,21.84,0
101,2022,310,450,12.72,3.044,21.83,0
101,2022,310,451,12.72,3.382,21.84,0
101,2022,310,452,12.72,3.382,21.84,0
101,2022,310,453,12.72,3.72,21.82,0
101,2022,310,454,12.72,4.115,21.83,0
101,2022,310,455,12.72,4.397,21.82,0
101,2022,310,456,12.72,4.96,21.82,0
101,2022,310,457,12.72,5.608,21.82,0
101,2022,310,458,12.72,6.285,21.82,0
101,2022,310,459,12.72,7.1,21.82,0
101,2022,310,500,12.72,7.78,21.82,0
101,2022,310,501,12.72,8.65,21.82,0
101,2022,310,502,12.72,9.61,21.82,0
101,2022,310,503,12.72,11.05,21.82,0
101,2022,310,504,12.73,13.3,21.82,0
101,2022,310,505,12.73,15.59,21.82,0
101,2022,310,506,12.74,15.92,21.82,0
101,2022,310,507,12.75,16.23,21.84,0
101,2022,310,508,12.76,17.47,21.84,0
101,2022,310,509,12.77,18.83,21.84,0
101,2022,310,510,12.78,20.35,21.85,0
101,2022,310,511,12.8,21.76,21.85,0
101,2022,310,512,12.81,23.31,21.85,0
101,2022,310,513,12.83,24.86,21.84,0
101,2022,310,514,12.85,26.6,21.85,0
101,2022,310,515,12.87,31.62,21.86,0
101,2022,310,516,12.9,40.64,21.88,0
101,2022,310,517,12.92,36.67,21.88,0
101,2022,310,518,12.95,33.12,21.87,0
101,2022,310,519,12.98,34.92,21.89,0
101,2022,310,520,13.01,36.19,21.88,0
101,2022,310,521,13.04,37.26,21.88,0
101,2022,310,522,13.07,38.55,21.9,0
101,2022,310,523,13.11,39.91,21.89,0
101,2022,310,524,13.14,41.26,21.89,0
101,2022,310,525,13.17,42.73,21.89,0
101,2022,310,526,13.21,44.08,21.89,0
101,2022,310,527,13.25,45.57,21.9,0
101,2022,310,528,13.26,47.04,21.91,0
101,2022,310,529,13.26,48.76,21.94,0
101,2022,310,530,13.27,50.42,21.92,0
101,2022,310,531,13.27,52.2,21.9,0
101,2022,310,532,13.27,53.94,21.9,0
101,2022,310,533,13.27,55.94,21.92,0
101,2022,310,534,13.27,58.03,21.94,0
101,2022,310,535,13.27,60.17,21.93,0
101,2022,310,536,13.27,62.54,21.96,0
101,2022,310,537,13.27,64.96,21.97,0
101,2022,310,538,13.27,67.64,21.99,0
101,2022,310,539,13.27,70.5,21.97,0
101,2022,310,540,13.27,73.3,21.99,0
101,2022,310,541,13.27,76.3,22,0
101,2022,310,542,13.27,79.5,22.04,0
101,2022,310,543,13.27,82.6,22.06,0
101,2022,310,544,13.27,85.6,22.05,0
101,2022,310,545,13.27,87.9,22.07,0
101,2022,310,546,13.27,90.1,22.12,0
101,2022,310,547,13.27,92.5,22.13,0
101,2022,310,548,13.27,94.6,22.1,0
101,2022,310,549,13.27,96.8,22.11,0
101,2022,310,550,13.27,98.8,22.14,0
101,2022,310,551,13.27,100.8,22.15,0
101,2022,310,552,13.27,102.6,22.17,0
101,2022,310,553,13.27,104.1,22.18,0
101,2022,310,554,13.27,105.2,22.22,0
101,2022,310,555,13.27,106.2,22.21,0
101,2022,310,556,13.27,107,22.24,0
101,2022,310,557,13.27,107.8,22.23,0
101,2022,310,558,13.27,108.2,22.25,0
101,2022,310,559,13.27,108.2,22.24,0
101,2022,310,600,13.27,107.8,22.3,0
101,2022,310,601,13.27,107,22.31,0
101,2022,310,602,13.27,105.8,22.33,0
101,2022,310,603,13.27,104,22.33,0
101,2022,310,604,13.27,102.7,22.34,0
101,2022,310,605,13.26,99.7,22.39,0
101,2022,310,606,13.26,96.5,22.43,0
101,2022,310,607,13.26,96.9,22.42,0
101,2022,310,608,13.26,98.1,22.43,0
101,2022,310,609,13.26,99.5,22.47,0
101,2022,310,610,13.26,99.5,22.5,0
101,2022,310,611,13.26,97.7,22.47,0
101,2022,310,612,13.26,96,22.49,0
101,2022,310,613,13.26,96,22.49,0
101,2022,310,614,13.26,97.2,22.45,0
101,2022,310,615,13.26,99.6,22.48,0
101,2022,310,616,13.26,102,22.51,0
101,2022,310,617,13.26,102.9,22.51,0
101,2022,310,618,13.26,101.5,22.57,0
101,2022,310,619,13.26,99.8,22.62,0
101,2022,310,620,13.26,99.8,22.58,0
101,2022,310,621,13.26,99.7,22.55,0
101,2022,310,622,13.26,101,22.59,0
101,2022,310,623,13.26,105.3,22.56,0
101,2022,310,624,13.26,109.7,22.6,0
101,2022,310,625,13.26,116.2,22.6,0
101,2022,310,626,13.26,122.7,22.59,0
101,2022,310,627,13.26,133.6,22.63,0
101,2022,310,628,13.26,153.9,22.66,0
101,2022,310,629,13.26,171.2,22.73,0
101,2022,310,630,13.26,172.3,22.79,0
101,2022,310,631,13.26,162.1,22.86,0
101,2022,310,632,13.26,168.2,22.85,0
101,2022,310,633,13.26,179,22.94,0
101,2022,310,634,13.26,175.9,22.92,0
101,2022,310,635,13.26,182.9,23.05,0
101,2022,310,636,13.26,197.3,23.03,0
101,2022,310,637,13.26,195.6,23.1,0
101,2022,310,638,13.26,178.7,23.06,0
101,2022,310,639,13.26,170.6,23.13,0
101,2022,310,640,13.25,179.2,23.16,0
101,2022,310,641,13.25,198.2,23.28,0
101,2022,310,642,13.25,207.1,23.27,0
101,2022,310,643,13.25,208.4,23.26,0
101,2022,310,644,13.25,199.9,23.29,0
101,2022,310,645,13.25,187,23.35,0
101,2022,310,646,13.25,157,23.37,0
101,2022,310,647,13.25,143.7,23.38,0
101,2022,310,648,13.25,135.1,23.44,0
101,2022,310,649,13.25,124.4,23.45,0
101,2022,310,650,13.25,115.8,23.43,0
101,2022,310,651,13.25,112.2,23.43,0
101,2022,310,652,13.25,118.5,23.45,0
101,2022,310,653,13.25,119.8,23.49,0
101,2022,310,654,13.24,127,23.53,0
101,2022,310,655,13.25,126.2,23.54,0
101,2022,310,656,13.25,144.3,23.52,0
101,2022,310,657,13.25,166.5,23.55,0
101,2022,310,658,13.25,203.4,23.56,0
101,2022,310,659,13.24,222.6,23.6,0
101,2022,310,700,13.25,259.2,23.62,0
101,2022,310,701,13.24,337.2,23.65,0
101,2022,310,702,13.24,368.2,23.7,0
101,2022,310,703,13.24,366.7,23.76,0
101,2022,310,704,13.24,382,23.81,0
101,2022,310,705,13.24,446.9,23.86,0
101,2022,310,706,13.24,452.6,23.98,0
101,2022,310,707,13.24,426.9,24.06,0
101,2022,310,708,13.24,481.9,24.18,0
101,2022,310,709,13.24,456,24.07,0
101,2022,310,710,13.23,337.1,24.14,0
101,2022,310,711,13.23,306.5,24.29,0
101,2022,310,712,13.23,268.3,24.33,0
101,2022,310,713,13.23,282,24.43,0
101,2022,310,714,13.23,260.5,24.46,0
101,2022,310,715,13.23,290.6,24.42,0
101,2022,310,716,13.23,252.1,24.35,0
101,2022,310,717,13.22,271,24.23,0
101,2022,310,718,13.23,271.1,24.06,0
101,2022,310,719,13.22,290,23.97,0
101,2022,310,720,13.22,274.1,23.89,0
101,2022,310,721,13.23,411.4,24.02,0
101,2022,310,722,13.23,562.4,24.24,0
101,2022,310,723,13.22,427.4,24.41,0
101,2022,310,724,13.22,518.7,24.63,0
101,2022,310,725,13.22,281.3,24.73,0
101,2022,310,726,13.22,479.9,24.87,0
101,2022,310,727,13.22,663.4,25.01,0
101,2022,310,728,13.22,454.8,25.14,0
101,2022,310,729,13.22,345.1,25.27,0
101,2022,310,730,13.22,290,25.32,0
101,2022,310,731,13.21,245,25.28,0
101,2022,310,732,13.21,253.7,25.29,0
101,2022,310,733,13.21,281,25.27,0
101,2022,310,734,13.21,286.9,25.22,0
101,2022,310,735,13.21,327.1,25.23,0
101,2022,310,736,13.21,398.7,25.27,0
101,2022,310,737,13.21,371.8,25.31,0
101,2022,310,738,13.21,328.7,25.39,0
101,2022,310,739,13.21,308.9,25.43,0
101,2022,310,740,13.21,466.7,25.48,0
101,2022,310,741,13.21,371.8,25.47,0
101,2022,310,742,13.21,310.4,25.44,0
101,2022,310,743,13.21,324.8,25.4,0
101,2022,310,744,13.21,325.7,25.42,0
101,2022,310,745,13.21,415.8,25.4,0
101,2022,310,746,13.21,738,25.41,0
101,2022,310,747,13.21,697.2,25.48,0
101,2022,310,748,13.21,611.5,25.62,0
101,2022,310,749,13.21,498.7,25.69,0
101,2022,310,750,13.21,500.5,25.85,0
101,2022,310,751,13.21,531.2,25.95,0
101,2022,310,752,13.21,416,25.94,0
101,2022,310,753,13.21,517.7,25.92,0
101,2022,310,754,13.21,515.6,25.85,0
101,2022,310,755,13.2,337.2,25.89,0
101,2022,310,756,13.2,379.1,25.83,0
101,2022,310,757,13.2,423.5,25.85,0
101,2022,310,758,13.2,452.4,25.83,0
101,2022,310,759,13.2,474.3,25.83,0
101,2022,310,800,13.2,436,25.86,0
101,2022,310,801,13.2,438.3,25.9,0
101,2022,310,802,13.2,415.1,26.01,0
101,2022,310,803,13.2,394.3,26.01,0
101,2022,310,804,13.2,373.3,25.9,0
101,2022,310,805,13.2,345.4,25.8,0
101,2022,310,806,13.2,329,25.77,0
101,2022,310,807,13.2,322.4,25.71,0
101,2022,310,808,13.2,331,25.72,0
101,2022,310,809,13.2,349.5,25.68,0
101,2022,310,810,13.2,364.5,25.66,0
101,2022,310,811,13.2,380.9,25.68,0
101,2022,310,812,13.2,387.9,25.72,0
101,2022,310,813,13.2,379.6,25.75,0
101,2022,310,814,13.2,407.3,25.78,0
101,2022,310,815,13.2,388.8,25.88,0
101,2022,310,816,13.2,383.3,25.94,0
101,2022,310,817,13.2,415.9,25.98,0
101,2022,310,818,13.2,382.6,25.99,0
101,2022,310,819,13.2,382.4,26.03,0
101,2022,310,820,13.2,383.3,26.05,0
101,2022,310,821,13.2,360.7,26.06,0
101,2022,310,822,13.2,350.7,26.04,0
101,2022,310,823,13.2,370,25.95,0
101,2022,310,824,13.2,327.9,25.86,0
101,2022,310,825,13.2,284.1,25.85,0
101,2022,310,826,13.2,294.5,25.84,0
101,2022,310,827,13.2,338.2,25.87,0
101,2022,310,828,13.2,342,25.93,0
101,2022,310,829,13.2,391.7,25.93,0
101,2022,310,830,13.2,389,25.94,0
101,2022,310,831,13.2,372.1,25.95,0
101,2022,310,832,13.2,345.3,25.92,0
101,2022,310,833,13.2,334.9,25.95,0
101,2022,310,834,13.2,365.9,25.96,0
101,2022,310,835,13.2,479.9,26.03,0
101,2022,310,836,13.2,648.5,26.15,0
101,2022,310,837,13.2,709,26.34,0
101,2022,310,838,13.2,730,26.53,0
101,2022,310,839,13.19,586.7,26.71,0
101,2022,310,840,13.19,521.4,26.7,0
101,2022,310,841,13.19,672.8,26.75,0
101,2022,310,842,13.19,621.7,26.84,0
101,2022,310,843,13.19,547.8,26.87,0
101,2022,310,844,13.19,493.3,26.98,0
101,2022,310,845,13.19,487.7,26.92,0
101,2022,310,846,13.19,487.7,26.96,0
101,2022,310,847,13.19,629,27.01,0
101,2022,310,848,13.18,680.1,27.11,0
101,2022,310,849,13.18,424.3,27,0
101,2022,310,850,13.18,369,26.75,0
101,2022,310,851,13.18,344.2,26.87,0
101,2022,310,852,13.18,344,26.93,0
101,2022,310,853,13.18,378.7,26.81,0
101,2022,310,854,13.18,413.4,26.78,0
101,2022,310,855,13.18,542.9,26.76,0
101,2022,310,856,13.18,623.3,26.81,0
101,2022,310,857,13.18,691.2,26.96,0
101,2022,310,858,13.18,589.2,26.99,0
101,2022,310,859,13.18,625.7,27.03,0
101,2022,310,900,13.18,510,27.14,0
101,2022,310,901,13.18,546.1,27.12,0
101,2022,310,902,13.18,494,27.12,0
101,2022,310,903,13.17,424.5,27.2,0
101,2022,310,904,13.17,379.2,27.15,0
101,2022,310,905,13.18,339.4,27.14,0
101,2022,310,906,13.17,276.2,27.23,0
101,2022,310,907,13.17,227.2,27.23,0
101,2022,310,908,13.17,216.7,27.01,0
101,2022,310,909,13.17,221.9,26.83,0
101,2022,310,910,13.17,226.6,26.67,0
101,2022,310,911,13.17,232.6,26.51,0
101,2022,310,912,13.17,240.5,26.47,0
101,2022,310,913,13.18,255.9,26.42,0
101,2022,310,914,13.17,285.8,26.38,0
101,2022,310,915,13.18,320.6,26.38,0
101,2022,310,916,13.18,354.8,26.38,0
101,2022,310,917,13.18,383,26.31,0
101,2022,310,918,13.18,412.3,26.33,0
101,2022,310,919,13.18,448.8,26.43,0
101,2022,310,920,13.18,501.9,26.44,0
101,2022,310,921,13.18,741,26.47,0
101,2022,310,922,13.18,822,26.52,0
101,2022,310,923,13.18,699.3,26.71,0
101,2022,310,924,13.18,722,26.86,0
101,2022,310,925,13.18,766,26.99,0
101,2022,310,926,13.18,783,27.18,0
101,2022,310,927,13.18,784,27.02,0
101,2022,310,928,13.17,822,26.88,0
101,2022,310,929,13.17,851,26.96,0
101,2022,310,930,13.17,913,27.12,0
101,2022,310,931,13.17,1015,27.38,0
101,2022,310,932,13.17,1181,27.61,0
101,2022,310,933,13.17,1120,27.87,0
101,2022,310,934,13.17,1107,28.2,0
101,2022,310,935,13.17,928,28.22,0
101,2022,310,936,13.17,910,28.29,0
101,2022,310,937,13.17,874,28.29,0
101,2022,310,938,13.17,551.1,28.19,0
101,2022,310,939,13.16,500.3,28.08,0
101,2022,310,940,13.16,369.8,27.93,0
101,2022,310,941,13.17,361.1,27.9,0
101,2022,310,942,13.17,512.7,27.87,0
101,2022,310,943,13.17,506.3,27.78,0
101,2022,310,944,13.17,447.1,27.81,0
101,2022,310,945,13.16,393.3,27.74,0
101,2022,310,946,13.16,360,27.67,0
101,2022,310,947,13.17,345.8,27.53,0
101,2022,310,948,13.17,381.2,27.49,0
101,2022,310,949,13.17,432,27.55,0
101,2022,310,950,13.16,468.9,27.72,0
101,2022,310,951,13.17,509.4,27.65,0
101,2022,310,952,13.16,605.1,27.65,0
101,2022,310,953,13.17,932,27.62,0
101,2022,310,954,13.17,1030,27.73,0
101,2022,310,955,13.17,536.9,27.74,0
101,2022,310,956,13.16,530.8,27.69,0
101,2022,310,957,13.16,545.6,27.59,0
101,2022,310,958,13.17,475.6,27.4,0
101,2022,310,959,13.16,447.6,27.36,0
101,2022,310,1000,13.17,407.9,27.27,0
101,2022,310,1001,13.17,405.7,27.25,0
101,2022,310,1002,13.16,369.1,27.22,0
101,2022,310,1003,13.16,347.6,27,0
101,2022,310,1004,13.16,361.7,27.01,0
101,2022,310,1005,13.17,421,27.05,0
101,2022,310,1006,13.16,759,27.09,0
101,2022,310,1007,13.17,858,27.3,0
101,2022,310,1008,13.16,884,27.52,0
101,2022,310,1009,13.16,507.3,27.61,0
101,2022,310,1010,13.17,435.3,27.76,0
101,2022,310,1011,13.17,378.3,27.73,0
101,2022,310,1012,13.16,365.7,27.57,0
101,2022,310,1013,13.17,376.5,27.56,0
101,2022,310,1014,13.16,401.4,27.49,0
101,2022,310,1015,13.17,456.5,27.39,0
101,2022,310,1016,13.16,523.2,27.4,0
101,2022,310,1017,13.17,574.4,27.25,0
101,2022,310,1018,13.16,578,27.14,0
101,2022,310,1019,13.16,572.8,27.08,0
101,2022,310,1020,13.17,594.8,27.12,0
101,2022,310,1021,13.17,601.7,27.11,0
101,2022,310,1022,13.16,600.5,27.21,0
101,2022,310,1023,13.17,572.2,27.21,0
101,2022,310,1024,13.16,637.9,27.27,0
101,2022,310,1025,13.17,904,27.29,0
101,2022,310,1026,13.17,1229,27.35,0
101,2022,310,1027,13.16,1231,27.61,0
101,2022,310,1028,13.16,1196,27.87,0
101,2022,310,1029,13.17,1179,28.02,0
101,2022,310,1030,13.16,1117,27.78,0
101,2022,310,1031,13.16,974,27.58,0
101,2022,310,1032,13.16,1213,27.5,0
101,2022,310,1033,13.16,1263,27.75,0
101,2022,310,1034,13.16,979,28,0
101,2022,310,1035,13.16,731,28.14,0
101,2022,310,1036,13.16,781,28.11,0
101,2022,310,1037,13.16,1076,28.4,0
101,2022,310,1038,13.16,1255,28.56,0
101,2022,310,1039,13.16,844,28.77,0
101,2022,310,1040,13.16,736,28.87,0
101,2022,310,1041,13.16,448.7,28.9,0
101,2022,310,1042,13.16,311.2,28.53,0
101,2022,310,1043,13.15,263,28.27,0
101,2022,310,1044,13.15,234.3,28.41,0
101,2022,310,1045,13.16,226.6,28.48,0
101,2022,310,1046,13.15,231.2,28.52,0
101,2022,310,1047,13.15,240.5,28.5,0
101,2022,310,1048,13.15,260.3,28.49,0
101,2022,310,1049,13.15,296.2,28.41,0
101,2022,310,1050,13.15,354.2,28.25,0
101,2022,310,1051,13.15,427.6,28.24,0
101,2022,310,1052,13.15,683.6,28.04,0
101,2022,310,1053,13.15,771,27.74,0
101,2022,310,1054,13.15,713,27.72,0
101,2022,310,1055,13.15,686.8,27.89,0
101,2022,310,1056,13.15,678,27.81,0
101,2022,310,1057,13.15,706,27.71,0
101,2022,310,1058,13.15,1008,27.36,0
101,2022,310,1059,13.15,699.2,27.33,0
101,2022,310,1100,13.15,888,27.33,0
101,2022,310,1101,13.15,1185,27.67,0
101,2022,310,1102,13.15,1316,27.99,0
101,2022,310,1103,13.15,1311,28.36,0
101,2022,310,1104,13.15,1232,28.54,0
101,2022,310,1105,13.15,1268,28.74,0
101,2022,310,1106,13.15,1257,28.78,0
101,2022,310,1107,13.15,1242,28.9,0
101,2022,310,1108,13.15,1267,28.51,0
101,2022,310,1109,13.15,1052,28.6,0
101,2022,310,1110,13.15,436.5,28.81,0
101,2022,310,1111,13.15,367.7,28.53,0
101,2022,310,1112,13.15,372.5,28.61,0
101,2022,310,1113,13.14,443.4,28.56,0
101,2022,310,1114,13.14,785,28.31,0
101,2022,310,1115,13.14,566.5,28.19,0
101,2022,310,1116,13.15,663,28.19,0
101,2022,310,1117,13.14,1262,28.23,0
101,2022,310,1118,13.14,785,28.06,0
101,2022,310,1119,13.15,482.3,27.87,0
101,2022,310,1120,13.14,427.7,27.76,0
101,2022,310,1121,13.15,401.7,27.56,0
101,2022,310,1122,13.15,385.7,27.48,0
101,2022,310,1123,13.15,366,27.45,0
101,2022,310,1124,13.15,343.2,27.24,0
101,2022,310,1125,13.15,324.6,26.97,0
101,2022,310,1126,13.15,313.1,26.89,0
101,2022,310,1127,13.15,307.4,26.78,0
101,2022,310,1128,13.15,303.1,26.76,0
101,2022,310,1129,13.15,295,26.64,0
101,2022,310,1130,13.15,287.2,26.62,0
101,2022,310,1131,13.15,284.3,26.43,0
101,2022,310,1132,13.15,287.3,26.23,0
101,2022,310,1133,13.16,290.1,26.15,0
101,2022,310,1134,13.16,296.4,26.11,0
101,2022,310,1135,13.16,304.2,26.08,0
101,2022,310,1136,13.16,320.6,25.88,0
101,2022,310,1137,13.16,338.7,25.76,0
101,2022,310,1138,13.16,350.9,25.67,0
101,2022,310,1139,13.16,357.9,25.59,0
101,2022,310,1140,13.16,365.9,25.47,0
101,2022,310,1141,13.16,375.7,25.35,0
101,2022,310,1142,13.16,383.3,25.21,0
101,2022,310,1143,13.16,385.5,25.24,0
101,2022,310,1144,13.16,385.7,25.24,0
101,2022,310,1145,13.16,372.7,25.26,0
101,2022,310,1146,13.16,360.2,25.23,0
101,2022,310,1147,13.16,358.5,25.33,0
101,2022,310,1148,13.16,358.4,25.47,0
101,2022,310,1149,13.16,359.9,25.42,0
101,2022,310,1150,13.16,361.9,25.33,0
101,2022,310,1151,13.17,367.6,25.29,0
101,2022,310,1152,13.16,379.6,25.09,0
101,2022,310,1153,13.17,392.7,25.01,0
101,2022,310,1154,13.16,403.1,24.93,0
101,2022,310,1155,13.17,413.5,25.09,0
101,2022,310,1156,13.17,423.2,25.34,0
101,2022,310,1157,13.17,430.4,25.39,0
101,2022,310,1158,13.17,436.5,25.27,0
101,2022,310,1159,13.17,443.9,25.29,0
101,2022,310,1200,13.17,451.9,25.37,0
101,2022,310,1201,13.17,450.3,25.43,0
101,2022,310,1202,13.17,415,25.33,0
101,2022,310,1203,13.17,361.4,25.25,0
101,2022,310,1204,13.17,315.1,25.29,0
101,2022,310,1205,13.17,282.2,25.29,0
101,2022,310,1206,13.17,258.3,25.2,0
101,2022,310,1207,13.17,240.4,25.24,0
101,2022,310,1208,13.17,229.3,25.28,0
101,2022,310,1209,13.17,224,25.35,0
101,2022,310,1210,13.17,225.9,25.42,0
101,2022,310,1211,13.17,230,25.36,0
101,2022,310,1212,13.17,227.7,25.27,0
101,2022,310,1213,13.17,227.8,25.06,0
101,2022,310,1214,13.17,227.2,25.05,0
101,2022,310,1215,13.17,232.1,25.09,0
101,2022,310,1216,13.17,244.8,25.08,0
101,2022,310,1217,13.17,257,25.01,0
101,2022,310,1218,13.17,268.6,24.98,0
101,2022,310,1219,13.17,276.3,25.03,0
101,2022,310,1220,13.17,281.6,25.06,0
101,2022,310,1221,13.18,284.5,24.98,0
101,2022,310,1222,13.18,285.2,24.92,0
101,2022,310,1223,13.18,285.8,24.88,0
101,2022,310,1224,13.18,293.9,24.96,0
101,2022,310,1225,13.18,307.8,25.01,0
101,2022,310,1226,13.18,330.4,24.96,0
101,2022,310,1227,13.18,362.9,25.06,0
101,2022,310,1228,13.18,376.1,25.13,0
101,2022,310,1229,13.18,371.9,25.18,0
101,2022,310,1230,13.18,361.1,25.22,0
101,2022,310,1231,13.18,345.6,25.23,0
101,2022,310,1232,13.18,329.7,25.28,0
101,2022,310,1233,13.18,317.4,25.38,0
101,2022,310,1234,13.18,312.5,25.38,0
101,2022,310,1235,13.18,322.6,25.39,0
101,2022,310,1236,13.18,344.5,25.51,0
101,2022,310,1237,13.18,378.1,25.56,0
101,2022,310,1238,13.18,426.7,25.62,0
101,2022,310,1239,13.18,468.4,25.73,0
101,2022,310,1240,13.18,490.6,25.67,0
101,2022,310,1241,13.18,493.4,25.73,0
101,2022,310,1242,13.18,501.9,25.82,0
101,2022,310,1243,13.18,513,25.82,0
101,2022,310,1244,13.18,509.5,25.99,0
101,2022,310,1245,13.18,498.4,25.93,0
101,2022,310,1246,13.18,495.4,25.96,0
101,2022,310,1247,13.18,440.2,25.93,0
101,2022,310,1248,13.18,373.7,25.91,0
101,2022,310,1249,13.18,344.9,25.99,0
101,2022,310,1250,13.18,332.1,26.01,0
101,2022,310,1251,13.18,298.9,26.07,0
101,2022,310,1252,13.18,232.8,25.9,0
101,2022,310,1253,13.18,185.6,25.75,0
101,2022,310,1254,13.18,195,25.81,0
101,2022,310,1255,13.18,245.8,25.74,0
101,2022,310,1256,13.18,339.7,25.61,0
101,2022,310,1257,13.18,480.2,25.64,0
101,2022,310,1258,13.18,518.7,25.6,0
101,2022,310,1259,13.18,468,25.49,0
101,2022,310,1300,13.18,424.2,25.52,0
101,2022,310,1301,13.18,409.7,25.64,0
101,2022,310,1302,13.18,396.9,25.77,0
101,2022,310,1303,13.18,409.3,25.88,0
101,2022,310,1304,13.18,461.2,25.98,0
101,2022,310,1305,13.18,547.5,26.08,0
101,2022,310,1306,13.18,615,26.05,0
101,2022,310,1307,13.18,629.9,26.11,0
101,2022,310,1308,13.18,544.6,26.19,0
101,2022,310,1309,13.18,438.1,26.26,0
101,2022,310,1310,13.18,391.4,26.33,0
101,2022,310,1311,13.18,361.5,26.25,0
101,2022,310,1312,13.18,359,26.15,0
101,2022,310,1313,13.18,376.8,26.03,0
101,2022,310,1314,13.18,408.7,25.91,0
101,2022,310,1315,13.17,462.2,25.97,0
101,2022,310,1316,13.18,526,25.95,0
101,2022,310,1317,13.18,601.5,25.87,0
101,2022,310,1318,13.17,702,25.88,0
101,2022,310,1319,13.17,807,25.95,0
101,2022,310,1320,13.17,913,25.99,0
101,2022,310,1321,13.17,923,25.85,0
101,2022,310,1322,13.17,699.3,25.84,0
101,2022,310,1323,13.17,495.4,26.04,0
101,2022,310,1324,13.17,389.9,26.24,0
101,2022,310,1325,13.17,337.3,26.31,0
101,2022,310,1326,13.17,321.5,26.33,0
101,2022,310,1327,13.17,336.4,26.37,0
101,2022,310,1328,13.17,349.7,26.29,0
101,2022,310,1329,13.17,365.3,26.24,0
101,2022,310,1330,13.17,394.3,26.22,0
101,2022,310,1331,13.17,501.1,26.31,0
101,2022,310,1332,13.17,1041,26.48,0
101,2022,310,1333,13.17,535.5,26.6,0
101,2022,310,1334,13.17,455.4,26.72,0
101,2022,310,1335,13.17,517.3,26.79,0
101,2022,310,1336,13.17,366,26.74,0
101,2022,310,1337,13.17,342.7,26.88,0
101,2022,310,1338,13.16,336.5,26.83,0
101,2022,310,1339,13.17,387,26.8,0
101,2022,310,1340,13.17,1012,26.74,0
101,2022,310,1341,13.17,1056,26.86,0
101,2022,310,1342,13.16,1028,27.05,0
101,2022,310,1343,13.17,1019,27.31,0
101,2022,310,1344,13.17,757,27.46,0
101,2022,310,1345,13.17,578.7,27.54,0
101,2022,310,1346,13.17,519.9,27.56,0
101,2022,310,1347,13.17,427.7,27.23,0
101,2022,310,1348,13.17,425.7,26.89,0
101,2022,310,1349,13.16,391.4,26.56,0
101,2022,310,1350,13.17,338.8,26.32,0
101,2022,310,1351,13.16,308.3,26.11,0
101,2022,310,1352,13.16,359.8,26.08,0
101,2022,310,1353,13.16,486.9,26.22,0
101,2022,310,1354,13.16,561.5,26.35,0
101,2022,310,1355,13.16,544.1,26.21,0
101,2022,310,1356,13.16,475.4,26.12,0
101,2022,310,1357,13.16,442.7,26.1,0
101,2022,310,1358,13.17,415.3,26.26,0
101,2022,310,1359,13.17,428.7,26.12,0
101,2022,310,1400,13.16,458.2,26.17,0
101,2022,310,1401,13.16,446.4,26.22,0
101,2022,310,1402,13.17,449.4,26.32,0
101,2022,310,1403,13.16,436.1,26.3,0
101,2022,310,1404,13.16,396.6,26.02,0
101,2022,310,1405,13.16,380.7,26,0
101,2022,310,1406,13.16,459.3,25.97,0
101,2022,310,1407,13.16,515.4,25.78,0
101,2022,310,1408,13.16,557.3,25.67,0
101,2022,310,1409,13.16,380.4,25.52,0
101,2022,310,1410,13.17,278,25.58,0
101,2022,310,1411,13.17,280.7,25.71,0
101,2022,310,1412,13.16,372.3,25.34,0
101,2022,310,1413,13.17,269.5,25.22,0
101,2022,310,1414,13.16,191.5,25.27,0
101,2022,310,1415,13.17,142.5,25.29,0
101,2022,310,1416,13.16,117.6,25.17,0
101,2022,310,1417,13.17,100.2,24.91,0
101,2022,310,1418,13.17,108,24.74,0
101,2022,310,1419,13.17,130.2,24.81,0
101,2022,310,1420,13.17,131,24.74,0
101,2022,310,1421,13.17,102.4,24.68,0
101,2022,310,1422,13.17,79.6,24.65,0
101,2022,310,1423,13.17,89.2,24.56,0
101,2022,310,1424,13.17,101.2,24.32,0
101,2022,310,1425,13.17,114.5,24.13,0
101,2022,310,1426,13.18,127.4,24.04,0
101,2022,310,1427,13.18,129.3,24.02,0
101,2022,310,1428,13.18,123.7,23.99,0
101,2022,310,1429,13.18,111.4,23.96,0
101,2022,310,1430,13.18,104.3,23.95,0
101,2022,310,1431,13.18,99.4,23.94,0
101,2022,310,1432,13.18,94.1,23.9,0
101,2022,310,1433,13.18,104.5,23.86,0
101,2022,310,1434,13.18,113.1,23.91,0
101,2022,310,1435,13.18,112.6,23.95,0
101,2022,310,1436,13.19,114.7,23.98,0
101,2022,310,1437,13.19,118,23.96,0
101,2022,310,1438,13.19,118.1,24,0
101,2022,310,1439,13.19,115.7,24.05,0
101,2022,310,1440,13.19,106.2,23.95,0
101,2022,310,1441,13.19,93.4,23.98,0
101,2022,310,1442,13.19,86.2,23.97,0
101,2022,310,1443,13.19,87.1,24,0
101,2022,310,1444,13.19,102.3,23.85,0
101,2022,310,1445,13.19,118.5,23.86,0
101,2022,310,1446,13.19,124.2,23.94,0
101,2022,310,1447,13.2,133.8,23.96,0
101,2022,310,1448,13.19,136.2,24,0
101,2022,310,1449,13.2,122.8,24.04,0
101,2022,310,1450,13.2,128,24.08,0
101,2022,310,1451,13.2,146.1,24.08,0
101,2022,310,1452,13.2,137.4,24.06,0
101,2022,310,1453,13.2,129.2,24.11,0
101,2022,310,1454,13.2,125.5,24.11,0
101,2022,310,1455,13.2,127.8,24.17,0
101,2022,310,1456,13.2,141.2,24.16,0
101,2022,310,1457,13.2,123,24.12,0
101,2022,310,1458,13.2,100.4,24.18,0
101,2022,310,1459,13.2,87.7,24.22,0
101,2022,310,1500,13.2,112.6,24.18,0
101,2022,310,1501,13.2,137.3,24.19,0
101,2022,310,1502,13.2,146.5,24.15,0
101,2022,310,1503,13.2,180.9,24.19,0
101,2022,310,1504,13.2,198.6,24.21,0
101,2022,310,1505,13.2,218.8,24.29,0
101,2022,310,1506,13.2,230.4,24.36,0
101,2022,310,1507,13.21,209.7,24.37,0
101,2022,310,1508,13.21,198.5,24.4,0
101,2022,310,1509,13.21,174.3,24.38,0
101,2022,310,1510,13.21,160.3,24.38,0
101,2022,310,1511,13.21,154.1,24.42,0
101,2022,310,1512,13.21,161.9,24.43,0
101,2022,310,1513,13.21,155.9,24.46,0
101,2022,310,1514,13.21,150.3,24.46,0
101,2022,310,1515,13.21,157.2,24.5,0
101,2022,310,1516,13.21,154.4,24.54,0
101,2022,310,1517,13.21,137,24.52,0
101,2022,310,1518,13.21,126.9,24.56,0
101,2022,310,1519,13.21,143.5,24.55,0
101,2022,310,1520,13.21,143.1,24.54,0
101,2022,310,1521,13.21,116.6,24.59,0
101,2022,310,1522,13.21,94.3,24.59,0
101,2022,310,1523,13.21,92,24.56,0
101,2022,310,1524,13.21,91.6,24.55,0
101,2022,310,1525,13.21,115,24.56,0
101,2022,310,1526,13.21,129.6,24.56,0
101,2022,310,1527,13.21,126.6,24.54,0
101,2022,310,1528,13.21,134.4,24.51,0
101,2022,310,1529,13.21,145.3,24.54,0
101,2022,310,1530,13.21,139.5,24.55,0
101,2022,310,1531,13.21,135.4,24.53,0
101,2022,310,1532,13.21,131.8,24.5,0
101,2022,310,1533,13.21,125.8,24.5,0
101,2022,310,1534,13.21,122.6,24.51,0
101,2022,310,1535,13.21,116.7,24.51,0
101,2022,310,1536,13.21,111.6,24.53,0
101,2022,310,1537,13.21,111,24.52,0
101,2022,310,1538,13.21,110.6,24.51,0
101,2022,310,1539,13.21,110.9,24.51,0
101,2022,310,1540,13.21,120.2,24.53,0
101,2022,310,1541,13.21,119.3,24.51,0
101,2022,310,1542,13.21,124,24.53,0
101,2022,310,1543,13.21,143.3,24.54,0
101,2022,310,1544,13.21,156.2,24.55,0
101,2022,310,1545,13.21,169.3,24.56,0
101,2022,310,1546,13.21,173.2,24.57,0
101,2022,310,1547,13.21,179.8,24.61,0
101,2022,310,1548,13.21,193.6,24.62,0
101,2022,310,1549,13.21,197.1,24.61,0
101,2022,310,1550,13.21,172.6,24.62,0
101,2022,310,1551,13.21,138.1,24.63,0
101,2022,310,1552,13.21,102.4,24.65,0
101,2022,310,1553,13.21,85.6,24.61,0
101,2022,310,1554,13.21,74.3,24.58,0
101,2022,310,1555,13.21,68.85,24.54,0
101,2022,310,1556,13.21,76.2,24.53,0
101,2022,310,1557,13.21,95.1,24.51,0
101,2022,310,1558,13.21,106.6,24.5,0
101,2022,310,1559,13.21,109.5,24.5,0
101,2022,310,1600,13.21,119.6,24.52,0
101,2022,310,1601,13.21,126.7,24.48,0
101,2022,310,1602,13.21,128.9,24.49,0
101,2022,310,1603,13.21,141.5,24.49,0
101,2022,310,1604,13.21,149,24.5,0
101,2022,310,1605,13.21,154,24.48,0
101,2022,310,1606,13.21,161.7,24.49,0
101,2022,310,1607,13.21,162.5,24.5,0
101,2022,310,1608,13.21,162.8,24.5,0
101,2022,310,1609,13.21,175.8,24.53,0
101,2022,310,1610,13.21,177.7,24.53,0
101,2022,310,1611,13.21,167,24.51,0
101,2022,310,1612,13.21,156.7,24.51,0
101,2022,310,1613,13.21,150.8,24.5,0
101,2022,310,1614,13.21,139.5,24.52,0
101,2022,310,1615,13.21,127.1,24.53,0
101,2022,310,1616,13.21,113.9,24.52,0
101,2022,310,1617,13.21,103.2,24.51,0
101,2022,310,1618,13.21,94.8,24.52,0
101,2022,310,1619,13.21,88.2,24.47,0
101,2022,310,1620,13.21,80.2,24.45,0
101,2022,310,1621,13.21,73.7,24.43,0
101,2022,310,1622,13.21,76.6,24.41,0
101,2022,310,1623,13.21,80.1,24.4,0
101,2022,310,1624,13.21,79.3,24.4,0
101,2022,310,1625,13.21,74.1,24.4,0
101,2022,310,1626,13.21,71.5,24.41,0
101,2022,310,1627,13.21,74.4,24.41,0
101,2022,310,1628,13.21,72.3,24.43,0
101,2022,310,1629,13.21,57.58,24.42,0
101,2022,310,1630,13.21,49.27,24.42,0
101,2022,310,1631,13.21,48.26,24.44,0
101,2022,310,1632,13.21,43.58,24.45,0
101,2022,310,1633,13.21,36,24.46,0
101,2022,310,1634,13.2,32.99,24.45,0
101,2022,310,1635,13.19,30.26,24.45,0
101,2022,310,1636,13.18,30.31,24.44,0
101,2022,310,1637,13.17,30.45,24.39,0
101,2022,310,1638,13.17,28.4,24.37,0
101,2022,310,1639,13.17,29.33,24.33,0
101,2022,310,1640,13.17,34.76,24.31,0
101,2022,310,1641,13.17,36.74,24.3,0
101,2022,310,1642,13.17,35.83,24.31,0
101,2022,310,1643,13.18,35.72,24.31,0
101,2022,310,1644,13.18,37.19,24.32,0
101,2022,310,1645,13.19,37.52,24.31,0
101,2022,310,1646,13.19,37.44,24.3,0
101,2022,310,1647,13.19,37.21,24.29,0
101,2022,310,1648,13.2,37.1,24.3,0
101,2022,310,1649,13.2,37.81,24.28,0
101,2022,310,1650,13.19,37.95,24.28,0
101,2022,310,1651,13.19,37.64,24.28,0
101,2022,310,1652,13.18,36.26,24.26,0
101,2022,310,1653,13.18,34.31,24.27,0
101,2022,310,1654,13.17,32.34,24.28,0
101,2022,310,1655,13.17,31.41,24.28,0
101,2022,310,1656,13.16,31.07,24.27,0
101,2022,310,1657,13.15,30.93,24.25,0
101,2022,310,1658,13.15,30.88,24.25,0
101,2022,310,1659,13.15,30.34,24.26,0
101,2022,310,1700,13.14,28.17,24.27,0
101,2022,310,1701,13.13,25.78,24.26,0
101,2022,310,1702,13.12,26.85,24.24,0
101,2022,310,1703,13.12,27.81,24.25,0
101,2022,310,1704,13.12,28,24.25,0
101,2022,310,1705,13.11,27.61,24.25,0
101,2022,310,1706,13.11,26.96,24.24,0
101,2022,310,1707,13.1,26.17,24.24,0
101,2022,310,1708,13.1,25.1,24.24,0
101,2022,310,1709,13.09,24,24.24,0
101,2022,310,1710,13.09,23.02,24.22,0
101,2022,310,1711,13.08,21.5,24.22,0
101,2022,310,1712,13.07,20.57,24.22,0
101,2022,310,1713,13.07,19.98,24.21,0
101,2022,310,1714,13.06,18.74,24.2,0
101,2022,310,1715,13.05,17.67,24.2,0
101,2022,310,1716,13.05,16.96,24.2,0
101,2022,310,1717,13.04,16.57,24.22,0
101,2022,310,1718,13.04,16.57,24.21,0
101,2022,310,1719,13.03,16.45,24.19,0
101,2022,310,1720,13.03,15.24,24.2,0
101,2022,310,1721,13.02,12.62,24.19,0
101,2022,310,1722,13.02,11.83,24.18,0
101,2022,310,1723,13.01,11.75,24.16,0
101,2022,310,1724,13.01,10.65,24.16,0
101,2022,310,1725,13,9.3,24.16,0
101,2022,310,1726,13,7.78,24.17,0
101,2022,310,1727,13,6.198,24.14,0
101,2022,310,1728,12.99,4.846,24.13,0
101,2022,310,1729,12.99,3.973,24.1,0
101,2022,310,1730,12.98,2.874,24.1,0
101,2022,310,1731,12.98,1.803,24.08,0
101,2022,310,1732,12.97,1.352,24.07,0
101,2022,310,1733,12.97,.873,24.06,0
101,2022,310,1734,12.97,.676,24.04,0
101,2022,310,1735,12.96,.676,24.03,0
101,2022,310,1736,12.96,.676,24.02,0
101,2022,310,1737,12.96,.563,24.01,0
101,2022,310,1738,12.96,.141,24,0
101,2022,310,1739,12.95,0,23.99,0
101,2022,310,1740,12.95,0,23.99,0
101,2022,310,1741,12.94,0,23.98,0
101,2022,310,1742,12.94,0,23.98,0
101,2022,310,1743,12.94,0,23.96,0
101,2022,310,1744,12.94,0,23.97,0
101,2022,310,1745,12.94,0,23.95,0
101,2022,310,1746,12.93,0,23.95,0
101,2022,310,1747,12.93,0,23.95,0
101,2022,310,1748,12.93,0,23.93,0
101,2022,310,1749,12.92,0,23.93,0
101,2022,310,1750,12.92,0,23.94,0
101,2022,310,1751,12.92,0,23.94,0
101,2022,310,1752,12.92,0,23.93,0
101,2022,310,1753,12.92,0,23.92,0
101,2022,310,1754,12.92,0,23.92,0
101,2022,310,1755,12.91,0,23.92,0
101,2022,310,1756,12.91,0,23.92,0
101,2022,310,1757,12.91,0,23.91,0
101,2022,310,1758,12.91,0,23.91,0
101,2022,310,1759,12.9,0,23.93,0
101,2022,310,1800,12.9,0,23.92,0
101,2022,310,1801,12.9,0,23.92,0
101,2022,310,1802,12.9,0,23.92,0
101,2022,310,1803,12.9,0,23.89,0
101,2022,310,1804,12.9,0,23.88,0
101,2022,310,1805,12.89,0,23.89,0
101,2022,310,1806,12.89,0,23.88,0
101,2022,310,1807,12.89,0,23.88,0
101,2022,310,1808,12.89,0,23.88,0
101,2022,310,1809,12.89,0,23.86,0
101,2022,310,1810,12.89,0,23.81,0
101,2022,310,1811,12.88,0,23.8,0
101,2022,310,1812,12.88,0,23.81,0
101,2022,310,1813,12.88,0,23.82,0
101,2022,310,1814,12.88,0,23.81,0
101,2022,310,1815,12.88,0,23.75,0
101,2022,310,1816,12.88,0,23.7,0
101,2022,310,1817,12.88,0,23.7,0
101,2022,310,1818,12.88,0,23.7,0
101,2022,310,1819,12.88,0,23.68,0
101,2022,310,1820,12.88,0,23.68,0
101,2022,310,1821,12.88,0,23.66,0
101,2022,310,1822,12.87,0,23.66,0
101,2022,310,1823,12.87,0,23.66,0
101,2022,310,1824,12.87,0,23.65,0
101,2022,310,1825,12.87,0,23.61,0
101,2022,310,1826,12.87,0,23.58,0
101,2022,310,1827,12.86,0,23.58,0
101,2022,310,1828,12.87,0,23.59,0
101,2022,310,1829,12.86,0,23.59,0
101,2022,310,1830,12.86,0,23.55,0
101,2022,310,1831,12.86,0,23.53,0
101,2022,310,1832,12.86,0,23.51,0
101,2022,310,1833,12.86,0,23.5,0
101,2022,310,1834,12.86,0,23.49,0
101,2022,310,1835,12.86,0,23.47,0
101,2022,310,1836,12.86,0,23.48,0
101,2022,310,1837,12.86,0,23.47,0
101,2022,310,1838,12.86,0,23.49,0
101,2022,310,1839,12.86,0,23.49,0
101,2022,310,1840,12.86,0,23.47,0
101,2022,310,1841,12.86,0,23.46,0
101,2022,310,1842,12.86,0,23.47,0
101,2022,310,1843,12.86,0,23.45,0
101,2022,310,1844,12.86,0,23.46,0
101,2022,310,1845,12.86,0,23.47,0
101,2022,310,1846,12.85,0,23.49,0
101,2022,310,1847,12.85,0,23.47,0
101,2022,310,1848,12.85,0,23.45,0
101,2022,310,1849,12.85,0,23.45,0
101,2022,310,1850,12.85,0,23.45,0
101,2022,310,1851,12.85,0,23.44,0
101,2022,310,1852,12.85,0,23.44,0
101,2022,310,1853,12.85,0,23.45,0
101,2022,310,1854,12.85,0,23.44,0
101,2022,310,1855,12.85,0,23.45,0
101,2022,310,1856,12.85,0,23.44,0
101,2022,310,1857,12.85,0,23.45,0
101,2022,310,1858,12.85,0,23.46,0
101,2022,310,1859,12.85,0,23.45,0
101,2022,310,1900,12.85,0,23.45,0
101,2022,310,1901,12.84,0,23.44,0
101,2022,310,1902,12.84,0,23.45,0
101,2022,310,1903,12.84,0,23.44,0
101,2022,310,1904,12.84,0,23.47,0
101,2022,310,1905,12.84,0,23.49,0
101,2022,310,1906,12.84,0,23.47,0
101,2022,310,1907,12.84,0,23.43,0
101,2022,310,1908,12.84,0,23.41,0
101,2022,310,1909,12.84,0,23.43,0
101,2022,310,1910,12.84,0,23.41,0
101,2022,310,1911,12.84,0,23.4,0
101,2022,310,1912,12.84,0,23.41,0
101,2022,310,1913,12.84,0,23.38,0
101,2022,310,1914,12.84,0,23.36,0
101,2022,310,1915,12.84,0,23.36,0
101,2022,310,1916,12.84,0,23.35,0
101,2022,310,1917,12.84,0,23.35,0
101,2022,310,1918,12.84,0,23.34,0
101,2022,310,1919,12.84,0,23.33,0
101,2022,310,1920,12.84,0,23.31,0
101,2022,310,1921,12.84,0,23.29,0
101,2022,310,1922,12.84,0,23.29,0
101,2022,310,1923,12.84,0,23.27,0
101,2022,310,1924,12.84,0,23.25,0
101,2022,310,1925,12.84,0,23.25,0
101,2022,310,1926,12.83,0,23.24,0
101,2022,310,1927,12.84,0,23.24,0
101,2022,310,1928,12.83,0,23.23,0
101,2022,310,1929,12.83,0,23.21,0
101,2022,310,1930,12.83,0,23.22,0
101,2022,310,1931,12.83,0,23.22,0
101,2022,310,1932,12.83,0,23.2,0
101,2022,310,1933,12.83,0,23.21,0
101,2022,310,1934,12.83,0,23.21,0
101,2022,310,1935,12.83,0,23.2,0
101,2022,310,1936,12.83,0,23.18,0
101,2022,310,1937,12.83,0,23.16,0
101,2022,310,1938,12.83,0,23.14,0
101,2022,310,1939,12.83,0,23.17,0
101,2022,310,1940,12.83,0,23.1,0
101,2022,310,1941,12.83,0,23.05,0
101,2022,310,1942,12.83,0,23.03,0
101,2022,310,1943,12.83,0,23.02,0
101,2022,310,1944,12.83,0,22.99,0
101,2022,310,1945,12.83,0,22.99,0
101,2022,310,1946,12.83,0,22.97,0
101,2022,310,1947,12.83,0,22.95,0
101,2022,310,1948,12.83,0,22.92,0
101,2022,310,1949,12.83,0,22.92,0
101,2022,310,1950,12.83,0,22.93,0
101,2022,310,1951,12.83,0,22.95,0
101,2022,310,1952,12.82,0,22.95,0
101,2022,310,1953,12.82,0,22.93,0
101,2022,310,1954,12.82,0,22.93,0
101,2022,310,1955,12.82,0,22.92,0
101,2022,310,1956,12.82,0,22.92,0
101,2022,310,1957,12.82,0,22.94,0
101,2022,310,1958,12.82,0,22.94,0
101,2022,310,1959,12.82,0,22.92,0
101,2022,310,2000,12.82,0,22.91,0
101,2022,310,2001,12.82,0,22.93,0
101,2022,310,2002,12.82,0,22.92,0
101,2022,310,2003,12.82,0,22.87,0
101,2022,310,2004,12.82,0,22.93,0
101,2022,310,2005,12.82,0,22.93,0
101,2022,310,2006,12.82,0,22.82,0
101,2022,310,2007,12.82,0,22.81,0
101,2022,310,2008,12.82,0,22.82,0
101,2022,310,2009,12.82,0,22.84,0
101,2022,310,2010,12.82,0,22.81,0
101,2022,310,2011,12.82,0,22.79,0
101,2022,310,2012,12.82,0,22.78,0
101,2022,310,2013,12.82,0,22.75,0
101,2022,310,2014,12.82,0,22.76,0
101,2022,310,2015,12.82,0,22.78,0
101,2022,310,2016,12.82,0,22.79,0
101,2022,310,2017,12.82,0,22.74,0
101,2022,310,2018,12.82,0,22.73,0
101,2022,310,2019,12.82,0,22.75,0
101,2022,310,2020,12.82,0,22.76,0
101,2022,310,2021,12.82,0,22.75,0
101,2022,310,2022,12.82,0,22.72,0
101,2022,310,2023,12.82,0,22.72,0
101,2022,310,2024,12.82,0,22.7,0
101,2022,310,2025,12.82,0,22.7,0
101,2022,310,2026,12.82,0,22.7,0
101,2022,310,2027,12.82,0,22.68,0
101,2022,310,2028,12.82,0,22.67,0
101,2022,310,2029,12.82,0,22.7,0
101,2022,310,2030,12.82,0,22.7,0
101,2022,310,2031,12.82,0,22.71,0
101,2022,310,2032,12.82,0,22.7,0
101,2022,310,2033,12.81,0,22.71,0
101,2022,310,2034,12.81,0,22.72,0
101,2022,310,2035,12.81,0,22.75,0
101,2022,310,2036,12.81,0,22.74,0
101,2022,310,2037,12.81,0,22.74,0
101,2022,310,2038,12.81,0,22.76,0
101,2022,310,2039,12.81,0,22.77,0
101,2022,310,2040,12.81,0,22.75,0
101,2022,310,2041,12.81,0,22.76,0
101,2022,310,2042,12.81,0,22.77,0
101,2022,310,2043,12.81,0,22.78,0
101,2022,310,2044,12.81,0,22.78,0
101,2022,310,2045,12.81,0,22.76,0
101,2022,310,2046,12.81,0,22.75,0
101,2022,310,2047,12.81,0,22.75,0
101,2022,310,2048,12.81,0,22.74,0
101,2022,310,2049,12.81,0,22.76,0
101,2022,310,2050,12.81,0,22.76,0
101,2022,310,2051,12.81,0,22.76,0
101,2022,310,2052,12.81,0,22.75,0
101,2022,310,2053,12.81,0,22.76,0
101,2022,310,2054,12.81,0,22.76,0
101,2022,310,2055,12.81,0,22.75,0
101,2022,310,2056,12.81,0,22.75,0
101,2022,310,2057,12.81,0,22.74,0
101,2022,310,2058,12.81,0,22.74,0
101,2022,310,2059,12.81,0,22.75,0
101,2022,310,2100,12.81,0,22.77,0
101,2022,310,2101,12.81,0,22.79,0
101,2022,310,2102,12.81,0,22.81,0
101,2022,310,2103,12.81,0,22.82,0
101,2022,310,2104,12.81,0,22.8,0
101,2022,310,2105,12.81,0,22.8,0
101,2022,310,2106,12.81,0,22.82,0
101,2022,310,2107,12.81,0,22.81,0
101,2022,310,2108,12.81,0,22.82,0
101,2022,310,2109,12.81,0,22.82,0
101,2022,310,2110,12.81,0,22.83,0
101,2022,310,2111,12.81,0,22.84,0
101,2022,310,2112,12.81,0,22.85,0
101,2022,310,2113,12.81,0,22.86,0
101,2022,310,2114,12.81,0,22.85,0
101,2022,310,2115,12.81,0,22.85,0
101,2022,310,2116,12.81,0,22.86,0
101,2022,310,2117,12.81,0,22.87,0
101,2022,310,2118,12.81,0,22.88,0
101,2022,310,2119,12.81,0,22.89,0
101,2022,310,2120,12.8,0,22.89,0
101,2022,310,2121,12.8,0,22.91,0
101,2022,310,2122,12.8,0,22.92,0
101,2022,310,2123,12.81,0,22.92,0
101,2022,310,2124,12.81,0,22.92,0
101,2022,310,2125,12.81,0,22.93,0
101,2022,310,2126,12.81,0,22.93,0
101,2022,310,2127,12.81,0,22.93,0
101,2022,310,2128,12.81,0,22.94,0
101,2022,310,2129,12.8,0,22.93,0
101,2022,310,2130,12.8,0,22.93,0
101,2022,310,2131,12.8,0,22.93,0
101,2022,310,2132,12.8,0,22.94,0
101,2022,310,2133,12.8,0,22.93,0
101,2022,310,2134,12.8,0,22.94,0
101,2022,310,2135,12.8,0,22.94,0
101,2022,310,2136,12.8,0,22.96,0
101,2022,310,2137,12.81,0,22.96,0
101,2022,310,2138,12.81,0,22.95,0
101,2022,310,2139,12.81,0,22.95,0
101,2022,310,2140,12.81,0,22.95,0
101,2022,310,2141,12.81,0,22.96,0
101,2022,310,2142,12.8,0,22.97,0
101,2022,310,2143,12.81,0,22.97,0
101,2022,310,2144,12.81,0,22.95,0
101,2022,310,2145,12.81,0,22.95,0
101,2022,310,2146,12.8,0,22.94,0
101,2022,310,2147,12.81,0,22.95,0
101,2022,310,2148,12.8,0,22.94,0
101,2022,310,2149,12.8,0,22.93,0
101,2022,310,2150,12.8,0,22.96,0
101,2022,310,2151,12.8,0,22.99,0
101,2022,310,2152,12.8,0,22.99,0
101,2022,310,2153,12.8,0,22.98,0
101,2022,310,2154,12.8,0,22.92,0
101,2022,310,2155,12.8,0,22.87,0
101,2022,310,2156,12.8,0,22.78,0
101,2022,310,2157,12.8,0,22.66,0
101,2022,310,2158,12.8,0,22.62,0
101,2022,310,2159,12.8,0,22.62,0
101,2022,310,2200,12.8,0,22.62,0
101,2022,310,2201,12.8,0,22.61,0
101,2022,310,2202,12.8,0,22.57,0
101,2022,310,2203,12.8,0,22.53,0
101,2022,310,2204,12.8,0,22.52,0
101,2022,310,2205,12.8,0,22.52,0
101,2022,310,2206,12.8,0,22.49,0
101,2022,310,2207,12.8,0,22.48,0
101,2022,310,2208,12.8,0,22.45,0
101,2022,310,2209,12.8,0,22.46,0
101,2022,310,2210,12.8,0,22.44,0
101,2022,310,2211,12.8,0,22.45,0
101,2022,310,2212,12.8,0,22.47,0
101,2022,310,2213,12.8,0,22.46,0
101,2022,310,2214,12.8,0,22.47,0
101,2022,310,2215,12.8,0,22.48,0
101,2022,310,2216,12.8,0,22.49,0
101,2022,310,2217,12.8,0,22.51,0
101,2022,310,2218,12.8,0,22.5,0
101,2022,310,2219,12.8,0,22.51,0
101,2022,310,2220,12.8,0,22.5,0
101,2022,310,2221,12.8,0,22.5,0
101,2022,310,2222,12.8,0,22.49,0
101,2022,310,2223,12.8,0,22.5,0
101,2022,310,2224,12.8,0,22.49,0
101,2022,310,2225,12.8,0,22.5,0
101,2022,310,2226,12.8,0,22.5,0
101,2022,310,2227,12.8,0,22.5,0
101,2022,310,2228,12.8,0,22.49,0
101,2022,310,2229,12.8,0,22.49,0
101,2022,310,2230,12.8,0,22.49,0
101,2022,310,2231,12.8,0,22.45,0
101,2022,310,2232,12.8,0,22.47,0
101,2022,310,2233,12.8,0,22.45,0
101,2022,310,2234,12.8,0,22.47,0
101,2022,310,2235,12.8,0,22.44,0
101,2022,310,2236,12.8,0,22.32,0
101,2022,310,2237,12.8,0,22.34,0
101,2022,310,2238,12.8,0,22.33,0
101,2022,310,2239,12.8,0,22.35,0
101,2022,310,2240,12.8,0,22.33,0
101,2022,310,2241,12.8,0,22.29,0
101,2022,310,2242,12.8,0,22.26,0
101,2022,310,2243,12.8,0,22.29,0
101,2022,310,2244,12.8,0,22.28,0
101,2022,310,2245,12.8,0,22.26,0
101,2022,310,2246,12.8,0,22.26,0
101,2022,310,2247,12.8,0,22.28,0
101,2022,310,2248,12.8,0,22.29,0
101,2022,310,2249,12.8,0,22.3,0
101,2022,310,2250,12.8,0,22.31,0
101,2022,310,2251,12.8,0,22.32,0
101,2022,310,2252,12.8,0,22.32,0
101,2022,310,2253,12.8,0,22.32,0
101,2022,310,2254,12.79,0,22.33,0
101,2022,310,2255,12.79,0,22.32,0
101,2022,310,2256,12.79,0,22.33,0
101,2022,310,2257,12.79,0,22.33,0
101,2022,310,2258,12.79,0,22.35,0
101,2022,310,2259,12.79,0,22.36,0
101,2022,310,2300,12.79,0,22.37,0
101,2022,310,2301,12.79,0,22.37,0
101,2022,310,2302,12.79,0,22.37,0
101,2022,310,2303,12.8,0,22.37,0
101,2022,310,2304,12.79,0,22.37,0
101,2022,310,2305,12.79,0,22.39,0
101,2022,310,2306,12.79,0,22.38,0
101,2022,310,2307,12.79,0,22.38,0
101,2022,310,2308,12.79,0,22.38,0
101,2022,310,2309,12.79,0,22.39,0
101,2022,310,2310,12.79,0,22.4,0
101,2022,310,2311,12.79,0,22.4,0
101,2022,310,2312,12.79,0,22.39,0
101,2022,310,2313,12.79,0,22.4,0
101,2022,310,2314,12.79,0,22.42,0
101,2022,310,2315,12.79,0,22.41,0
101,2022,310,2316,12.79,0,22.37,0
101,2022,310,2317,12.79,0,22.37,0
101,2022,310,2318,12.79,0,22.39,0
101,2022,310,2319,12.79,0,22.41,0
101,2022,310,2320,12.79,0,22.41,0
101,2022,310,2321,12.79,0,22.4,0
101,2022,310,2322,12.79,0,22.39,0
101,2022,310,2323,12.79,0,22.4,0
101,2022,310,2324,12.79,0,22.39,0
101,2022,310,2325,12.79,0,22.37,0
101,2022,310,2326,12.79,0,22.38,0
101,2022,310,2327,12.79,0,22.39,0
101,2022,310,2328,12.79,0,22.38,0
101,2022,310,2329,12.79,0,22.4,0
101,2022,310,2330,12.79,0,22.39,0
101,2022,310,2331,12.79,0,22.41,0
101,2022,310,2332,12.79,0,22.39,0
101,2022,310,2333,12.79,0,22.38,0
101,2022,310,2334,12.79,0,22.38,0
101,2022,310,2335,12.79,0,22.4,0
101,2022,310,2336,12.79,0,22.4,0
101,2022,310,2337,12.79,0,22.42,0
101,2022,310,2338,12.79,0,22.42,0
101,2022,310,2339,12.79,0,22.41,0
101,2022,310,2340,12.79,0,22.42,0
101,2022,310,2341,12.79,0,22.42,0
101,2022,310,2342,12.79,0,22.43,0
101,2022,310,2343,12.79,0,22.42,0
101,2022,310,2344,12.79,0,22.43,0
101,2022,310,2345,12.79,0,22.42,0
101,2022,310,2346,12.79,0,22.45,0
101,2022,310,2347,12.79,0,22.45,0
101,2022,310,2348,12.79,0,22.42,0
101,2022,310,2349,12.79,0,22.42,0
101,2022,310,2350,12.79,0,22.41,0
101,2022,310,2351,12.79,0,22.4,0
101,2022,310,2352,12.79,0,22.41,0
101,2022,310,2353,12.79,0,22.43,0
101,2022,310,2354,12.79,0,22.42,0
101,2022,310,2355,12.79,0,22.42,0
101,2022,310,2356,12.79,0,22.42,0
101,2022,310,2357,12.79,0,22.41,0
101,2022,310,2358,12.79,0,22.4,0
101,2022,310,2359,12.79,0,22.41,0
