a,b,dia_juliano,d,e,f,g,h
101,2022,315,2400,12.76,0,22.51,0
101,2022,315,1,12.76,0,22.52,0
101,2022,315,2,12.76,0,22.5,0
101,2022,315,3,12.76,0,22.47,0
101,2022,315,4,12.76,0,22.43,0
101,2022,315,5,12.76,0,22.4,0
101,2022,315,6,12.76,0,22.38,0
101,2022,315,7,12.76,0,22.34,0
101,2022,315,8,12.76,0,22.3,0
101,2022,315,9,12.76,0,22.35,0
101,2022,315,10,12.76,0,22.36,0
101,2022,315,11,12.76,0,22.33,0
101,2022,315,12,12.76,0,22.33,0
101,2022,315,13,12.76,0,22.33,0
101,2022,315,14,12.76,0,22.35,0
101,2022,315,15,12.76,0,22.35,0
101,2022,315,16,12.76,0,22.35,0
101,2022,315,17,12.76,0,22.34,0
101,2022,315,18,12.76,0,22.33,0
101,2022,315,19,12.76,0,22.29,0
101,2022,315,20,12.76,0,22.27,0
101,2022,315,21,12.76,0,22.28,0
101,2022,315,22,12.76,0,22.28,0
101,2022,315,23,12.76,0,22.29,0
101,2022,315,24,12.76,0,22.3,0
101,2022,315,25,12.76,0,22.3,0
101,2022,315,26,12.76,0,22.29,0
101,2022,315,27,12.76,0,22.26,0
101,2022,315,28,12.76,0,22.26,0
101,2022,315,29,12.76,0,22.26,0
101,2022,315,30,12.76,0,22.27,0
101,2022,315,31,12.76,0,22.23,0
101,2022,315,32,12.76,0,22.24,0
101,2022,315,33,12.76,0,22.29,0
101,2022,315,34,12.76,0,22.3,0
101,2022,315,35,12.76,0,22.3,0
101,2022,315,36,12.76,0,22.29,0
101,2022,315,37,12.75,0,22.31,0
101,2022,315,38,12.76,0,22.3,0
101,2022,315,39,12.75,0,22.29,0
101,2022,315,40,12.75,0,22.3,0
101,2022,315,41,12.75,0,22.32,0
101,2022,315,42,12.75,0,22.32,0
101,2022,315,43,12.75,0,22.33,0
101,2022,315,44,12.75,0,22.32,0
101,2022,315,45,12.75,0,22.3,0
101,2022,315,46,12.75,0,22.29,0
101,2022,315,47,12.75,0,22.28,0
101,2022,315,48,12.75,0,22.26,0
101,2022,315,49,12.75,0,22.25,0
101,2022,315,50,12.75,0,22.25,0
101,2022,315,51,12.75,0,22.25,0
101,2022,315,52,12.75,0,22.23,0
101,2022,315,53,12.75,0,22.22,0
101,2022,315,54,12.75,0,22.21,0
101,2022,315,55,12.75,0,22.23,0
101,2022,315,56,12.75,0,22.2,0
101,2022,315,57,12.75,0,22.18,0
101,2022,315,58,12.75,0,22.18,0
101,2022,315,59,12.75,0,22.17,0
101,2022,315,100,12.75,0,22.17,0
101,2022,315,101,12.75,0,22.18,0
101,2022,315,102,12.75,0,22.21,0
101,2022,315,103,12.75,0,22.2,0
101,2022,315,104,12.75,0,22.16,0
101,2022,315,105,12.75,.028,22.12,0
101,2022,315,106,12.75,0,22.12,0
101,2022,315,107,12.75,.028,22.14,0
101,2022,315,108,12.75,0,22.14,0
101,2022,315,109,12.75,0,22.12,0
101,2022,315,110,12.75,0,22.11,0
101,2022,315,111,12.75,0,22.11,0
101,2022,315,112,12.75,0,22.13,0
101,2022,315,113,12.75,0,22.16,0
101,2022,315,114,12.75,0,22.18,0
101,2022,315,115,12.75,0,22.17,0
101,2022,315,116,12.75,0,22.2,0
101,2022,315,117,12.75,0,22.22,0
101,2022,315,118,12.75,0,22.22,0
101,2022,315,119,12.75,0,22.21,0
101,2022,315,120,12.75,0,22.21,0
101,2022,315,121,12.75,0,22.18,0
101,2022,315,122,12.75,0,22.18,0
101,2022,315,123,12.75,0,22.16,0
101,2022,315,124,12.75,0,22.15,0
101,2022,315,125,12.75,0,22.17,0
101,2022,315,126,12.75,0,22.18,0
101,2022,315,127,12.75,0,22.21,0
101,2022,315,128,12.75,0,22.23,0
101,2022,315,129,12.75,0,22.26,0
101,2022,315,130,12.75,0,22.3,0
101,2022,315,131,12.75,0,22.29,0
101,2022,315,132,12.74,0,22.33,0
101,2022,315,133,12.75,0,22.36,0
101,2022,315,134,12.75,0,22.34,0
101,2022,315,135,12.74,0,22.29,0
101,2022,315,136,12.74,0,22.25,0
101,2022,315,137,12.74,0,22.24,0
101,2022,315,138,12.74,0,22.26,0
101,2022,315,139,12.74,0,22.27,0
101,2022,315,140,12.74,0,22.26,0
101,2022,315,141,12.74,0,22.25,0
101,2022,315,142,12.74,.028,22.22,0
101,2022,315,143,12.74,0,22.18,0
101,2022,315,144,12.74,0,22.14,0
101,2022,315,145,12.74,0,22.11,0
101,2022,315,146,12.74,0,22.11,0
101,2022,315,147,12.74,0,22.12,0
101,2022,315,148,12.74,0,22.13,0
101,2022,315,149,12.74,0,22.15,0
101,2022,315,150,12.74,0,22.16,0
101,2022,315,151,12.74,0,22.16,0
101,2022,315,152,12.74,0,22.19,0
101,2022,315,153,12.74,0,22.19,0
101,2022,315,154,12.74,0,22.15,0
101,2022,315,155,12.74,0,22.13,0
101,2022,315,156,12.74,0,22.12,0
101,2022,315,157,12.74,0,22.11,0
101,2022,315,158,12.74,0,22.09,0
101,2022,315,159,12.74,0,22.08,0
101,2022,315,200,12.74,0,22.08,0
101,2022,315,201,12.73,0,22.08,0
101,2022,315,202,12.73,0,22.08,0
101,2022,315,203,12.73,0,22.07,0
101,2022,315,204,12.73,0,22.06,0
101,2022,315,205,12.73,0,22.07,0
101,2022,315,206,12.73,0,22.09,0
101,2022,315,207,12.73,0,22.16,0
101,2022,315,208,12.73,0,22.21,0
101,2022,315,209,12.73,0,22.24,0
101,2022,315,210,12.73,0,22.25,0
101,2022,315,211,12.73,0,22.26,0
101,2022,315,212,12.73,0,22.25,0
101,2022,315,213,12.73,0,22.22,0
101,2022,315,214,12.73,0,22.2,0
101,2022,315,215,12.73,0,22.2,0
101,2022,315,216,12.73,0,22.19,0
101,2022,315,217,12.73,0,22.21,0
101,2022,315,218,12.73,0,22.22,0
101,2022,315,219,12.73,0,22.2,0
101,2022,315,220,12.73,0,22.2,0
101,2022,315,221,12.73,0,22.17,0
101,2022,315,222,12.73,0,22.15,0
101,2022,315,223,12.73,0,22.16,0
101,2022,315,224,12.73,0,22.15,0
101,2022,315,225,12.73,0,22.15,0
101,2022,315,226,12.73,0,22.15,0
101,2022,315,227,12.73,0,22.16,0
101,2022,315,228,12.73,0,22.16,0
101,2022,315,229,12.73,0,22.17,0
101,2022,315,230,12.73,0,22.17,0
101,2022,315,231,12.73,0,22.11,0
101,2022,315,232,12.73,0,22.08,0
101,2022,315,233,12.73,0,22.03,0
101,2022,315,234,12.73,0,22.02,0
101,2022,315,235,12.73,0,22.02,0
101,2022,315,236,12.73,0,22.01,0
101,2022,315,237,12.73,0,21.97,0
101,2022,315,238,12.73,0,21.94,0
101,2022,315,239,12.73,0,21.93,0
101,2022,315,240,12.73,0,21.99,0
101,2022,315,241,12.73,0,22.02,0
101,2022,315,242,12.73,0,22.04,0
101,2022,315,243,12.73,0,22.04,0
101,2022,315,244,12.73,0,22.06,0
101,2022,315,245,12.73,0,22.08,0
101,2022,315,246,12.73,0,22.1,0
101,2022,315,247,12.73,0,22.1,0
101,2022,315,248,12.73,0,22.09,0
101,2022,315,249,12.73,0,22.08,0
101,2022,315,250,12.72,0,22.07,0
101,2022,315,251,12.72,0,22.08,0
101,2022,315,252,12.72,0,22.12,0
101,2022,315,253,12.72,0,22.14,0
101,2022,315,254,12.72,0,22.16,0
101,2022,315,255,12.72,0,22.18,0
101,2022,315,256,12.72,0,22.18,0
101,2022,315,257,12.72,0,22.16,0
101,2022,315,258,12.72,0,22.15,0
101,2022,315,259,12.72,0,22.14,0
101,2022,315,300,12.72,0,22.15,0
101,2022,315,301,12.72,0,22.13,0
101,2022,315,302,12.72,0,22.08,0
101,2022,315,303,12.72,0,22.07,0
101,2022,315,304,12.72,0,22.1,0
101,2022,315,305,12.72,0,22.13,0
101,2022,315,306,12.72,0,22.11,0
101,2022,315,307,12.72,0,22.09,0
101,2022,315,308,12.72,0,22.08,0
101,2022,315,309,12.72,0,22.06,0
101,2022,315,310,12.72,0,22.04,0
101,2022,315,311,12.72,0,22.04,0
101,2022,315,312,12.72,0,22.02,0
101,2022,315,313,12.72,0,22.03,0
101,2022,315,314,12.72,0,22.01,0
101,2022,315,315,12.72,0,21.98,0
101,2022,315,316,12.72,0,21.97,0
101,2022,315,317,12.72,0,21.96,0
101,2022,315,318,12.72,0,21.95,0
101,2022,315,319,12.72,0,21.97,0
101,2022,315,320,12.72,0,21.97,0
101,2022,315,321,12.72,0,21.99,0
101,2022,315,322,12.72,0,22,0
101,2022,315,323,12.72,0,21.98,0
101,2022,315,324,12.71,0,22.01,0
101,2022,315,325,12.72,0,22.05,0
101,2022,315,326,12.71,0,22.07,0
101,2022,315,327,12.71,0,22.06,0
101,2022,315,328,12.71,0,22.06,0
101,2022,315,329,12.71,0,22.06,0
101,2022,315,330,12.71,0,22.06,0
101,2022,315,331,12.71,0,22.06,0
101,2022,315,332,12.71,0,22.07,0
101,2022,315,333,12.71,0,22.06,0
101,2022,315,334,12.71,0,22.06,0
101,2022,315,335,12.71,0,22.07,0
101,2022,315,336,12.71,0,22.06,0
101,2022,315,337,12.71,0,22.06,0
101,2022,315,338,12.71,0,22.06,0
101,2022,315,339,12.71,0,22.06,0
101,2022,315,340,12.71,0,22.06,0
101,2022,315,341,12.71,0,22.06,0
101,2022,315,342,12.71,0,22.05,0
101,2022,315,343,12.71,0,22.05,0
101,2022,315,344,12.71,0,22.06,0
101,2022,315,345,12.71,0,22.07,0
101,2022,315,346,12.71,0,22.09,0
101,2022,315,347,12.71,0,22.11,0
101,2022,315,348,12.71,0,22.11,0
101,2022,315,349,12.71,0,22.13,0
101,2022,315,350,12.71,0,22.13,0
101,2022,315,351,12.71,0,22.13,0
101,2022,315,352,12.71,0,22.13,0
101,2022,315,353,12.71,0,22.15,0
101,2022,315,354,12.71,0,22.15,0
101,2022,315,355,12.71,0,22.16,0
101,2022,315,356,12.71,0,22.16,0
101,2022,315,357,12.71,0,22.18,0
101,2022,315,358,12.71,0,22.18,0
101,2022,315,359,12.71,0,22.18,0
101,2022,315,400,12.71,0,22.18,0
101,2022,315,401,12.71,0,22.18,0
101,2022,315,402,12.71,0,22.19,0
101,2022,315,403,12.71,0,22.2,0
101,2022,315,404,12.71,0,22.21,0
101,2022,315,405,12.71,0,22.23,0
101,2022,315,406,12.71,0,22.23,0
101,2022,315,407,12.71,0,22.22,0
101,2022,315,408,12.71,0,22.22,0
101,2022,315,409,12.71,0,22.23,0
101,2022,315,410,12.71,0,22.23,0
101,2022,315,411,12.71,0,22.23,0
101,2022,315,412,12.71,0,22.23,0
101,2022,315,413,12.71,0,22.23,0
101,2022,315,414,12.71,0,22.23,0
101,2022,315,415,12.71,0,22.23,0
101,2022,315,416,12.71,0,22.25,0
101,2022,315,417,12.71,0,22.25,0
101,2022,315,418,12.71,0,22.25,0
101,2022,315,419,12.7,0,22.27,0
101,2022,315,420,12.71,0,22.3,0
101,2022,315,421,12.7,0,22.32,0
101,2022,315,422,12.71,0,22.33,0
101,2022,315,423,12.71,0,22.34,0
101,2022,315,424,12.71,0,22.35,0
101,2022,315,425,12.7,0,22.35,0
101,2022,315,426,12.7,0,22.35,0
101,2022,315,427,12.7,0,22.35,0
101,2022,315,428,12.7,0,22.36,0
101,2022,315,429,12.7,0,22.37,0
101,2022,315,430,12.7,0,22.37,0
101,2022,315,431,12.7,0,22.39,0
101,2022,315,432,12.7,0,22.4,0
101,2022,315,433,12.7,0,22.4,0
101,2022,315,434,12.7,0,22.4,0
101,2022,315,435,12.7,.085,22.38,0
101,2022,315,436,12.7,.197,22.38,0
101,2022,315,437,12.7,.338,22.37,0
101,2022,315,438,12.7,.479,22.37,0
101,2022,315,439,12.7,.676,22.35,0
101,2022,315,440,12.7,.733,22.35,0
101,2022,315,441,12.7,1.099,22.35,0
101,2022,315,442,12.7,1.353,22.34,0
101,2022,315,443,12.7,1.578,22.32,0
101,2022,315,444,12.7,2.001,22.33,0
101,2022,315,445,12.7,2.086,22.34,0
101,2022,315,446,12.7,2.621,22.33,0
101,2022,315,447,12.7,2.706,22.33,0
101,2022,315,448,12.7,3.072,22.34,0
101,2022,315,449,12.7,3.382,22.34,0
101,2022,315,450,12.7,3.382,22.33,0
101,2022,315,451,12.7,3.833,22.35,0
101,2022,315,452,12.7,4.115,22.35,0
101,2022,315,453,12.7,4.397,22.36,0
101,2022,315,454,12.7,4.763,22.36,0
101,2022,315,455,12.7,5.101,22.36,0
101,2022,315,456,12.7,5.608,22.36,0
101,2022,315,457,12.7,5.89,22.37,0
101,2022,315,458,12.7,6.398,22.36,0
101,2022,315,459,12.7,7.02,22.37,0
101,2022,315,500,12.7,7.64,22.37,0
101,2022,315,501,12.7,8.2,22.37,0
101,2022,315,502,12.7,8.82,22.37,0
101,2022,315,503,12.7,9.27,22.37,0
101,2022,315,504,12.7,9.75,22.37,0
101,2022,315,505,12.7,10.23,22.38,0
101,2022,315,506,12.7,10.68,22.39,0
101,2022,315,507,12.7,11.22,22.38,0
101,2022,315,508,12.7,11.75,22.37,0
101,2022,315,509,12.7,12.32,22.38,0
101,2022,315,510,12.7,12.85,22.4,0
101,2022,315,511,12.7,13.36,22.4,0
101,2022,315,512,12.7,14.06,22.42,0
101,2022,315,513,12.7,14.71,22.42,0
101,2022,315,514,12.7,15.67,22.44,0
101,2022,315,515,12.71,16.63,22.44,0
101,2022,315,516,12.71,17.78,22.42,0
101,2022,315,517,12.72,18.91,22.42,0
101,2022,315,518,12.73,20.43,22.42,0
101,2022,315,519,12.74,22.26,22.42,0
101,2022,315,520,12.75,24.6,22.42,0
101,2022,315,521,12.77,27.37,22.42,0
101,2022,315,522,12.78,30.27,22.45,0
101,2022,315,523,12.81,33.71,22.47,0
101,2022,315,524,12.83,37.15,22.49,0
101,2022,315,525,12.86,39.57,22.5,0
101,2022,315,526,12.88,41.03,22.53,0
101,2022,315,527,12.9,42.19,22.53,0
101,2022,315,528,12.93,43.43,22.56,0
101,2022,315,529,12.95,44.3,22.61,0
101,2022,315,530,12.98,45.23,22.62,0
101,2022,315,531,13,47.04,22.62,0
101,2022,315,532,13.04,50.14,22.62,0
101,2022,315,533,13.08,54.42,22.65,0
101,2022,315,534,13.12,58.93,22.67,0
101,2022,315,535,13.21,63.98,22.66,0
101,2022,315,536,13.25,70.8,22.7,0
101,2022,315,537,13.25,80.7,22.76,0
101,2022,315,538,13.26,89.2,22.78,0
101,2022,315,539,13.26,115.2,22.82,0
101,2022,315,540,13.26,133.8,22.86,0
101,2022,315,541,13.26,151.1,23,0
101,2022,315,542,13.26,147.6,23.11,0
101,2022,315,543,13.26,165.5,23.14,0
101,2022,315,544,13.26,198.8,23.12,0
101,2022,315,545,13.26,226,23.25,0
101,2022,315,546,13.26,243.8,23.35,0
101,2022,315,547,13.25,217.2,23.45,0
101,2022,315,548,13.25,183.1,23.52,0
101,2022,315,549,13.25,159.1,23.54,0
101,2022,315,550,13.25,138,23.59,0
101,2022,315,551,13.25,126.7,23.6,0
101,2022,315,552,13.25,135.6,23.66,0
101,2022,315,553,13.25,168.4,23.74,0
101,2022,315,554,13.25,160.2,23.84,0
101,2022,315,555,13.25,182.5,23.97,0
101,2022,315,556,13.25,203.6,24.01,0
101,2022,315,557,13.25,200.2,24.06,0
101,2022,315,558,13.25,195.5,24.26,0
101,2022,315,559,13.25,188.9,24.37,0
101,2022,315,600,13.25,132,24.42,0
101,2022,315,601,13.25,113.9,24.42,0
101,2022,315,602,13.25,120.4,24.4,0
101,2022,315,603,13.25,125.1,24.34,0
101,2022,315,604,13.25,125.7,24.31,0
101,2022,315,605,13.25,128.7,24.29,0
101,2022,315,606,13.25,130.1,24.25,0
101,2022,315,607,13.25,125.4,24.17,0
101,2022,315,608,13.25,120.9,24.06,0
101,2022,315,609,13.25,117.1,23.88,0
101,2022,315,610,13.25,114.2,23.78,0
101,2022,315,611,13.25,116.2,23.66,0
101,2022,315,612,13.25,119.3,23.6,0
101,2022,315,613,13.25,125.1,23.55,0
101,2022,315,614,13.25,129.6,23.45,0
101,2022,315,615,13.25,140.3,23.45,0
101,2022,315,616,13.25,155.5,23.53,0
101,2022,315,617,13.25,161.8,23.54,0
101,2022,315,618,13.25,165.3,23.54,0
101,2022,315,619,13.25,155,23.46,0
101,2022,315,620,13.25,149.7,23.46,0
101,2022,315,621,13.25,139.7,23.55,0
101,2022,315,622,13.25,126.6,23.63,0
101,2022,315,623,13.25,128.2,23.63,0
101,2022,315,624,13.25,131,23.66,0
101,2022,315,625,13.25,123.7,23.67,0
101,2022,315,626,13.25,115.1,23.65,0
101,2022,315,627,13.25,108.5,23.64,0
101,2022,315,628,13.25,107.5,23.65,0
101,2022,315,629,13.25,108.6,23.65,0
101,2022,315,630,13.25,112.9,23.65,0
101,2022,315,631,13.25,115.2,23.66,0
101,2022,315,632,13.25,122.1,23.64,0
101,2022,315,633,13.25,136.2,23.66,0
101,2022,315,634,13.25,161.9,23.64,0
101,2022,315,635,13.25,182.9,23.66,0
101,2022,315,636,13.25,192.1,23.67,0
101,2022,315,637,13.25,161.1,23.73,0
101,2022,315,638,13.25,157,23.76,0
101,2022,315,639,13.24,225.8,23.81,0
101,2022,315,640,13.25,244.7,23.88,0
101,2022,315,641,13.25,270.5,24,0
101,2022,315,642,13.24,352.7,24.12,0
101,2022,315,643,13.24,395.3,24.28,0
101,2022,315,644,13.24,376.8,24.42,0
101,2022,315,645,13.24,393.2,24.59,0
101,2022,315,646,13.24,427.5,24.65,0
101,2022,315,647,13.23,407.7,24.76,0
101,2022,315,648,13.23,394.1,24.81,0
101,2022,315,649,13.23,324.2,24.6,0
101,2022,315,650,13.23,373.9,24.46,0
101,2022,315,651,13.23,327.3,24.44,0
101,2022,315,652,13.23,353,24.44,0
101,2022,315,653,13.22,462.5,24.6,0
101,2022,315,654,13.22,531.8,24.76,0
101,2022,315,655,13.22,464.8,24.56,0
101,2022,315,656,13.22,374.8,24.63,0
101,2022,315,657,13.21,327.8,24.83,0
101,2022,315,658,13.21,386.3,24.87,0
101,2022,315,659,13.21,335.1,24.84,0
101,2022,315,700,13.21,303.2,24.89,0
101,2022,315,701,13.21,311.9,24.88,0
101,2022,315,702,13.21,342.4,24.92,0
101,2022,315,703,13.21,363.9,24.95,0
101,2022,315,704,13.21,370.6,25,0
101,2022,315,705,13.21,377.9,25.05,0
101,2022,315,706,13.21,325.8,25.04,0
101,2022,315,707,13.21,282.5,25.07,0
101,2022,315,708,13.21,299.4,25.03,0
101,2022,315,709,13.21,326.8,24.98,0
101,2022,315,710,13.21,350.2,25.11,0
101,2022,315,711,13.21,357,25.14,0
101,2022,315,712,13.21,346.9,25.2,0
101,2022,315,713,13.21,362,25.17,0
101,2022,315,714,13.21,416.6,25.2,0
101,2022,315,715,13.21,635.9,25.29,0
101,2022,315,716,13.21,671.7,25.32,0
101,2022,315,717,13.21,692.6,25.34,0
101,2022,315,718,13.21,574.8,25.51,0
101,2022,315,719,13.2,408.4,25.69,0
101,2022,315,720,13.2,295.6,25.69,0
101,2022,315,721,13.2,270.4,25.67,0
101,2022,315,722,13.2,273.3,25.63,0
101,2022,315,723,13.2,266.7,25.64,0
101,2022,315,724,13.2,265.7,25.64,0
101,2022,315,725,13.2,340.3,25.63,0
101,2022,315,726,13.2,356.3,25.66,0
101,2022,315,727,13.2,389.6,25.65,0
101,2022,315,728,13.2,404.8,25.59,0
101,2022,315,729,13.2,369.8,25.72,0
101,2022,315,730,13.2,313.3,25.78,0
101,2022,315,731,13.2,283.4,25.79,0
101,2022,315,732,13.19,240.5,25.83,0
101,2022,315,733,13.2,216.6,25.76,0
101,2022,315,734,13.19,205.5,25.75,0
101,2022,315,735,13.19,204.4,25.77,0
101,2022,315,736,13.19,204.6,25.82,0
101,2022,315,737,13.2,206.7,25.85,0
101,2022,315,738,13.2,216.1,25.81,0
101,2022,315,739,13.19,232.1,25.86,0
101,2022,315,740,13.2,238.3,25.85,0
101,2022,315,741,13.2,240.3,25.87,0
101,2022,315,742,13.2,238.8,25.87,0
101,2022,315,743,13.2,237.6,25.89,0
101,2022,315,744,13.2,230.2,25.89,0
101,2022,315,745,13.19,211.6,25.71,0
101,2022,315,746,13.2,190.1,25.67,0
101,2022,315,747,13.2,171.3,25.74,0
101,2022,315,748,13.2,156.1,25.77,0
101,2022,315,749,13.2,145.1,25.73,0
101,2022,315,750,13.2,133.5,25.76,0
101,2022,315,751,13.2,124.1,25.76,0
101,2022,315,752,13.2,115.3,25.74,0
101,2022,315,753,13.2,107.3,25.73,0
101,2022,315,754,13.2,100.7,25.75,0
101,2022,315,755,13.2,97.2,25.76,0
101,2022,315,756,13.2,97.4,25.76,0
101,2022,315,757,13.2,100.2,25.67,0
101,2022,315,758,13.2,104.1,25.57,0
101,2022,315,759,13.2,108,25.49,0
101,2022,315,800,13.2,113.9,25.5,0
101,2022,315,801,13.2,123.5,25.5,0
101,2022,315,802,13.2,138.5,25.57,0
101,2022,315,803,13.2,164.3,25.57,0
101,2022,315,804,13.2,207.4,25.36,0
101,2022,315,805,13.2,269.7,25.23,0
101,2022,315,806,13.2,338.1,25.2,0
101,2022,315,807,13.2,389,25.33,0
101,2022,315,808,13.2,371.2,25.4,0
101,2022,315,809,13.2,315.1,25.43,0
101,2022,315,810,13.2,263.2,25.52,0
101,2022,315,811,13.2,273.9,25.58,0
101,2022,315,812,13.2,333.4,25.69,0
101,2022,315,813,13.2,275.3,25.73,0
101,2022,315,814,13.2,244.3,25.72,0
101,2022,315,815,13.2,206.5,25.73,0
101,2022,315,816,13.2,189.1,25.61,0
101,2022,315,817,13.2,178.1,25.54,0
101,2022,315,818,13.19,171.8,25.54,0
101,2022,315,819,13.19,163.4,25.51,0
101,2022,315,820,13.19,152.5,25.49,0
101,2022,315,821,13.19,146.7,25.48,0
101,2022,315,822,13.2,143.9,25.48,0
101,2022,315,823,13.2,144.5,25.56,0
101,2022,315,824,13.2,150.5,25.59,0
101,2022,315,825,13.2,161.4,25.56,0
101,2022,315,826,13.2,174.9,25.64,0
101,2022,315,827,13.2,190.1,25.68,0
101,2022,315,828,13.2,200,25.68,0
101,2022,315,829,13.2,206.1,25.67,0
101,2022,315,830,13.2,216.8,25.69,0
101,2022,315,831,13.2,225.8,25.72,0
101,2022,315,832,13.2,234.9,25.69,0
101,2022,315,833,13.2,245.9,25.68,0
101,2022,315,834,13.2,254.2,25.7,0
101,2022,315,835,13.2,265.2,25.74,0
101,2022,315,836,13.2,276.1,25.81,0
101,2022,315,837,13.2,281.6,25.87,0
101,2022,315,838,13.2,283.8,25.92,0
101,2022,315,839,13.19,284.7,25.97,0
101,2022,315,840,13.2,284.6,25.99,0
101,2022,315,841,13.2,280.2,26.05,0
101,2022,315,842,13.19,278.6,26.03,0
101,2022,315,843,13.19,286.1,25.87,0
101,2022,315,844,13.19,353.2,25.85,0
101,2022,315,845,13.19,928,25.96,0
101,2022,315,846,13.19,770,26.18,0
101,2022,315,847,13.19,459.2,26.1,0
101,2022,315,848,13.19,614.3,26.12,0
101,2022,315,849,13.19,525.8,26.23,0
101,2022,315,850,13.19,796,26.31,0
101,2022,315,851,13.19,694.3,26.44,0
101,2022,315,852,13.19,388.3,26.55,0
101,2022,315,853,13.18,341,26.6,0
101,2022,315,854,13.18,321.5,26.69,0
101,2022,315,855,13.18,322.6,26.66,0
101,2022,315,856,13.18,320.5,26.65,0
101,2022,315,857,13.18,311.5,26.69,0
101,2022,315,858,13.18,297.7,26.75,0
101,2022,315,859,13.18,286,26.81,0
101,2022,315,900,13.18,279.7,26.94,0
101,2022,315,901,13.18,276.9,26.91,0
101,2022,315,902,13.17,287.2,26.83,0
101,2022,315,903,13.18,314.8,26.8,0
101,2022,315,904,13.18,356.9,26.72,0
101,2022,315,905,13.18,426.8,26.6,0
101,2022,315,906,13.17,496.8,26.53,0
101,2022,315,907,13.17,820,26.57,0
101,2022,315,908,13.17,1018,26.56,0
101,2022,315,909,13.17,880,26.64,0
101,2022,315,910,13.17,1004,26.76,0
101,2022,315,911,13.17,1091,26.95,0
101,2022,315,912,13.17,782,27.1,0
101,2022,315,913,13.17,658.2,27.14,0
101,2022,315,914,13.17,446.4,27.03,0
101,2022,315,915,13.17,393.7,26.98,0
101,2022,315,916,13.17,367,27.01,0
101,2022,315,917,13.17,339.2,26.85,0
101,2022,315,918,13.17,297.9,26.8,0
101,2022,315,919,13.17,277.6,26.76,0
101,2022,315,920,13.17,260.1,26.8,0
101,2022,315,921,13.17,237.7,26.87,0
101,2022,315,922,13.17,215.7,26.94,0
101,2022,315,923,13.17,198,26.86,0
101,2022,315,924,13.17,188.4,26.73,0
101,2022,315,925,13.17,187.9,26.67,0
101,2022,315,926,13.17,188.9,26.61,0
101,2022,315,927,13.17,176.7,26.53,0
101,2022,315,928,13.17,160.8,26.34,0
101,2022,315,929,13.17,161.8,26.09,0
101,2022,315,930,13.17,183.2,25.85,0
101,2022,315,931,13.17,208.8,25.74,0
101,2022,315,932,13.17,234.4,25.61,0
101,2022,315,933,13.18,257.8,25.53,0
101,2022,315,934,13.18,283.8,25.56,0
101,2022,315,935,13.18,325.6,25.51,0
101,2022,315,936,13.18,372.4,25.43,0
101,2022,315,937,13.18,483.7,25.34,0
101,2022,315,938,13.18,539.4,25.42,0
101,2022,315,939,13.18,622.3,25.47,0
101,2022,315,940,13.18,906,25.58,0
101,2022,315,941,13.18,657.1,25.7,0
101,2022,315,942,13.19,646.7,25.86,0
101,2022,315,943,13.19,675.7,25.8,0
101,2022,315,944,13.19,571.3,25.74,0
101,2022,315,945,13.19,537.9,25.9,0
101,2022,315,946,13.19,533,25.9,0
101,2022,315,947,13.19,544.4,26.08,0
101,2022,315,948,13.19,541.2,26.09,0
101,2022,315,949,13.18,502,26.08,0
101,2022,315,950,13.19,449.8,26.1,0
101,2022,315,951,13.19,430.8,26.1,0
101,2022,315,952,13.18,432.9,26.13,0
101,2022,315,953,13.19,438.8,26.18,0
101,2022,315,954,13.18,445.2,26.2,0
101,2022,315,955,13.19,455.8,26.28,0
101,2022,315,956,13.18,555.4,26.33,0
101,2022,315,957,13.19,1009,26.33,0
101,2022,315,958,13.18,865,26.4,0
101,2022,315,959,13.18,786,26.52,0
101,2022,315,1000,13.18,968,26.68,0
101,2022,315,1001,13.18,772,26.82,0
101,2022,315,1002,13.18,649.1,26.85,0
101,2022,315,1003,13.18,640.5,26.81,0
101,2022,315,1004,13.18,827,26.64,0
101,2022,315,1005,13.18,1281,26.72,0
101,2022,315,1006,13.18,1345,26.92,0
101,2022,315,1007,13.17,1341,27.09,0
101,2022,315,1008,13.17,1349,27.19,0
101,2022,315,1009,13.17,1319,27.32,0
101,2022,315,1010,13.17,1148,27.18,0
101,2022,315,1011,13.17,1035,27.01,0
101,2022,315,1012,13.17,810,26.95,0
101,2022,315,1013,13.17,516.7,26.86,0
101,2022,315,1014,13.17,1020,26.96,0
101,2022,315,1015,13.16,1071,27.15,0
101,2022,315,1016,13.17,309.9,27.39,0
101,2022,315,1017,13.17,256,27.53,0
101,2022,315,1018,13.16,233.8,27.21,0
101,2022,315,1019,13.17,220.2,27.07,0
101,2022,315,1020,13.17,216.6,27.09,0
101,2022,315,1021,13.17,218.6,27.15,0
101,2022,315,1022,13.16,216.3,27.14,0
101,2022,315,1023,13.17,205.3,27.07,0
101,2022,315,1024,13.16,196.8,27.05,0
101,2022,315,1025,13.17,208.1,27.07,0
101,2022,315,1026,13.16,350.3,27.11,0
101,2022,315,1027,13.17,263.9,27.21,0
101,2022,315,1028,13.17,225.4,27.3,0
101,2022,315,1029,13.17,227,27.19,0
101,2022,315,1030,13.16,226.8,27.08,0
101,2022,315,1031,13.17,251.4,26.89,0
101,2022,315,1032,13.17,311.6,26.79,0
101,2022,315,1033,13.17,312,26.6,0
101,2022,315,1034,13.16,342.6,26.43,0
101,2022,315,1035,13.17,327.2,26.47,0
101,2022,315,1036,13.17,306.8,26.61,0
101,2022,315,1037,13.17,297.7,26.61,0
101,2022,315,1038,13.16,297.8,26.69,0
101,2022,315,1039,13.16,314.3,26.64,0
101,2022,315,1040,13.17,315.1,26.48,0
101,2022,315,1041,13.17,301.2,26.33,0
101,2022,315,1042,13.16,282.9,26.37,0
101,2022,315,1043,13.17,262.7,26.47,0
101,2022,315,1044,13.17,242.4,26.49,0
101,2022,315,1045,13.17,229.4,26.56,0
101,2022,315,1046,13.17,218.8,26.6,0
101,2022,315,1047,13.17,214.6,26.68,0
101,2022,315,1048,13.17,223.2,26.67,0
101,2022,315,1049,13.17,247.4,26.68,0
101,2022,315,1050,13.17,280,26.64,0
101,2022,315,1051,13.17,540.8,26.57,0
101,2022,315,1052,13.17,878,26.53,0
101,2022,315,1053,13.17,923,26.68,0
101,2022,315,1054,13.17,684.6,26.68,0
101,2022,315,1055,13.17,1008,26.64,0
101,2022,315,1056,13.17,1168,26.77,0
101,2022,315,1057,13.17,1173,26.91,0
101,2022,315,1058,13.17,1172,27.02,0
101,2022,315,1059,13.17,1175,27.17,0
101,2022,315,1100,13.17,1190,27.18,0
101,2022,315,1101,13.17,1224,27.24,0
101,2022,315,1102,13.17,821,27.54,0
101,2022,315,1103,13.17,511.3,27.74,0
101,2022,315,1104,13.17,758,27.74,0
101,2022,315,1105,13.17,900,27.78,0
101,2022,315,1106,13.17,1221,27.87,0
101,2022,315,1107,13.17,809,27.7,0
101,2022,315,1108,13.17,1037,27.82,0
101,2022,315,1109,13.17,1001,27.97,0
101,2022,315,1110,13.16,739,28.15,0
101,2022,315,1111,13.17,497.7,28.13,0
101,2022,315,1112,13.16,978,27.93,0
101,2022,315,1113,13.17,569.3,28.09,0
101,2022,315,1114,13.16,433.6,28.12,0
101,2022,315,1115,13.17,573.2,28.19,0
101,2022,315,1116,13.16,681.5,28.05,0
101,2022,315,1117,13.16,506.1,28.03,0
101,2022,315,1118,13.17,443.2,27.92,0
101,2022,315,1119,13.17,589.1,27.76,0
101,2022,315,1120,13.17,855,27.85,0
101,2022,315,1121,13.16,860,28.07,0
101,2022,315,1122,13.16,778,27.93,0
101,2022,315,1123,13.16,357.8,27.51,0
101,2022,315,1124,13.16,321.8,27.35,0
101,2022,315,1125,13.16,356.7,27.23,0
101,2022,315,1126,13.16,381.5,27.14,0
101,2022,315,1127,13.16,396.7,27.13,0
101,2022,315,1128,13.16,411.2,27.02,0
101,2022,315,1129,13.17,439.7,26.95,0
101,2022,315,1130,13.17,567.6,26.85,0
101,2022,315,1131,13.17,587.6,26.81,0
101,2022,315,1132,13.16,885,26.81,0
101,2022,315,1133,13.17,1230,26.99,0
101,2022,315,1134,13.16,1164,27.25,0
101,2022,315,1135,13.17,919,27.38,0
101,2022,315,1136,13.17,567.2,27.41,0
101,2022,315,1137,13.17,467.8,27.33,0
101,2022,315,1138,13.16,367.3,27.3,0
101,2022,315,1139,13.17,326,27.2,0
101,2022,315,1140,13.17,311.8,26.94,0
101,2022,315,1141,13.17,294.8,26.64,0
101,2022,315,1142,13.17,282.9,26.35,0
101,2022,315,1143,13.17,285.9,26.12,0
101,2022,315,1144,13.17,285.1,26,0
101,2022,315,1145,13.17,284.7,25.97,0
101,2022,315,1146,13.17,302.6,25.94,0
101,2022,315,1147,13.17,348.3,25.92,0
101,2022,315,1148,13.17,423.9,25.94,0
101,2022,315,1149,13.18,496.5,26,0
101,2022,315,1150,13.17,400.5,26.07,0
101,2022,315,1151,13.18,380.3,26.13,0
101,2022,315,1152,13.18,345.7,26.23,0
101,2022,315,1153,13.18,352,26.28,0
101,2022,315,1154,13.18,420.9,26.36,0
101,2022,315,1155,13.18,689.9,26.51,0
101,2022,315,1156,13.18,581.7,26.67,0
101,2022,315,1157,13.18,518.6,26.79,0
101,2022,315,1158,13.18,359.4,26.83,0
101,2022,315,1159,13.18,314.3,26.84,0
101,2022,315,1200,13.18,330,26.8,0
101,2022,315,1201,13.18,400.5,26.73,0
101,2022,315,1202,13.18,988,26.74,0
101,2022,315,1203,13.18,1180,26.86,0
101,2022,315,1204,13.18,1178,27.08,0
101,2022,315,1205,13.18,1136,27.25,0
101,2022,315,1206,13.18,925,27.36,0
101,2022,315,1207,13.18,450.1,27.4,0
101,2022,315,1208,13.18,445.3,27.37,0
101,2022,315,1209,13.18,621,27.39,0
101,2022,315,1210,13.18,664.7,27.44,0
101,2022,315,1211,13.18,1156,27.48,0
101,2022,315,1212,13.17,1075,27.65,0
101,2022,315,1213,13.17,1175,27.89,0
101,2022,315,1214,13.17,1197,28.03,0
101,2022,315,1215,13.17,1134,28.09,0
101,2022,315,1216,13.17,826,28.13,0
101,2022,315,1217,13.17,1020,28.06,0
101,2022,315,1218,13.17,657.9,28.19,0
101,2022,315,1219,13.17,811,28.28,0
101,2022,315,1220,13.17,1093,28.28,0
101,2022,315,1221,13.17,824,28.23,0
101,2022,315,1222,13.17,662.5,28.28,0
101,2022,315,1223,13.17,582.7,28.47,0
101,2022,315,1224,13.16,491.2,28.53,0
101,2022,315,1225,13.17,483,28.42,0
101,2022,315,1226,13.16,454.4,28.42,0
101,2022,315,1227,13.16,463.5,28.46,0
101,2022,315,1228,13.16,398.4,28.42,0
101,2022,315,1229,13.16,398,28.44,0
101,2022,315,1230,13.16,411.5,28.43,0
101,2022,315,1231,13.16,422.4,28.47,0
101,2022,315,1232,13.16,582.6,28.47,0
101,2022,315,1233,13.16,560.5,28.48,0
101,2022,315,1234,13.16,418.8,28.42,0
101,2022,315,1235,13.16,421.1,28.43,0
101,2022,315,1236,13.16,453.7,28.51,0
101,2022,315,1237,13.16,466.3,28.55,0
101,2022,315,1238,13.16,556.2,28.59,0
101,2022,315,1239,13.16,619,28.52,0
101,2022,315,1240,13.16,622.7,28.67,0
101,2022,315,1241,13.16,646.3,28.75,0
101,2022,315,1242,13.15,581.1,28.73,0
101,2022,315,1243,13.15,567.8,28.83,0
101,2022,315,1244,13.15,557.4,28.86,0
101,2022,315,1245,13.15,679,28.86,0
101,2022,315,1246,13.15,1115,28.99,0
101,2022,315,1247,13.15,1071,29.06,0
101,2022,315,1248,13.15,765,29.09,0
101,2022,315,1249,13.15,551.1,28.96,0
101,2022,315,1250,13.15,568.6,28.97,0
101,2022,315,1251,13.15,601.8,29.03,0
101,2022,315,1252,13.15,607.1,29,0
101,2022,315,1253,13.15,897,29.05,0
101,2022,315,1254,13.15,1164,29.06,0
101,2022,315,1255,13.15,1008,29.06,0
101,2022,315,1256,13.15,1272,29.14,0
101,2022,315,1257,13.15,1272,29.37,0
101,2022,315,1258,13.15,1117,29.58,0
101,2022,315,1259,13.15,1181,29.67,0
101,2022,315,1300,13.15,657.4,29.6,0
101,2022,315,1301,13.15,602.8,29.43,0
101,2022,315,1302,13.14,545.4,29.37,0
101,2022,315,1303,13.14,535.3,29.34,0
101,2022,315,1304,13.14,712,29.33,0
101,2022,315,1305,13.14,826,29.34,0
101,2022,315,1306,13.14,600.5,29.25,0
101,2022,315,1307,13.14,390.6,29.15,0
101,2022,315,1308,13.14,359.9,29.08,0
101,2022,315,1309,13.15,347.4,29.03,0
101,2022,315,1310,13.14,344.5,28.71,0
101,2022,315,1311,13.14,348.5,28.59,0
101,2022,315,1312,13.15,360.1,28.53,0
101,2022,315,1313,13.15,373.6,28.54,0
101,2022,315,1314,13.15,379.8,28.29,0
101,2022,315,1315,13.14,374.2,28.18,0
101,2022,315,1316,13.14,364.3,28.03,0
101,2022,315,1317,13.14,349.4,27.94,0
101,2022,315,1318,13.15,337.2,27.93,0
101,2022,315,1319,13.14,329.1,27.98,0
101,2022,315,1320,13.15,325.1,27.98,0
101,2022,315,1321,13.15,325.2,27.92,0
101,2022,315,1322,13.15,330.1,27.78,0
101,2022,315,1323,13.15,342.5,27.74,0
101,2022,315,1324,13.15,359.4,27.78,0
101,2022,315,1325,13.15,370.6,27.8,0
101,2022,315,1326,13.15,377.7,27.86,0
101,2022,315,1327,13.15,378.5,27.95,0
101,2022,315,1328,13.16,376.1,28.06,0
101,2022,315,1329,13.16,359.1,28.15,0
101,2022,315,1330,13.16,337.7,28.22,0
101,2022,315,1331,13.16,319.2,28.17,0
101,2022,315,1332,13.16,304.4,28.21,0
101,2022,315,1333,13.16,298.8,28.23,0
101,2022,315,1334,13.16,294.4,28.24,0
101,2022,315,1335,13.16,295.5,28.21,0
101,2022,315,1336,13.16,308.7,28.23,0
101,2022,315,1337,13.16,366.6,28.2,0
101,2022,315,1338,13.16,474.4,28.23,0
101,2022,315,1339,13.16,396.8,28.25,0
101,2022,315,1340,13.16,334.3,28.29,0
101,2022,315,1341,13.15,339.5,28.28,0
101,2022,315,1342,13.16,479.6,28.29,0
101,2022,315,1343,13.16,961,28.39,0
101,2022,315,1344,13.16,1006,28.69,0
101,2022,315,1345,13.16,983,28.96,0
101,2022,315,1346,13.16,800,28.96,0
101,2022,315,1347,13.15,719,28.78,0
101,2022,315,1348,13.15,865,28.71,0
101,2022,315,1349,13.15,825,28.69,0
101,2022,315,1350,13.15,802,28.7,0
101,2022,315,1351,13.15,539.2,28.82,0
101,2022,315,1352,13.15,723,28.94,0
101,2022,315,1353,13.15,821,28.97,0
101,2022,315,1354,13.15,917,29.01,0
101,2022,315,1355,13.15,975,29.22,0
101,2022,315,1356,13.15,912,29.19,0
101,2022,315,1357,13.15,853,29.07,0
101,2022,315,1358,13.15,822,29.22,0
101,2022,315,1359,13.15,505.8,29.22,0
101,2022,315,1400,13.15,388.2,29.08,0
101,2022,315,1401,13.15,398.6,28.85,0
101,2022,315,1402,13.15,398.6,28.81,0
101,2022,315,1403,13.15,505.1,28.82,0
101,2022,315,1404,13.14,396.2,28.82,0
101,2022,315,1405,13.15,381.2,28.65,0
101,2022,315,1406,13.14,364.7,28.49,0
101,2022,315,1407,13.15,358.6,28.53,0
101,2022,315,1408,13.15,357.2,28.62,0
101,2022,315,1409,13.14,341.6,28.58,0
101,2022,315,1410,13.15,330.4,28.54,0
101,2022,315,1411,13.14,314.7,28.54,0
101,2022,315,1412,13.14,288.6,28.43,0
101,2022,315,1413,13.14,256.5,28.29,0
101,2022,315,1414,13.15,229.6,28.29,0
101,2022,315,1415,13.15,198.3,28.26,0
101,2022,315,1416,13.14,185.3,28.32,0
101,2022,315,1417,13.15,178.6,28.38,0
101,2022,315,1418,13.15,183.5,28.35,0
101,2022,315,1419,13.15,194.7,28.27,0
101,2022,315,1420,13.15,200.9,28.28,0
101,2022,315,1421,13.15,207,28.26,0
101,2022,315,1422,13.15,217.3,28.2,0
101,2022,315,1423,13.15,232.4,28.18,0
101,2022,315,1424,13.15,249.7,28.19,0
101,2022,315,1425,13.15,269.7,28.21,0
101,2022,315,1426,13.15,277.2,28.22,0
101,2022,315,1427,13.15,256.8,28.27,0
101,2022,315,1428,13.15,227.5,28.23,0
101,2022,315,1429,13.15,208.5,28.18,0
101,2022,315,1430,13.15,203.4,28.24,0
101,2022,315,1431,13.15,209.5,28.28,0
101,2022,315,1432,13.15,213.2,28.26,0
101,2022,315,1433,13.15,213.6,28.28,0
101,2022,315,1434,13.15,216.6,28.28,0
101,2022,315,1435,13.15,221.5,28.28,0
101,2022,315,1436,13.15,227.3,28.28,0
101,2022,315,1437,13.15,231.4,28.31,0
101,2022,315,1438,13.15,231.8,28.28,0
101,2022,315,1439,13.15,232.1,28.26,0
101,2022,315,1440,13.15,232.6,28.22,0
101,2022,315,1441,13.15,235.4,28.2,0
101,2022,315,1442,13.15,237.5,28.21,0
101,2022,315,1443,13.15,241.5,28.22,0
101,2022,315,1444,13.15,246.1,28.25,0
101,2022,315,1445,13.15,249.7,28.24,0
101,2022,315,1446,13.15,252.4,28.17,0
101,2022,315,1447,13.15,255.2,28.13,0
101,2022,315,1448,13.15,261.3,28.11,0
101,2022,315,1449,13.15,270.4,28.12,0
101,2022,315,1450,13.15,297.8,28.12,0
101,2022,315,1451,13.15,401,28.17,0
101,2022,315,1452,13.15,470.1,28.2,0
101,2022,315,1453,13.15,475.8,28.27,0
101,2022,315,1454,13.15,417.5,28.35,0
101,2022,315,1455,13.15,323.8,28.45,0
101,2022,315,1456,13.15,313,28.5,0
101,2022,315,1457,13.15,261.4,28.42,0
101,2022,315,1458,13.15,212.8,28.31,0
101,2022,315,1459,13.15,217.6,28.17,0
101,2022,315,1500,13.15,209.1,28.06,0
101,2022,315,1501,13.15,208.1,27.94,0
101,2022,315,1502,13.15,216.6,27.89,0
101,2022,315,1503,13.15,221.8,27.91,0
101,2022,315,1504,13.15,232.4,27.88,0
101,2022,315,1505,13.15,241.7,27.84,0
101,2022,315,1506,13.15,251.8,27.86,0
101,2022,315,1507,13.15,293.7,27.81,0
101,2022,315,1508,13.15,332.1,27.78,0
101,2022,315,1509,13.15,382.8,27.79,0
101,2022,315,1510,13.15,368.5,27.86,0
101,2022,315,1511,13.15,401.4,27.91,0
101,2022,315,1512,13.15,333.4,27.92,0
101,2022,315,1513,13.15,303.7,27.87,0
101,2022,315,1514,13.15,296.4,27.82,0
101,2022,315,1515,13.15,274.3,27.72,0
101,2022,315,1516,13.15,360,27.77,0
101,2022,315,1517,13.15,421.1,27.81,0
101,2022,315,1518,13.15,362.5,27.84,0
101,2022,315,1519,13.15,330.7,27.83,0
101,2022,315,1520,13.15,352.1,27.87,0
101,2022,315,1521,13.15,377,27.85,0
101,2022,315,1522,13.15,322.6,27.83,0
101,2022,315,1523,13.15,275.8,27.82,0
101,2022,315,1524,13.15,300.7,27.68,0
101,2022,315,1525,13.15,276.6,27.63,0
101,2022,315,1526,13.15,246.4,27.6,0
101,2022,315,1527,13.15,232,27.59,0
101,2022,315,1528,13.15,224.3,27.58,0
101,2022,315,1529,13.15,222.8,27.48,0
101,2022,315,1530,13.15,226.6,27.44,0
101,2022,315,1531,13.15,245.7,27.43,0
101,2022,315,1532,13.15,266.9,27.41,0
101,2022,315,1533,13.15,260.7,27.35,0
101,2022,315,1534,13.15,233.3,27.35,0
101,2022,315,1535,13.16,234.5,27.31,0
101,2022,315,1536,13.15,230.5,27.22,0
101,2022,315,1537,13.15,237.5,27.25,0
101,2022,315,1538,13.16,257.3,27.28,0
101,2022,315,1539,13.16,269.3,27.26,0
101,2022,315,1540,13.16,247.1,27.27,0
101,2022,315,1541,13.16,223.3,27.32,0
101,2022,315,1542,13.16,196.2,27.25,0
101,2022,315,1543,13.16,190,27.17,0
101,2022,315,1544,13.16,184.1,27.08,0
101,2022,315,1545,13.16,175.9,27.04,0
101,2022,315,1546,13.16,169.4,27.01,0
101,2022,315,1547,13.16,164,27,0
101,2022,315,1548,13.16,160.5,26.95,0
101,2022,315,1549,13.16,158,26.94,0
101,2022,315,1550,13.16,157.1,26.94,0
101,2022,315,1551,13.16,158.5,26.94,0
101,2022,315,1552,13.16,162,26.89,0
101,2022,315,1553,13.16,171.3,26.91,0
101,2022,315,1554,13.16,155.8,26.93,0
101,2022,315,1555,13.16,149.4,26.92,0
101,2022,315,1556,13.16,146.4,26.87,0
101,2022,315,1557,13.16,144.1,26.85,0
101,2022,315,1558,13.16,141.8,26.87,0
101,2022,315,1559,13.16,139.7,26.86,0
101,2022,315,1600,13.16,137.7,26.82,0
101,2022,315,1601,13.16,134.7,26.83,0
101,2022,315,1602,13.17,130,26.81,0
101,2022,315,1603,13.17,126.1,26.81,0
101,2022,315,1604,13.16,123.6,26.79,0
101,2022,315,1605,13.17,122.1,26.78,0
101,2022,315,1606,13.16,120.7,26.76,0
101,2022,315,1607,13.16,119.3,26.71,0
101,2022,315,1608,13.16,118.8,26.71,0
101,2022,315,1609,13.16,119.5,26.66,0
101,2022,315,1610,13.16,120,26.67,0
101,2022,315,1611,13.17,118.5,26.65,0
101,2022,315,1612,13.17,115.3,26.65,0
101,2022,315,1613,13.17,111.3,26.64,0
101,2022,315,1614,13.17,106.9,26.66,0
101,2022,315,1615,13.16,102.1,26.69,0
101,2022,315,1616,13.16,97.2,26.7,0
101,2022,315,1617,13.17,93,26.71,0
101,2022,315,1618,13.16,89.2,26.7,0
101,2022,315,1619,13.17,85.2,26.64,0
101,2022,315,1620,13.16,81.3,26.6,0
101,2022,315,1621,13.17,77.5,26.56,0
101,2022,315,1622,13.17,72.9,26.47,0
101,2022,315,1623,13.17,69.08,26.42,0
101,2022,315,1624,13.16,65.54,26.38,0
101,2022,315,1625,13.17,62.38,26.36,0
101,2022,315,1626,13.17,59.23,26.35,0
101,2022,315,1627,13.17,56.5,26.34,0
101,2022,315,1628,13.17,54.3,26.31,0
101,2022,315,1629,13.17,52.58,26.26,0
101,2022,315,1630,13.17,50.95,26.23,0
101,2022,315,1631,13.17,49.48,26.2,0
101,2022,315,1632,13.17,48.16,26.17,0
101,2022,315,1633,13.17,46.98,26.15,0
101,2022,315,1634,13.17,45.99,26.15,0
101,2022,315,1635,13.17,44.89,26.13,0
101,2022,315,1636,13.17,43.71,26.11,0
101,2022,315,1637,13.17,42.67,26.1,0
101,2022,315,1638,13.17,41.77,26.09,0
101,2022,315,1639,13.17,40.87,26.08,0
101,2022,315,1640,13.17,40.16,26.09,0
101,2022,315,1641,13.17,39.65,26.06,0
101,2022,315,1642,13.17,39.18,26.03,0
101,2022,315,1643,13.17,38.84,26.03,0
101,2022,315,1644,13.16,38.44,26.01,0
101,2022,315,1645,13.17,38.11,25.98,0
101,2022,315,1646,13.16,37.63,25.96,0
101,2022,315,1647,13.16,37.21,25.96,0
101,2022,315,1648,13.16,36.7,25.96,0
101,2022,315,1649,13.15,36.11,25.94,0
101,2022,315,1650,13.15,35.57,25.93,0
101,2022,315,1651,13.15,35.26,25.91,0
101,2022,315,1652,13.14,35.15,25.88,0
101,2022,315,1653,13.14,34.98,25.88,0
101,2022,315,1654,13.14,34.73,25.86,0
101,2022,315,1655,13.13,34.28,25.87,0
101,2022,315,1656,13.13,33.86,25.87,0
101,2022,315,1657,13.12,33.21,25.82,0
101,2022,315,1658,13.11,32.48,25.8,0
101,2022,315,1659,13.1,31.75,25.79,0
101,2022,315,1700,13.1,30.42,25.75,0
101,2022,315,1701,13.09,29.49,25.74,0
101,2022,315,1702,13.08,28.39,25.72,0
101,2022,315,1703,13.07,27.16,25.7,0
101,2022,315,1704,13.06,25.94,25.68,0
101,2022,315,1705,13.06,24.54,25.67,0
101,2022,315,1706,13.05,23.1,25.61,0
101,2022,315,1707,13.05,21.75,25.58,0
101,2022,315,1708,13.04,20.4,25.57,0
101,2022,315,1709,13.03,18.99,25.54,0
101,2022,315,1710,13.03,17.66,25.53,0
101,2022,315,1711,13.02,16.25,25.52,0
101,2022,315,1712,13.02,14.93,25.51,0
101,2022,315,1713,13.01,13.55,25.48,0
101,2022,315,1714,13.01,12.23,25.44,0
101,2022,315,1715,13.01,10.9,25.41,0
101,2022,315,1716,13,9.52,25.39,0
101,2022,315,1717,12.99,8.23,25.37,0
101,2022,315,1718,12.99,7.1,25.35,0
101,2022,315,1719,12.99,6.085,25.33,0
101,2022,315,1720,12.98,5.183,25.32,0
101,2022,315,1721,12.98,4.423,25.3,0
101,2022,315,1722,12.98,4.057,25.28,0
101,2022,315,1723,12.97,3.465,25.27,0
101,2022,315,1724,12.97,3.324,25.27,0
101,2022,315,1725,12.96,2.958,25.25,0
101,2022,315,1726,12.96,2.704,25.24,0
101,2022,315,1727,12.96,2.338,25.22,0
101,2022,315,1728,12.95,2.028,25.21,0
101,2022,315,1729,12.95,2.028,25.21,0
101,2022,315,1730,12.95,1.803,25.21,0
101,2022,315,1731,12.95,1.352,25.21,0
101,2022,315,1732,12.94,1.042,25.2,0
101,2022,315,1733,12.94,.704,25.2,0
101,2022,315,1734,12.94,.676,25.18,0
101,2022,315,1735,12.94,.563,25.18,0
101,2022,315,1736,12.93,.366,25.18,0
101,2022,315,1737,12.93,.113,25.19,0
101,2022,315,1738,12.93,0,25.18,0
101,2022,315,1739,12.92,0,25.16,0
101,2022,315,1740,12.92,0,25.16,0
101,2022,315,1741,12.92,0,25.15,0
101,2022,315,1742,12.92,0,25.16,0
101,2022,315,1743,12.92,0,25.15,0
101,2022,315,1744,12.91,0,25.13,0
101,2022,315,1745,12.91,0,25.13,0
101,2022,315,1746,12.91,0,25.11,0
101,2022,315,1747,12.91,0,25.09,0
101,2022,315,1748,12.9,0,25.07,0
101,2022,315,1749,12.9,0,25.06,0
101,2022,315,1750,12.9,0,25.04,0
101,2022,315,1751,12.9,0,25.03,0
101,2022,315,1752,12.9,0,25.02,0
101,2022,315,1753,12.89,0,25.01,0
101,2022,315,1754,12.89,0,24.99,0
101,2022,315,1755,12.89,0,24.97,0
101,2022,315,1756,12.89,0,24.95,0
101,2022,315,1757,12.89,0,24.94,0
101,2022,315,1758,12.89,0,24.93,0
101,2022,315,1759,12.88,0,24.92,0
101,2022,315,1800,12.88,0,24.92,0
101,2022,315,1801,12.88,0,24.91,0
101,2022,315,1802,12.88,0,24.88,0
101,2022,315,1803,12.88,0,24.87,0
101,2022,315,1804,12.88,0,24.84,0
101,2022,315,1805,12.88,0,24.84,0
101,2022,315,1806,12.88,0,24.83,0
101,2022,315,1807,12.88,0,24.82,0
101,2022,315,1808,12.88,0,24.8,0
101,2022,315,1809,12.87,0,24.79,0
101,2022,315,1810,12.87,0,24.77,0
101,2022,315,1811,12.87,0,24.76,0
101,2022,315,1812,12.87,0,24.76,0
101,2022,315,1813,12.87,0,24.74,0
101,2022,315,1814,12.86,0,24.75,0
101,2022,315,1815,12.86,0,24.74,0
101,2022,315,1816,12.86,0,24.74,0
101,2022,315,1817,12.86,0,24.74,0
101,2022,315,1818,12.86,0,24.72,0
101,2022,315,1819,12.86,0,24.71,0
101,2022,315,1820,12.86,0,24.71,0
101,2022,315,1821,12.86,0,24.69,0
101,2022,315,1822,12.86,0,24.69,0
101,2022,315,1823,12.86,0,24.68,0
101,2022,315,1824,12.86,0,24.66,0
101,2022,315,1825,12.86,0,24.65,0
101,2022,315,1826,12.86,0,24.64,0
101,2022,315,1827,12.86,0,24.64,0
101,2022,315,1828,12.85,0,24.63,0
101,2022,315,1829,12.86,0,24.64,0
101,2022,315,1830,12.85,0,24.63,0
101,2022,315,1831,12.85,0,24.63,0
101,2022,315,1832,12.85,0,24.61,0
101,2022,315,1833,12.85,0,24.6,0
101,2022,315,1834,12.85,0,24.58,0
101,2022,315,1835,12.85,0,24.57,0
101,2022,315,1836,12.85,0,24.56,0
101,2022,315,1837,12.85,0,24.57,0
101,2022,315,1838,12.85,0,24.56,0
101,2022,315,1839,12.85,0,24.54,0
101,2022,315,1840,12.85,0,24.53,0
101,2022,315,1841,12.85,0,24.51,0
101,2022,315,1842,12.84,0,24.51,0
101,2022,315,1843,12.84,0,24.51,0
101,2022,315,1844,12.84,0,24.5,0
101,2022,315,1845,12.84,0,24.49,0
101,2022,315,1846,12.84,0,24.48,0
101,2022,315,1847,12.84,0,24.47,0
101,2022,315,1848,12.84,0,24.46,0
101,2022,315,1849,12.84,0,24.46,0
101,2022,315,1850,12.84,0,24.46,0
101,2022,315,1851,12.84,0,24.46,0
101,2022,315,1852,12.84,0,24.45,0
101,2022,315,1853,12.84,0,24.45,0
101,2022,315,1854,12.84,0,24.45,0
101,2022,315,1855,12.84,0,24.45,0
101,2022,315,1856,12.84,0,24.45,0
101,2022,315,1857,12.84,0,24.44,0
101,2022,315,1858,12.84,0,24.44,0
101,2022,315,1859,12.84,0,24.44,0
101,2022,315,1900,12.84,0,24.44,0
101,2022,315,1901,12.84,0,24.44,0
101,2022,315,1902,12.83,0,24.44,0
101,2022,315,1903,12.84,0,24.42,0
101,2022,315,1904,12.83,0,24.44,0
101,2022,315,1905,12.83,0,24.44,0
101,2022,315,1906,12.83,0,24.43,0
101,2022,315,1907,12.83,0,24.44,0
101,2022,315,1908,12.83,0,24.43,0
101,2022,315,1909,12.83,0,24.43,0
101,2022,315,1910,12.83,0,24.43,0
101,2022,315,1911,12.83,0,24.43,0
101,2022,315,1912,12.83,0,24.43,0
101,2022,315,1913,12.83,0,24.44,0
101,2022,315,1914,12.83,0,24.44,0
101,2022,315,1915,12.83,0,24.44,0
101,2022,315,1916,12.83,0,24.44,0
101,2022,315,1917,12.83,0,24.44,0
101,2022,315,1918,12.83,0,24.44,0
101,2022,315,1919,12.83,0,24.44,0
101,2022,315,1920,12.83,0,24.44,0
101,2022,315,1921,12.83,0,24.43,0
101,2022,315,1922,12.83,0,24.44,0
101,2022,315,1923,12.83,0,24.43,0
101,2022,315,1924,12.82,0,24.43,0
101,2022,315,1925,12.83,0,24.43,0
101,2022,315,1926,12.82,0,24.43,0
101,2022,315,1927,12.82,0,24.42,0
101,2022,315,1928,12.82,0,24.41,0
101,2022,315,1929,12.82,0,24.42,0
101,2022,315,1930,12.82,0,24.42,0
101,2022,315,1931,12.82,0,24.41,0
101,2022,315,1932,12.83,0,24.41,0
101,2022,315,1933,12.82,0,24.41,0
101,2022,315,1934,12.82,0,24.4,0
101,2022,315,1935,12.82,0,24.39,0
101,2022,315,1936,12.82,0,24.39,0
101,2022,315,1937,12.82,0,24.38,0
101,2022,315,1938,12.82,0,24.37,0
101,2022,315,1939,12.82,0,24.37,0
101,2022,315,1940,12.82,0,24.37,0
101,2022,315,1941,12.82,0,24.36,0
101,2022,315,1942,12.82,0,24.36,0
101,2022,315,1943,12.82,0,24.35,0
101,2022,315,1944,12.82,0,24.34,0
101,2022,315,1945,12.82,0,24.34,0
101,2022,315,1946,12.82,0,24.34,0
101,2022,315,1947,12.82,0,24.33,0
101,2022,315,1948,12.82,0,24.34,0
101,2022,315,1949,12.82,0,24.34,0
101,2022,315,1950,12.82,0,24.34,0
101,2022,315,1951,12.82,0,24.34,0
101,2022,315,1952,12.82,0,24.34,0
101,2022,315,1953,12.82,0,24.35,0
101,2022,315,1954,12.82,0,24.35,0
101,2022,315,1955,12.82,0,24.36,0
101,2022,315,1956,12.82,0,24.36,0
101,2022,315,1957,12.82,0,24.36,0
101,2022,315,1958,12.82,0,24.37,0
101,2022,315,1959,12.82,0,24.37,0
101,2022,315,2000,12.82,0,24.37,0
101,2022,315,2001,12.82,0,24.38,0
101,2022,315,2002,12.82,0,24.37,0
101,2022,315,2003,12.82,0,24.37,0
101,2022,315,2004,12.82,0,24.37,0
101,2022,315,2005,12.82,0,24.39,0
101,2022,315,2006,12.82,0,24.41,0
101,2022,315,2007,12.82,0,24.42,0
101,2022,315,2008,12.82,0,24.42,0
101,2022,315,2009,12.82,0,24.43,0
101,2022,315,2010,12.82,0,24.42,0
101,2022,315,2011,12.82,0,24.41,0
101,2022,315,2012,12.82,0,24.4,0
101,2022,315,2013,12.81,0,24.41,0
101,2022,315,2014,12.81,0,24.4,0
101,2022,315,2015,12.81,0,24.39,0
101,2022,315,2016,12.81,0,24.39,0
101,2022,315,2017,12.81,0,24.39,0
101,2022,315,2018,12.81,0,24.4,0
101,2022,315,2019,12.81,0,24.39,0
101,2022,315,2020,12.81,0,24.39,0
101,2022,315,2021,12.81,0,24.4,0
101,2022,315,2022,12.81,0,24.4,0
101,2022,315,2023,12.81,0,24.4,0
101,2022,315,2024,12.81,0,24.4,0
101,2022,315,2025,12.81,0,24.41,0
101,2022,315,2026,12.81,0,24.41,0
101,2022,315,2027,12.81,0,24.4,0
101,2022,315,2028,12.81,0,24.41,0
101,2022,315,2029,12.81,0,24.42,0
101,2022,315,2030,12.81,0,24.42,0
101,2022,315,2031,12.81,0,24.42,0
101,2022,315,2032,12.81,0,24.41,0
101,2022,315,2033,12.81,0,24.41,0
101,2022,315,2034,12.81,0,24.41,0
101,2022,315,2035,12.81,0,24.4,0
101,2022,315,2036,12.81,0,24.4,0
101,2022,315,2037,12.81,0,24.4,0
101,2022,315,2038,12.81,0,24.4,0
101,2022,315,2039,12.81,0,24.38,0
101,2022,315,2040,12.81,0,24.37,0
101,2022,315,2041,12.81,0,24.37,0
101,2022,315,2042,12.81,0,24.37,0
101,2022,315,2043,12.81,0,24.36,0
101,2022,315,2044,12.81,0,24.34,0
101,2022,315,2045,12.81,0,24.33,0
101,2022,315,2046,12.81,0,24.33,0
101,2022,315,2047,12.81,0,24.33,0
101,2022,315,2048,12.81,0,24.32,0
101,2022,315,2049,12.81,0,24.31,0
101,2022,315,2050,12.81,0,24.3,0
101,2022,315,2051,12.81,0,24.3,0
101,2022,315,2052,12.81,0,24.29,0
101,2022,315,2053,12.81,0,24.29,0
101,2022,315,2054,12.81,0,24.27,0
101,2022,315,2055,12.81,0,24.27,0
101,2022,315,2056,12.81,0,24.27,0
101,2022,315,2057,12.81,0,24.25,0
101,2022,315,2058,12.81,0,24.25,0
101,2022,315,2059,12.81,0,24.24,0
101,2022,315,2100,12.81,0,24.24,0
101,2022,315,2101,12.81,0,24.23,0
101,2022,315,2102,12.81,0,24.22,0
101,2022,315,2103,12.81,0,24.22,0
101,2022,315,2104,12.81,0,24.22,0
101,2022,315,2105,12.81,0,24.22,0
101,2022,315,2106,12.81,0,24.22,0
101,2022,315,2107,12.8,0,24.21,0
101,2022,315,2108,12.81,0,24.21,0
101,2022,315,2109,12.8,0,24.21,0
101,2022,315,2110,12.8,0,24.2,0
101,2022,315,2111,12.81,0,24.21,0
101,2022,315,2112,12.8,0,24.21,0
101,2022,315,2113,12.8,0,24.2,0
101,2022,315,2114,12.81,0,24.2,0
101,2022,315,2115,12.8,0,24.2,0
101,2022,315,2116,12.8,0,24.21,0
101,2022,315,2117,12.8,0,24.22,0
101,2022,315,2118,12.8,0,24.23,0
101,2022,315,2119,12.8,0,24.23,0
101,2022,315,2120,12.8,0,24.23,0
101,2022,315,2121,12.8,0,24.23,0
101,2022,315,2122,12.8,0,24.23,0
101,2022,315,2123,12.8,0,24.24,0
101,2022,315,2124,12.8,0,24.24,0
101,2022,315,2125,12.8,0,24.23,0
101,2022,315,2126,12.8,0,24.22,0
101,2022,315,2127,12.8,0,24.22,0
101,2022,315,2128,12.8,0,24.22,0
101,2022,315,2129,12.8,0,24.2,0
101,2022,315,2130,12.8,0,24.19,0
101,2022,315,2131,12.8,0,24.18,0
101,2022,315,2132,12.8,0,24.18,0
101,2022,315,2133,12.8,0,24.17,0
101,2022,315,2134,12.8,0,24.17,0
101,2022,315,2135,12.8,0,24.16,0
101,2022,315,2136,12.8,0,24.16,0
101,2022,315,2137,12.8,0,24.15,0
101,2022,315,2138,12.8,0,24.16,0
101,2022,315,2139,12.8,0,24.15,0
101,2022,315,2140,12.8,0,24.15,0
101,2022,315,2141,12.8,0,24.14,0
101,2022,315,2142,12.8,0,24.13,0
101,2022,315,2143,12.8,0,24.12,0
101,2022,315,2144,12.8,0,24.12,0
101,2022,315,2145,12.8,0,24.12,0
101,2022,315,2146,12.8,0,24.12,0
101,2022,315,2147,12.8,0,24.11,0
101,2022,315,2148,12.8,0,24.11,0
101,2022,315,2149,12.8,0,24.1,0
101,2022,315,2150,12.8,0,24.09,0
101,2022,315,2151,12.8,0,24.09,0
101,2022,315,2152,12.8,0,24.08,0
101,2022,315,2153,12.8,0,24.08,0
101,2022,315,2154,12.8,0,24.08,0
101,2022,315,2155,12.8,0,24.07,0
101,2022,315,2156,12.8,0,24.06,0
101,2022,315,2157,12.8,0,24.05,0
101,2022,315,2158,12.8,0,24.04,0
101,2022,315,2159,12.8,0,24.04,0
101,2022,315,2200,12.8,0,24.02,0
101,2022,315,2201,12.8,0,24.01,0
101,2022,315,2202,12.8,0,24,0
101,2022,315,2203,12.8,0,23.99,0
101,2022,315,2204,12.8,0,23.97,0
101,2022,315,2205,12.8,0,23.95,0
101,2022,315,2206,12.8,0,23.94,0
101,2022,315,2207,12.8,0,23.93,0
101,2022,315,2208,12.8,0,23.92,0
101,2022,315,2209,12.8,0,23.91,0
101,2022,315,2210,12.8,0,23.89,0
101,2022,315,2211,12.8,0,23.88,0
101,2022,315,2212,12.8,0,23.87,0
101,2022,315,2213,12.8,0,23.87,0
101,2022,315,2214,12.8,0,23.86,0
101,2022,315,2215,12.8,0,23.86,0
101,2022,315,2216,12.8,0,23.85,0
101,2022,315,2217,12.8,0,23.84,0
101,2022,315,2218,12.8,0,23.84,0
101,2022,315,2219,12.8,0,23.85,0
101,2022,315,2220,12.8,0,23.85,0
101,2022,315,2221,12.8,0,23.85,0
101,2022,315,2222,12.8,0,23.85,0
101,2022,315,2223,12.8,0,23.85,0
101,2022,315,2224,12.8,0,23.84,0
101,2022,315,2225,12.8,0,23.84,0
101,2022,315,2226,12.8,0,23.84,0
101,2022,315,2227,12.8,0,23.83,0
101,2022,315,2228,12.8,0,23.83,0
101,2022,315,2229,12.8,0,23.83,0
101,2022,315,2230,12.8,0,23.82,0
101,2022,315,2231,12.8,0,23.82,0
101,2022,315,2232,12.8,0,23.8,0
101,2022,315,2233,12.8,0,23.79,0
101,2022,315,2234,12.8,0,23.78,0
101,2022,315,2235,12.8,0,23.77,0
101,2022,315,2236,12.8,0,23.76,0
101,2022,315,2237,12.8,0,23.75,0
101,2022,315,2238,12.8,0,23.75,0
101,2022,315,2239,12.8,0,23.74,0
101,2022,315,2240,12.8,0,23.74,0
101,2022,315,2241,12.8,0,23.73,0
101,2022,315,2242,12.8,0,23.72,0
101,2022,315,2243,12.8,0,23.72,0
101,2022,315,2244,12.8,0,23.71,0
101,2022,315,2245,12.8,0,23.7,0
101,2022,315,2246,12.79,0,23.69,0
101,2022,315,2247,12.8,0,23.68,0
101,2022,315,2248,12.79,0,23.67,0
101,2022,315,2249,12.79,0,23.67,0
101,2022,315,2250,12.79,0,23.67,0
101,2022,315,2251,12.79,0,23.66,0
101,2022,315,2252,12.79,0,23.64,0
101,2022,315,2253,12.79,0,23.64,0
101,2022,315,2254,12.79,0,23.62,0
101,2022,315,2255,12.79,0,23.62,0
101,2022,315,2256,12.79,0,23.61,0
101,2022,315,2257,12.79,0,23.6,0
101,2022,315,2258,12.79,0,23.59,0
101,2022,315,2259,12.79,0,23.58,0
101,2022,315,2300,12.79,0,23.57,0
101,2022,315,2301,12.79,0,23.55,0
101,2022,315,2302,12.79,0,23.55,0
101,2022,315,2303,12.79,0,23.54,0
101,2022,315,2304,12.79,0,23.53,0
101,2022,315,2305,12.79,0,23.52,0
101,2022,315,2306,12.79,0,23.52,0
101,2022,315,2307,12.79,0,23.51,0
101,2022,315,2308,12.79,0,23.51,0
101,2022,315,2309,12.79,0,23.5,0
101,2022,315,2310,12.79,0,23.5,0
101,2022,315,2311,12.79,0,23.48,0
101,2022,315,2312,12.79,0,23.47,0
101,2022,315,2313,12.79,0,23.47,0
101,2022,315,2314,12.79,0,23.46,0
101,2022,315,2315,12.79,0,23.45,0
101,2022,315,2316,12.79,0,23.45,0
101,2022,315,2317,12.79,0,23.44,0
101,2022,315,2318,12.79,0,23.44,0
101,2022,315,2319,12.79,0,23.43,0
101,2022,315,2320,12.79,0,23.42,0
101,2022,315,2321,12.79,0,23.42,0
101,2022,315,2322,12.79,0,23.4,0
101,2022,315,2323,12.79,0,23.39,0
101,2022,315,2324,12.79,0,23.39,0
101,2022,315,2325,12.79,0,23.39,0
101,2022,315,2326,12.79,0,23.37,0
101,2022,315,2327,12.79,0,23.37,0
101,2022,315,2328,12.79,0,23.37,0
101,2022,315,2329,12.79,0,23.38,0
101,2022,315,2330,12.79,0,23.36,0
101,2022,315,2331,12.79,0,23.34,0
101,2022,315,2332,12.79,0,23.34,0
101,2022,315,2333,12.78,0,23.34,0
101,2022,315,2334,12.79,0,23.34,0
101,2022,315,2335,12.79,0,23.33,0
101,2022,315,2336,12.79,0,23.33,0
101,2022,315,2337,12.78,0,23.34,0
101,2022,315,2338,12.79,0,23.33,0
101,2022,315,2339,12.79,0,23.33,0
101,2022,315,2340,12.79,0,23.32,0
101,2022,315,2341,12.78,0,23.3,0
101,2022,315,2342,12.79,0,23.27,0
101,2022,315,2343,12.79,0,23.23,0
101,2022,315,2344,12.79,0,23.19,0
101,2022,315,2345,12.79,0,23.17,0
101,2022,315,2346,12.79,0,23.15,0
101,2022,315,2347,12.79,0,23.13,0
101,2022,315,2348,12.79,0,23.13,0
101,2022,315,2349,12.78,0,23.11,0
101,2022,315,2350,12.78,0,23.1,0
101,2022,315,2351,12.78,0,23.1,0
101,2022,315,2352,12.79,0,23.1,0
101,2022,315,2353,12.79,0,23.09,0
101,2022,315,2354,12.79,0,23.09,0
101,2022,315,2355,12.79,0,23.08,0
101,2022,315,2356,12.79,0,23.06,0
101,2022,315,2357,12.78,0,23.02,0
101,2022,315,2358,12.79,0,22.99,0
101,2022,315,2359,12.79,0,22.98,0
