a,b,dia_juliano,d,e,f,g,h
101,2022,364,1,12.72,0.0,23.19,0.0
101,2022,364,2,12.72,0.0,23.2,0.0
101,2022,364,3,12.72,0.0,23.2,0.0
101,2022,364,4,12.72,0.0,23.2,0.0
101,2022,364,5,12.72,0.0,23.18,0.0
101,2022,364,6,12.72,0.0,23.13,0.0
101,2022,364,7,12.72,0.0,23.11,0.0
101,2022,364,8,12.72,0.0,23.1,0.0
101,2022,364,9,12.72,0.0,23.09,0.0
101,2022,364,10,12.72,0.0,23.08,0.0
101,2022,364,11,12.72,0.0,23.09,0.0
101,2022,364,12,12.72,0.0,23.09,0.0
101,2022,364,13,12.72,0.0,23.08,0.0
101,2022,364,14,12.71,0.0,23.06,0.0
101,2022,364,15,12.72,0.0,23.05,0.0
101,2022,364,16,12.71,0.0,23.04,0.0
101,2022,364,17,12.72,0.0,22.98,0.0
101,2022,364,18,12.71,0.0,22.94,0.0
101,2022,364,19,12.71,0.0,22.88,0.0
101,2022,364,20,12.71,0.0,22.88,0.0
101,2022,364,21,12.71,0.0,23.02,0.0
101,2022,364,22,12.71,0.0,23.09,0.0
101,2022,364,23,12.71,0.0,23.09,0.0
101,2022,364,24,12.71,0.0,23.07,0.0
101,2022,364,25,12.71,0.0,23.08,0.0
101,2022,364,26,12.71,0.0,23.05,0.0
101,2022,364,27,12.71,0.0,23.01,0.0
101,2022,364,28,12.71,0.0,22.9,0.0
101,2022,364,29,12.71,0.0,22.86,0.0
101,2022,364,30,12.71,0.0,22.86,0.0
101,2022,364,31,12.71,0.0,22.84,0.0
101,2022,364,32,12.71,0.0,22.8,0.0
101,2022,364,33,12.71,0.0,22.78,0.0
101,2022,364,34,12.71,0.0,22.76,0.0
101,2022,364,35,12.71,0.0,22.76,0.0
101,2022,364,36,12.71,0.0,22.74,0.0
101,2022,364,37,12.71,0.0,22.73,0.0
101,2022,364,38,12.71,0.0,22.73,0.0
101,2022,364,39,12.71,0.0,22.79,0.0
101,2022,364,40,12.71,0.0,22.82,0.0
101,2022,364,41,12.71,0.0,22.83,0.0
101,2022,364,42,12.71,0.0,22.82,0.0
101,2022,364,43,12.71,0.0,22.79,0.0
101,2022,364,44,12.71,0.0,22.78,0.0
101,2022,364,45,12.71,0.0,22.77,0.0
101,2022,364,46,12.71,0.0,22.76,0.0
101,2022,364,47,12.71,0.0,22.74,0.0
101,2022,364,48,12.71,0.0,22.74,0.0
101,2022,364,49,12.71,0.0,22.78,0.0
101,2022,364,50,12.71,0.0,22.8,0.0
101,2022,364,51,12.71,0.0,22.81,0.0
101,2022,364,52,12.71,0.0,22.83,0.0
101,2022,364,53,12.71,0.0,22.84,0.0
101,2022,364,54,12.71,0.0,22.82,0.0
101,2022,364,55,12.71,0.0,22.81,0.0
101,2022,364,56,12.71,0.0,22.83,0.0
101,2022,364,57,12.71,0.0,22.85,0.0
101,2022,364,58,12.71,0.0,22.84,0.0
101,2022,364,59,12.71,0.0,22.85,0.0
101,2022,364,100,12.71,0.0,22.84,0.0
101,2022,364,101,12.71,0.0,22.84,0.0
101,2022,364,102,12.71,0.0,22.86,0.0
101,2022,364,103,12.71,0.0,22.86,0.0
101,2022,364,104,12.7,0.0,22.85,0.0
101,2022,364,105,12.7,0.0,22.82,0.0
101,2022,364,106,12.7,0.0,22.81,0.0
101,2022,364,107,12.7,0.0,22.78,0.0
101,2022,364,108,12.7,0.0,22.76,0.0
101,2022,364,109,12.7,0.0,22.76,0.0
101,2022,364,110,12.7,0.0,22.74,0.0
101,2022,364,111,12.7,0.0,22.78,0.0
101,2022,364,112,12.7,0.0,22.78,0.0
101,2022,364,113,12.7,0.0,22.79,0.0
101,2022,364,114,12.7,0.0,22.78,0.0
101,2022,364,115,12.7,0.0,22.77,0.0
101,2022,364,116,12.7,0.0,22.78,0.0
101,2022,364,117,12.7,0.0,22.8,0.0
101,2022,364,118,12.7,0.0,22.83,0.0
101,2022,364,119,12.7,0.0,22.84,0.0
101,2022,364,120,12.7,0.0,22.81,0.0
101,2022,364,121,12.7,0.0,22.79,0.0
101,2022,364,122,12.7,0.0,22.79,0.0
101,2022,364,123,12.7,0.0,22.82,0.0
101,2022,364,124,12.7,0.0,22.87,0.0
101,2022,364,125,12.7,0.0,22.88,0.0
101,2022,364,126,12.7,0.0,22.85,0.0
101,2022,364,127,12.7,0.0,22.82,0.0
101,2022,364,128,12.7,0.0,22.8,0.0
101,2022,364,129,12.7,0.0,22.81,0.0
101,2022,364,130,12.7,0.0,22.81,0.0
101,2022,364,131,12.7,0.0,22.81,0.0
101,2022,364,132,12.7,0.0,22.82,0.0
101,2022,364,133,12.7,0.0,22.82,0.0
101,2022,364,134,12.7,0.0,22.81,0.0
101,2022,364,135,12.7,0.0,22.8,0.0
101,2022,364,136,12.7,0.0,22.8,0.0
101,2022,364,137,12.7,0.0,22.79,0.0
101,2022,364,138,12.69,0.0,22.79,0.0
101,2022,364,139,12.7,0.0,22.79,0.0
101,2022,364,140,12.7,0.0,22.79,0.0
101,2022,364,141,12.7,0.0,22.78,0.0
101,2022,364,142,12.7,0.0,22.77,0.0
101,2022,364,143,12.7,0.0,22.77,0.0
101,2022,364,144,12.7,0.0,22.78,0.0
101,2022,364,145,12.7,0.0,22.78,0.0
101,2022,364,146,12.7,0.0,22.76,0.0
101,2022,364,147,12.7,0.0,22.74,0.0
101,2022,364,148,12.7,0.0,22.72,0.0
101,2022,364,149,12.7,0.0,22.71,0.0
101,2022,364,150,12.7,0.0,22.74,0.0
101,2022,364,151,12.69,0.0,22.8,0.0
101,2022,364,152,12.7,0.0,22.82,0.0
101,2022,364,153,12.7,0.0,22.84,0.0
101,2022,364,154,12.69,0.0,22.89,0.0
101,2022,364,155,12.7,0.0,22.98,0.0
101,2022,364,156,12.69,0.0,23.01,0.0
101,2022,364,157,12.69,0.0,23.0,0.0
101,2022,364,158,12.69,0.0,23.04,0.0
101,2022,364,159,12.69,0.0,23.1,0.0
101,2022,364,200,12.69,0.0,23.08,0.0
101,2022,364,201,12.69,0.0,23.08,0.0
101,2022,364,202,12.69,0.0,23.06,0.0
101,2022,364,203,12.69,0.0,23.06,0.0
101,2022,364,204,12.69,0.0,23.06,0.0
101,2022,364,205,12.69,0.0,23.1,0.0
101,2022,364,206,12.69,0.0,23.13,0.0
101,2022,364,207,12.69,0.0,23.16,0.0
101,2022,364,208,12.69,0.0,23.17,0.0
101,2022,364,209,12.69,0.0,23.19,0.0
101,2022,364,210,12.69,0.0,23.2,0.0
101,2022,364,211,12.69,0.0,23.21,0.0
101,2022,364,212,12.69,0.0,23.26,0.0
101,2022,364,213,12.69,0.0,23.27,0.0
101,2022,364,214,12.69,0.0,23.26,0.0
101,2022,364,215,12.69,0.0,23.25,0.0
101,2022,364,216,12.69,0.0,23.25,0.0
101,2022,364,217,12.69,0.0,23.29,0.0
101,2022,364,218,12.69,0.0,23.31,0.0
101,2022,364,219,12.69,0.0,23.37,0.0
101,2022,364,220,12.69,0.0,23.39,0.0
101,2022,364,221,12.69,0.0,23.38,0.0
101,2022,364,222,12.69,0.0,23.42,0.0
101,2022,364,223,12.69,0.0,23.46,0.0
101,2022,364,224,12.69,0.0,23.47,0.0
101,2022,364,225,12.69,0.0,23.45,0.0
101,2022,364,226,12.69,0.0,23.44,0.0
101,2022,364,227,12.69,0.0,23.45,0.0
101,2022,364,228,12.68,0.0,23.48,0.0
101,2022,364,229,12.69,0.0,23.5,0.0
101,2022,364,230,12.69,0.0,23.51,0.0
101,2022,364,231,12.69,0.0,23.51,0.0
101,2022,364,232,12.69,0.0,23.51,0.0
101,2022,364,233,12.68,0.0,23.53,0.0
101,2022,364,234,12.68,0.0,23.55,0.0
101,2022,364,235,12.68,0.0,23.56,0.0
101,2022,364,236,12.68,0.0,23.56,0.0
101,2022,364,237,12.68,0.0,23.55,0.0
101,2022,364,238,12.68,0.0,23.51,0.0
101,2022,364,239,12.68,0.0,23.48,0.0
101,2022,364,240,12.68,0.0,23.45,0.0
101,2022,364,241,12.68,0.0,23.43,0.0
101,2022,364,242,12.68,0.0,23.41,0.0
101,2022,364,243,12.68,0.0,23.41,0.0
101,2022,364,244,12.68,0.0,23.4,0.0
101,2022,364,245,12.68,0.0,23.39,0.0
101,2022,364,246,12.68,0.0,23.39,0.0
101,2022,364,247,12.68,0.0,23.38,0.0
101,2022,364,248,12.68,0.0,23.38,0.0
101,2022,364,249,12.68,0.0,23.38,0.0
101,2022,364,250,12.68,0.0,23.39,0.0
101,2022,364,251,12.68,0.0,23.4,0.0
101,2022,364,252,12.68,0.0,23.41,0.0
101,2022,364,253,12.68,0.0,23.38,0.0
101,2022,364,254,12.68,0.0,23.34,0.0
101,2022,364,255,12.68,0.0,23.28,0.0
101,2022,364,256,12.68,0.0,23.22,0.0
101,2022,364,257,12.68,0.0,23.2,0.0
101,2022,364,258,12.68,0.0,23.19,0.0
101,2022,364,259,12.68,0.0,23.17,0.0
101,2022,364,300,12.68,0.0,23.18,0.0
101,2022,364,301,12.68,0.0,23.17,0.0
101,2022,364,302,12.68,0.0,23.18,0.0
101,2022,364,303,12.68,0.0,23.18,0.0
101,2022,364,304,12.68,0.0,23.18,0.0
101,2022,364,305,12.68,0.0,23.17,0.0
101,2022,364,306,12.68,0.0,23.17,0.0
101,2022,364,307,12.68,0.0,23.17,0.0
101,2022,364,308,12.68,0.0,23.16,0.0
101,2022,364,309,12.68,0.0,23.15,0.0
101,2022,364,310,12.67,0.0,23.15,0.0
101,2022,364,311,12.67,0.0,23.17,0.0
101,2022,364,312,12.67,0.0,23.17,0.0
101,2022,364,313,12.67,0.0,23.15,0.0
101,2022,364,314,12.67,0.0,23.15,0.0
101,2022,364,315,12.67,0.0,23.13,0.0
101,2022,364,316,12.67,0.0,23.16,0.0
101,2022,364,317,12.67,0.0,23.17,0.0
101,2022,364,318,12.67,0.0,23.14,0.0
101,2022,364,319,12.67,0.0,23.11,0.0
101,2022,364,320,12.67,0.0,23.1,0.0
101,2022,364,321,12.67,0.0,23.08,0.0
101,2022,364,322,12.67,0.0,23.05,0.0
101,2022,364,323,12.67,0.0,23.04,0.0
101,2022,364,324,12.67,0.0,23.0,0.0
101,2022,364,325,12.67,0.0,22.9,0.0
101,2022,364,326,12.67,0.0,22.87,0.0
101,2022,364,327,12.67,0.0,22.95,0.0
101,2022,364,328,12.67,0.0,23.01,0.0
101,2022,364,329,12.67,0.0,23.04,0.0
101,2022,364,330,12.67,0.0,23.0,0.0
101,2022,364,331,12.67,0.0,23.02,0.0
101,2022,364,332,12.67,0.0,23.02,0.0
101,2022,364,333,12.67,0.0,23.0,0.0
101,2022,364,334,12.67,0.0,23.0,0.0
101,2022,364,335,12.67,0.0,22.95,0.0
101,2022,364,336,12.67,0.0,22.91,0.0
101,2022,364,337,12.67,0.0,22.85,0.0
101,2022,364,338,12.67,0.0,22.8,0.0
101,2022,364,339,12.67,0.0,22.78,0.0
101,2022,364,340,12.67,0.0,22.77,0.0
101,2022,364,341,12.67,0.0,22.75,0.0
101,2022,364,342,12.67,0.0,22.71,0.0
101,2022,364,343,12.67,0.0,22.68,0.0
101,2022,364,344,12.67,0.0,22.64,0.0
101,2022,364,345,12.67,0.0,22.63,0.0
101,2022,364,346,12.67,0.0,22.6,0.0
101,2022,364,347,12.67,0.0,22.59,0.0
101,2022,364,348,12.67,0.0,22.62,0.0
101,2022,364,349,12.66,0.0,22.67,0.0
101,2022,364,350,12.67,0.0,22.7,0.0
101,2022,364,351,12.66,0.0,22.69,0.0
101,2022,364,352,12.66,0.0,22.71,0.0
101,2022,364,353,12.66,0.0,22.73,0.0
101,2022,364,354,12.66,0.0,22.72,0.0
101,2022,364,355,12.66,0.0,22.72,0.0
101,2022,364,356,12.66,0.0,22.73,0.0
101,2022,364,357,12.66,0.0,22.73,0.0
101,2022,364,358,12.66,0.0,22.73,0.0
101,2022,364,359,12.66,0.0,22.78,0.0
101,2022,364,400,12.66,0.0,22.85,0.0
101,2022,364,401,12.66,0.0,22.83,0.0
101,2022,364,402,12.66,0.0,22.89,0.0
101,2022,364,403,12.66,0.0,22.95,0.0
101,2022,364,404,12.66,0.0,22.97,0.0
101,2022,364,405,12.66,0.0,22.97,0.0
101,2022,364,406,12.66,0.0,22.96,0.0
101,2022,364,407,12.66,0.0,22.98,0.0
101,2022,364,408,12.66,0.0,23.0,0.0
101,2022,364,409,12.65,0.0,22.97,0.0
101,2022,364,410,12.66,0.0,22.89,0.0
101,2022,364,411,12.66,0.0,22.85,0.0
101,2022,364,412,12.65,0.0,22.86,0.0
101,2022,364,413,12.66,0.0,22.8,0.0
101,2022,364,414,12.65,0.0,22.78,0.0
101,2022,364,415,12.65,0.0,22.71,0.0
101,2022,364,416,12.65,0.0,22.68,0.0
101,2022,364,417,12.65,0.0,22.76,0.0
101,2022,364,418,12.65,0.0,22.72,0.0
101,2022,364,419,12.65,0.0,22.7,0.0
101,2022,364,420,12.65,0.0,22.7,0.0
101,2022,364,421,12.65,0.0,22.78,0.0
101,2022,364,422,12.65,0.0,22.84,0.0
101,2022,364,423,12.65,0.0,22.91,0.0
101,2022,364,424,12.65,0.0,22.95,0.0
101,2022,364,425,12.65,0.0,22.95,0.0
101,2022,364,426,12.65,0.0,22.96,0.0
101,2022,364,427,12.65,0.0,22.96,0.0
101,2022,364,428,12.65,0.0,22.95,0.0
101,2022,364,429,12.65,0.0,23.0,0.0
101,2022,364,430,12.65,0.0,23.04,0.0
101,2022,364,431,12.65,0.0,23.04,0.0
101,2022,364,432,12.65,0.0,23.02,0.0
101,2022,364,433,12.65,0.0,23.01,0.0
101,2022,364,434,12.65,0.0,23.01,0.0
101,2022,364,435,12.65,0.0,23.0,0.0
101,2022,364,436,12.65,0.0,22.99,0.0
101,2022,364,437,12.65,0.0,22.98,0.0
101,2022,364,438,12.65,0.0,22.98,0.0
101,2022,364,439,12.65,0.0,23.0,0.0
101,2022,364,440,12.65,0.0,22.99,0.0
101,2022,364,441,12.65,0.0,22.98,0.0
101,2022,364,442,12.65,0.0,23.01,0.0
101,2022,364,443,12.65,0.0,23.03,0.0
101,2022,364,444,12.65,0.0,23.05,0.0
101,2022,364,445,12.65,0.0,23.08,0.0
101,2022,364,446,12.65,0.0,23.08,0.0
101,2022,364,447,12.65,0.0,23.09,0.0
101,2022,364,448,12.65,0.0,23.12,0.0
101,2022,364,449,12.65,0.0,23.15,0.0
101,2022,364,450,12.65,0.0,23.16,0.0
101,2022,364,451,12.65,0.0,23.16,0.0
101,2022,364,452,12.65,0.0,23.16,0.0
101,2022,364,453,12.65,0.0,23.14,0.0
101,2022,364,454,12.64,0.0,23.13,0.0
101,2022,364,455,12.64,1.353,23.12,0.0
101,2022,364,456,12.64,1.353,23.13,0.0
101,2022,364,457,12.64,1.409,23.13,0.0
101,2022,364,458,12.64,2.001,23.12,0.0
101,2022,364,459,12.64,2.03,23.09,0.0
101,2022,364,500,12.64,2.058,23.06,0.0
101,2022,364,501,12.64,2.678,23.01,0.0
101,2022,364,502,12.64,3.044,23.0,0.0
101,2022,364,503,12.64,3.383,23.0,0.0
101,2022,364,504,12.64,3.975,23.02,0.0
101,2022,364,505,12.64,4.313,22.99,0.0
101,2022,364,506,12.64,4.848,22.99,0.0
101,2022,364,507,12.64,5.525,23.0,0.0
101,2022,364,508,12.64,6.286,23.03,0.0
101,2022,364,509,12.64,6.906,23.05,0.0
101,2022,364,510,12.64,7.53,23.04,0.0
101,2022,364,511,12.64,8.32,23.04,0.0
101,2022,364,512,12.64,9.3,23.04,0.0
101,2022,364,513,12.65,9.81,23.05,0.0
101,2022,364,514,12.65,10.2,23.06,0.0
101,2022,364,515,12.65,11.16,23.05,0.0
101,2022,364,516,12.66,12.46,23.05,0.0
101,2022,364,517,12.66,13.76,23.04,0.0
101,2022,364,518,12.66,14.26,23.02,0.0
101,2022,364,519,12.67,15.42,23.02,0.0
101,2022,364,520,12.68,18.15,22.98,0.0
101,2022,364,521,12.7,23.57,22.92,0.0
101,2022,364,522,12.73,27.2,22.89,0.0
101,2022,364,523,12.76,29.32,22.86,0.0
101,2022,364,524,12.79,30.22,22.83,0.0
101,2022,364,525,12.82,29.49,22.92,0.0
101,2022,364,526,12.84,29.34,22.98,0.0
101,2022,364,527,12.87,29.43,23.03,0.0
101,2022,364,528,12.9,29.57,23.03,0.0
101,2022,364,529,12.92,30.05,23.05,0.0
101,2022,364,530,12.94,30.36,23.06,0.0
101,2022,364,531,12.96,29.99,23.05,0.0
101,2022,364,532,12.97,28.89,23.04,0.0
101,2022,364,533,12.98,27.43,23.03,0.0
101,2022,364,534,12.98,26.36,23.04,0.0
101,2022,364,535,12.99,25.62,23.02,0.0
101,2022,364,536,13.0,26.75,23.01,0.0
101,2022,364,537,13.0,31.18,23.0,0.0
101,2022,364,538,13.01,32.53,23.04,0.0
101,2022,364,539,13.02,29.88,23.07,0.0
101,2022,364,540,13.02,27.51,23.08,0.0
101,2022,364,541,13.03,26.81,23.07,0.0
101,2022,364,542,13.03,27.37,23.06,0.0
101,2022,364,543,13.04,27.62,23.05,0.0
101,2022,364,544,13.04,27.74,23.09,0.0
101,2022,364,545,13.04,28.08,23.11,0.0
101,2022,364,546,13.04,28.64,23.12,0.0
101,2022,364,547,13.05,31.15,23.14,0.0
101,2022,364,548,13.08,35.83,23.15,0.0
101,2022,364,549,13.11,44.28,23.15,0.0
101,2022,364,550,13.15,59.87,23.17,0.0
101,2022,364,551,13.19,72.0,23.19,0.0
101,2022,364,552,13.22,76.1,23.22,0.0
101,2022,364,553,13.23,77.1,23.25,0.0
101,2022,364,554,13.23,86.3,23.28,0.0
101,2022,364,555,13.23,116.1,23.35,0.0
101,2022,364,556,13.23,114.2,23.4,0.0
101,2022,364,557,13.23,97.7,23.44,0.0
101,2022,364,558,13.23,91.9,23.49,0.0
101,2022,364,559,13.23,87.7,23.47,0.0
101,2022,364,600,13.23,97.4,23.52,0.0
101,2022,364,601,13.23,123.2,23.58,0.0
101,2022,364,602,13.23,151.6,23.68,0.0
101,2022,364,603,13.23,110.4,23.71,0.0
101,2022,364,604,13.23,99.4,23.7,0.0
101,2022,364,605,13.23,95.0,23.74,0.0
101,2022,364,606,13.23,104.0,23.76,0.0
101,2022,364,607,13.23,101.5,23.84,0.0
101,2022,364,608,13.23,138.5,23.88,0.0
101,2022,364,609,13.23,176.8,24.0,0.0
101,2022,364,610,13.23,173.3,24.07,0.0
101,2022,364,611,13.23,130.7,24.15,0.0
101,2022,364,612,13.22,106.9,24.17,0.0
101,2022,364,613,13.22,153.7,24.2,0.0
101,2022,364,614,13.22,183.6,24.31,0.0
101,2022,364,615,13.22,204.5,24.43,0.0
101,2022,364,616,13.22,228.1,24.44,0.0
101,2022,364,617,13.22,231.0,24.52,0.0
101,2022,364,618,13.22,231.9,24.58,0.0
101,2022,364,619,13.22,219.9,24.76,0.0
101,2022,364,620,13.22,156.6,24.75,0.0
101,2022,364,621,13.22,179.3,24.84,0.0
101,2022,364,622,13.22,184.8,24.94,0.0
101,2022,364,623,13.22,128.7,24.89,0.0
101,2022,364,624,13.22,166.1,24.92,0.0
101,2022,364,625,13.22,152.5,24.92,0.0
101,2022,364,626,13.22,164.1,24.99,0.0
101,2022,364,627,13.21,206.8,25.07,0.0
101,2022,364,628,13.21,227.1,25.15,0.0
101,2022,364,629,13.21,241.8,25.22,0.0
101,2022,364,630,13.21,242.4,25.21,0.0
101,2022,364,631,13.21,222.2,25.22,0.0
101,2022,364,632,13.21,100.3,25.23,0.0
101,2022,364,633,13.21,78.2,25.21,0.0
101,2022,364,634,13.21,73.3,25.08,0.0
101,2022,364,635,13.21,82.5,25.05,0.0
101,2022,364,636,13.21,97.4,25.02,0.0
101,2022,364,637,13.21,101.1,25.0,0.0
101,2022,364,638,13.21,96.0,24.96,0.0
101,2022,364,639,13.21,83.9,24.92,0.0
101,2022,364,640,13.21,78.1,24.92,0.0
101,2022,364,641,13.21,71.8,24.88,0.0
101,2022,364,642,13.21,65.62,24.86,0.0
101,2022,364,643,13.21,68.27,24.85,0.0
101,2022,364,644,13.21,89.7,24.82,0.0
101,2022,364,645,13.21,119.8,24.83,0.0
101,2022,364,646,13.21,166.8,24.86,0.0
101,2022,364,647,13.21,206.6,24.88,0.0
101,2022,364,648,13.21,133.1,24.85,0.0
101,2022,364,649,13.21,105.6,24.86,0.0
101,2022,364,650,13.21,93.4,24.88,0.0
101,2022,364,651,13.21,91.4,24.81,0.0
101,2022,364,652,13.21,94.7,24.78,0.0
101,2022,364,653,13.21,98.7,24.81,0.0
101,2022,364,654,13.21,108.5,24.83,0.0
101,2022,364,655,13.21,214.5,24.83,0.0
101,2022,364,656,13.21,241.5,24.89,0.0
101,2022,364,657,13.21,162.5,24.92,0.0
101,2022,364,658,13.21,169.9,24.96,0.0
101,2022,364,659,13.2,185.8,24.95,0.0
101,2022,364,700,13.2,317.7,24.96,0.0
101,2022,364,701,13.2,308.8,25.06,0.0
101,2022,364,702,13.2,394.2,25.14,0.0
101,2022,364,703,13.2,390.2,25.26,0.0
101,2022,364,704,13.2,365.4,25.44,0.0
101,2022,364,705,13.2,260.7,25.41,0.0
101,2022,364,706,13.2,269.2,25.5,0.0
101,2022,364,707,13.2,324.0,25.61,0.0
101,2022,364,708,13.19,250.8,25.68,0.0
101,2022,364,709,13.19,354.3,25.68,0.0
101,2022,364,710,13.19,273.7,25.79,0.0
101,2022,364,711,13.19,407.5,25.89,0.0
101,2022,364,712,13.19,432.0,25.97,0.0
101,2022,364,713,13.19,435.5,26.17,0.0
101,2022,364,714,13.18,454.3,26.4,0.0
101,2022,364,715,13.18,469.6,26.59,0.0
101,2022,364,716,13.18,477.2,26.65,0.0
101,2022,364,717,13.18,440.9,26.69,0.0
101,2022,364,718,13.18,448.2,26.55,0.0
101,2022,364,719,13.18,463.9,26.52,0.0
101,2022,364,720,13.17,244.1,26.63,0.0
101,2022,364,721,13.17,206.3,26.6,0.0
101,2022,364,722,13.17,216.2,26.45,0.0
101,2022,364,723,13.17,403.5,26.42,0.0
101,2022,364,724,13.17,410.2,26.45,0.0
101,2022,364,725,13.17,340.3,26.56,0.0
101,2022,364,726,13.16,501.0,26.64,0.0
101,2022,364,727,13.16,355.5,26.71,0.0
101,2022,364,728,13.16,435.9,26.59,0.0
101,2022,364,729,13.16,517.4,26.56,0.0
101,2022,364,730,13.16,517.9,26.72,0.0
101,2022,364,731,13.16,425.1,26.84,0.0
101,2022,364,732,13.16,267.9,26.82,0.0
101,2022,364,733,13.16,468.5,26.7,0.0
101,2022,364,734,13.15,520.0,26.65,0.0
101,2022,364,735,13.15,514.1,26.72,0.0
101,2022,364,736,13.15,394.6,26.82,0.0
101,2022,364,737,13.15,476.5,26.83,0.0
101,2022,364,738,13.15,528.9,26.91,0.0
101,2022,364,739,13.15,549.9,26.92,0.0
101,2022,364,740,13.15,502.5,26.96,0.0
101,2022,364,741,13.14,346.8,26.88,0.0
101,2022,364,742,13.14,569.2,26.88,0.0
101,2022,364,743,13.14,597.2,27.01,0.0
101,2022,364,744,13.14,590.4,27.06,0.0
101,2022,364,745,13.14,580.3,27.08,0.0
101,2022,364,746,13.14,572.6,27.13,0.0
101,2022,364,747,13.14,545.9,27.17,0.0
101,2022,364,748,13.13,401.6,27.08,0.0
101,2022,364,749,13.13,322.4,27.0,0.0
101,2022,364,750,13.13,560.0,26.9,0.0
101,2022,364,751,13.13,281.4,26.99,0.0
101,2022,364,752,13.13,191.4,27.08,0.0
101,2022,364,753,13.13,195.9,26.93,0.0
101,2022,364,754,13.13,229.5,26.78,0.0
101,2022,364,755,13.13,393.0,26.83,0.0
101,2022,364,756,13.13,373.7,26.87,0.0
101,2022,364,757,13.13,569.1,27.01,0.0
101,2022,364,758,13.13,720.0,27.09,0.0
101,2022,364,759,13.13,444.2,27.17,0.0
101,2022,364,800,13.13,398.2,27.27,0.0
101,2022,364,801,13.13,602.1,27.33,0.0
101,2022,364,802,13.13,339.0,27.4,0.0
101,2022,364,803,13.13,429.3,27.43,0.0
101,2022,364,804,13.13,335.4,27.32,0.0
101,2022,364,805,13.13,592.3,27.3,0.0
101,2022,364,806,13.13,443.2,27.36,0.0
101,2022,364,807,13.13,711.0,27.42,0.0
101,2022,364,808,13.13,726.0,27.47,0.0
101,2022,364,809,13.12,677.5,27.52,0.0
101,2022,364,810,13.12,724.0,27.44,0.0
101,2022,364,811,13.12,742.0,27.52,0.0
101,2022,364,812,13.12,698.7,27.73,0.0
101,2022,364,813,13.12,720.0,28.06,0.0
101,2022,364,814,13.12,592.8,28.17,0.0
101,2022,364,815,13.12,337.7,28.16,0.0
101,2022,364,816,13.12,709.0,27.85,0.0
101,2022,364,817,13.11,490.0,27.82,0.0
101,2022,364,818,13.11,711.0,27.83,0.0
101,2022,364,819,13.11,346.3,27.84,0.0
101,2022,364,820,13.11,640.2,27.74,0.0
101,2022,364,821,13.11,791.0,27.88,0.0
101,2022,364,822,13.11,827.0,27.88,0.0
101,2022,364,823,13.11,431.1,27.79,0.0
101,2022,364,824,13.11,552.4,27.69,0.0
101,2022,364,825,13.11,804.0,27.76,0.0
101,2022,364,826,13.11,807.0,27.87,0.0
101,2022,364,827,13.1,284.9,27.86,0.0
101,2022,364,828,13.11,221.6,27.78,0.0
101,2022,364,829,13.11,224.0,27.72,0.0
101,2022,364,830,13.11,277.9,27.59,0.0
101,2022,364,831,13.11,792.0,27.53,0.0
101,2022,364,832,13.11,851.0,27.63,0.0
101,2022,364,833,13.11,838.0,27.91,0.0
101,2022,364,834,13.11,818.0,27.95,0.0
101,2022,364,835,13.11,801.0,27.99,0.0
101,2022,364,836,13.11,801.0,28.18,0.0
101,2022,364,837,13.1,809.0,28.32,0.0
101,2022,364,838,13.1,764.0,28.18,0.0
101,2022,364,839,13.1,831.0,28.09,0.0
101,2022,364,840,13.1,863.0,28.06,0.0
101,2022,364,841,13.1,739.0,28.07,0.0
101,2022,364,842,13.1,827.0,28.01,0.0
101,2022,364,843,13.1,838.0,28.0,0.0
101,2022,364,844,13.1,602.8,28.04,0.0
101,2022,364,845,13.1,307.5,28.0,0.0
101,2022,364,846,13.1,643.1,27.99,0.0
101,2022,364,847,13.1,920.0,28.09,0.0
101,2022,364,848,13.1,453.4,28.32,0.0
101,2022,364,849,13.1,702.0,28.41,0.0
101,2022,364,850,13.1,347.3,28.54,0.0
101,2022,364,851,13.09,538.9,28.52,0.0
101,2022,364,852,13.09,815.0,28.5,0.0
101,2022,364,853,13.09,812.0,28.32,0.0
101,2022,364,854,13.09,293.2,28.35,0.0
101,2022,364,855,13.09,251.1,28.48,0.0
101,2022,364,856,13.09,639.5,28.47,0.0
101,2022,364,857,13.1,789.0,28.39,0.0
101,2022,364,858,13.1,930.0,28.42,0.0
101,2022,364,859,13.1,914.0,28.42,0.0
101,2022,364,900,13.09,915.0,28.49,0.0
101,2022,364,901,13.09,912.0,28.73,0.0
101,2022,364,902,13.09,924.0,28.71,0.0
101,2022,364,903,13.09,741.0,28.78,0.0
101,2022,364,904,13.09,285.3,28.51,0.0
101,2022,364,905,13.09,276.7,28.36,0.0
101,2022,364,906,13.09,548.4,28.22,0.0
101,2022,364,907,13.09,715.0,28.18,0.0
101,2022,364,908,13.09,901.0,28.26,0.0
101,2022,364,909,13.09,922.0,28.34,0.0
101,2022,364,910,13.09,985.0,28.58,0.0
101,2022,364,911,13.09,916.0,28.72,0.0
101,2022,364,912,13.08,1005.0,28.77,0.0
101,2022,364,913,13.08,1002.0,28.79,0.0
101,2022,364,914,13.08,1001.0,28.9,0.0
101,2022,364,915,13.08,999.0,29.03,0.0
101,2022,364,916,13.08,673.2,29.15,0.0
101,2022,364,917,13.08,400.8,29.0,0.0
101,2022,364,918,13.08,913.0,29.04,0.0
101,2022,364,919,13.08,566.6,29.41,0.0
101,2022,364,920,13.08,277.7,29.61,0.0
101,2022,364,921,13.08,338.0,29.46,0.0
101,2022,364,922,13.08,877.0,29.18,0.0
101,2022,364,923,13.08,444.1,29.17,0.0
101,2022,364,924,13.08,285.7,29.03,0.0
101,2022,364,925,13.08,299.7,28.84,0.0
101,2022,364,926,13.08,312.8,28.66,0.0
101,2022,364,927,13.08,336.8,28.66,0.0
101,2022,364,928,13.08,431.0,28.76,0.0
101,2022,364,929,13.08,408.8,28.83,0.0
101,2022,364,930,13.08,639.8,28.74,0.0
101,2022,364,931,13.08,454.1,28.68,0.0
101,2022,364,932,13.08,386.3,28.74,0.0
101,2022,364,933,13.08,332.5,28.76,0.0
101,2022,364,934,13.08,348.8,28.55,0.0
101,2022,364,935,13.09,901.0,28.61,0.0
101,2022,364,936,13.09,1018.0,28.63,0.0
101,2022,364,937,13.09,998.0,28.82,0.0
101,2022,364,938,13.09,680.1,28.94,0.0
101,2022,364,939,13.09,358.0,28.97,0.0
101,2022,364,940,13.09,966.0,28.83,0.0
101,2022,364,941,13.09,879.0,29.01,0.0
101,2022,364,942,13.09,375.9,29.08,0.0
101,2022,364,943,13.09,265.8,28.88,0.0
101,2022,364,944,13.08,286.4,28.71,0.0
101,2022,364,945,13.08,293.6,28.6,0.0
101,2022,364,946,13.09,551.1,28.57,0.0
101,2022,364,947,13.09,718.0,28.6,0.0
101,2022,364,948,13.09,1059.0,28.74,0.0
101,2022,364,949,13.09,1038.0,28.99,0.0
101,2022,364,950,13.08,1024.0,29.23,0.0
101,2022,364,951,13.08,1032.0,29.11,0.0
101,2022,364,952,13.09,1048.0,29.2,0.0
101,2022,364,953,13.08,1077.0,29.23,0.0
101,2022,364,954,13.09,702.0,29.3,0.0
101,2022,364,955,13.08,1092.0,29.52,0.0
101,2022,364,956,13.08,1081.0,29.84,0.0
101,2022,364,957,13.08,827.0,29.69,0.0
101,2022,364,958,13.08,750.0,29.54,0.0
101,2022,364,959,13.08,564.5,29.38,0.0
101,2022,364,1000,13.08,1065.0,29.42,0.0
101,2022,364,1001,13.08,1088.0,29.34,0.0
101,2022,364,1002,13.08,1072.0,29.17,0.0
101,2022,364,1003,13.08,1052.0,29.3,0.0
101,2022,364,1004,13.08,1029.0,29.5,0.0
101,2022,364,1005,13.08,1011.0,29.46,0.0
101,2022,364,1006,13.08,1000.0,29.36,0.0
101,2022,364,1007,13.08,991.0,29.29,0.0
101,2022,364,1008,13.08,996.0,29.38,0.0
101,2022,364,1009,13.08,903.0,29.34,0.0
101,2022,364,1010,13.09,269.7,29.48,0.0
101,2022,364,1011,13.08,252.3,29.29,0.0
101,2022,364,1012,13.08,262.3,29.01,0.0
101,2022,364,1013,13.08,333.5,28.8,0.0
101,2022,364,1014,13.08,623.3,28.83,0.0
101,2022,364,1015,13.08,585.4,28.81,0.0
101,2022,364,1016,13.08,355.9,28.86,0.0
101,2022,364,1017,13.08,358.9,28.72,0.0
101,2022,364,1018,13.08,764.0,28.73,0.0
101,2022,364,1019,13.09,1104.0,28.9,0.0
101,2022,364,1020,13.09,955.0,29.35,0.0
101,2022,364,1021,13.08,454.8,29.75,0.0
101,2022,364,1022,13.09,496.1,29.63,0.0
101,2022,364,1023,13.09,562.6,29.51,0.0
101,2022,364,1024,13.09,1129.0,29.13,0.0
101,2022,364,1025,13.09,1102.0,29.17,0.0
101,2022,364,1026,13.09,1095.0,29.25,0.0
101,2022,364,1027,13.09,1096.0,29.47,0.0
101,2022,364,1028,13.09,1103.0,29.71,0.0
101,2022,364,1029,13.08,1119.0,29.85,0.0
101,2022,364,1030,13.09,753.0,29.85,0.0
101,2022,364,1031,13.08,372.0,29.7,0.0
101,2022,364,1032,13.09,620.7,29.3,0.0
101,2022,364,1033,13.08,444.4,28.85,0.0
101,2022,364,1034,13.09,659.1,28.79,0.0
101,2022,364,1035,13.08,387.7,28.78,0.0
101,2022,364,1036,13.08,272.4,28.76,0.0
101,2022,364,1037,13.09,237.4,28.58,0.0
101,2022,364,1038,13.08,228.2,28.5,0.0
101,2022,364,1039,13.08,229.2,28.53,0.0
101,2022,364,1040,13.09,243.8,28.63,0.0
101,2022,364,1041,13.09,277.5,28.4,0.0
101,2022,364,1042,13.09,316.0,28.32,0.0
101,2022,364,1043,13.09,392.3,28.37,0.0
101,2022,364,1044,13.09,365.7,28.44,0.0
101,2022,364,1045,13.09,663.7,28.52,0.0
101,2022,364,1046,13.09,401.2,28.71,0.0
101,2022,364,1047,13.09,307.8,28.79,0.0
101,2022,364,1048,13.09,269.2,28.68,0.0
101,2022,364,1049,13.09,246.8,28.49,0.0
101,2022,364,1050,13.09,233.0,28.36,0.0
101,2022,364,1051,13.09,250.9,28.25,0.0
101,2022,364,1052,13.09,505.4,28.21,0.0
101,2022,364,1053,13.09,1102.0,28.23,0.0
101,2022,364,1054,13.09,1116.0,28.5,0.0
101,2022,364,1055,13.09,1155.0,28.76,0.0
101,2022,364,1056,13.09,486.0,29.02,0.0
101,2022,364,1057,13.09,971.0,28.96,0.0
101,2022,364,1058,13.09,783.0,29.11,0.0
101,2022,364,1059,13.09,1138.0,29.16,0.0
101,2022,364,1100,13.09,1141.0,29.15,0.0
101,2022,364,1101,13.09,1154.0,29.29,0.0
101,2022,364,1102,13.09,1136.0,29.56,0.0
101,2022,364,1103,13.09,1038.0,29.61,0.0
101,2022,364,1104,13.09,514.3,29.4,0.0
101,2022,364,1105,13.09,449.6,29.26,0.0
101,2022,364,1106,13.09,401.9,29.14,0.0
101,2022,364,1107,13.09,903.0,29.13,0.0
101,2022,364,1108,13.09,1111.0,29.38,0.0
101,2022,364,1109,13.09,1141.0,29.55,0.0
101,2022,364,1110,13.09,1145.0,29.69,0.0
101,2022,364,1111,13.09,1119.0,29.9,0.0
101,2022,364,1112,13.09,449.7,30.07,0.0
101,2022,364,1113,13.09,979.0,29.89,0.0
101,2022,364,1114,13.09,993.0,30.1,0.0
101,2022,364,1115,13.09,959.0,30.0,0.0
101,2022,364,1116,13.09,421.7,30.1,0.0
101,2022,364,1117,13.09,418.6,30.0,0.0
101,2022,364,1118,13.09,641.3,29.66,0.0
101,2022,364,1119,13.09,1172.0,29.57,0.0
101,2022,364,1120,13.09,1132.0,29.71,0.0
101,2022,364,1121,13.09,925.0,29.63,0.0
101,2022,364,1122,13.09,1152.0,29.73,0.0
101,2022,364,1123,13.09,1203.0,29.75,0.0
101,2022,364,1124,13.09,1209.0,29.84,0.0
101,2022,364,1125,13.09,1192.0,29.68,0.0
101,2022,364,1126,13.09,619.8,29.9,0.0
101,2022,364,1127,13.09,554.0,30.05,0.0
101,2022,364,1128,13.08,1083.0,29.85,0.0
101,2022,364,1129,13.08,1073.0,29.96,0.0
101,2022,364,1130,13.09,1080.0,29.94,0.0
101,2022,364,1131,13.09,1079.0,29.94,0.0
101,2022,364,1132,13.09,1076.0,29.99,0.0
101,2022,364,1133,13.09,1076.0,30.17,0.0
101,2022,364,1134,13.09,1092.0,30.04,0.0
101,2022,364,1135,13.09,1126.0,29.96,0.0
101,2022,364,1136,13.09,1118.0,30.35,0.0
101,2022,364,1137,13.09,559.4,30.42,0.0
101,2022,364,1138,13.09,375.6,30.4,0.0
101,2022,364,1139,13.09,370.9,30.22,0.0
101,2022,364,1140,13.08,362.1,29.95,0.0
101,2022,364,1141,13.09,387.2,29.77,0.0
101,2022,364,1142,13.09,611.3,29.53,0.0
101,2022,364,1143,13.09,1163.0,29.51,0.0
101,2022,364,1144,13.09,1158.0,29.63,0.0
101,2022,364,1145,13.08,1153.0,29.82,0.0
101,2022,364,1146,13.09,940.0,29.89,0.0
101,2022,364,1147,13.09,346.2,29.96,0.0
101,2022,364,1148,13.09,321.9,30.03,0.0
101,2022,364,1149,13.09,329.1,29.81,0.0
101,2022,364,1150,13.08,335.3,29.49,0.0
101,2022,364,1151,13.09,454.8,29.39,0.0
101,2022,364,1152,13.08,1134.0,29.59,0.0
101,2022,364,1153,13.09,1151.0,29.75,0.0
101,2022,364,1154,13.09,1136.0,29.81,0.0
101,2022,364,1155,13.09,1105.0,29.89,0.0
101,2022,364,1156,13.09,1107.0,30.27,0.0
101,2022,364,1157,13.09,1104.0,30.36,0.0
101,2022,364,1158,13.09,1117.0,30.31,0.0
101,2022,364,1159,13.09,1141.0,30.12,0.0
101,2022,364,1200,13.09,1046.0,30.11,0.0
101,2022,364,1201,13.08,404.3,30.2,0.0
101,2022,364,1202,13.09,403.8,29.99,0.0
101,2022,364,1203,13.09,492.5,29.61,0.0
101,2022,364,1204,13.09,387.8,29.66,0.0
101,2022,364,1205,13.09,339.1,29.56,0.0
101,2022,364,1206,13.09,317.6,29.53,0.0
101,2022,364,1207,13.09,310.9,29.55,0.0
101,2022,364,1208,13.09,306.5,29.35,0.0
101,2022,364,1209,13.09,523.6,29.17,0.0
101,2022,364,1210,13.09,1081.0,29.1,0.0
101,2022,364,1211,13.09,1093.0,29.24,0.0
101,2022,364,1212,13.09,1096.0,29.64,0.0
101,2022,364,1213,13.09,1113.0,30.08,0.0
101,2022,364,1214,13.09,1137.0,30.12,0.0
101,2022,364,1215,13.09,1168.0,29.82,0.0
101,2022,364,1216,13.09,1173.0,29.77,0.0
101,2022,364,1217,13.09,804.0,30.1,0.0
101,2022,364,1218,13.09,329.3,30.17,0.0
101,2022,364,1219,13.09,283.0,29.85,0.0
101,2022,364,1220,13.09,262.4,29.7,0.0
101,2022,364,1221,13.09,250.6,29.47,0.0
101,2022,364,1222,13.09,260.8,29.36,0.0
101,2022,364,1223,13.09,404.5,29.25,0.0
101,2022,364,1224,13.09,753.0,29.25,0.0
101,2022,364,1225,13.09,1090.0,29.44,0.0
101,2022,364,1226,13.09,1086.0,29.54,0.0
101,2022,364,1227,13.09,1023.0,29.61,0.0
101,2022,364,1228,13.09,1020.0,29.65,0.0
101,2022,364,1229,13.09,893.0,29.69,0.0
101,2022,364,1230,13.09,552.2,29.74,0.0
101,2022,364,1231,13.09,699.8,30.03,0.0
101,2022,364,1232,13.09,1034.0,29.98,0.0
101,2022,364,1233,13.09,1035.0,29.86,0.0
101,2022,364,1234,13.09,1058.0,30.04,0.0
101,2022,364,1235,13.09,814.0,29.97,0.0
101,2022,364,1236,13.09,335.3,29.88,0.0
101,2022,364,1237,13.09,335.6,29.78,0.0
101,2022,364,1238,13.09,344.4,29.5,0.0
101,2022,364,1239,13.09,344.6,29.16,0.0
101,2022,364,1240,13.09,330.5,29.01,0.0
101,2022,364,1241,13.09,646.9,28.88,0.0
101,2022,364,1242,13.09,860.0,28.91,0.0
101,2022,364,1243,13.09,1030.0,29.05,0.0
101,2022,364,1244,13.09,1047.0,29.03,0.0
101,2022,364,1245,13.09,1025.0,29.33,0.0
101,2022,364,1246,13.09,858.0,29.67,0.0
101,2022,364,1247,13.09,994.0,29.59,0.0
101,2022,364,1248,13.09,1003.0,29.67,0.0
101,2022,364,1249,13.09,1030.0,29.64,0.0
101,2022,364,1250,13.09,1081.0,29.57,0.0
101,2022,364,1251,13.09,1134.0,29.58,0.0
101,2022,364,1252,13.09,975.0,29.63,0.0
101,2022,364,1253,13.09,559.7,29.56,0.0
101,2022,364,1254,13.09,773.0,29.37,0.0
101,2022,364,1255,13.09,811.0,29.55,0.0
101,2022,364,1256,13.09,568.2,29.8,0.0
101,2022,364,1257,13.09,985.0,29.79,0.0
101,2022,364,1258,13.09,723.0,29.96,0.0
101,2022,364,1259,13.09,318.2,30.11,0.0
101,2022,364,1300,13.09,300.4,29.83,0.0
101,2022,364,1301,13.09,300.9,29.58,0.0
101,2022,364,1302,13.09,689.3,29.54,0.0
101,2022,364,1303,13.09,694.2,29.66,0.0
101,2022,364,1304,13.09,717.0,29.9,0.0
101,2022,364,1305,13.09,996.0,29.82,0.0
101,2022,364,1306,13.09,1010.0,29.62,0.0
101,2022,364,1307,13.09,1031.0,29.84,0.0
101,2022,364,1308,13.09,1049.0,30.26,0.0
101,2022,364,1309,13.09,387.2,30.37,0.0
101,2022,364,1310,13.09,254.2,30.1,0.0
101,2022,364,1311,13.09,244.2,29.79,0.0
101,2022,364,1312,13.09,261.9,29.46,0.0
101,2022,364,1313,13.09,311.1,29.38,0.0
101,2022,364,1314,13.09,490.3,29.22,0.0
101,2022,364,1315,13.09,966.0,29.12,0.0
101,2022,364,1316,13.09,796.0,29.39,0.0
101,2022,364,1317,13.09,875.0,29.64,0.0
101,2022,364,1318,13.09,430.4,29.55,0.0
101,2022,364,1319,13.09,981.0,29.56,0.0
101,2022,364,1320,13.09,1082.0,29.74,0.0
101,2022,364,1321,13.1,1088.0,30.01,0.0
101,2022,364,1322,13.09,988.0,29.83,0.0
101,2022,364,1323,13.09,587.7,30.01,0.0
101,2022,364,1324,13.09,716.0,29.85,0.0
101,2022,364,1325,13.09,875.0,29.79,0.0
101,2022,364,1326,13.09,945.0,29.96,0.0
101,2022,364,1327,13.09,1075.0,29.77,0.0
101,2022,364,1328,13.09,997.0,29.88,0.0
101,2022,364,1329,13.09,407.6,30.09,0.0
101,2022,364,1330,13.09,343.0,29.7,0.0
101,2022,364,1331,13.09,306.0,29.32,0.0
101,2022,364,1332,13.09,302.7,29.21,0.0
101,2022,364,1333,13.09,341.6,29.07,0.0
101,2022,364,1334,13.09,313.7,28.97,0.0
101,2022,364,1335,13.09,356.6,28.9,0.0
101,2022,364,1336,13.09,863.0,28.99,0.0
101,2022,364,1337,13.09,930.0,29.17,0.0
101,2022,364,1338,13.09,942.0,29.43,0.0
101,2022,364,1339,13.09,983.0,29.66,0.0
101,2022,364,1340,13.09,974.0,29.87,0.0
101,2022,364,1341,13.09,985.0,29.87,0.0
101,2022,364,1342,13.1,444.8,29.76,0.0
101,2022,364,1343,13.09,422.8,29.62,0.0
101,2022,364,1344,13.09,698.2,29.46,0.0
101,2022,364,1345,13.1,340.4,29.21,0.0
101,2022,364,1346,13.09,535.0,29.07,0.0
101,2022,364,1347,13.09,939.0,29.2,0.0
101,2022,364,1348,13.1,731.0,29.36,0.0
101,2022,364,1349,13.1,842.0,29.53,0.0
101,2022,364,1350,13.1,335.7,29.52,0.0
101,2022,364,1351,13.1,555.8,29.52,0.0
101,2022,364,1352,13.1,898.0,29.28,0.0
101,2022,364,1353,13.09,408.4,29.24,0.0
101,2022,364,1354,13.1,337.7,29.29,0.0
101,2022,364,1355,13.1,708.0,29.45,0.0
101,2022,364,1356,13.1,401.8,29.36,0.0
101,2022,364,1357,13.1,680.7,29.23,0.0
101,2022,364,1358,13.1,847.0,29.2,0.0
101,2022,364,1359,13.1,848.0,29.04,0.0
101,2022,364,1400,13.1,855.0,29.15,0.0
101,2022,364,1401,13.1,861.0,29.11,0.0
101,2022,364,1402,13.1,868.0,29.32,0.0
101,2022,364,1403,13.1,881.0,29.52,0.0
101,2022,364,1404,13.1,897.0,29.58,0.0
101,2022,364,1405,13.1,915.0,29.49,0.0
101,2022,364,1406,13.1,933.0,29.44,0.0
101,2022,364,1407,13.1,931.0,29.55,0.0
101,2022,364,1408,13.1,918.0,29.56,0.0
101,2022,364,1409,13.1,898.0,29.61,0.0
101,2022,364,1410,13.1,883.0,29.63,0.0
101,2022,364,1411,13.1,860.0,29.57,0.0
101,2022,364,1412,13.1,848.0,29.87,0.0
101,2022,364,1413,13.1,856.0,29.9,0.0
101,2022,364,1414,13.1,873.0,29.64,0.0
101,2022,364,1415,13.1,904.0,29.61,0.0
101,2022,364,1416,13.1,519.3,29.73,0.0
101,2022,364,1417,13.1,691.2,29.62,0.0
101,2022,364,1418,13.1,613.5,29.72,0.0
101,2022,364,1419,13.1,950.0,29.71,0.0
101,2022,364,1420,13.1,882.0,29.43,0.0
101,2022,364,1421,13.1,816.0,29.37,0.0
101,2022,364,1422,13.1,837.0,29.37,0.0
101,2022,364,1423,13.1,851.0,29.43,0.0
101,2022,364,1424,13.1,824.0,29.51,0.0
101,2022,364,1425,13.1,397.9,29.52,0.0
101,2022,364,1426,13.1,295.6,29.44,0.0
101,2022,364,1427,13.1,452.6,29.31,0.0
101,2022,364,1428,13.1,563.6,29.12,0.0
101,2022,364,1429,13.1,364.4,29.1,0.0
101,2022,364,1430,13.1,565.4,28.98,0.0
101,2022,364,1431,13.1,760.0,29.03,0.0
101,2022,364,1432,13.1,756.0,29.1,0.0
101,2022,364,1433,13.1,774.0,29.31,0.0
101,2022,364,1434,13.1,772.0,29.44,0.0
101,2022,364,1435,13.1,765.0,29.35,0.0
101,2022,364,1436,13.1,630.4,29.1,0.0
101,2022,364,1437,13.1,724.0,29.12,0.0
101,2022,364,1438,13.1,720.0,29.3,0.0
101,2022,364,1439,13.1,716.0,29.54,0.0
101,2022,364,1440,13.1,715.0,29.46,0.0
101,2022,364,1441,13.1,716.0,29.3,0.0
101,2022,364,1442,13.1,721.0,29.22,0.0
101,2022,364,1443,13.1,724.0,29.19,0.0
101,2022,364,1444,13.1,725.0,29.34,0.0
101,2022,364,1445,13.1,716.0,29.54,0.0
101,2022,364,1446,13.1,711.0,29.64,0.0
101,2022,364,1447,13.1,706.0,29.72,0.0
101,2022,364,1448,13.1,696.5,29.78,0.0
101,2022,364,1449,13.1,703.0,29.87,0.0
101,2022,364,1450,13.1,704.0,29.76,0.0
101,2022,364,1451,13.1,702.0,29.74,0.0
101,2022,364,1452,13.1,677.3,29.7,0.0
101,2022,364,1453,13.1,630.5,29.58,0.0
101,2022,364,1454,13.1,695.4,29.57,0.0
101,2022,364,1455,13.1,252.2,29.6,0.0
101,2022,364,1456,13.1,177.9,29.47,0.0
101,2022,364,1457,13.1,156.2,29.36,0.0
101,2022,364,1458,13.1,144.3,28.98,0.0
101,2022,364,1459,13.1,140.4,28.9,0.0
101,2022,364,1500,13.1,141.9,28.74,0.0
101,2022,364,1501,13.1,189.5,28.64,0.0
101,2022,364,1502,13.1,346.8,28.73,0.0
101,2022,364,1503,13.1,395.8,28.78,0.0
101,2022,364,1504,13.1,544.1,28.74,0.0
101,2022,364,1505,13.1,636.2,28.82,0.0
101,2022,364,1506,13.1,664.2,28.96,0.0
101,2022,364,1507,13.1,594.9,29.18,0.0
101,2022,364,1508,13.1,458.6,29.34,0.0
101,2022,364,1509,13.1,636.9,29.24,0.0
101,2022,364,1510,13.1,638.7,29.35,0.0
101,2022,364,1511,13.1,704.0,29.33,0.0
101,2022,364,1512,13.11,688.5,29.15,0.0
101,2022,364,1513,13.11,629.7,29.09,0.0
101,2022,364,1514,13.1,618.2,29.12,0.0
101,2022,364,1515,13.1,576.5,29.15,0.0
101,2022,364,1516,13.11,615.7,29.17,0.0
101,2022,364,1517,13.1,623.4,29.14,0.0
101,2022,364,1518,13.1,629.8,29.05,0.0
101,2022,364,1519,13.1,637.2,28.98,0.0
101,2022,364,1520,13.11,639.4,28.97,0.0
101,2022,364,1521,13.1,652.2,29.07,0.0
101,2022,364,1522,13.11,681.0,28.95,0.0
101,2022,364,1523,13.1,683.9,29.06,0.0
101,2022,364,1524,13.1,452.0,29.34,0.0
101,2022,364,1525,13.1,266.7,29.21,0.0
101,2022,364,1526,13.1,224.1,28.95,0.0
101,2022,364,1527,13.1,214.5,28.51,0.0
101,2022,364,1528,13.1,204.4,28.26,0.0
101,2022,364,1529,13.1,193.4,28.26,0.0
101,2022,364,1530,13.11,175.7,28.13,0.0
101,2022,364,1531,13.1,151.6,27.99,0.0
101,2022,364,1532,13.11,123.2,27.94,0.0
101,2022,364,1533,13.1,107.9,27.93,0.0
101,2022,364,1534,13.11,102.3,27.82,0.0
101,2022,364,1535,13.11,98.4,27.72,0.0
101,2022,364,1536,13.11,98.4,27.67,0.0
101,2022,364,1537,13.1,104.3,27.6,0.0
101,2022,364,1538,13.11,306.3,27.56,0.0
101,2022,364,1539,13.11,450.0,27.66,0.0
101,2022,364,1540,13.11,463.0,27.84,0.0
101,2022,364,1541,13.11,457.5,27.93,0.0
101,2022,364,1542,13.11,453.6,27.99,0.0
101,2022,364,1543,13.11,450.9,28.1,0.0
101,2022,364,1544,13.11,447.5,28.15,0.0
101,2022,364,1545,13.11,443.8,28.16,0.0
101,2022,364,1546,13.11,442.5,28.22,0.0
101,2022,364,1547,13.11,444.7,28.28,0.0
101,2022,364,1548,13.11,441.8,28.32,0.0
101,2022,364,1549,13.11,436.9,28.49,0.0
101,2022,364,1550,13.11,430.3,28.45,0.0
101,2022,364,1551,13.11,423.8,28.37,0.0
101,2022,364,1552,13.11,415.2,28.38,0.0
101,2022,364,1553,13.11,408.6,28.33,0.0
101,2022,364,1554,13.12,402.7,28.33,0.0
101,2022,364,1555,13.11,398.5,28.31,0.0
101,2022,364,1556,13.11,399.3,28.29,0.0
101,2022,364,1557,13.11,401.9,28.24,0.0
101,2022,364,1558,13.12,406.8,28.16,0.0
101,2022,364,1559,13.11,402.5,28.2,0.0
101,2022,364,1600,13.11,395.8,28.2,0.0
101,2022,364,1601,13.12,391.7,28.19,0.0
101,2022,364,1602,13.11,388.6,28.16,0.0
101,2022,364,1603,13.11,387.4,28.18,0.0
101,2022,364,1604,13.12,389.6,28.28,0.0
101,2022,364,1605,13.12,391.0,28.38,0.0
101,2022,364,1606,13.12,385.8,28.37,0.0
101,2022,364,1607,13.12,376.1,28.32,0.0
101,2022,364,1608,13.12,372.4,28.27,0.0
101,2022,364,1609,13.12,368.5,28.21,0.0
101,2022,364,1610,13.12,366.9,28.21,0.0
101,2022,364,1611,13.12,367.5,28.19,0.0
101,2022,364,1612,13.12,363.2,28.23,0.0
101,2022,364,1613,13.12,353.4,28.24,0.0
101,2022,364,1614,13.12,342.9,28.11,0.0
101,2022,364,1615,13.12,335.5,28.04,0.0
101,2022,364,1616,13.12,333.4,28.0,0.0
101,2022,364,1617,13.12,331.1,28.1,0.0
101,2022,364,1618,13.12,326.7,28.06,0.0
101,2022,364,1619,13.11,321.4,28.06,0.0
101,2022,364,1620,13.12,320.1,28.12,0.0
101,2022,364,1621,13.12,327.0,28.08,0.0
101,2022,364,1622,13.12,337.6,28.06,0.0
101,2022,364,1623,13.12,340.3,27.98,0.0
101,2022,364,1624,13.12,331.9,27.98,0.0
101,2022,364,1625,13.12,317.0,28.06,0.0
101,2022,364,1626,13.12,299.7,28.07,0.0
101,2022,364,1627,13.12,157.6,27.94,0.0
101,2022,364,1628,13.12,109.0,27.82,0.0
101,2022,364,1629,13.12,99.2,27.75,0.0
101,2022,364,1630,13.12,95.3,27.76,0.0
101,2022,364,1631,13.12,94.7,27.71,0.0
101,2022,364,1632,13.12,103.6,27.61,0.0
101,2022,364,1633,13.12,210.8,27.51,0.0
101,2022,364,1634,13.12,223.3,27.52,0.0
101,2022,364,1635,13.12,220.5,27.65,0.0
101,2022,364,1636,13.12,217.7,27.58,0.0
101,2022,364,1637,13.12,215.1,27.5,0.0
101,2022,364,1638,13.12,212.1,27.47,0.0
101,2022,364,1639,13.12,209.6,27.47,0.0
101,2022,364,1640,13.12,208.0,27.4,0.0
101,2022,364,1641,13.12,206.7,27.42,0.0
101,2022,364,1642,13.12,170.5,27.48,0.0
101,2022,364,1643,13.12,132.7,27.39,0.0
101,2022,364,1644,13.12,202.0,27.32,0.0
101,2022,364,1645,13.12,205.6,27.3,0.0
101,2022,364,1646,13.12,205.3,27.31,0.0
101,2022,364,1647,13.12,202.9,27.31,0.0
101,2022,364,1648,13.12,200.9,27.33,0.0
101,2022,364,1649,13.12,203.3,27.26,0.0
101,2022,364,1650,13.12,177.6,27.25,0.0
101,2022,364,1651,13.12,123.1,27.22,0.0
101,2022,364,1652,13.12,148.0,27.23,0.0
101,2022,364,1653,13.12,180.9,27.18,0.0
101,2022,364,1654,13.13,163.1,27.14,0.0
101,2022,364,1655,13.12,119.3,27.1,0.0
101,2022,364,1656,13.13,107.0,27.02,0.0
101,2022,364,1657,13.12,96.0,27.03,0.0
101,2022,364,1658,13.12,89.4,27.0,0.0
101,2022,364,1659,13.13,85.4,26.95,0.0
101,2022,364,1700,13.13,83.1,26.92,0.0
101,2022,364,1701,13.12,81.0,26.91,0.0
101,2022,364,1702,13.12,72.0,26.85,0.0
101,2022,364,1703,13.12,58.34,26.8,0.0
101,2022,364,1704,13.12,54.65,26.78,0.0
101,2022,364,1705,13.13,62.29,26.74,0.0
101,2022,364,1706,13.13,85.9,26.65,0.0
101,2022,364,1707,13.13,90.8,26.64,0.0
101,2022,364,1708,13.13,87.4,26.63,0.0
101,2022,364,1709,13.13,85.2,26.56,0.0
101,2022,364,1710,13.13,81.5,26.55,0.0
101,2022,364,1711,13.13,81.2,26.52,0.0
101,2022,364,1712,13.13,79.3,26.5,0.0
101,2022,364,1713,13.13,76.1,26.49,0.0
101,2022,364,1714,13.13,74.4,26.47,0.0
101,2022,364,1715,13.13,71.6,26.46,0.0
101,2022,364,1716,13.13,65.59,26.45,0.0
101,2022,364,1717,13.13,60.09,26.41,0.0
101,2022,364,1718,13.12,51.3,26.37,0.0
101,2022,364,1719,13.12,50.01,26.36,0.0
101,2022,364,1720,13.12,49.61,26.38,0.0
101,2022,364,1721,13.11,53.16,26.39,0.0
101,2022,364,1722,13.1,47.1,26.36,0.0
101,2022,364,1723,13.1,40.68,26.3,0.0
101,2022,364,1724,13.09,31.86,26.27,0.0
101,2022,364,1725,13.08,29.38,26.22,0.0
101,2022,364,1726,13.07,28.06,26.19,0.0
101,2022,364,1727,13.06,27.3,26.15,0.0
101,2022,364,1728,13.05,28.99,26.1,0.0
101,2022,364,1729,13.04,32.12,26.1,0.0
101,2022,364,1730,13.04,30.46,26.1,0.0
101,2022,364,1731,13.03,28.34,26.1,0.0
101,2022,364,1732,13.02,25.78,26.07,0.0
101,2022,364,1733,13.02,23.33,26.02,0.0
101,2022,364,1734,13.01,21.16,25.98,0.0
101,2022,364,1735,13.0,19.38,25.97,0.0
101,2022,364,1736,13.0,17.75,25.94,0.0
101,2022,364,1737,12.99,16.14,25.93,0.0
101,2022,364,1738,12.99,14.74,25.92,0.0
101,2022,364,1739,12.98,13.35,25.88,0.0
101,2022,364,1740,12.98,11.89,25.85,0.0
101,2022,364,1741,12.97,10.65,25.84,0.0
101,2022,364,1742,12.97,9.61,25.81,0.0
101,2022,364,1743,12.96,8.68,25.78,0.0
101,2022,364,1744,12.96,7.78,25.76,0.0
101,2022,364,1745,12.95,6.903,25.74,0.0
101,2022,364,1746,12.95,6.198,25.73,0.0
101,2022,364,1747,12.95,5.607,25.71,0.0
101,2022,364,1748,12.94,4.874,25.68,0.0
101,2022,364,1749,12.94,4.339,25.67,0.0
101,2022,364,1750,12.93,4.057,25.64,0.0
101,2022,364,1751,12.93,3.747,25.63,0.0
101,2022,364,1752,12.93,3.297,25.6,0.0
101,2022,364,1753,12.93,3.043,25.57,0.0
101,2022,364,1754,12.92,2.62,25.55,0.0
101,2022,364,1755,12.91,2.367,25.52,0.0
101,2022,364,1756,12.91,2.085,25.51,0.0
101,2022,364,1757,12.91,1.775,25.48,0.0
101,2022,364,1758,12.91,1.691,25.46,0.0
101,2022,364,1759,12.91,1.437,25.45,0.0
101,2022,364,1800,12.9,1.155,25.42,0.0
101,2022,364,1801,12.9,1.014,25.43,0.0
101,2022,364,1802,12.9,1.014,25.4,0.0
101,2022,364,1803,12.89,0.0,25.4,0.0
101,2022,364,1804,12.89,0.0,25.37,0.0
101,2022,364,1805,12.89,0.0,25.37,0.0
101,2022,364,1806,12.89,0.0,25.34,0.0
101,2022,364,1807,12.88,0.0,25.32,0.0
101,2022,364,1808,12.88,0.0,25.28,0.0
101,2022,364,1809,12.88,0.0,25.28,0.0
101,2022,364,1810,12.88,0.0,25.29,0.0
101,2022,364,1811,12.87,0.0,25.27,0.0
101,2022,364,1812,12.87,0.0,25.26,0.0
101,2022,364,1813,12.87,0.0,25.25,0.0
101,2022,364,1814,12.87,0.0,25.22,0.0
101,2022,364,1815,12.87,0.0,25.21,0.0
101,2022,364,1816,12.87,0.0,25.19,0.0
101,2022,364,1817,12.86,0.0,25.19,0.0
101,2022,364,1818,12.86,0.0,25.17,0.0
101,2022,364,1819,12.86,0.0,25.15,0.0
101,2022,364,1820,12.86,0.0,25.14,0.0
101,2022,364,1821,12.86,0.0,25.16,0.0
101,2022,364,1822,12.86,0.0,25.15,0.0
101,2022,364,1823,12.85,0.0,25.15,0.0
101,2022,364,1824,12.85,0.0,25.12,0.0
101,2022,364,1825,12.85,0.0,25.12,0.0
101,2022,364,1826,12.85,0.0,25.11,0.0
101,2022,364,1827,12.85,0.0,25.11,0.0
101,2022,364,1828,12.85,0.0,25.09,0.0
101,2022,364,1829,12.85,0.0,25.08,0.0
101,2022,364,1830,12.84,0.0,25.07,0.0
101,2022,364,1831,12.84,0.0,25.06,0.0
101,2022,364,1832,12.84,0.0,25.05,0.0
101,2022,364,1833,12.84,0.0,25.04,0.0
101,2022,364,1834,12.84,0.0,25.03,0.0
101,2022,364,1835,12.84,0.0,25.03,0.0
101,2022,364,1836,12.84,0.0,25.01,0.0
101,2022,364,1837,12.84,0.0,24.99,0.0
101,2022,364,1838,12.83,0.0,24.97,0.0
101,2022,364,1839,12.83,0.0,24.94,0.0
101,2022,364,1840,12.83,0.0,24.92,0.0
101,2022,364,1841,12.83,0.0,24.9,0.0
101,2022,364,1842,12.83,0.0,24.88,0.0
101,2022,364,1843,12.83,0.0,24.88,0.0
101,2022,364,1844,12.83,0.0,24.86,0.0
101,2022,364,1845,12.83,0.0,24.85,0.0
101,2022,364,1846,12.82,0.0,24.85,0.0
101,2022,364,1847,12.82,0.0,24.83,0.0
101,2022,364,1848,12.82,0.0,24.81,0.0
101,2022,364,1849,12.82,0.0,24.8,0.0
101,2022,364,1850,12.82,0.0,24.78,0.0
101,2022,364,1851,12.82,0.0,24.75,0.0
101,2022,364,1852,12.82,0.0,24.73,0.0
101,2022,364,1853,12.82,0.0,24.7,0.0
101,2022,364,1854,12.82,0.0,24.69,0.0
101,2022,364,1855,12.82,0.0,24.67,0.0
101,2022,364,1856,12.82,0.0,24.66,0.0
101,2022,364,1857,12.81,0.0,24.64,0.0
101,2022,364,1858,12.81,0.0,24.63,0.0
101,2022,364,1859,12.81,0.0,24.62,0.0
101,2022,364,1900,12.81,0.0,24.61,0.0
101,2022,364,1901,12.81,0.0,24.6,0.0
101,2022,364,1902,12.81,0.0,24.57,0.0
101,2022,364,1903,12.81,0.0,24.55,0.0
101,2022,364,1904,12.81,0.0,24.53,0.0
101,2022,364,1905,12.81,0.0,24.5,0.0
101,2022,364,1906,12.81,0.0,24.49,0.0
101,2022,364,1907,12.81,0.0,24.46,0.0
101,2022,364,1908,12.81,0.0,24.43,0.0
101,2022,364,1909,12.81,0.0,24.42,0.0
101,2022,364,1910,12.8,0.0,24.42,0.0
101,2022,364,1911,12.81,0.0,24.4,0.0
101,2022,364,1912,12.8,0.0,24.39,0.0
101,2022,364,1913,12.8,0.0,24.39,0.0
101,2022,364,1914,12.8,0.0,24.39,0.0
101,2022,364,1915,12.8,0.0,24.37,0.0
101,2022,364,1916,12.8,0.0,24.36,0.0
101,2022,364,1917,12.8,0.0,24.34,0.0
101,2022,364,1918,12.8,0.0,24.34,0.0
101,2022,364,1919,12.8,0.0,24.32,0.0
101,2022,364,1920,12.8,0.0,24.31,0.0
101,2022,364,1921,12.8,0.0,24.29,0.0
101,2022,364,1922,12.8,0.0,24.29,0.0
101,2022,364,1923,12.8,0.0,24.28,0.0
101,2022,364,1924,12.79,0.0,24.27,0.0
101,2022,364,1925,12.79,0.0,24.26,0.0
101,2022,364,1926,12.79,0.0,24.24,0.0
101,2022,364,1927,12.79,0.0,24.22,0.0
101,2022,364,1928,12.79,0.0,24.2,0.0
101,2022,364,1929,12.79,0.0,24.18,0.0
101,2022,364,1930,12.79,0.0,24.16,0.0
101,2022,364,1931,12.79,0.0,24.14,0.0
101,2022,364,1932,12.79,0.0,24.12,0.0
101,2022,364,1933,12.79,0.0,24.11,0.0
101,2022,364,1934,12.79,0.0,24.11,0.0
101,2022,364,1935,12.79,0.0,24.1,0.0
101,2022,364,1936,12.79,0.0,24.09,0.0
101,2022,364,1937,12.79,0.0,24.1,0.0
101,2022,364,1938,12.79,0.0,24.09,0.0
101,2022,364,1939,12.79,0.0,24.1,0.0
101,2022,364,1940,12.79,0.0,24.11,0.0
101,2022,364,1941,12.78,0.0,24.09,0.0
101,2022,364,1942,12.79,0.0,24.09,0.0
101,2022,364,1943,12.78,0.0,24.08,0.0
101,2022,364,1944,12.78,0.0,24.06,0.0
101,2022,364,1945,12.78,0.0,24.06,0.0
101,2022,364,1946,12.78,0.0,24.04,0.0
101,2022,364,1947,12.78,0.0,24.03,0.0
101,2022,364,1948,12.78,0.0,24.02,0.0
101,2022,364,1949,12.78,0.0,24.01,0.0
101,2022,364,1950,12.78,0.0,24.02,0.0
101,2022,364,1951,12.78,0.0,24.01,0.0
101,2022,364,1952,12.78,0.0,24.0,0.0
101,2022,364,1953,12.78,0.0,23.99,0.0
101,2022,364,1954,12.78,0.0,23.97,0.0
101,2022,364,1955,12.78,0.0,23.94,0.0
101,2022,364,1956,12.78,0.0,23.93,0.0
101,2022,364,1957,12.78,0.0,23.92,0.0
101,2022,364,1958,12.78,0.0,23.89,0.0
101,2022,364,1959,12.77,0.0,23.88,0.0
101,2022,364,2000,12.77,0.0,23.85,0.0
101,2022,364,2001,12.78,0.0,23.84,0.0
101,2022,364,2002,12.77,0.0,23.83,0.0
101,2022,364,2003,12.77,0.0,23.81,0.0
101,2022,364,2004,12.77,0.0,23.78,0.0
101,2022,364,2005,12.77,0.0,23.75,0.0
101,2022,364,2006,12.77,0.0,23.73,0.0
101,2022,364,2007,12.77,0.0,23.72,0.0
101,2022,364,2008,12.77,0.0,23.7,0.0
101,2022,364,2009,12.77,0.0,23.71,0.0
101,2022,364,2010,12.77,0.0,23.69,0.0
101,2022,364,2011,12.77,0.0,23.67,0.0
101,2022,364,2012,12.77,0.0,23.67,0.0
101,2022,364,2013,12.77,0.0,23.65,0.0
101,2022,364,2014,12.77,0.0,23.63,0.0
101,2022,364,2015,12.77,0.0,23.6,0.0
101,2022,364,2016,12.77,0.0,23.6,0.0
101,2022,364,2017,12.77,0.0,23.59,0.0
101,2022,364,2018,12.77,0.0,23.58,0.0
101,2022,364,2019,12.77,0.0,23.58,0.0
101,2022,364,2020,12.77,0.0,23.58,0.0
101,2022,364,2021,12.77,0.0,23.59,0.0
101,2022,364,2022,12.77,0.0,23.6,0.0
101,2022,364,2023,12.77,0.0,23.62,0.0
101,2022,364,2024,12.77,0.0,23.62,0.0
101,2022,364,2025,12.77,0.0,23.63,0.0
101,2022,364,2026,12.77,0.0,23.65,0.0
101,2022,364,2027,12.76,0.0,23.68,0.0
101,2022,364,2028,12.76,0.0,23.71,0.0
101,2022,364,2029,12.76,0.0,23.75,0.0
101,2022,364,2030,12.76,0.0,23.75,0.0
101,2022,364,2031,12.76,0.0,23.77,0.0
101,2022,364,2032,12.76,0.0,23.77,0.0
101,2022,364,2033,12.76,0.0,23.79,0.0
101,2022,364,2034,12.76,0.0,23.81,0.0
101,2022,364,2035,12.76,0.0,23.82,0.0
101,2022,364,2036,12.76,0.0,23.82,0.0
101,2022,364,2037,12.76,0.0,23.82,0.0
101,2022,364,2038,12.76,0.0,23.82,0.0
101,2022,364,2039,12.76,0.0,23.82,0.0
101,2022,364,2040,12.76,0.0,23.82,0.0
101,2022,364,2041,12.76,0.0,23.82,0.0
101,2022,364,2042,12.76,0.0,23.83,0.0
101,2022,364,2043,12.76,0.0,23.84,0.0
101,2022,364,2044,12.76,0.0,23.85,0.0
101,2022,364,2045,12.76,0.0,23.85,0.0
101,2022,364,2046,12.76,0.0,23.83,0.0
101,2022,364,2047,12.76,0.0,23.83,0.0
101,2022,364,2048,12.76,0.0,23.83,0.0
101,2022,364,2049,12.76,0.0,23.83,0.0
101,2022,364,2050,12.75,0.0,23.8,0.0
101,2022,364,2051,12.75,0.0,23.8,0.0
101,2022,364,2052,12.75,0.0,23.78,0.0
101,2022,364,2053,12.75,0.0,23.78,0.0
101,2022,364,2054,12.75,0.0,23.78,0.0
101,2022,364,2055,12.75,0.0,23.77,0.0
101,2022,364,2056,12.75,0.0,23.75,0.0
101,2022,364,2057,12.75,0.0,23.75,0.0
101,2022,364,2058,12.75,0.0,23.75,0.0
101,2022,364,2059,12.75,0.0,23.76,0.0
101,2022,364,2100,12.75,0.0,23.76,0.0
101,2022,364,2101,12.75,0.0,23.75,0.0
101,2022,364,2102,12.75,0.0,23.74,0.0
101,2022,364,2103,12.75,0.0,23.73,0.0
101,2022,364,2104,12.75,0.0,23.73,0.0
101,2022,364,2105,12.75,0.0,23.72,0.0
101,2022,364,2106,12.75,0.0,23.7,0.0
101,2022,364,2107,12.75,0.0,23.68,0.0
101,2022,364,2108,12.75,0.0,23.67,0.0
101,2022,364,2109,12.75,0.0,23.63,0.0
101,2022,364,2110,12.75,0.0,23.61,0.0
101,2022,364,2111,12.75,0.0,23.6,0.0
101,2022,364,2112,12.75,0.0,23.6,0.0
101,2022,364,2113,12.75,0.0,23.59,0.0
101,2022,364,2114,12.75,0.0,23.56,0.0
101,2022,364,2115,12.75,0.0,23.55,0.0
101,2022,364,2116,12.75,0.0,23.55,0.0
101,2022,364,2117,12.75,0.0,23.54,0.0
101,2022,364,2118,12.75,0.0,23.52,0.0
101,2022,364,2119,12.75,0.0,23.52,0.0
101,2022,364,2120,12.75,0.0,23.53,0.0
101,2022,364,2121,12.75,0.0,23.54,0.0
101,2022,364,2122,12.75,0.0,23.52,0.0
101,2022,364,2123,12.75,0.0,23.53,0.0
101,2022,364,2124,12.75,0.0,23.54,0.0
101,2022,364,2125,12.75,0.0,23.55,0.0
101,2022,364,2126,12.75,0.0,23.54,0.0
101,2022,364,2127,12.75,0.0,23.56,0.0
101,2022,364,2128,12.75,0.0,23.57,0.0
101,2022,364,2129,12.75,0.0,23.57,0.0
101,2022,364,2130,12.75,0.0,23.57,0.0
101,2022,364,2131,12.75,0.0,23.56,0.0
101,2022,364,2132,12.75,0.0,23.53,0.0
101,2022,364,2133,12.74,0.0,23.48,0.0
101,2022,364,2134,12.75,0.0,23.4,0.0
101,2022,364,2135,12.74,0.0,23.33,0.0
101,2022,364,2136,12.74,0.0,23.3,0.0
101,2022,364,2137,12.74,0.0,23.28,0.0
101,2022,364,2138,12.74,0.0,23.26,0.0
101,2022,364,2139,12.74,0.0,23.23,0.0
101,2022,364,2140,12.74,0.0,23.25,0.0
101,2022,364,2141,12.74,0.0,23.25,0.0
101,2022,364,2142,12.74,0.0,23.26,0.0
101,2022,364,2143,12.74,0.0,23.31,0.0
101,2022,364,2144,12.74,0.0,23.33,0.0
101,2022,364,2145,12.74,0.0,23.32,0.0
101,2022,364,2146,12.74,0.0,23.32,0.0
101,2022,364,2147,12.74,0.0,23.3,0.0
101,2022,364,2148,12.74,0.0,23.32,0.0
101,2022,364,2149,12.74,0.0,23.31,0.0
101,2022,364,2150,12.74,0.0,23.31,0.0
101,2022,364,2151,12.74,0.0,23.29,0.0
101,2022,364,2152,12.74,0.0,23.25,0.0
101,2022,364,2153,12.74,0.0,23.22,0.0
101,2022,364,2154,12.74,0.0,23.23,0.0
101,2022,364,2155,12.74,0.0,23.27,0.0
101,2022,364,2156,12.74,0.0,23.27,0.0
101,2022,364,2157,12.74,0.0,23.26,0.0
101,2022,364,2158,12.74,0.0,23.28,0.0
101,2022,364,2159,12.73,0.0,23.27,0.0
101,2022,364,2200,12.74,0.0,23.28,0.0
101,2022,364,2201,12.74,0.0,23.28,0.0
101,2022,364,2202,12.73,0.0,23.28,0.0
101,2022,364,2203,12.73,0.0,23.27,0.0
101,2022,364,2204,12.73,0.0,23.26,0.0
101,2022,364,2205,12.73,0.0,23.23,0.0
101,2022,364,2206,12.73,0.0,23.21,0.0
101,2022,364,2207,12.73,0.0,23.19,0.0
101,2022,364,2208,12.73,0.0,23.18,0.0
101,2022,364,2209,12.73,0.0,23.17,0.0
101,2022,364,2210,12.73,0.0,23.15,0.0
101,2022,364,2211,12.73,0.0,23.14,0.0
101,2022,364,2212,12.73,0.0,23.12,0.0
101,2022,364,2213,12.73,0.0,23.11,0.0
101,2022,364,2214,12.73,0.0,23.1,0.0
101,2022,364,2215,12.73,0.0,23.09,0.0
101,2022,364,2216,12.73,0.0,23.08,0.0
101,2022,364,2217,12.73,0.0,23.1,0.0
101,2022,364,2218,12.73,0.0,23.08,0.0
101,2022,364,2219,12.73,0.0,23.09,0.0
101,2022,364,2220,12.73,0.0,23.12,0.0
101,2022,364,2221,12.73,0.0,23.14,0.0
101,2022,364,2222,12.73,0.0,23.16,0.0
101,2022,364,2223,12.73,0.0,23.17,0.0
101,2022,364,2224,12.73,0.0,23.15,0.0
101,2022,364,2225,12.73,0.0,23.12,0.0
101,2022,364,2226,12.73,0.0,23.12,0.0
101,2022,364,2227,12.73,0.0,23.08,0.0
101,2022,364,2228,12.73,0.0,23.1,0.0
101,2022,364,2229,12.73,0.0,23.1,0.0
101,2022,364,2230,12.73,0.0,23.06,0.0
101,2022,364,2231,12.73,0.0,23.04,0.0
101,2022,364,2232,12.73,0.0,23.05,0.0
101,2022,364,2233,12.73,0.0,23.04,0.0
101,2022,364,2234,12.73,0.0,23.05,0.0
101,2022,364,2235,12.73,0.0,23.06,0.0
101,2022,364,2236,12.73,0.0,23.05,0.0
101,2022,364,2237,12.73,0.0,23.04,0.0
101,2022,364,2238,12.73,0.0,23.02,0.0
101,2022,364,2239,12.73,0.0,23.01,0.0
101,2022,364,2240,12.73,0.0,23.01,0.0
101,2022,364,2241,12.73,0.0,23.01,0.0
101,2022,364,2242,12.73,0.0,23.0,0.0
101,2022,364,2243,12.73,0.0,22.97,0.0
101,2022,364,2244,12.73,0.0,22.97,0.0
101,2022,364,2245,12.73,0.0,22.97,0.0
101,2022,364,2246,12.73,0.0,22.93,0.0
101,2022,364,2247,12.73,0.0,22.91,0.0
101,2022,364,2248,12.73,0.0,22.93,0.0
101,2022,364,2249,12.73,0.0,22.92,0.0
101,2022,364,2250,12.73,0.0,22.97,0.0
101,2022,364,2251,12.73,0.0,23.01,0.0
101,2022,364,2252,12.73,0.0,23.01,0.0
101,2022,364,2253,12.73,0.0,23.0,0.0
101,2022,364,2254,12.73,0.0,22.99,0.0
101,2022,364,2255,12.73,0.0,22.99,0.0
101,2022,364,2256,12.72,0.0,22.98,0.0
101,2022,364,2257,12.73,0.0,22.96,0.0
101,2022,364,2258,12.73,0.0,22.93,0.0
101,2022,364,2259,12.73,0.0,22.89,0.0
101,2022,364,2300,12.72,0.0,22.86,0.0
101,2022,364,2301,12.72,0.0,22.87,0.0
101,2022,364,2302,12.72,0.0,22.86,0.0
101,2022,364,2303,12.72,0.0,22.82,0.0
101,2022,364,2304,12.72,0.0,22.84,0.0
101,2022,364,2305,12.72,0.0,22.84,0.0
101,2022,364,2306,12.72,0.0,22.81,0.0
101,2022,364,2307,12.72,0.0,22.79,0.0
101,2022,364,2308,12.72,0.0,22.77,0.0
101,2022,364,2309,12.72,0.0,22.76,0.0
101,2022,364,2310,12.72,0.0,22.76,0.0
101,2022,364,2311,12.72,0.0,22.76,0.0
101,2022,364,2312,12.72,0.0,22.76,0.0
101,2022,364,2313,12.72,0.0,22.76,0.0
101,2022,364,2314,12.72,0.0,22.79,0.0
101,2022,364,2315,12.72,0.0,22.8,0.0
101,2022,364,2316,12.72,0.0,22.77,0.0
101,2022,364,2317,12.72,0.0,22.73,0.0
101,2022,364,2318,12.72,0.0,22.72,0.0
101,2022,364,2319,12.72,0.0,22.64,0.0
101,2022,364,2320,12.72,0.0,22.58,0.0
101,2022,364,2321,12.72,0.0,22.56,0.0
101,2022,364,2322,12.72,0.0,22.52,0.0
101,2022,364,2323,12.72,0.0,22.5,0.0
101,2022,364,2324,12.72,0.0,22.5,0.0
101,2022,364,2325,12.72,0.0,22.5,0.0
101,2022,364,2326,12.72,0.0,22.48,0.0
101,2022,364,2327,12.72,0.0,22.48,0.0
101,2022,364,2328,12.72,0.0,22.47,0.0
101,2022,364,2329,12.72,0.0,22.44,0.0
101,2022,364,2330,12.72,0.0,22.42,0.0
101,2022,364,2331,12.72,0.0,22.4,0.0
101,2022,364,2332,12.72,0.0,22.39,0.0
101,2022,364,2333,12.72,0.0,22.37,0.0
101,2022,364,2334,12.71,0.0,22.36,0.0
101,2022,364,2335,12.72,0.0,22.35,0.0
101,2022,364,2336,12.72,0.0,22.35,0.0
101,2022,364,2337,12.72,0.0,22.34,0.0
101,2022,364,2338,12.71,0.0,22.33,0.0
101,2022,364,2339,12.72,0.0,22.31,0.0
101,2022,364,2340,12.71,0.0,22.32,0.0
101,2022,364,2341,12.71,0.0,22.34,0.0
101,2022,364,2342,12.71,0.0,22.31,0.0
101,2022,364,2343,12.71,0.0,22.29,0.0
101,2022,364,2344,12.71,0.0,22.28,0.0
101,2022,364,2345,12.71,0.0,22.28,0.0
101,2022,364,2346,12.71,0.0,22.27,0.0
101,2022,364,2347,12.71,0.0,22.25,0.0
101,2022,364,2348,12.71,0.0,22.27,0.0
101,2022,364,2349,12.71,0.0,22.3,0.0
101,2022,364,2350,12.71,0.0,22.33,0.0
101,2022,364,2351,12.71,0.0,22.34,0.0
101,2022,364,2352,12.71,0.0,22.34,0.0
101,2022,364,2353,12.71,0.0,22.36,0.0
101,2022,364,2354,12.71,0.0,22.34,0.0
101,2022,364,2355,12.71,0.0,22.34,0.0
101,2022,364,2356,12.71,0.0,22.32,0.0
101,2022,364,2357,12.71,0.0,22.31,0.0
101,2022,364,2358,12.71,0.0,22.31,0.0
101,2022,364,2359,12.71,0.0,22.3,0.0
101,2022,365,2400,12.71,0.0,22.28,0.0
