a,b,dia_juliano,d,e,f,g,h
101,2022,280,2400,12.81,0,23.78,0
101,2022,280,1,12.81,0,23.76,0
101,2022,280,2,12.81,0,23.75,0
101,2022,280,3,12.81,0,23.74,0
101,2022,280,4,12.81,0,23.72,0
101,2022,280,5,12.81,0,23.72,0
101,2022,280,6,12.81,0,23.71,0
101,2022,280,7,12.81,0,23.7,0
101,2022,280,8,12.81,0,23.68,0
101,2022,280,9,12.81,0,23.67,0
101,2022,280,10,12.81,0,23.66,0
101,2022,280,11,12.81,0,23.65,0
101,2022,280,12,12.81,0,23.65,0
101,2022,280,13,12.81,0,23.65,0
101,2022,280,14,12.81,0,23.65,0
101,2022,280,15,12.81,0,23.65,0
101,2022,280,16,12.81,0,23.65,0
101,2022,280,17,12.81,0,23.64,0
101,2022,280,18,12.81,0,23.64,0
101,2022,280,19,12.81,0,23.63,0
101,2022,280,20,12.81,0,23.63,0
101,2022,280,21,12.81,0,23.63,0
101,2022,280,22,12.81,0,23.63,0
101,2022,280,23,12.81,0,23.63,0
101,2022,280,24,12.81,0,23.63,0
101,2022,280,25,12.81,0,23.63,0
101,2022,280,26,12.81,0,23.62,0
101,2022,280,27,12.81,0,23.62,0
101,2022,280,28,12.81,0,23.62,0
101,2022,280,29,12.81,0,23.61,0
101,2022,280,30,12.81,0,23.61,0
101,2022,280,31,12.81,0,23.61,0
101,2022,280,32,12.81,0,23.61,0
101,2022,280,33,12.81,0,23.6,0
101,2022,280,34,12.81,0,23.6,0
101,2022,280,35,12.81,0,23.58,0
101,2022,280,36,12.81,0,23.57,0
101,2022,280,37,12.81,0,23.57,0
101,2022,280,38,12.81,0,23.56,0
101,2022,280,39,12.81,0,23.58,0
101,2022,280,40,12.81,0,23.58,0
101,2022,280,41,12.81,0,23.57,0
101,2022,280,42,12.81,0,23.57,0
101,2022,280,43,12.8,0,23.56,0
101,2022,280,44,12.81,0,23.55,0
101,2022,280,45,12.81,0,23.54,0
101,2022,280,46,12.8,0,23.55,0
101,2022,280,47,12.81,0,23.55,0
101,2022,280,48,12.81,0,23.56,0
101,2022,280,49,12.81,0,23.56,0
101,2022,280,50,12.81,0,23.55,0
101,2022,280,51,12.81,0,23.55,0
101,2022,280,52,12.8,0,23.54,0
101,2022,280,53,12.81,0,23.55,0
101,2022,280,54,12.8,0,23.55,0
101,2022,280,55,12.81,0,23.55,0
101,2022,280,56,12.81,0,23.55,0
101,2022,280,57,12.8,0,23.55,0
101,2022,280,58,12.8,0,23.55,0
101,2022,280,59,12.81,0,23.53,0
101,2022,280,100,12.81,0,23.54,0
101,2022,280,101,12.81,0,23.53,0
101,2022,280,102,12.81,0,23.52,0
101,2022,280,103,12.81,0,23.52,0
101,2022,280,104,12.8,0,23.52,0
101,2022,280,105,12.8,0,23.53,0
101,2022,280,106,12.81,0,23.52,0
101,2022,280,107,12.81,0,23.52,0
101,2022,280,108,12.81,0,23.52,0
101,2022,280,109,12.81,0,23.53,0
101,2022,280,110,12.81,0,23.53,0
101,2022,280,111,12.8,0,23.53,0
101,2022,280,112,12.8,0,23.53,0
101,2022,280,113,12.81,0,23.52,0
101,2022,280,114,12.81,0,23.53,0
101,2022,280,115,12.8,0,23.54,0
101,2022,280,116,12.8,0,23.54,0
101,2022,280,117,12.81,0,23.53,0
101,2022,280,118,12.8,0,23.52,0
101,2022,280,119,12.81,0,23.53,0
101,2022,280,120,12.8,0,23.53,0
101,2022,280,121,12.81,0,23.55,0
101,2022,280,122,12.8,0,23.55,0
101,2022,280,123,12.81,0,23.55,0
101,2022,280,124,12.8,0,23.55,0
101,2022,280,125,12.8,0,23.55,0
101,2022,280,126,12.8,0,23.55,0
101,2022,280,127,12.81,0,23.55,0
101,2022,280,128,12.81,0,23.55,0
101,2022,280,129,12.81,0,23.55,0
101,2022,280,130,12.8,0,23.55,0
101,2022,280,131,12.8,0,23.55,0
101,2022,280,132,12.81,0,23.55,0
101,2022,280,133,12.8,0,23.55,0
101,2022,280,134,12.81,0,23.55,0
101,2022,280,135,12.81,0,23.54,0
101,2022,280,136,12.8,0,23.52,0
101,2022,280,137,12.8,0,23.51,0
101,2022,280,138,12.81,0,23.49,0
101,2022,280,139,12.81,0,23.47,0
101,2022,280,140,12.8,0,23.45,0
101,2022,280,141,12.8,0,23.43,0
101,2022,280,142,12.8,0,23.41,0
101,2022,280,143,12.8,0,23.39,0
101,2022,280,144,12.8,0,23.36,0
101,2022,280,145,12.8,0,23.34,0
101,2022,280,146,12.8,0,23.33,0
101,2022,280,147,12.8,0,23.32,0
101,2022,280,148,12.8,0,23.32,0
101,2022,280,149,12.8,0,23.32,0
101,2022,280,150,12.8,0,23.32,0
101,2022,280,151,12.8,0,23.3,0
101,2022,280,152,12.8,0,23.27,0
101,2022,280,153,12.8,0,23.26,0
101,2022,280,154,12.8,0,23.25,0
101,2022,280,155,12.8,0,23.23,0
101,2022,280,156,12.8,0,23.18,0
101,2022,280,157,12.8,0,23.16,0
101,2022,280,158,12.8,0,23.13,0
101,2022,280,159,12.8,0,23.1,0
101,2022,280,200,12.8,0,23.09,0
101,2022,280,201,12.8,0,23.1,0
101,2022,280,202,12.8,0,23.09,0
101,2022,280,203,12.8,0,23.08,0
101,2022,280,204,12.8,0,23.09,0
101,2022,280,205,12.8,0,23.08,0
101,2022,280,206,12.8,0,23.08,0
101,2022,280,207,12.8,0,23.07,0
101,2022,280,208,12.8,0,23.05,0
101,2022,280,209,12.8,0,23.03,0
101,2022,280,210,12.8,0,23.03,0
101,2022,280,211,12.8,0,23.01,0
101,2022,280,212,12.8,0,23.02,0
101,2022,280,213,12.8,0,23,0
101,2022,280,214,12.8,0,23.01,0
101,2022,280,215,12.8,0,23,0
101,2022,280,216,12.8,0,22.98,0
101,2022,280,217,12.8,0,22.96,0
101,2022,280,218,12.8,0,22.93,0
101,2022,280,219,12.8,0,22.89,0
101,2022,280,220,12.8,0,22.86,0
101,2022,280,221,12.8,0,22.83,0
101,2022,280,222,12.8,0,22.81,0
101,2022,280,223,12.8,0,22.8,0
101,2022,280,224,12.8,0,22.8,0
101,2022,280,225,12.8,0,22.8,0
101,2022,280,226,12.8,0,22.8,0
101,2022,280,227,12.8,0,22.8,0
101,2022,280,228,12.8,0,22.8,0
101,2022,280,229,12.8,0,22.8,0
101,2022,280,230,12.8,0,22.76,0
101,2022,280,231,12.8,0,22.67,0
101,2022,280,232,12.8,0,22.54,0
101,2022,280,233,12.8,0,22.49,0
101,2022,280,234,12.8,0,22.5,0
101,2022,280,235,12.8,0,22.49,0
101,2022,280,236,12.8,0,22.46,0
101,2022,280,237,12.8,0,22.43,0
101,2022,280,238,12.8,0,22.42,0
101,2022,280,239,12.8,0,22.41,0
101,2022,280,240,12.8,0,22.38,0
101,2022,280,241,12.8,0,22.37,0
101,2022,280,242,12.8,0,22.36,0
101,2022,280,243,12.79,0,22.35,0
101,2022,280,244,12.8,0,22.34,0
101,2022,280,245,12.8,0,22.34,0
101,2022,280,246,12.79,0,22.34,0
101,2022,280,247,12.8,0,22.34,0
101,2022,280,248,12.8,0,22.36,0
101,2022,280,249,12.8,0,22.43,0
101,2022,280,250,12.79,0,22.42,0
101,2022,280,251,12.79,0,22.42,0
101,2022,280,252,12.8,0,22.48,0
101,2022,280,253,12.79,0,22.51,0
101,2022,280,254,12.79,0,22.58,0
101,2022,280,255,12.79,0,22.6,0
101,2022,280,256,12.8,0,22.59,0
101,2022,280,257,12.79,0,22.58,0
101,2022,280,258,12.79,0,22.6,0
101,2022,280,259,12.79,0,22.64,0
101,2022,280,300,12.79,0,22.67,0
101,2022,280,301,12.79,0,22.69,0
101,2022,280,302,12.79,0,22.7,0
101,2022,280,303,12.79,0,22.71,0
101,2022,280,304,12.79,0,22.73,0
101,2022,280,305,12.79,0,22.73,0
101,2022,280,306,12.79,0,22.73,0
101,2022,280,307,12.79,0,22.76,0
101,2022,280,308,12.79,0,22.81,0
101,2022,280,309,12.8,0,22.87,0
101,2022,280,310,12.79,0,22.92,0
101,2022,280,311,12.79,0,22.94,0
101,2022,280,312,12.79,0,22.98,0
101,2022,280,313,12.79,0,23.01,0
101,2022,280,314,12.79,0,23.03,0
101,2022,280,315,12.79,0,23.03,0
101,2022,280,316,12.79,0,23.03,0
101,2022,280,317,12.79,0,23.06,0
101,2022,280,318,12.79,0,23.11,0
101,2022,280,319,12.79,0,23.15,0
101,2022,280,320,12.79,0,23.17,0
101,2022,280,321,12.79,0,23.19,0
101,2022,280,322,12.79,0,23.2,0
101,2022,280,323,12.79,0,23.22,0
101,2022,280,324,12.79,0,23.23,0
101,2022,280,325,12.79,0,23.25,0
101,2022,280,326,12.79,0,23.26,0
101,2022,280,327,12.79,0,23.27,0
101,2022,280,328,12.79,0,23.28,0
101,2022,280,329,12.79,0,23.29,0
101,2022,280,330,12.79,0,23.3,0
101,2022,280,331,12.79,0,23.3,0
101,2022,280,332,12.79,0,23.3,0
101,2022,280,333,12.79,0,23.31,0
101,2022,280,334,12.79,0,23.32,0
101,2022,280,335,12.79,0,23.32,0
101,2022,280,336,12.79,0,23.32,0
101,2022,280,337,12.79,0,23.32,0
101,2022,280,338,12.79,0,23.32,0
101,2022,280,339,12.79,0,23.32,0
101,2022,280,340,12.79,0,23.32,0
101,2022,280,341,12.79,0,23.32,0
101,2022,280,342,12.79,0,23.31,0
101,2022,280,343,12.79,0,23.29,0
101,2022,280,344,12.79,0,23.29,0
101,2022,280,345,12.79,0,23.29,0
101,2022,280,346,12.79,0,23.29,0
101,2022,280,347,12.79,0,23.28,0
101,2022,280,348,12.79,0,23.28,0
101,2022,280,349,12.79,0,23.27,0
101,2022,280,350,12.79,0,23.28,0
101,2022,280,351,12.79,0,23.29,0
101,2022,280,352,12.79,0,23.29,0
101,2022,280,353,12.79,0,23.3,0
101,2022,280,354,12.79,0,23.3,0
101,2022,280,355,12.79,0,23.29,0
101,2022,280,356,12.79,0,23.28,0
101,2022,280,357,12.79,0,23.26,0
101,2022,280,358,12.79,0,23.24,0
101,2022,280,359,12.79,0,23.22,0
101,2022,280,400,12.79,0,23.22,0
101,2022,280,401,12.79,0,23.22,0
101,2022,280,402,12.79,0,23.21,0
101,2022,280,403,12.79,0,23.22,0
101,2022,280,404,12.79,0,23.21,0
101,2022,280,405,12.79,0,23.22,0
101,2022,280,406,12.79,0,23.22,0
101,2022,280,407,12.79,0,23.22,0
101,2022,280,408,12.79,0,23.22,0
101,2022,280,409,12.79,0,23.22,0
101,2022,280,410,12.79,0,23.22,0
101,2022,280,411,12.79,0,23.22,0
101,2022,280,412,12.79,0,23.22,0
101,2022,280,413,12.79,0,23.22,0
101,2022,280,414,12.79,0,23.22,0
101,2022,280,415,12.79,0,23.22,0
101,2022,280,416,12.79,0,23.23,0
101,2022,280,417,12.79,0,23.24,0
101,2022,280,418,12.79,0,23.24,0
101,2022,280,419,12.79,0,23.25,0
101,2022,280,420,12.79,0,23.24,0
101,2022,280,421,12.79,0,23.24,0
101,2022,280,422,12.79,0,23.23,0
101,2022,280,423,12.79,0,23.22,0
101,2022,280,424,12.79,0,23.22,0
101,2022,280,425,12.79,0,23.22,0
101,2022,280,426,12.79,0,23.23,0
101,2022,280,427,12.79,0,23.22,0
101,2022,280,428,12.79,0,23.22,0
101,2022,280,429,12.79,0,23.23,0
101,2022,280,430,12.79,0,23.24,0
101,2022,280,431,12.79,0,23.23,0
101,2022,280,432,12.79,0,23.23,0
101,2022,280,433,12.79,0,23.23,0
101,2022,280,434,12.79,0,23.22,0
101,2022,280,435,12.79,0,23.22,0
101,2022,280,436,12.79,0,23.23,0
101,2022,280,437,12.79,0,23.23,0
101,2022,280,438,12.79,0,23.23,0
101,2022,280,439,12.79,0,23.22,0
101,2022,280,440,12.79,0,23.22,0
101,2022,280,441,12.79,0,23.21,0
101,2022,280,442,12.79,0,23.19,0
101,2022,280,443,12.79,0,23.17,0
101,2022,280,444,12.79,0,23.17,0
101,2022,280,445,12.79,0,23.15,0
101,2022,280,446,12.79,0,23.14,0
101,2022,280,447,12.79,0,23.12,0
101,2022,280,448,12.79,.113,23.11,0
101,2022,280,449,12.79,.451,23.09,0
101,2022,280,450,12.79,.677,23.07,0
101,2022,280,451,12.79,.677,23.05,0
101,2022,280,452,12.79,.677,23.05,0
101,2022,280,453,12.79,.677,23.04,0
101,2022,280,454,12.79,.761,23.03,0
101,2022,280,455,12.79,1.297,23.03,0
101,2022,280,456,12.79,1.353,23.02,0
101,2022,280,457,12.79,1.353,23.01,0
101,2022,280,458,12.79,1.691,23,0
101,2022,280,459,12.79,2.03,23,0
101,2022,280,500,12.79,2.368,23,0
101,2022,280,501,12.79,2.706,22.99,0
101,2022,280,502,12.79,3.27,22.99,0
101,2022,280,503,12.79,3.552,23,0
101,2022,280,504,12.79,4.059,23,0
101,2022,280,505,12.79,4.285,23.02,0
101,2022,280,506,12.79,4.679,23.03,0
101,2022,280,507,12.79,5.187,23.05,0
101,2022,280,508,12.79,5.863,23.06,0
101,2022,280,509,12.79,6.483,23.07,0
101,2022,280,510,12.79,7.16,23.1,0
101,2022,280,511,12.79,7.89,23.1,0
101,2022,280,512,12.79,8.68,23.11,0
101,2022,280,513,12.79,9.58,23.12,0
101,2022,280,514,12.79,10.54,23.12,0
101,2022,280,515,12.79,11.36,23.12,0
101,2022,280,516,12.79,12.12,23.12,0
101,2022,280,517,12.8,13.22,23.12,0
101,2022,280,518,12.8,14.15,23.12,0
101,2022,280,519,12.8,14.74,23.13,0
101,2022,280,520,12.81,16.07,23.14,0
101,2022,280,521,12.81,18.8,23.15,0
101,2022,280,522,12.82,21.2,23.17,0
101,2022,280,523,12.83,22.21,23.18,0
101,2022,280,524,12.84,20.89,23.21,0
101,2022,280,525,12.84,21.11,23.22,0
101,2022,280,526,12.85,22.3,23.24,0
101,2022,280,527,12.86,24.07,23.25,0
101,2022,280,528,12.87,25.91,23.26,0
101,2022,280,529,12.89,27.94,23.27,0
101,2022,280,530,12.9,29.32,23.29,0
101,2022,280,531,12.92,30.59,23.31,0
101,2022,280,532,12.93,31.68,23.33,0
101,2022,280,533,12.95,33.04,23.37,0
101,2022,280,534,12.97,34.9,23.39,0
101,2022,280,535,13,37.52,23.42,0
101,2022,280,536,13.05,41.8,23.44,0
101,2022,280,537,13.1,44.65,23.46,0
101,2022,280,538,13.18,48.94,23.49,0
101,2022,280,539,13.2,49.02,23.51,0
101,2022,280,540,13.25,53.87,23.52,0
101,2022,280,541,13.26,56.12,23.54,0
101,2022,280,542,13.27,58.35,23.56,0
101,2022,280,543,13.27,61.62,23.57,0
101,2022,280,544,13.27,68.08,23.58,0
101,2022,280,545,13.27,85,23.6,0
101,2022,280,546,13.27,98.8,23.65,0
101,2022,280,547,13.27,95.9,23.71,0
101,2022,280,548,13.27,79.1,23.76,0
101,2022,280,549,13.26,78.5,23.77,0
101,2022,280,550,13.27,79.4,23.77,0
101,2022,280,551,13.26,79.6,23.77,0
101,2022,280,552,13.26,81.2,23.77,0
101,2022,280,553,13.26,87.9,23.78,0
101,2022,280,554,13.26,116.3,23.83,0
101,2022,280,555,13.26,137.3,23.9,0
101,2022,280,556,13.26,141.8,23.99,0
101,2022,280,557,13.26,140.1,24.07,0
101,2022,280,558,13.26,113,24.14,0
101,2022,280,559,13.26,100.9,24.17,0
101,2022,280,600,13.26,102.6,24.17,0
101,2022,280,601,13.26,108,24.15,0
101,2022,280,602,13.26,118.1,24.14,0
101,2022,280,603,13.26,149.4,24.14,0
101,2022,280,604,13.26,193.8,24.21,0
101,2022,280,605,13.26,193.6,24.31,0
101,2022,280,606,13.25,173.5,24.42,0
101,2022,280,607,13.26,190.6,24.49,0
101,2022,280,608,13.25,191.2,24.57,0
101,2022,280,609,13.26,193,24.61,0
101,2022,280,610,13.25,195.7,24.7,0
101,2022,280,611,13.25,187.1,24.8,0
101,2022,280,612,13.25,191.3,24.8,0
101,2022,280,613,13.25,178.7,24.83,0
101,2022,280,614,13.25,150.9,24.89,0
101,2022,280,615,13.25,115,24.87,0
101,2022,280,616,13.25,105.4,24.74,0
101,2022,280,617,13.25,102.6,24.64,0
101,2022,280,618,13.25,102.4,24.56,0
101,2022,280,619,13.25,104.9,24.54,0
101,2022,280,620,13.25,110.8,24.52,0
101,2022,280,621,13.25,120.3,24.49,0
101,2022,280,622,13.25,138.1,24.5,0
101,2022,280,623,13.25,139.1,24.53,0
101,2022,280,624,13.25,130.8,24.57,0
101,2022,280,625,13.25,129.8,24.59,0
101,2022,280,626,13.25,133.6,24.63,0
101,2022,280,627,13.25,153.2,24.65,0
101,2022,280,628,13.25,141.8,24.67,0
101,2022,280,629,13.25,142.9,24.7,0
101,2022,280,630,13.25,149.2,24.77,0
101,2022,280,631,13.25,167,24.82,0
101,2022,280,632,13.25,220.9,24.87,0
101,2022,280,633,13.25,280.6,24.97,0
101,2022,280,634,13.25,213,25.06,0
101,2022,280,635,13.25,225.1,25.12,0
101,2022,280,636,13.24,226.4,25.17,0
101,2022,280,637,13.24,239.9,25.19,0
101,2022,280,638,13.24,343.9,25.2,0
101,2022,280,639,13.24,363.5,25.38,0
101,2022,280,640,13.24,306,25.52,0
101,2022,280,641,13.24,330.9,25.62,0
101,2022,280,642,13.24,390.5,25.73,0
101,2022,280,643,13.24,322.2,25.76,0
101,2022,280,644,13.24,323,25.78,0
101,2022,280,645,13.23,318.6,25.8,0
101,2022,280,646,13.23,325.5,25.95,0
101,2022,280,647,13.23,288.1,25.96,0
101,2022,280,648,13.23,234.9,25.99,0
101,2022,280,649,13.23,380.8,25.8,0
101,2022,280,650,13.23,490.4,25.72,0
101,2022,280,651,13.22,471.1,25.71,0
101,2022,280,652,13.22,494.6,25.85,0
101,2022,280,653,13.22,490.2,25.96,0
101,2022,280,654,13.22,455.7,26.01,0
101,2022,280,655,13.22,291.6,25.98,0
101,2022,280,656,13.22,423.8,26.01,0
101,2022,280,657,13.22,326.4,25.96,0
101,2022,280,658,13.22,392.9,25.98,0
101,2022,280,659,13.22,452.9,26.06,0
101,2022,280,700,13.21,321.8,26.1,0
101,2022,280,701,13.22,313.7,26.17,0
101,2022,280,702,13.21,290.4,26.25,0
101,2022,280,703,13.21,279.5,26.24,0
101,2022,280,704,13.21,485,26.21,0
101,2022,280,705,13.21,258.8,26.17,0
101,2022,280,706,13.21,383.6,26.17,0
101,2022,280,707,13.21,254.5,26.18,0
101,2022,280,708,13.21,404.5,26.16,0
101,2022,280,709,13.21,274.2,26.25,0
101,2022,280,710,13.21,484.3,26.17,0
101,2022,280,711,13.21,494.7,26.12,0
101,2022,280,712,13.21,414.4,26.22,0
101,2022,280,713,13.21,512.8,26.18,0
101,2022,280,714,13.21,516.8,26.21,0
101,2022,280,715,13.21,395.2,26.38,0
101,2022,280,716,13.2,206.8,26.25,0
101,2022,280,717,13.2,200.6,26.11,0
101,2022,280,718,13.2,175.1,26.02,0
101,2022,280,719,13.2,147.8,25.95,0
101,2022,280,720,13.21,133.9,25.89,0
101,2022,280,721,13.21,126.3,25.83,0
101,2022,280,722,13.21,124.8,25.76,0
101,2022,280,723,13.21,129.9,25.66,0
101,2022,280,724,13.2,145.5,25.64,0
101,2022,280,725,13.21,167.4,25.59,0
101,2022,280,726,13.21,186.7,25.6,0
101,2022,280,727,13.21,202.5,25.58,0
101,2022,280,728,13.21,214.1,25.57,0
101,2022,280,729,13.21,216.6,25.58,0
101,2022,280,730,13.21,210.1,25.58,0
101,2022,280,731,13.21,206.6,25.64,0
101,2022,280,732,13.21,210,25.72,0
101,2022,280,733,13.21,208.1,25.79,0
101,2022,280,734,13.21,200.6,25.71,0
101,2022,280,735,13.21,194.1,25.59,0
101,2022,280,736,13.21,194.8,25.55,0
101,2022,280,737,13.21,204.5,25.47,0
101,2022,280,738,13.21,215.6,25.41,0
101,2022,280,739,13.21,226.8,25.41,0
101,2022,280,740,13.22,236.9,25.34,0
101,2022,280,741,13.22,247.7,25.35,0
101,2022,280,742,13.22,260.5,25.4,0
101,2022,280,743,13.22,273.9,25.45,0
101,2022,280,744,13.22,281.3,25.5,0
101,2022,280,745,13.22,328,25.56,0
101,2022,280,746,13.22,452,25.65,0
101,2022,280,747,13.22,472.9,25.77,0
101,2022,280,748,13.22,434.1,25.91,0
101,2022,280,749,13.22,567.9,26.01,0
101,2022,280,750,13.22,365,26.03,0
101,2022,280,751,13.22,417.6,25.9,0
101,2022,280,752,13.22,296.4,25.76,0
101,2022,280,753,13.22,273.3,25.82,0
101,2022,280,754,13.22,266.9,25.79,0
101,2022,280,755,13.21,266.3,25.76,0
101,2022,280,756,13.22,268.8,25.68,0
101,2022,280,757,13.22,284.6,25.69,0
101,2022,280,758,13.21,304.7,25.73,0
101,2022,280,759,13.21,397.8,25.74,0
101,2022,280,800,13.21,781,25.74,0
101,2022,280,801,13.21,479.1,25.84,0
101,2022,280,802,13.21,355,26.1,0
101,2022,280,803,13.21,322.6,26.12,0
101,2022,280,804,13.21,304.7,26.15,0
101,2022,280,805,13.21,291.7,26.17,0
101,2022,280,806,13.2,276.9,26.1,0
101,2022,280,807,13.2,264.7,26.01,0
101,2022,280,808,13.2,259.5,25.96,0
101,2022,280,809,13.21,255.3,25.95,0
101,2022,280,810,13.2,249.5,25.94,0
101,2022,280,811,13.2,249.3,25.94,0
101,2022,280,812,13.2,266.7,25.98,0
101,2022,280,813,13.2,298.5,25.97,0
101,2022,280,814,13.2,319.3,26.03,0
101,2022,280,815,13.21,307.5,26.09,0
101,2022,280,816,13.2,306.9,26.17,0
101,2022,280,817,13.2,294.1,26.21,0
101,2022,280,818,13.2,268,26.27,0
101,2022,280,819,13.21,241.7,26.28,0
101,2022,280,820,13.2,220.1,26.3,0
101,2022,280,821,13.21,211.1,26.24,0
101,2022,280,822,13.2,209.7,26.21,0
101,2022,280,823,13.2,209.8,26.28,0
101,2022,280,824,13.2,210,26.22,0
101,2022,280,825,13.2,214.9,26.17,0
101,2022,280,826,13.2,234.8,26.17,0
101,2022,280,827,13.21,255.2,26.29,0
101,2022,280,828,13.2,259.4,26.34,0
101,2022,280,829,13.2,246.9,26.42,0
101,2022,280,830,13.2,237.4,26.45,0
101,2022,280,831,13.21,243.9,26.39,0
101,2022,280,832,13.21,243,26.4,0
101,2022,280,833,13.21,253.7,26.34,0
101,2022,280,834,13.2,315.5,26.37,0
101,2022,280,835,13.21,344.6,26.44,0
101,2022,280,836,13.2,309.3,26.46,0
101,2022,280,837,13.21,274.4,26.52,0
101,2022,280,838,13.2,311.3,26.54,0
101,2022,280,839,13.2,543.3,26.61,0
101,2022,280,840,13.2,451.7,26.72,0
101,2022,280,841,13.2,643.7,26.92,0
101,2022,280,842,13.2,847,27.1,0
101,2022,280,843,13.2,557.7,27.12,0
101,2022,280,844,13.2,844,27.23,0
101,2022,280,845,13.2,485.4,27.44,0
101,2022,280,846,13.19,304.9,27.48,0
101,2022,280,847,13.19,306.6,27.37,0
101,2022,280,848,13.19,457.9,27.27,0
101,2022,280,849,13.19,524.4,27.26,0
101,2022,280,850,13.19,423.7,27.33,0
101,2022,280,851,13.19,702,27.4,0
101,2022,280,852,13.19,971,27.62,0
101,2022,280,853,13.18,841,27.6,0
101,2022,280,854,13.18,635.5,27.5,0
101,2022,280,855,13.19,986,27.51,0
101,2022,280,856,13.18,562,27.54,0
101,2022,280,857,13.18,796,27.5,0
101,2022,280,858,13.18,944,27.59,0
101,2022,280,859,13.18,821,27.82,0
101,2022,280,900,13.18,519.5,28.11,0
101,2022,280,901,13.17,766,28,0
101,2022,280,902,13.17,543.1,27.76,0
101,2022,280,903,13.17,666.6,27.68,0
101,2022,280,904,13.17,431.3,27.58,0
101,2022,280,905,13.17,359.3,27.67,0
101,2022,280,906,13.17,351,27.72,0
101,2022,280,907,13.17,350.1,27.64,0
101,2022,280,908,13.17,375.3,27.67,0
101,2022,280,909,13.17,347.8,27.48,0
101,2022,280,910,13.17,331.5,27.25,0
101,2022,280,911,13.17,328.8,27.31,0
101,2022,280,912,13.17,372.4,27.42,0
101,2022,280,913,13.17,366.2,27.34,0
101,2022,280,914,13.17,339.2,27.42,0
101,2022,280,915,13.18,308.3,27.47,0
101,2022,280,916,13.18,266.4,27.43,0
101,2022,280,917,13.18,241.4,27.34,0
101,2022,280,918,13.18,256.4,27.36,0
101,2022,280,919,13.18,282.4,27.34,0
101,2022,280,920,13.18,296.7,27.39,0
101,2022,280,921,13.18,296.4,27.38,0
101,2022,280,922,13.18,315.4,27.34,0
101,2022,280,923,13.18,392.3,27.37,0
101,2022,280,924,13.18,493,27.46,0
101,2022,280,925,13.18,686.3,27.59,0
101,2022,280,926,13.18,991,27.75,0
101,2022,280,927,13.18,1085,27.84,0
101,2022,280,928,13.18,1086,28.06,0
101,2022,280,929,13.18,1108,28.3,0
101,2022,280,930,13.18,1124,28.47,0
101,2022,280,931,13.18,719,28.46,0
101,2022,280,932,13.18,1041,28.49,0
101,2022,280,933,13.18,1064,28.69,0
101,2022,280,934,13.17,1026,28.58,0
101,2022,280,935,13.17,1017,28.59,0
101,2022,280,936,13.17,1027,28.9,0
101,2022,280,937,13.17,1020,28.86,0
101,2022,280,938,13.17,999,28.67,0
101,2022,280,939,13.17,562,28.35,0
101,2022,280,940,13.17,552.8,28.31,0
101,2022,280,941,13.17,916,28.42,0
101,2022,280,942,13.17,937,28.39,0
101,2022,280,943,13.17,1011,28.6,0
101,2022,280,944,13.17,1037,28.85,0
101,2022,280,945,13.17,1057,28.84,0
101,2022,280,946,13.17,1062,29.07,0
101,2022,280,947,13.17,1058,28.76,0
101,2022,280,948,13.17,1058,28.77,0
101,2022,280,949,13.17,1082,28.81,0
101,2022,280,950,13.17,1097,29.18,0
101,2022,280,951,13.17,939,29.67,0
101,2022,280,952,13.17,671.6,29.38,0
101,2022,280,953,13.16,830,29.47,0
101,2022,280,954,13.16,582.2,29.4,0
101,2022,280,955,13.16,480.6,29.04,0
101,2022,280,956,13.16,362,28.79,0
101,2022,280,957,13.17,427.7,28.62,0
101,2022,280,958,13.16,569,28.52,0
101,2022,280,959,13.16,452.8,28.38,0
101,2022,280,1000,13.16,1080,28.39,0
101,2022,280,1001,13.16,1058,28.73,0
101,2022,280,1002,13.16,923,28.95,0
101,2022,280,1003,13.16,693.1,28.88,0
101,2022,280,1004,13.16,850,28.97,0
101,2022,280,1005,13.16,938,28.83,0
101,2022,280,1006,13.16,1081,29.04,0
101,2022,280,1007,13.16,990,29.32,0
101,2022,280,1008,13.16,370.2,29.26,0
101,2022,280,1009,13.16,324.4,28.97,0
101,2022,280,1010,13.16,378.7,28.71,0
101,2022,280,1011,13.17,397.5,28.65,0
101,2022,280,1012,13.16,352.3,28.56,0
101,2022,280,1013,13.17,379.4,28.36,0
101,2022,280,1014,13.16,937,28.25,0
101,2022,280,1015,13.16,786,28.6,0
101,2022,280,1016,13.16,1003,28.85,0
101,2022,280,1017,13.16,1062,28.6,0
101,2022,280,1018,13.16,960,28.68,0
101,2022,280,1019,13.16,701,28.92,0
101,2022,280,1020,13.16,472.3,28.82,0
101,2022,280,1021,13.16,559,28.97,0
101,2022,280,1022,13.16,408.4,28.87,0
101,2022,280,1023,13.16,759,28.84,0
101,2022,280,1024,13.16,790,28.89,0
101,2022,280,1025,13.16,554.3,28.79,0
101,2022,280,1026,13.16,379.1,28.5,0
101,2022,280,1027,13.16,675.6,28.57,0
101,2022,280,1028,13.16,1120,28.85,0
101,2022,280,1029,13.16,1140,29.05,0
101,2022,280,1030,13.16,1144,29.26,0
101,2022,280,1031,13.16,1138,29.24,0
101,2022,280,1032,13.16,1131,29.45,0
101,2022,280,1033,13.16,1127,29.48,0
101,2022,280,1034,13.16,1126,29.4,0
101,2022,280,1035,13.16,1132,29.49,0
101,2022,280,1036,13.16,1132,29.36,0
101,2022,280,1037,13.16,1138,29.17,0
101,2022,280,1038,13.16,1155,29.38,0
101,2022,280,1039,13.16,706,29.39,0
101,2022,280,1040,13.16,1132,29.19,0
101,2022,280,1041,13.16,1060,29.2,0
101,2022,280,1042,13.16,1101,29.66,0
101,2022,280,1043,13.16,899,29.77,0
101,2022,280,1044,13.15,886,29.44,0
101,2022,280,1045,13.16,679.4,29.51,0
101,2022,280,1046,13.15,1065,29.29,0
101,2022,280,1047,13.16,1066,29.21,0
101,2022,280,1048,13.16,1072,29.47,0
101,2022,280,1049,13.16,1082,29.57,0
101,2022,280,1050,13.16,1100,29.83,0
101,2022,280,1051,13.15,1113,29.91,0
101,2022,280,1052,13.15,1114,29.86,0
101,2022,280,1053,13.16,1113,29.6,0
101,2022,280,1054,13.15,1116,29.52,0
101,2022,280,1055,13.16,1120,29.95,0
101,2022,280,1056,13.15,1125,30.24,0
101,2022,280,1057,13.15,1124,30.17,0
101,2022,280,1058,13.15,1123,30.04,0
101,2022,280,1059,13.15,1128,29.91,0
101,2022,280,1100,13.15,1147,29.89,0
101,2022,280,1101,13.15,1150,29.47,0
101,2022,280,1102,13.15,1156,29.56,0
101,2022,280,1103,13.15,1154,30.02,0
101,2022,280,1104,13.15,1150,30.12,0
101,2022,280,1105,13.15,1155,30.16,0
101,2022,280,1106,13.15,1171,30.21,0
101,2022,280,1107,13.15,1192,30.08,0
101,2022,280,1108,13.15,1238,30.01,0
101,2022,280,1109,13.15,1098,30.23,0
101,2022,280,1110,13.15,668.2,30.5,0
101,2022,280,1111,13.15,1213,30.55,0
101,2022,280,1112,13.15,1201,30.53,0
101,2022,280,1113,13.15,1195,30.36,0
101,2022,280,1114,13.15,1193,30.19,0
101,2022,280,1115,13.15,1195,30.04,0
101,2022,280,1116,13.15,619.8,29.61,0
101,2022,280,1117,13.15,978,29.41,0
101,2022,280,1118,13.14,849,29.45,0
101,2022,280,1119,13.15,469.9,29.66,0
101,2022,280,1120,13.15,541.8,29.81,0
101,2022,280,1121,13.14,652.6,29.71,0
101,2022,280,1122,13.14,575,29.66,0
101,2022,280,1123,13.14,494.4,29.73,0
101,2022,280,1124,13.15,555.5,29.58,0
101,2022,280,1125,13.14,1005,29.61,0
101,2022,280,1126,13.14,576.6,29.29,0
101,2022,280,1127,13.15,712,29.24,0
101,2022,280,1128,13.15,949,29.26,0
101,2022,280,1129,13.15,1071,29.24,0
101,2022,280,1130,13.15,1130,29.81,0
101,2022,280,1131,13.14,1134,29.91,0
101,2022,280,1132,13.15,1171,30.19,0
101,2022,280,1133,13.15,1165,30.41,0
101,2022,280,1134,13.15,1153,30.32,0
101,2022,280,1135,13.14,1153,30.03,0
101,2022,280,1136,13.14,1165,30.04,0
101,2022,280,1137,13.14,1177,30.3,0
101,2022,280,1138,13.14,1182,30.22,0
101,2022,280,1139,13.14,1185,30.04,0
101,2022,280,1140,13.14,1188,30.19,0
101,2022,280,1141,13.14,1069,30.29,0
101,2022,280,1142,13.14,1116,30.23,0
101,2022,280,1143,13.14,1122,30.09,0
101,2022,280,1144,13.14,1051,30.09,0
101,2022,280,1145,13.14,547.4,29.85,0
101,2022,280,1146,13.14,820,29.68,0
101,2022,280,1147,13.14,389.2,29.54,0
101,2022,280,1148,13.14,675.5,29.3,0
101,2022,280,1149,13.14,1084,29.42,0
101,2022,280,1150,13.14,1091,29.73,0
101,2022,280,1151,13.14,1083,30.07,0
101,2022,280,1152,13.14,1081,30.27,0
101,2022,280,1153,13.14,1080,30.13,0
101,2022,280,1154,13.14,1077,30.39,0
101,2022,280,1155,13.14,1081,30.42,0
101,2022,280,1156,13.14,1096,30.41,0
101,2022,280,1157,13.14,601.1,30.32,0
101,2022,280,1158,13.14,495.9,30.12,0
101,2022,280,1159,13.14,986,29.8,0
101,2022,280,1200,13.14,1104,29.8,0
101,2022,280,1201,13.14,1100,30.22,0
101,2022,280,1202,13.14,1094,30.52,0
101,2022,280,1203,13.14,1134,30.32,0
101,2022,280,1204,13.14,554.2,30.17,0
101,2022,280,1205,13.14,305.8,29.85,0
101,2022,280,1206,13.14,286.5,29.53,0
101,2022,280,1207,13.14,281,29.41,0
101,2022,280,1208,13.14,289.2,29.15,0
101,2022,280,1209,13.14,301.1,29.33,0
101,2022,280,1210,13.14,315.1,29.28,0
101,2022,280,1211,13.14,375.4,29.22,0
101,2022,280,1212,13.14,631.4,29.06,0
101,2022,280,1213,13.14,1086,29.02,0
101,2022,280,1214,13.14,960,29.07,0
101,2022,280,1215,13.14,1092,29.34,0
101,2022,280,1216,13.14,1089,29.54,0
101,2022,280,1217,13.14,1083,29.7,0
101,2022,280,1218,13.14,1072,29.91,0
101,2022,280,1219,13.14,1074,30.25,0
101,2022,280,1220,13.14,1094,30.18,0
101,2022,280,1221,13.14,1138,30.23,0
101,2022,280,1222,13.14,1019,30.32,0
101,2022,280,1223,13.14,801,30.28,0
101,2022,280,1224,13.14,417.1,29.77,0
101,2022,280,1225,13.14,373.3,29.24,0
101,2022,280,1226,13.14,369.7,28.92,0
101,2022,280,1227,13.14,380.6,28.77,0
101,2022,280,1228,13.14,461.5,28.87,0
101,2022,280,1229,13.14,425.6,28.8,0
101,2022,280,1230,13.14,399.7,28.78,0
101,2022,280,1231,13.14,397.6,28.68,0
101,2022,280,1232,13.14,397.2,28.6,0
101,2022,280,1233,13.14,404.8,28.54,0
101,2022,280,1234,13.14,445.1,28.49,0
101,2022,280,1235,13.14,426.3,28.58,0
101,2022,280,1236,13.15,403.7,28.68,0
101,2022,280,1237,13.14,421.1,28.59,0
101,2022,280,1238,13.14,474.6,28.72,0
101,2022,280,1239,13.15,923,28.83,0
101,2022,280,1240,13.14,1100,29.15,0
101,2022,280,1241,13.15,1117,29.22,0
101,2022,280,1242,13.15,985,29.53,0
101,2022,280,1243,13.14,698.5,29.82,0
101,2022,280,1244,13.14,371.7,29.63,0
101,2022,280,1245,13.14,333.9,29.2,0
101,2022,280,1246,13.14,331,29.31,0
101,2022,280,1247,13.14,349.5,29.18,0
101,2022,280,1248,13.14,417.4,28.9,0
101,2022,280,1249,13.14,393.5,28.78,0
101,2022,280,1250,13.14,388.6,28.78,0
101,2022,280,1251,13.14,475.9,28.77,0
101,2022,280,1252,13.14,684.5,28.84,0
101,2022,280,1253,13.14,451.7,28.88,0
101,2022,280,1254,13.14,410.6,28.79,0
101,2022,280,1255,13.14,560.6,28.74,0
101,2022,280,1256,13.15,919,28.65,0
101,2022,280,1257,13.14,1099,28.75,0
101,2022,280,1258,13.15,1100,28.73,0
101,2022,280,1259,13.15,1108,28.83,0
101,2022,280,1300,13.14,1099,29.02,0
101,2022,280,1301,13.14,1091,29.51,0
101,2022,280,1302,13.14,959,29.72,0
101,2022,280,1303,13.14,519.5,29.53,0
101,2022,280,1304,13.14,596,28.85,0
101,2022,280,1305,13.14,574,28.58,0
101,2022,280,1306,13.14,406.8,28.6,0
101,2022,280,1307,13.14,462.4,28.73,0
101,2022,280,1308,13.14,806,28.82,0
101,2022,280,1309,13.14,962,28.86,0
101,2022,280,1310,13.14,975,28.85,0
101,2022,280,1311,13.15,966,28.95,0
101,2022,280,1312,13.14,964,28.87,0
101,2022,280,1313,13.14,969,28.85,0
101,2022,280,1314,13.14,969,28.96,0
101,2022,280,1315,13.14,969,29.18,0
101,2022,280,1316,13.15,976,29.47,0
101,2022,280,1317,13.15,971,29.33,0
101,2022,280,1318,13.15,925,29.28,0
101,2022,280,1319,13.15,932,29.46,0
101,2022,280,1320,13.14,928,29.39,0
101,2022,280,1321,13.15,924,29.24,0
101,2022,280,1322,13.14,929,29.27,0
101,2022,280,1323,13.14,654.7,29.16,0
101,2022,280,1324,13.14,259.8,29.24,0
101,2022,280,1325,13.15,368.6,28.99,0
101,2022,280,1326,13.14,922,28.94,0
101,2022,280,1327,13.15,615.8,29.02,0
101,2022,280,1328,13.15,923,28.86,0
101,2022,280,1329,13.15,511.2,28.95,0
101,2022,280,1330,13.15,710,28.97,0
101,2022,280,1331,13.15,930,28.84,0
101,2022,280,1332,13.15,871,29.07,0
101,2022,280,1333,13.15,627.6,29.2,0
101,2022,280,1334,13.15,838,29.12,0
101,2022,280,1335,13.15,875,29.09,0
101,2022,280,1336,13.14,875,29.19,0
101,2022,280,1337,13.15,884,28.91,0
101,2022,280,1338,13.15,906,28.9,0
101,2022,280,1339,13.15,938,29.24,0
101,2022,280,1340,13.15,552.9,29.29,0
101,2022,280,1341,13.15,267.9,29.16,0
101,2022,280,1342,13.15,372.9,28.74,0
101,2022,280,1343,13.15,831,28.71,0
101,2022,280,1344,13.15,849,28.72,0
101,2022,280,1345,13.15,849,28.73,0
101,2022,280,1346,13.15,859,28.82,0
101,2022,280,1347,13.15,889,28.94,0
101,2022,280,1348,13.15,639.7,28.92,0
101,2022,280,1349,13.15,321.7,28.83,0
101,2022,280,1350,13.15,268.5,28.75,0
101,2022,280,1351,13.15,219.7,28.75,0
101,2022,280,1352,13.15,201.7,28.58,0
101,2022,280,1353,13.15,191.9,28.49,0
101,2022,280,1354,13.15,188.5,28.54,0
101,2022,280,1355,13.15,188.3,28.47,0
101,2022,280,1356,13.15,190.3,28.28,0
101,2022,280,1357,13.15,195.4,28.24,0
101,2022,280,1358,13.15,202.6,28.23,0
101,2022,280,1359,13.15,213.8,28.14,0
101,2022,280,1400,13.15,294.5,28.12,0
101,2022,280,1401,13.15,523,28.23,0
101,2022,280,1402,13.15,671.7,28.21,0
101,2022,280,1403,13.16,766,28.39,0
101,2022,280,1404,13.15,814,28.62,0
101,2022,280,1405,13.15,826,28.63,0
101,2022,280,1406,13.15,792,28.62,0
101,2022,280,1407,13.16,785,28.77,0
101,2022,280,1408,13.15,776,28.76,0
101,2022,280,1409,13.15,771,28.7,0
101,2022,280,1410,13.15,767,28.62,0
101,2022,280,1411,13.15,761,28.86,0
101,2022,280,1412,13.15,759,28.91,0
101,2022,280,1413,13.16,753,29.02,0
101,2022,280,1414,13.15,746,29.22,0
101,2022,280,1415,13.15,746,29.15,0
101,2022,280,1416,13.15,742,28.94,0
101,2022,280,1417,13.15,741,28.81,0
101,2022,280,1418,13.15,715,28.81,0
101,2022,280,1419,13.15,717,28.77,0
101,2022,280,1420,13.15,706,28.9,0
101,2022,280,1421,13.15,700,29.04,0
101,2022,280,1422,13.15,696.1,29.15,0
101,2022,280,1423,13.15,702,29.21,0
101,2022,280,1424,13.15,717,29.23,0
101,2022,280,1425,13.15,732,29.11,0
101,2022,280,1426,13.15,742,29.09,0
101,2022,280,1427,13.15,738,29.07,0
101,2022,280,1428,13.15,732,29.05,0
101,2022,280,1429,13.15,726,29.05,0
101,2022,280,1430,13.15,714,29.21,0
101,2022,280,1431,13.15,610.9,29.07,0
101,2022,280,1432,13.15,709,29,0
101,2022,280,1433,13.15,726,28.97,0
101,2022,280,1434,13.15,744,28.96,0
101,2022,280,1435,13.14,610.8,28.84,0
101,2022,280,1436,13.15,471.9,28.81,0
101,2022,280,1437,13.14,420.4,28.91,0
101,2022,280,1438,13.15,289.9,28.83,0
101,2022,280,1439,13.15,271,28.84,0
101,2022,280,1440,13.15,615.9,28.96,0
101,2022,280,1441,13.15,701,29.17,0
101,2022,280,1442,13.15,688.2,28.92,0
101,2022,280,1443,13.15,589.3,28.73,0
101,2022,280,1444,13.15,634.6,28.84,0
101,2022,280,1445,13.15,277.6,28.87,0
101,2022,280,1446,13.15,222.4,28.78,0
101,2022,280,1447,13.15,189.5,28.75,0
101,2022,280,1448,13.15,168.7,28.5,0
101,2022,280,1449,13.15,163.3,28.27,0
101,2022,280,1450,13.15,170.7,28.12,0
101,2022,280,1451,13.15,188.2,27.98,0
101,2022,280,1452,13.15,218.6,27.93,0
101,2022,280,1453,13.15,299.6,27.88,0
101,2022,280,1454,13.15,481.3,27.91,0
101,2022,280,1455,13.15,281.9,27.92,0
101,2022,280,1456,13.15,233.9,27.98,0
101,2022,280,1457,13.15,340.9,28,0
101,2022,280,1458,13.15,333.9,27.86,0
101,2022,280,1459,13.15,220.6,27.82,0
101,2022,280,1500,13.15,222.8,27.81,0
101,2022,280,1501,13.15,288.3,27.76,0
101,2022,280,1502,13.16,427.3,27.69,0
101,2022,280,1503,13.16,423.5,27.71,0
101,2022,280,1504,13.15,210.5,27.93,0
101,2022,280,1505,13.15,181.4,27.87,0
101,2022,280,1506,13.15,238.9,27.75,0
101,2022,280,1507,13.15,372.6,27.66,0
101,2022,280,1508,13.16,491.3,27.64,0
101,2022,280,1509,13.16,178.9,27.64,0
101,2022,280,1510,13.16,413.6,27.8,0
101,2022,280,1511,13.16,500.8,27.9,0
101,2022,280,1512,13.16,495.4,28.1,0
101,2022,280,1513,13.16,483.8,28.09,0
101,2022,280,1514,13.16,479.7,27.91,0
101,2022,280,1515,13.16,475.4,27.99,0
101,2022,280,1516,13.16,469.3,27.98,0
101,2022,280,1517,13.16,435.5,27.94,0
101,2022,280,1518,13.16,151.3,27.83,0
101,2022,280,1519,13.16,134.7,27.83,0
101,2022,280,1520,13.16,135.2,27.83,0
101,2022,280,1521,13.16,409.1,27.9,0
101,2022,280,1522,13.16,435.8,27.94,0
101,2022,280,1523,13.16,432.9,27.85,0
101,2022,280,1524,13.16,430.6,27.79,0
101,2022,280,1525,13.16,426.9,27.83,0
101,2022,280,1526,13.16,424.7,27.82,0
101,2022,280,1527,13.16,424,27.83,0
101,2022,280,1528,13.16,420.1,27.91,0
101,2022,280,1529,13.16,413.1,28.09,0
101,2022,280,1530,13.16,358.4,28.13,0
101,2022,280,1531,13.16,406.5,28.07,0
101,2022,280,1532,13.16,403.7,27.98,0
101,2022,280,1533,13.17,406.4,27.97,0
101,2022,280,1534,13.16,340.3,28.08,0
101,2022,280,1535,13.16,391.4,27.96,0
101,2022,280,1536,13.16,415.4,28.03,0
101,2022,280,1537,13.16,411.5,27.9,0
101,2022,280,1538,13.16,402.3,27.79,0
101,2022,280,1539,13.16,389.6,27.83,0
101,2022,280,1540,13.15,312.5,27.83,0
101,2022,280,1541,13.16,202.1,27.68,0
101,2022,280,1542,13.16,348.9,27.53,0
101,2022,280,1543,13.16,312.3,27.57,0
101,2022,280,1544,13.16,368,27.58,0
101,2022,280,1545,13.16,351.7,27.61,0
101,2022,280,1546,13.16,288.3,27.65,0
101,2022,280,1547,13.16,218.8,27.56,0
101,2022,280,1548,13.16,318.6,27.61,0
101,2022,280,1549,13.16,323,27.65,0
101,2022,280,1550,13.16,318.4,27.69,0
101,2022,280,1551,13.16,314.8,27.67,0
101,2022,280,1552,13.16,311.3,27.77,0
101,2022,280,1553,13.16,305,27.82,0
101,2022,280,1554,13.16,298.4,27.77,0
101,2022,280,1555,13.16,247.7,27.8,0
101,2022,280,1556,13.16,260.9,27.81,0
101,2022,280,1557,13.16,287.7,27.69,0
101,2022,280,1558,13.16,283.2,27.63,0
101,2022,280,1559,13.16,278.9,27.62,0
101,2022,280,1600,13.17,273.9,27.62,0
101,2022,280,1601,13.15,269,27.58,0
101,2022,280,1602,13.1,263.9,27.52,0
101,2022,280,1603,13.05,259,27.5,0
101,2022,280,1604,13.01,256,27.49,0
101,2022,280,1605,12.99,253.7,27.42,0
101,2022,280,1606,13.01,249.6,27.36,0
101,2022,280,1607,13.07,244.6,27.32,0
101,2022,280,1608,13.11,239.5,27.25,0
101,2022,280,1609,13.15,235.9,27.22,0
101,2022,280,1610,13.16,232.1,27.27,0
101,2022,280,1611,13.16,227.9,27.2,0
101,2022,280,1612,13.17,223.5,27.16,0
101,2022,280,1613,13.17,218.9,27.17,0
101,2022,280,1614,13.17,214.7,27.17,0
101,2022,280,1615,13.17,210.7,27.11,0
101,2022,280,1616,13.17,207.2,27.07,0
101,2022,280,1617,13.17,203.2,27.07,0
101,2022,280,1618,13.17,198.7,27.08,0
101,2022,280,1619,13.17,195.1,27.12,0
101,2022,280,1620,13.17,190.9,27.1,0
101,2022,280,1621,13.17,185.8,27.09,0
101,2022,280,1622,13.17,180.8,27.1,0
101,2022,280,1623,13.17,175.8,27.13,0
101,2022,280,1624,13.17,171.9,27.11,0
101,2022,280,1625,13.17,167.3,27.09,0
101,2022,280,1626,13.17,163.9,27.06,0
101,2022,280,1627,13.17,159.7,27.03,0
101,2022,280,1628,13.17,155.3,27.05,0
101,2022,280,1629,13.17,150.3,27.03,0
101,2022,280,1630,13.18,145.7,27,0
101,2022,280,1631,13.18,141.1,26.92,0
101,2022,280,1632,13.17,137.3,26.83,0
101,2022,280,1633,13.18,133.3,26.81,0
101,2022,280,1634,13.18,129.6,26.74,0
101,2022,280,1635,13.18,126.1,26.73,0
101,2022,280,1636,13.18,122,26.77,0
101,2022,280,1637,13.18,118,26.81,0
101,2022,280,1638,13.17,113.7,26.77,0
101,2022,280,1639,13.17,109.7,26.74,0
101,2022,280,1640,13.17,106,26.73,0
101,2022,280,1641,13.17,102.7,26.71,0
101,2022,280,1642,13.17,99.6,26.69,0
101,2022,280,1643,13.17,96.2,26.63,0
101,2022,280,1644,13.16,92.6,26.58,0
101,2022,280,1645,13.16,88.9,26.56,0
101,2022,280,1646,13.15,85.6,26.55,0
101,2022,280,1647,13.15,82.2,26.48,0
101,2022,280,1648,13.14,78.6,26.45,0
101,2022,280,1649,13.14,74.7,26.47,0
101,2022,280,1650,13.13,71.1,26.44,0
101,2022,280,1651,13.12,67.56,26.38,0
101,2022,280,1652,13.12,63.93,26.33,0
101,2022,280,1653,13.11,60.49,26.29,0
101,2022,280,1654,13.1,57.16,26.25,0
101,2022,280,1655,13.1,53.81,26.25,0
101,2022,280,1656,13.09,50.54,26.23,0
101,2022,280,1657,13.08,47.22,26.21,0
101,2022,280,1658,13.07,44.04,26.14,0
101,2022,280,1659,13.06,40.6,26.1,0
101,2022,280,1700,13.05,37.61,26.05,0
101,2022,280,1701,13.04,34.99,26.01,0
101,2022,280,1702,13.03,32.34,25.99,0
101,2022,280,1703,13.03,29.7,25.96,0
101,2022,280,1704,13.02,27.25,25.92,0
101,2022,280,1705,13.01,24.82,25.9,0
101,2022,280,1706,13.01,22.62,25.91,0
101,2022,280,1707,13,20.54,25.86,0
101,2022,280,1708,13,18.51,25.83,0
101,2022,280,1709,12.99,16.51,25.79,0
101,2022,280,1710,12.99,14.43,25.75,0
101,2022,280,1711,12.98,12.74,25.73,0
101,2022,280,1712,12.98,11.55,25.72,0
101,2022,280,1713,12.98,10.45,25.7,0
101,2022,280,1714,12.97,9.33,25.7,0
101,2022,280,1715,12.97,8.4,25.67,0
101,2022,280,1716,12.96,7.44,25.65,0
101,2022,280,1717,12.97,6.537,25.63,0
101,2022,280,1718,12.96,5.776,25.63,0
101,2022,280,1719,12.96,5.015,25.56,0
101,2022,280,1720,12.96,4.424,25.55,0
101,2022,280,1721,12.95,4.029,25.53,0
101,2022,280,1722,12.95,3.663,25.51,0
101,2022,280,1723,12.95,3.156,25.48,0
101,2022,280,1724,12.94,2.874,25.45,0
101,2022,280,1725,12.94,2.395,25.42,0
101,2022,280,1726,12.94,2.198,25.4,0
101,2022,280,1727,12.94,1.775,25.35,0
101,2022,280,1728,12.94,1.691,25.33,0
101,2022,280,1729,12.94,1.437,25.28,0
101,2022,280,1730,12.93,1.127,25.25,0
101,2022,280,1731,12.93,1.014,25.22,0
101,2022,280,1732,12.93,.93,25.21,0
101,2022,280,1733,12.93,.704,25.17,0
101,2022,280,1734,12.93,.62,25.15,0
101,2022,280,1735,12.93,.394,25.11,0
101,2022,280,1736,12.92,.338,25.08,0
101,2022,280,1737,12.92,.338,25.07,0
101,2022,280,1738,12.92,.31,25.04,0
101,2022,280,1739,12.92,.31,25.01,0
101,2022,280,1740,12.92,.169,24.99,0
101,2022,280,1741,12.92,.056,24.97,0
101,2022,280,1742,12.91,0,24.96,0
101,2022,280,1743,12.91,.056,24.98,0
101,2022,280,1744,12.91,.056,24.95,0
101,2022,280,1745,12.91,.028,24.93,0
101,2022,280,1746,12.91,.141,24.92,0
101,2022,280,1747,12.91,.028,24.88,0
101,2022,280,1748,12.91,.028,24.86,0
101,2022,280,1749,12.91,0,24.84,0
101,2022,280,1750,12.91,0,24.82,0
101,2022,280,1751,12.91,0,24.79,0
101,2022,280,1752,12.9,0,24.76,0
101,2022,280,1753,12.9,0,24.72,0
101,2022,280,1754,12.9,0,24.71,0
101,2022,280,1755,12.9,0,24.69,0
101,2022,280,1756,12.9,0,24.66,0
101,2022,280,1757,12.9,0,24.64,0
101,2022,280,1758,12.9,0,24.61,0
101,2022,280,1759,12.9,0,24.59,0
101,2022,280,1800,12.9,0,24.57,0
101,2022,280,1801,12.9,0,24.55,0
101,2022,280,1802,12.9,0,24.54,0
101,2022,280,1803,12.89,0,24.53,0
101,2022,280,1804,12.89,0,24.51,0
101,2022,280,1805,12.89,0,24.49,0
101,2022,280,1806,12.89,0,24.48,0
101,2022,280,1807,12.89,0,24.47,0
101,2022,280,1808,12.89,0,24.45,0
101,2022,280,1809,12.89,0,24.43,0
101,2022,280,1810,12.89,0,24.41,0
101,2022,280,1811,12.89,0,24.4,0
101,2022,280,1812,12.89,0,24.38,0
101,2022,280,1813,12.89,0,24.35,0
101,2022,280,1814,12.89,0,24.34,0
101,2022,280,1815,12.89,0,24.33,0
101,2022,280,1816,12.88,0,24.31,0
101,2022,280,1817,12.88,0,24.3,0
101,2022,280,1818,12.88,0,24.29,0
101,2022,280,1819,12.88,0,24.28,0
101,2022,280,1820,12.88,0,24.28,0
101,2022,280,1821,12.88,0,24.26,0
101,2022,280,1822,12.88,0,24.25,0
101,2022,280,1823,12.88,0,24.23,0
101,2022,280,1824,12.88,0,24.22,0
101,2022,280,1825,12.88,0,24.2,0
101,2022,280,1826,12.88,0,24.18,0
101,2022,280,1827,12.87,0,24.17,0
101,2022,280,1828,12.88,0,24.16,0
101,2022,280,1829,12.88,0,24.14,0
101,2022,280,1830,12.88,0,24.12,0
101,2022,280,1831,12.88,0,24.1,0
101,2022,280,1832,12.87,0,24.07,0
101,2022,280,1833,12.88,0,24.05,0
101,2022,280,1834,12.88,0,24.02,0
101,2022,280,1835,12.87,0,23.99,0
101,2022,280,1836,12.87,0,23.97,0
101,2022,280,1837,12.87,0,23.96,0
101,2022,280,1838,12.87,0,23.95,0
101,2022,280,1839,12.87,0,23.93,0
101,2022,280,1840,12.87,0,23.92,0
101,2022,280,1841,12.87,0,23.91,0
101,2022,280,1842,12.87,0,23.89,0
101,2022,280,1843,12.87,0,23.88,0
101,2022,280,1844,12.87,0,23.87,0
101,2022,280,1845,12.87,0,23.87,0
101,2022,280,1846,12.87,0,23.86,0
101,2022,280,1847,12.87,0,23.87,0
101,2022,280,1848,12.86,0,23.86,0
101,2022,280,1849,12.86,0,23.85,0
101,2022,280,1850,12.86,0,23.85,0
101,2022,280,1851,12.87,0,23.83,0
101,2022,280,1852,12.86,0,23.81,0
101,2022,280,1853,12.86,0,23.79,0
101,2022,280,1854,12.86,0,23.76,0
101,2022,280,1855,12.87,0,23.73,0
101,2022,280,1856,12.86,0,23.68,0
101,2022,280,1857,12.86,0,23.64,0
101,2022,280,1858,12.86,0,23.6,0
101,2022,280,1859,12.86,0,23.55,0
101,2022,280,1900,12.86,0,23.54,0
101,2022,280,1901,12.86,0,23.51,0
101,2022,280,1902,12.86,0,23.5,0
101,2022,280,1903,12.86,0,23.49,0
101,2022,280,1904,12.86,0,23.5,0
101,2022,280,1905,12.86,0,23.51,0
101,2022,280,1906,12.86,0,23.51,0
101,2022,280,1907,12.86,0,23.51,0
101,2022,280,1908,12.86,0,23.5,0
101,2022,280,1909,12.86,0,23.49,0
101,2022,280,1910,12.86,0,23.47,0
101,2022,280,1911,12.86,0,23.45,0
101,2022,280,1912,12.86,0,23.43,0
101,2022,280,1913,12.86,0,23.42,0
101,2022,280,1914,12.86,0,23.42,0
101,2022,280,1915,12.85,0,23.4,0
101,2022,280,1916,12.85,0,23.37,0
101,2022,280,1917,12.85,0,23.37,0
101,2022,280,1918,12.85,0,23.37,0
101,2022,280,1919,12.85,0,23.37,0
101,2022,280,1920,12.85,0,23.37,0
101,2022,280,1921,12.85,0,23.36,0
101,2022,280,1922,12.85,0,23.35,0
101,2022,280,1923,12.85,0,23.35,0
101,2022,280,1924,12.85,0,23.34,0
101,2022,280,1925,12.85,0,23.34,0
101,2022,280,1926,12.85,0,23.34,0
101,2022,280,1927,12.85,0,23.31,0
101,2022,280,1928,12.85,0,23.29,0
101,2022,280,1929,12.85,0,23.28,0
101,2022,280,1930,12.85,0,23.27,0
101,2022,280,1931,12.85,0,23.26,0
101,2022,280,1932,12.85,0,23.25,0
101,2022,280,1933,12.85,0,23.22,0
101,2022,280,1934,12.85,0,23.19,0
101,2022,280,1935,12.85,0,23.15,0
101,2022,280,1936,12.84,0,23.13,0
101,2022,280,1937,12.85,0,23.12,0
101,2022,280,1938,12.84,0,23.09,0
101,2022,280,1939,12.85,0,23.07,0
101,2022,280,1940,12.84,0,23.05,0
101,2022,280,1941,12.84,0,23.04,0
101,2022,280,1942,12.84,0,23.03,0
101,2022,280,1943,12.84,0,23.02,0
101,2022,280,1944,12.85,0,23.02,0
101,2022,280,1945,12.84,0,23.02,0
101,2022,280,1946,12.84,0,23,0
101,2022,280,1947,12.84,0,22.99,0
101,2022,280,1948,12.84,0,22.98,0
101,2022,280,1949,12.84,0,22.96,0
101,2022,280,1950,12.84,0,22.95,0
101,2022,280,1951,12.84,0,22.96,0
101,2022,280,1952,12.84,0,22.96,0
101,2022,280,1953,12.84,0,22.95,0
101,2022,280,1954,12.84,0,22.93,0
101,2022,280,1955,12.84,0,22.91,0
101,2022,280,1956,12.84,0,22.9,0
101,2022,280,1957,12.84,0,22.9,0
101,2022,280,1958,12.84,0,22.89,0
101,2022,280,1959,12.84,0,22.89,0
101,2022,280,2000,12.84,0,22.89,0
101,2022,280,2001,12.84,0,22.89,0
101,2022,280,2002,12.84,0,22.91,0
101,2022,280,2003,12.84,0,22.9,0
101,2022,280,2004,12.84,0,22.89,0
101,2022,280,2005,12.84,0,22.87,0
101,2022,280,2006,12.84,0,22.87,0
101,2022,280,2007,12.84,0,22.86,0
101,2022,280,2008,12.84,0,22.88,0
101,2022,280,2009,12.83,0,22.87,0
101,2022,280,2010,12.83,0,22.84,0
101,2022,280,2011,12.83,0,22.85,0
101,2022,280,2012,12.84,0,22.85,0
101,2022,280,2013,12.83,0,22.86,0
101,2022,280,2014,12.83,0,22.88,0
101,2022,280,2015,12.83,0,22.87,0
101,2022,280,2016,12.83,0,22.88,0
101,2022,280,2017,12.83,0,22.89,0
101,2022,280,2018,12.83,0,22.89,0
101,2022,280,2019,12.83,0,22.87,0
101,2022,280,2020,12.83,0,22.87,0
101,2022,280,2021,12.83,0,22.86,0
101,2022,280,2022,12.83,0,22.87,0
101,2022,280,2023,12.83,0,22.86,0
101,2022,280,2024,12.83,0,22.85,0
101,2022,280,2025,12.83,0,22.86,0
101,2022,280,2026,12.83,0,22.85,0
101,2022,280,2027,12.83,0,22.85,0
101,2022,280,2028,12.83,0,22.84,0
101,2022,280,2029,12.83,0,22.83,0
101,2022,280,2030,12.83,0,22.84,0
101,2022,280,2031,12.83,0,22.85,0
101,2022,280,2032,12.83,0,22.85,0
101,2022,280,2033,12.83,0,22.86,0
101,2022,280,2034,12.83,0,22.87,0
101,2022,280,2035,12.83,0,22.86,0
101,2022,280,2036,12.83,0,22.85,0
101,2022,280,2037,12.83,0,22.84,0
101,2022,280,2038,12.83,0,22.83,0
101,2022,280,2039,12.83,0,22.83,0
101,2022,280,2040,12.82,0,22.84,0
101,2022,280,2041,12.83,0,22.85,0
101,2022,280,2042,12.83,0,22.85,0
101,2022,280,2043,12.83,0,22.83,0
101,2022,280,2044,12.82,0,22.83,0
101,2022,280,2045,12.83,0,22.82,0
101,2022,280,2046,12.82,0,22.8,0
101,2022,280,2047,12.83,0,22.81,0
101,2022,280,2048,12.83,0,22.82,0
101,2022,280,2049,12.83,0,22.78,0
101,2022,280,2050,12.83,0,22.76,0
101,2022,280,2051,12.83,0,22.75,0
101,2022,280,2052,12.82,0,22.75,0
101,2022,280,2053,12.83,0,22.74,0
101,2022,280,2054,12.83,0,22.71,0
101,2022,280,2055,12.82,0,22.7,0
101,2022,280,2056,12.82,0,22.7,0
101,2022,280,2057,12.82,0,22.73,0
101,2022,280,2058,12.82,0,22.76,0
101,2022,280,2059,12.82,0,22.76,0
101,2022,280,2100,12.83,0,22.75,0
101,2022,280,2101,12.82,0,22.74,0
101,2022,280,2102,12.82,0,22.73,0
101,2022,280,2103,12.82,0,22.73,0
101,2022,280,2104,12.82,0,22.71,0
101,2022,280,2105,12.82,0,22.71,0
101,2022,280,2106,12.82,0,22.71,0
101,2022,280,2107,12.82,0,22.7,0
101,2022,280,2108,12.82,0,22.7,0
101,2022,280,2109,12.82,0,22.7,0
101,2022,280,2110,12.82,0,22.7,0
101,2022,280,2111,12.82,0,22.7,0
101,2022,280,2112,12.82,0,22.68,0
101,2022,280,2113,12.82,0,22.65,0
101,2022,280,2114,12.82,0,22.64,0
101,2022,280,2115,12.82,0,22.63,0
101,2022,280,2116,12.82,0,22.61,0
101,2022,280,2117,12.82,0,22.62,0
101,2022,280,2118,12.82,0,22.62,0
101,2022,280,2119,12.82,0,22.59,0
101,2022,280,2120,12.82,0,22.57,0
101,2022,280,2121,12.82,0,22.56,0
101,2022,280,2122,12.82,0,22.57,0
101,2022,280,2123,12.82,0,22.58,0
101,2022,280,2124,12.82,0,22.59,0
101,2022,280,2125,12.82,0,22.6,0
101,2022,280,2126,12.82,0,22.58,0
101,2022,280,2127,12.81,0,22.52,0
101,2022,280,2128,12.81,0,22.48,0
101,2022,280,2129,12.82,0,22.42,0
101,2022,280,2130,12.82,0,22.33,0
101,2022,280,2131,12.82,0,22.27,0
101,2022,280,2132,12.82,0,22.28,0
101,2022,280,2133,12.82,0,22.23,0
101,2022,280,2134,12.81,0,22.18,0
101,2022,280,2135,12.81,0,22.1,0
101,2022,280,2136,12.81,0,22.02,0
101,2022,280,2137,12.81,0,21.94,0
101,2022,280,2138,12.81,0,21.9,0
101,2022,280,2139,12.81,0,21.87,0
101,2022,280,2140,12.81,0,21.84,0
101,2022,280,2141,12.81,0,21.81,0
101,2022,280,2142,12.81,0,21.8,0
101,2022,280,2143,12.81,0,21.79,0
101,2022,280,2144,12.81,0,21.79,0
101,2022,280,2145,12.81,0,21.77,0
101,2022,280,2146,12.81,0,21.77,0
101,2022,280,2147,12.81,0,21.78,0
101,2022,280,2148,12.81,0,21.78,0
101,2022,280,2149,12.81,0,21.77,0
101,2022,280,2150,12.81,0,21.77,0
101,2022,280,2151,12.81,.028,21.75,0
101,2022,280,2152,12.81,0,21.78,0
101,2022,280,2153,12.81,0,21.81,0
101,2022,280,2154,12.81,0,21.83,0
101,2022,280,2155,12.81,0,21.85,0
101,2022,280,2156,12.81,0,21.85,0
101,2022,280,2157,12.81,0,21.85,0
101,2022,280,2158,12.81,0,21.85,0
101,2022,280,2159,12.81,0,21.87,0
101,2022,280,2200,12.81,0,21.88,0
101,2022,280,2201,12.81,0,21.9,0
101,2022,280,2202,12.81,0,21.92,0
101,2022,280,2203,12.81,0,21.91,0
101,2022,280,2204,12.81,0,21.91,0
101,2022,280,2205,12.81,0,21.92,0
101,2022,280,2206,12.81,0,21.86,0
101,2022,280,2207,12.81,0,21.79,0
101,2022,280,2208,12.81,0,21.73,0
101,2022,280,2209,12.81,0,21.68,0
101,2022,280,2210,12.81,.028,21.65,0
101,2022,280,2211,12.81,0,21.66,0
101,2022,280,2212,12.81,0,21.63,0
101,2022,280,2213,12.81,0,21.64,0
101,2022,280,2214,12.81,0,21.67,0
101,2022,280,2215,12.81,0,21.68,0
101,2022,280,2216,12.81,0,21.69,0
101,2022,280,2217,12.81,0,21.73,0
101,2022,280,2218,12.81,0,21.73,0
101,2022,280,2219,12.81,0,21.73,0
101,2022,280,2220,12.81,0,21.72,0
101,2022,280,2221,12.81,0,21.74,0
101,2022,280,2222,12.81,0,21.77,0
101,2022,280,2223,12.81,0,21.79,0
101,2022,280,2224,12.81,0,21.8,0
101,2022,280,2225,12.81,0,21.8,0
101,2022,280,2226,12.81,0,21.8,0
101,2022,280,2227,12.81,0,21.8,0
101,2022,280,2228,12.81,0,21.81,0
101,2022,280,2229,12.81,0,21.84,0
101,2022,280,2230,12.81,0,21.87,0
101,2022,280,2231,12.81,0,21.85,0
101,2022,280,2232,12.81,0,21.85,0
101,2022,280,2233,12.81,0,21.83,0
101,2022,280,2234,12.81,0,21.83,0
101,2022,280,2235,12.8,0,21.83,0
101,2022,280,2236,12.81,0,21.82,0
101,2022,280,2237,12.81,0,21.81,0
101,2022,280,2238,12.81,0,21.81,0
101,2022,280,2239,12.8,0,21.82,0
101,2022,280,2240,12.8,0,21.83,0
101,2022,280,2241,12.8,0,21.84,0
101,2022,280,2242,12.8,0,21.86,0
101,2022,280,2243,12.81,0,21.88,0
101,2022,280,2244,12.8,0,21.87,0
101,2022,280,2245,12.8,0,21.85,0
101,2022,280,2246,12.8,0,21.83,0
101,2022,280,2247,12.8,0,21.83,0
101,2022,280,2248,12.8,0,21.9,0
101,2022,280,2249,12.8,0,21.94,0
101,2022,280,2250,12.8,0,21.95,0
101,2022,280,2251,12.8,0,21.96,0
101,2022,280,2252,12.8,0,21.96,0
101,2022,280,2253,12.8,0,21.97,0
101,2022,280,2254,12.8,0,21.98,0
101,2022,280,2255,12.8,0,21.99,0
101,2022,280,2256,12.8,0,22.01,0
101,2022,280,2257,12.8,0,22.03,0
101,2022,280,2258,12.8,0,22.03,0
101,2022,280,2259,12.8,0,22.03,0
101,2022,280,2300,12.8,0,22.02,0
101,2022,280,2301,12.8,0,22,0
101,2022,280,2302,12.8,0,21.98,0
101,2022,280,2303,12.8,0,21.95,0
101,2022,280,2304,12.8,0,21.92,0
101,2022,280,2305,12.8,0,21.89,0
101,2022,280,2306,12.8,.056,21.85,0
101,2022,280,2307,12.8,0,21.81,0
101,2022,280,2308,12.8,0,21.71,0
101,2022,280,2309,12.8,.056,21.6,0
101,2022,280,2310,12.8,0,21.53,0
101,2022,280,2311,12.8,.028,21.5,0
101,2022,280,2312,12.8,.028,21.47,0
101,2022,280,2313,12.8,.056,21.45,0
101,2022,280,2314,12.8,0,21.45,0
101,2022,280,2315,12.8,.028,21.46,0
101,2022,280,2316,12.8,0,21.45,0
101,2022,280,2317,12.8,0,21.5,0
101,2022,280,2318,12.8,0,21.61,0
101,2022,280,2319,12.8,0,21.67,0
101,2022,280,2320,12.8,0,21.68,0
101,2022,280,2321,12.8,0,21.63,0
101,2022,280,2322,12.8,0,21.59,0
101,2022,280,2323,12.8,0,21.56,0
101,2022,280,2324,12.8,.028,21.59,0
101,2022,280,2325,12.8,0,21.53,0
101,2022,280,2326,12.8,0,21.52,0
101,2022,280,2327,12.8,.028,21.54,0
101,2022,280,2328,12.8,0,21.64,0
101,2022,280,2329,12.8,0,21.65,0
101,2022,280,2330,12.8,0,21.6,0
101,2022,280,2331,12.8,0,21.57,0
101,2022,280,2332,12.8,0,21.57,0
101,2022,280,2333,12.79,0,21.56,0
101,2022,280,2334,12.79,0,21.54,0
101,2022,280,2335,12.8,0,21.53,0
101,2022,280,2336,12.79,0,21.53,0
101,2022,280,2337,12.8,0,21.55,0
101,2022,280,2338,12.79,0,21.58,0
101,2022,280,2339,12.79,0,21.57,0
101,2022,280,2340,12.79,0,21.57,0
101,2022,280,2341,12.79,0,21.55,0
101,2022,280,2342,12.79,0,21.53,0
101,2022,280,2343,12.79,0,21.51,0
101,2022,280,2344,12.79,0,21.48,0
101,2022,280,2345,12.79,0,21.47,0
101,2022,280,2346,12.79,0,21.49,0
101,2022,280,2347,12.79,0,21.49,0
101,2022,280,2348,12.79,0,21.5,0
101,2022,280,2349,12.79,0,21.53,0
101,2022,280,2350,12.79,0,21.6,0
101,2022,280,2351,12.79,0,21.69,0
101,2022,280,2352,12.79,0,21.71,0
101,2022,280,2353,12.79,0,21.71,0
101,2022,280,2354,12.79,0,21.71,0
101,2022,280,2355,12.79,0,21.71,0
101,2022,280,2356,12.79,0,21.7,0
101,2022,280,2357,12.79,0,21.69,0
101,2022,280,2358,12.79,0,21.69,0
101,2022,280,2359,12.79,0,21.69,0
