a,b,dia_juliano,d,e,f,g,h
101,2022,347,531,13.26,59.91,21.34,0.0
101,2022,347,532,13.26,61.77,21.36,0.0
101,2022,347,533,13.26,63.8,21.39,0.0
101,2022,347,534,13.27,65.49,21.43,0.0
101,2022,347,535,13.27,67.35,21.44,0.0
101,2022,347,536,13.27,69.24,21.47,0.0
101,2022,347,537,13.26,71.4,21.55,0.0
101,2022,347,538,13.27,73.9,21.6,0.0
101,2022,347,539,13.27,76.5,21.64,0.0
101,2022,347,540,13.27,78.6,21.67,0.0
101,2022,347,541,13.27,80.2,21.71,0.0
101,2022,347,542,13.27,81.8,21.75,0.0
101,2022,347,543,13.27,83.2,21.8,0.0
101,2022,347,544,13.27,84.4,21.85,0.0
101,2022,347,545,13.27,85.8,21.91,0.0
101,2022,347,546,13.27,87.6,21.97,0.0
101,2022,347,547,13.27,89.3,22.02,0.0
101,2022,347,548,13.27,91.1,22.06,0.0
101,2022,347,549,13.26,93.5,22.11,0.0
101,2022,347,550,13.26,94.9,22.15,0.0
101,2022,347,551,13.26,96.3,22.21,0.0
101,2022,347,552,13.26,98.7,22.31,0.0
101,2022,347,553,13.26,101.3,22.37,0.0
101,2022,347,554,13.26,103.9,22.45,0.0
101,2022,347,555,13.26,107.0,22.49,0.0
101,2022,347,556,13.26,110.3,22.55,0.0
101,2022,347,557,13.26,114.0,22.61,0.0
101,2022,347,558,13.26,118.3,22.72,0.0
101,2022,347,559,13.26,123.3,22.75,0.0
101,2022,347,600,13.26,128.1,22.84,0.0
101,2022,347,601,13.26,132.3,22.9,0.0
101,2022,347,602,13.26,135.6,22.95,0.0
101,2022,347,603,13.26,138.6,23.02,0.0
101,2022,347,604,13.25,141.3,23.05,0.0
101,2022,347,605,13.25,144.5,23.16,0.0
101,2022,347,606,13.25,147.6,23.21,0.0
101,2022,347,607,13.25,150.7,23.19,0.0
101,2022,347,608,13.25,154.2,23.33,0.0
101,2022,347,609,13.25,157.5,23.36,0.0
101,2022,347,610,13.25,160.3,23.42,0.0
101,2022,347,611,13.25,163.1,23.39,0.0
101,2022,347,612,13.25,165.9,23.48,0.0
101,2022,347,613,13.24,168.6,23.47,0.0
101,2022,347,614,13.24,171.9,23.5,0.0
101,2022,347,615,13.24,175.4,23.52,0.0
101,2022,347,616,13.24,178.6,23.56,0.0
101,2022,347,617,13.24,181.9,23.57,0.0
101,2022,347,618,13.24,185.8,23.64,0.0
101,2022,347,619,13.24,189.7,23.69,0.0
101,2022,347,620,13.24,193.5,23.7,0.0
101,2022,347,621,13.24,197.6,23.68,0.0
101,2022,347,622,13.24,202.0,23.78,0.0
101,2022,347,623,13.24,206.1,23.83,0.0
101,2022,347,624,13.24,209.8,23.9,0.0
101,2022,347,625,13.23,213.7,23.96,0.0
101,2022,347,626,13.23,217.7,24.06,0.0
101,2022,347,627,13.23,221.2,24.12,0.0
101,2022,347,628,13.23,224.1,24.11,0.0
101,2022,347,629,13.23,227.3,24.12,0.0
101,2022,347,630,13.23,230.4,24.18,0.0
101,2022,347,631,13.23,234.0,24.21,0.0
101,2022,347,632,13.22,237.3,24.21,0.0
101,2022,347,633,13.22,240.5,24.22,0.0
101,2022,347,634,13.22,244.4,24.3,0.0
101,2022,347,635,13.22,247.6,24.28,0.0
101,2022,347,636,13.22,251.3,24.34,0.0
101,2022,347,637,13.22,255.1,24.46,0.0
101,2022,347,638,13.22,258.8,24.45,0.0
101,2022,347,639,13.22,262.9,24.55,0.0
101,2022,347,640,13.22,266.8,24.52,0.0
101,2022,347,641,13.22,270.5,24.56,0.0
101,2022,347,642,13.22,273.8,24.55,0.0
101,2022,347,643,13.21,277.2,24.57,0.0
101,2022,347,644,13.21,281.5,24.6,0.0
101,2022,347,645,13.21,285.7,24.67,0.0
101,2022,347,646,13.21,290.2,24.77,0.0
101,2022,347,647,13.21,294.9,24.78,0.0
101,2022,347,648,13.21,299.1,24.77,0.0
101,2022,347,649,13.21,304.1,24.82,0.0
101,2022,347,650,13.21,309.0,24.87,0.0
101,2022,347,651,13.21,313.8,24.92,0.0
101,2022,347,652,13.2,318.5,24.96,0.0
101,2022,347,653,13.2,322.0,24.93,0.0
101,2022,347,654,13.2,325.6,24.96,0.0
101,2022,347,655,13.2,329.7,24.95,0.0
101,2022,347,656,13.2,333.7,25.07,0.0
101,2022,347,657,13.2,336.3,25.03,0.0
101,2022,347,658,13.2,340.3,25.06,0.0
101,2022,347,659,13.2,344.8,25.16,0.0
101,2022,347,700,13.2,348.8,25.19,0.0
101,2022,347,701,13.2,352.7,25.13,0.0
101,2022,347,702,13.2,357.9,25.19,0.0
101,2022,347,703,13.2,362.4,25.27,0.0
101,2022,347,704,13.19,367.6,25.32,0.0
101,2022,347,705,13.19,372.7,25.35,0.0
101,2022,347,706,13.19,376.6,25.41,0.0
101,2022,347,707,13.19,379.7,25.48,0.0
101,2022,347,708,13.19,384.2,25.34,0.0
101,2022,347,709,13.19,389.9,25.36,0.0
101,2022,347,710,13.19,395.1,25.28,0.0
101,2022,347,711,13.18,389.1,25.29,0.0
101,2022,347,712,13.18,380.0,25.34,0.0
101,2022,347,713,13.18,417.8,25.31,0.0
101,2022,347,714,13.18,438.8,25.42,0.0
101,2022,347,715,13.18,382.0,25.45,0.0
101,2022,347,716,13.18,434.9,25.44,0.0
101,2022,347,717,13.18,444.9,25.41,0.0
101,2022,347,718,13.18,430.0,25.45,0.0
101,2022,347,719,13.18,468.0,25.48,0.0
101,2022,347,720,13.18,462.3,25.59,0.0
101,2022,347,721,13.17,234.0,25.73,0.0
101,2022,347,722,13.18,276.6,25.67,0.0
101,2022,347,723,13.17,296.4,25.51,0.0
101,2022,347,724,13.17,522.9,25.48,0.0
101,2022,347,725,13.17,505.3,25.62,0.0
101,2022,347,726,13.17,409.5,25.8,0.0
101,2022,347,727,13.17,345.2,25.83,0.0
101,2022,347,728,13.17,391.4,25.89,0.0
101,2022,347,729,13.17,318.5,25.83,0.0
101,2022,347,730,13.17,454.8,25.76,0.0
101,2022,347,731,13.17,315.1,25.81,0.0
101,2022,347,732,13.17,463.5,25.83,0.0
101,2022,347,733,13.17,209.1,25.85,0.0
101,2022,347,734,13.17,202.2,25.84,0.0
101,2022,347,735,13.17,319.4,25.79,0.0
101,2022,347,736,13.17,399.9,25.79,0.0
101,2022,347,737,13.17,303.2,25.82,0.0
101,2022,347,738,13.17,641.8,25.84,0.0
101,2022,347,739,13.17,618.1,25.98,0.0
101,2022,347,740,13.17,336.9,26.06,0.0
101,2022,347,741,13.17,514.1,26.1,0.0
101,2022,347,742,13.17,348.0,26.1,0.0
101,2022,347,743,13.17,608.2,26.11,0.0
101,2022,347,744,13.16,590.5,26.15,0.0
101,2022,347,745,13.16,407.9,26.29,0.0
101,2022,347,746,13.16,414.2,26.31,0.0
101,2022,347,747,13.16,524.8,26.16,0.0
101,2022,347,748,13.16,610.5,26.25,0.0
101,2022,347,749,13.16,579.6,26.38,0.0
101,2022,347,750,13.16,615.2,26.54,0.0
101,2022,347,751,13.16,573.0,26.68,0.0
101,2022,347,752,13.15,631.7,26.76,0.0
101,2022,347,753,13.15,643.3,26.84,0.0
101,2022,347,754,13.15,647.2,27.08,0.0
101,2022,347,755,13.15,652.9,27.0,0.0
101,2022,347,756,13.15,651.2,27.03,0.0
101,2022,347,757,13.15,623.7,27.1,0.0
101,2022,347,758,13.15,655.2,27.12,0.0
101,2022,347,759,13.15,659.5,27.22,0.0
101,2022,347,800,13.15,645.9,27.21,0.0
101,2022,347,801,13.15,619.8,27.19,0.0
101,2022,347,802,13.14,562.5,27.09,0.0
101,2022,347,803,13.14,375.4,27.04,0.0
101,2022,347,804,13.14,584.4,27.06,0.0
101,2022,347,805,13.14,672.0,27.09,0.0
101,2022,347,806,13.14,562.5,27.07,0.0
101,2022,347,807,13.14,668.1,27.22,0.0
101,2022,347,808,13.14,652.2,27.25,0.0
101,2022,347,809,13.14,571.2,27.27,0.0
101,2022,347,810,13.14,644.3,27.37,0.0
101,2022,347,811,13.13,681.5,27.5,0.0
101,2022,347,812,13.13,684.6,27.43,0.0
101,2022,347,813,13.13,677.0,27.3,0.0
101,2022,347,814,13.13,675.7,27.5,0.0
101,2022,347,815,13.13,682.5,27.68,0.0
101,2022,347,816,13.13,707.0,27.81,0.0
101,2022,347,817,13.13,700.0,27.82,0.0
101,2022,347,818,13.13,585.9,27.71,0.0
101,2022,347,819,13.13,488.7,27.78,0.0
101,2022,347,820,13.13,692.3,27.67,0.0
101,2022,347,821,13.13,722.0,27.61,0.0
101,2022,347,822,13.13,722.0,27.61,0.0
101,2022,347,823,13.12,288.5,27.49,0.0
101,2022,347,824,13.12,342.5,27.31,0.0
101,2022,347,825,13.12,304.2,27.17,0.0
101,2022,347,826,13.12,561.7,27.18,0.0
101,2022,347,827,13.12,249.7,27.12,0.0
101,2022,347,828,13.13,556.3,27.15,0.0
101,2022,347,829,13.13,449.3,27.26,0.0
101,2022,347,830,13.13,187.5,27.3,0.0
101,2022,347,831,13.12,189.7,27.16,0.0
101,2022,347,832,13.13,448.4,27.14,0.0
101,2022,347,833,13.12,342.6,27.14,0.0
101,2022,347,834,13.13,471.1,27.19,0.0
101,2022,347,835,13.12,647.0,27.19,0.0
101,2022,347,836,13.13,787.0,27.28,0.0
101,2022,347,837,13.13,822.0,27.49,0.0
101,2022,347,838,13.13,860.0,27.52,0.0
101,2022,347,839,13.12,882.0,27.69,0.0
101,2022,347,840,13.13,898.0,27.93,0.0
101,2022,347,841,13.13,675.9,28.14,0.0
101,2022,347,842,13.12,647.7,28.16,0.0
101,2022,347,843,13.12,719.0,28.13,0.0
101,2022,347,844,13.12,844.0,28.03,0.0
101,2022,347,845,13.12,824.0,28.11,0.0
101,2022,347,846,13.12,826.0,28.16,0.0
101,2022,347,847,13.12,830.0,28.18,0.0
101,2022,347,848,13.12,634.6,28.42,0.0
101,2022,347,849,13.12,846.0,28.23,0.0
101,2022,347,850,13.12,706.0,28.31,0.0
101,2022,347,851,13.12,853.0,28.32,0.0
101,2022,347,852,13.11,830.0,28.33,0.0
101,2022,347,853,13.12,550.0,28.41,0.0
101,2022,347,854,13.11,774.0,28.45,0.0
101,2022,347,855,13.11,835.0,28.48,0.0
101,2022,347,856,13.11,863.0,28.61,0.0
101,2022,347,857,13.11,871.0,28.71,0.0
101,2022,347,858,13.11,446.8,28.72,0.0
101,2022,347,859,13.11,265.5,28.49,0.0
101,2022,347,900,13.11,479.0,28.38,0.0
101,2022,347,901,13.11,280.6,28.2,0.0
101,2022,347,902,13.11,453.8,28.19,0.0
101,2022,347,903,13.11,835.0,28.23,0.0
101,2022,347,904,13.11,851.0,28.3,0.0
101,2022,347,905,13.11,863.0,28.48,0.0
101,2022,347,906,13.11,880.0,28.58,0.0
101,2022,347,907,13.1,897.0,28.67,0.0
101,2022,347,908,13.11,901.0,28.71,0.0
101,2022,347,909,13.11,880.0,28.57,0.0
101,2022,347,910,13.1,862.0,28.54,0.0
101,2022,347,911,13.1,869.0,28.76,0.0
101,2022,347,912,13.11,735.0,28.81,0.0
101,2022,347,913,13.1,572.5,28.69,0.0
101,2022,347,914,13.1,891.0,28.65,0.0
101,2022,347,915,13.1,776.0,28.61,0.0
101,2022,347,916,13.1,397.1,28.57,0.0
101,2022,347,917,13.1,260.6,28.45,0.0
101,2022,347,918,13.1,306.1,28.32,0.0
101,2022,347,919,13.1,554.4,28.21,0.0
101,2022,347,920,13.1,872.0,28.23,0.0
101,2022,347,921,13.1,947.0,28.45,0.0
101,2022,347,922,13.1,840.0,28.62,0.0
101,2022,347,923,13.1,801.0,28.74,0.0
101,2022,347,924,13.11,595.8,28.53,0.0
101,2022,347,925,13.1,746.0,28.45,0.0
101,2022,347,926,13.11,651.2,28.45,0.0
101,2022,347,927,13.1,479.5,28.55,0.0
101,2022,347,928,13.1,360.1,28.47,0.0
101,2022,347,929,13.1,380.3,28.5,0.0
101,2022,347,930,13.11,369.1,28.33,0.0
101,2022,347,931,13.1,732.0,28.3,0.0
101,2022,347,932,13.1,391.8,28.36,0.0
101,2022,347,933,13.1,269.3,28.26,0.0
101,2022,347,934,13.11,769.0,28.27,0.0
101,2022,347,935,13.11,826.0,28.45,0.0
101,2022,347,936,13.11,385.7,28.49,0.0
101,2022,347,937,13.1,352.9,28.31,0.0
101,2022,347,938,13.1,739.0,28.32,0.0
101,2022,347,939,13.1,1030.0,28.57,0.0
101,2022,347,940,13.11,697.9,28.86,0.0
101,2022,347,941,13.1,440.4,28.6,0.0
101,2022,347,942,13.11,365.6,28.61,0.0
101,2022,347,943,13.11,296.5,28.68,0.0
101,2022,347,944,13.11,701.0,28.67,0.0
101,2022,347,945,13.1,926.0,28.71,0.0
101,2022,347,946,13.11,760.0,28.92,0.0
101,2022,347,947,13.11,597.8,28.99,0.0
101,2022,347,948,13.11,298.7,28.85,0.0
101,2022,347,949,13.1,643.3,28.52,0.0
101,2022,347,950,13.11,414.5,28.55,0.0
101,2022,347,951,13.1,325.6,28.54,0.0
101,2022,347,952,13.11,268.8,28.39,0.0
101,2022,347,953,13.1,252.2,28.29,0.0
101,2022,347,954,13.11,258.0,28.27,0.0
101,2022,347,955,13.1,277.5,28.2,0.0
101,2022,347,956,13.11,277.4,28.18,0.0
101,2022,347,957,13.11,210.8,28.21,0.0
101,2022,347,958,13.11,209.9,28.2,0.0
101,2022,347,959,13.11,662.3,28.17,0.0
101,2022,347,1000,13.11,917.0,28.39,0.0
101,2022,347,1001,13.11,387.5,28.58,0.0
101,2022,347,1002,13.11,235.0,28.59,0.0
101,2022,347,1003,13.11,492.2,28.53,0.0
101,2022,347,1004,13.11,392.2,28.53,0.0
101,2022,347,1005,13.11,746.0,28.64,0.0
101,2022,347,1006,13.11,1037.0,28.75,0.0
101,2022,347,1007,13.11,1036.0,28.87,0.0
101,2022,347,1008,13.11,1037.0,29.01,0.0
101,2022,347,1009,13.11,1035.0,29.16,0.0
101,2022,347,1010,13.11,941.0,29.23,0.0
101,2022,347,1011,13.11,719.0,29.54,0.0
101,2022,347,1012,13.11,1000.0,29.44,0.0
101,2022,347,1013,13.11,597.1,29.36,0.0
101,2022,347,1014,13.11,298.5,29.12,0.0
101,2022,347,1015,13.11,858.0,29.0,0.0
101,2022,347,1016,13.11,1049.0,29.22,0.0
101,2022,347,1017,13.11,617.5,29.21,0.0
101,2022,347,1018,13.11,326.0,29.28,0.0
101,2022,347,1019,13.11,279.7,29.32,0.0
101,2022,347,1020,13.11,892.0,29.12,0.0
101,2022,347,1021,13.11,1045.0,29.16,0.0
101,2022,347,1022,13.11,1049.0,29.27,0.0
101,2022,347,1023,13.11,1051.0,29.42,0.0
101,2022,347,1024,13.11,980.0,29.38,0.0
101,2022,347,1025,13.11,535.4,29.49,0.0
101,2022,347,1026,13.11,840.0,29.5,0.0
101,2022,347,1027,13.11,1086.0,29.46,0.0
101,2022,347,1028,13.11,668.0,29.55,0.0
101,2022,347,1029,13.11,488.7,29.75,0.0
101,2022,347,1030,13.11,514.5,29.55,0.0
101,2022,347,1031,13.1,484.7,29.45,0.0
101,2022,347,1032,13.11,598.1,29.32,0.0
101,2022,347,1033,13.1,780.0,29.45,0.0
101,2022,347,1034,13.11,1052.0,29.79,0.0
101,2022,347,1035,13.1,1056.0,29.85,0.0
101,2022,347,1036,13.11,765.0,29.63,0.0
101,2022,347,1037,13.11,735.0,29.73,0.0
101,2022,347,1038,13.1,1072.0,29.62,0.0
101,2022,347,1039,13.1,880.0,29.62,0.0
101,2022,347,1040,13.11,1035.0,29.73,0.0
101,2022,347,1041,13.1,1145.0,29.96,0.0
101,2022,347,1042,13.11,1113.0,30.3,0.0
101,2022,347,1043,13.11,672.7,30.32,0.0
101,2022,347,1044,13.11,849.0,30.26,0.0
101,2022,347,1045,13.1,603.3,30.0,0.0
101,2022,347,1046,13.11,1015.0,29.97,0.0
101,2022,347,1047,13.1,1119.0,30.1,0.0
101,2022,347,1048,13.1,1109.0,30.19,0.0
101,2022,347,1049,13.1,1059.0,30.4,0.0
101,2022,347,1050,13.1,523.6,30.39,0.0
101,2022,347,1051,13.1,262.3,30.26,0.0
101,2022,347,1052,13.1,647.4,30.15,0.0
101,2022,347,1053,13.1,935.0,30.12,0.0
101,2022,347,1054,13.1,1085.0,30.26,0.0
101,2022,347,1055,13.1,1070.0,30.46,0.0
101,2022,347,1056,13.1,1084.0,30.35,0.0
101,2022,347,1057,13.1,980.0,30.53,0.0
101,2022,347,1058,13.1,726.0,30.46,0.0
101,2022,347,1059,13.1,677.1,30.11,0.0
101,2022,347,1100,13.1,369.7,29.92,0.0
101,2022,347,1101,13.1,950.0,29.88,0.0
101,2022,347,1102,13.1,978.0,29.95,0.0
101,2022,347,1103,13.1,434.4,30.05,0.0
101,2022,347,1104,13.1,263.9,30.09,0.0
101,2022,347,1105,13.1,316.8,29.89,0.0
101,2022,347,1106,13.1,428.7,29.69,0.0
101,2022,347,1107,13.1,933.0,29.74,0.0
101,2022,347,1108,13.1,277.8,29.82,0.0
101,2022,347,1109,13.1,232.3,29.85,0.0
101,2022,347,1110,13.1,227.7,29.85,0.0
101,2022,347,1111,13.1,235.8,29.77,0.0
101,2022,347,1112,13.1,775.0,29.75,0.0
101,2022,347,1113,13.1,1047.0,29.85,0.0
101,2022,347,1114,13.1,1035.0,29.91,0.0
101,2022,347,1115,13.1,1020.0,30.05,0.0
101,2022,347,1116,13.1,1014.0,30.15,0.0
101,2022,347,1117,13.1,1023.0,30.3,0.0
101,2022,347,1118,13.1,1033.0,30.43,0.0
101,2022,347,1119,13.1,1042.0,30.68,0.0
101,2022,347,1120,13.1,1041.0,30.79,0.0
101,2022,347,1121,13.1,1049.0,30.97,0.0
101,2022,347,1122,13.1,1069.0,31.24,0.0
101,2022,347,1123,13.1,1082.0,31.1,0.0
101,2022,347,1124,13.1,1082.0,31.1,0.0
101,2022,347,1125,13.1,1064.0,30.88,0.0
101,2022,347,1126,13.1,1059.0,31.03,0.0
101,2022,347,1127,13.1,1061.0,31.06,0.0
101,2022,347,1128,13.1,1060.0,31.01,0.0
101,2022,347,1129,13.1,1059.0,31.04,0.0
101,2022,347,1130,13.1,1060.0,31.34,0.0
101,2022,347,1131,13.1,1068.0,31.32,0.0
101,2022,347,1132,13.1,1081.0,31.34,0.0
101,2022,347,1133,13.1,1099.0,31.51,0.0
101,2022,347,1134,13.1,826.0,31.51,0.0
101,2022,347,1135,13.1,901.0,31.44,0.0
101,2022,347,1136,13.1,1093.0,31.14,0.0
101,2022,347,1137,13.09,1093.0,31.21,0.0
101,2022,347,1138,13.1,820.0,31.37,0.0
101,2022,347,1139,13.09,1042.0,31.36,0.0
101,2022,347,1140,13.1,1055.0,31.5,0.0
101,2022,347,1141,13.1,940.0,31.52,0.0
101,2022,347,1142,13.09,1067.0,31.29,0.0
101,2022,347,1143,13.09,1070.0,31.02,0.0
101,2022,347,1144,13.09,1076.0,31.14,0.0
101,2022,347,1145,13.09,1083.0,31.44,0.0
101,2022,347,1146,13.09,1107.0,31.62,0.0
101,2022,347,1147,13.09,1148.0,31.71,0.0
101,2022,347,1148,13.09,548.7,31.5,0.0
101,2022,347,1149,13.09,924.0,31.1,0.0
101,2022,347,1150,13.09,957.0,30.98,0.0
101,2022,347,1151,13.09,878.0,31.16,0.0
101,2022,347,1152,13.09,501.4,30.99,0.0
101,2022,347,1153,13.09,953.0,30.92,0.0
101,2022,347,1154,13.09,851.0,30.86,0.0
101,2022,347,1155,13.09,344.7,31.11,0.0
101,2022,347,1156,13.09,310.1,31.13,0.0
101,2022,347,1157,13.09,316.3,31.07,0.0
101,2022,347,1158,13.09,353.2,30.91,0.0
101,2022,347,1159,13.09,458.1,30.66,0.0
101,2022,347,1200,13.09,982.0,30.47,0.0
101,2022,347,1201,13.09,1049.0,30.63,0.0
101,2022,347,1202,13.09,1046.0,30.77,0.0
101,2022,347,1203,13.09,1039.0,30.76,0.0
101,2022,347,1204,13.09,1038.0,30.97,0.0
101,2022,347,1205,13.09,1041.0,31.15,0.0
101,2022,347,1206,13.09,1048.0,31.3,0.0
101,2022,347,1207,13.09,1050.0,31.18,0.0
101,2022,347,1208,13.09,1055.0,31.24,0.0
101,2022,347,1209,13.09,1053.0,31.28,0.0
101,2022,347,1210,13.09,1046.0,31.14,0.0
101,2022,347,1211,13.09,1043.0,31.11,0.0
101,2022,347,1212,13.09,1043.0,31.2,0.0
101,2022,347,1213,13.09,1044.0,31.38,0.0
101,2022,347,1214,13.09,1044.0,31.53,0.0
101,2022,347,1215,13.09,1043.0,31.49,0.0
101,2022,347,1216,13.09,1037.0,31.45,0.0
101,2022,347,1217,13.09,1038.0,31.59,0.0
101,2022,347,1218,13.09,1039.0,31.55,0.0
101,2022,347,1219,13.09,1037.0,31.49,0.0
101,2022,347,1220,13.09,1022.0,31.74,0.0
101,2022,347,1221,13.09,998.0,31.83,0.0
101,2022,347,1222,13.09,1072.0,32.03,0.0
101,2022,347,1223,13.09,728.0,32.43,0.0
101,2022,347,1224,13.09,883.0,32.34,0.0
101,2022,347,1225,13.09,981.0,32.2,0.0
101,2022,347,1226,13.08,1060.0,32.11,0.0
101,2022,347,1227,13.09,1043.0,31.95,0.0
101,2022,347,1228,13.09,1069.0,32.09,0.0
101,2022,347,1229,13.09,1089.0,31.8,0.0
101,2022,347,1230,13.08,1094.0,31.76,0.0
101,2022,347,1231,13.08,1098.0,31.97,0.0
101,2022,347,1232,13.08,1111.0,32.06,0.0
101,2022,347,1233,13.08,882.0,32.3,0.0
101,2022,347,1234,13.08,650.0,32.21,0.0
101,2022,347,1235,13.08,946.0,32.17,0.0
101,2022,347,1236,13.08,1065.0,31.93,0.0
101,2022,347,1237,13.08,1112.0,31.53,0.0
101,2022,347,1238,13.08,1109.0,31.43,0.0
101,2022,347,1239,13.08,744.0,31.6,0.0
101,2022,347,1240,13.08,835.0,31.72,0.0
101,2022,347,1241,13.08,637.8,31.65,0.0
101,2022,347,1242,13.08,390.5,31.6,0.0
101,2022,347,1243,13.08,332.8,31.45,0.0
101,2022,347,1244,13.08,327.9,31.35,0.0
101,2022,347,1245,13.08,308.2,31.02,0.0
101,2022,347,1246,13.09,294.9,30.91,0.0
101,2022,347,1247,13.08,282.1,30.96,0.0
101,2022,347,1248,13.08,519.2,31.1,0.0
101,2022,347,1249,13.08,533.0,31.05,0.0
101,2022,347,1250,13.08,765.0,31.28,0.0
101,2022,347,1251,13.08,785.0,31.36,0.0
101,2022,347,1252,13.09,1027.0,31.51,0.0
101,2022,347,1253,13.08,1034.0,31.59,0.0
101,2022,347,1254,13.09,1051.0,31.64,0.0
101,2022,347,1255,13.08,962.0,31.92,0.0
101,2022,347,1256,13.08,614.4,31.92,0.0
101,2022,347,1257,13.08,892.0,31.69,0.0
101,2022,347,1258,13.08,478.8,31.61,0.0
101,2022,347,1259,13.08,270.4,31.42,0.0
101,2022,347,1300,13.08,268.7,31.41,0.0
101,2022,347,1301,13.08,305.6,31.23,0.0
101,2022,347,1302,13.08,342.2,31.25,0.0
101,2022,347,1303,13.08,579.2,31.18,0.0
101,2022,347,1304,13.08,596.6,31.21,0.0
101,2022,347,1305,13.08,264.7,31.11,0.0
101,2022,347,1306,13.08,240.7,31.13,0.0
101,2022,347,1307,13.08,232.8,30.99,0.0
101,2022,347,1308,13.08,222.8,30.88,0.0
101,2022,347,1309,13.08,215.4,30.82,0.0
101,2022,347,1310,13.08,215.1,30.74,0.0
101,2022,347,1311,13.08,231.2,30.76,0.0
101,2022,347,1312,13.08,266.6,30.62,0.0
101,2022,347,1313,13.08,762.0,30.55,0.0
101,2022,347,1314,13.09,1002.0,30.52,0.0
101,2022,347,1315,13.08,1015.0,30.6,0.0
101,2022,347,1316,13.09,1001.0,30.88,0.0
101,2022,347,1317,13.09,915.0,30.97,0.0
101,2022,347,1318,13.09,589.0,31.0,0.0
101,2022,347,1319,13.09,958.0,30.8,0.0
101,2022,347,1320,13.09,969.0,30.86,0.0
101,2022,347,1321,13.09,969.0,31.08,0.0
101,2022,347,1322,13.08,890.0,31.2,0.0
101,2022,347,1323,13.08,842.0,31.23,0.0
101,2022,347,1324,13.08,680.4,31.15,0.0
101,2022,347,1325,13.09,932.0,31.05,0.0
101,2022,347,1326,13.08,956.0,31.03,0.0
101,2022,347,1327,13.09,926.0,31.22,0.0
101,2022,347,1328,13.08,428.5,31.4,0.0
101,2022,347,1329,13.08,203.8,31.29,0.0
101,2022,347,1330,13.09,174.6,30.99,0.0
101,2022,347,1331,13.09,167.4,30.69,0.0
101,2022,347,1332,13.08,183.4,30.6,0.0
101,2022,347,1333,13.09,448.5,30.45,0.0
101,2022,347,1334,13.08,691.7,30.4,0.0
101,2022,347,1335,13.09,870.0,30.46,0.0
101,2022,347,1336,13.09,837.0,30.46,0.0
101,2022,347,1337,13.09,837.0,30.39,0.0
101,2022,347,1338,13.09,834.0,30.52,0.0
101,2022,347,1339,13.09,828.0,30.69,0.0
101,2022,347,1340,13.09,818.0,30.75,0.0
101,2022,347,1341,13.09,817.0,30.73,0.0
101,2022,347,1342,13.09,814.0,30.66,0.0
101,2022,347,1343,13.09,808.0,30.64,0.0
101,2022,347,1344,13.09,807.0,30.76,0.0
101,2022,347,1345,13.09,806.0,30.69,0.0
101,2022,347,1346,13.09,804.0,30.64,0.0
101,2022,347,1347,13.09,800.0,30.88,0.0
101,2022,347,1348,13.09,795.0,31.03,0.0
101,2022,347,1349,13.09,790.0,31.05,0.0
101,2022,347,1350,13.09,787.0,31.02,0.0
101,2022,347,1351,13.09,788.0,31.12,0.0
101,2022,347,1352,13.09,786.0,31.23,0.0
101,2022,347,1353,13.09,784.0,31.08,0.0
101,2022,347,1354,13.09,781.0,30.99,0.0
101,2022,347,1355,13.09,780.0,30.98,0.0
101,2022,347,1356,13.09,776.0,30.89,0.0
101,2022,347,1357,13.09,771.0,30.85,0.0
101,2022,347,1358,13.09,769.0,30.77,0.0
101,2022,347,1359,13.09,768.0,30.7,0.0
101,2022,347,1400,13.09,764.0,30.72,0.0
101,2022,347,1401,13.09,759.0,30.75,0.0
101,2022,347,1402,13.09,754.0,30.66,0.0
101,2022,347,1403,13.09,753.0,30.75,0.0
101,2022,347,1404,13.09,753.0,30.78,0.0
101,2022,347,1405,13.09,749.0,30.86,0.0
101,2022,347,1406,13.09,743.0,30.78,0.0
101,2022,347,1407,13.09,741.0,30.68,0.0
101,2022,347,1408,13.09,738.0,30.78,0.0
101,2022,347,1409,13.09,736.0,31.04,0.0
101,2022,347,1410,13.09,730.0,31.21,0.0
101,2022,347,1411,13.09,723.0,30.97,0.0
101,2022,347,1412,13.09,720.0,30.93,0.0
101,2022,347,1413,13.09,718.0,30.99,0.0
101,2022,347,1414,13.09,715.0,30.97,0.0
101,2022,347,1415,13.09,714.0,30.95,0.0
101,2022,347,1416,13.09,711.0,31.04,0.0
101,2022,347,1417,13.09,709.0,30.85,0.0
101,2022,347,1418,13.09,708.0,30.91,0.0
101,2022,347,1419,13.09,706.0,30.8,0.0
101,2022,347,1420,13.09,705.0,30.72,0.0
101,2022,347,1421,13.09,699.8,30.73,0.0
101,2022,347,1422,13.09,693.9,30.87,0.0
101,2022,347,1423,13.09,688.6,30.76,0.0
101,2022,347,1424,13.09,683.4,30.65,0.0
101,2022,347,1425,13.09,682.4,30.67,0.0
101,2022,347,1426,13.09,680.0,30.88,0.0
101,2022,347,1427,13.09,673.9,30.99,0.0
101,2022,347,1428,13.09,671.9,30.95,0.0
101,2022,347,1429,13.09,668.1,31.0,0.0
101,2022,347,1430,13.09,663.9,30.97,0.0
101,2022,347,1431,13.09,660.5,30.72,0.0
101,2022,347,1432,13.09,658.6,30.47,0.0
101,2022,347,1433,13.09,653.6,30.51,0.0
101,2022,347,1434,13.09,652.2,30.57,0.0
101,2022,347,1435,13.09,650.2,30.5,0.0
101,2022,347,1436,13.09,645.3,30.51,0.0
101,2022,347,1437,13.09,641.7,30.36,0.0
101,2022,347,1438,13.09,638.3,30.31,0.0
101,2022,347,1439,13.09,634.7,30.33,0.0
101,2022,347,1440,13.09,629.6,30.42,0.0
101,2022,347,1441,13.09,626.4,30.38,0.0
101,2022,347,1442,13.09,621.6,30.28,0.0
101,2022,347,1443,13.09,617.5,30.21,0.0
101,2022,347,1444,13.09,612.6,30.11,0.0
101,2022,347,1445,13.1,612.1,30.21,0.0
101,2022,347,1446,13.09,609.6,30.1,0.0
101,2022,347,1447,13.09,607.8,30.08,0.0
101,2022,347,1448,13.09,605.5,30.17,0.0
101,2022,347,1449,13.09,601.5,30.1,0.0
101,2022,347,1450,13.09,597.1,30.1,0.0
101,2022,347,1451,13.09,591.9,30.22,0.0
101,2022,347,1452,13.1,587.0,30.28,0.0
101,2022,347,1453,13.1,581.8,30.44,0.0
101,2022,347,1454,13.1,578.7,30.47,0.0
101,2022,347,1455,13.1,574.8,30.59,0.0
101,2022,347,1456,13.1,570.8,30.52,0.0
101,2022,347,1457,13.1,566.0,30.51,0.0
101,2022,347,1458,13.1,562.5,30.39,0.0
101,2022,347,1459,13.1,559.4,30.33,0.0
101,2022,347,1500,13.1,554.9,30.18,0.0
101,2022,347,1501,13.1,551.4,30.0,0.0
101,2022,347,1502,13.1,547.7,29.84,0.0
101,2022,347,1503,13.1,543.9,29.83,0.0
101,2022,347,1504,13.1,539.2,29.83,0.0
101,2022,347,1505,13.09,536.2,29.79,0.0
101,2022,347,1506,13.1,532.4,29.81,0.0
101,2022,347,1507,13.1,529.4,29.76,0.0
101,2022,347,1508,13.1,525.8,29.75,0.0
101,2022,347,1509,13.1,522.6,29.81,0.0
101,2022,347,1510,13.1,518.8,29.67,0.0
101,2022,347,1511,13.1,515.4,29.68,0.0
101,2022,347,1512,13.1,511.3,29.63,0.0
101,2022,347,1513,13.1,506.6,29.63,0.0
101,2022,347,1514,13.1,503.3,29.49,0.0
101,2022,347,1515,13.1,500.2,29.56,0.0
101,2022,347,1516,13.1,495.8,29.63,0.0
101,2022,347,1517,13.1,490.7,29.61,0.0
101,2022,347,1518,13.1,487.0,29.68,0.0
101,2022,347,1519,13.1,483.1,29.71,0.0
101,2022,347,1520,13.1,479.7,29.68,0.0
101,2022,347,1521,13.1,475.3,29.78,0.0
101,2022,347,1522,13.1,472.1,29.72,0.0
101,2022,347,1523,13.1,466.8,29.72,0.0
101,2022,347,1524,13.1,462.9,29.69,0.0
101,2022,347,1525,13.1,459.2,29.6,0.0
101,2022,347,1526,13.1,455.4,29.52,0.0
101,2022,347,1527,13.1,451.0,29.45,0.0
101,2022,347,1528,13.1,446.3,29.55,0.0
101,2022,347,1529,13.1,441.7,29.5,0.0
101,2022,347,1530,13.1,437.3,29.48,0.0
101,2022,347,1531,13.1,434.3,29.39,0.0
101,2022,347,1532,13.1,430.7,29.45,0.0
101,2022,347,1533,13.1,425.4,29.56,0.0
101,2022,347,1534,13.1,420.4,29.47,0.0
101,2022,347,1535,13.1,415.5,29.41,0.0
101,2022,347,1536,13.1,412.7,29.42,0.0
101,2022,347,1537,13.1,409.5,29.41,0.0
101,2022,347,1538,13.1,405.4,29.42,0.0
101,2022,347,1539,13.11,401.9,29.43,0.0
101,2022,347,1540,13.1,397.9,29.4,0.0
101,2022,347,1541,13.1,394.9,29.34,0.0
101,2022,347,1542,13.11,391.1,29.31,0.0
101,2022,347,1543,13.1,387.7,29.28,0.0
101,2022,347,1544,13.11,383.4,29.21,0.0
101,2022,347,1545,13.1,379.1,29.16,0.0
101,2022,347,1546,13.1,376.4,29.2,0.0
101,2022,347,1547,13.1,373.1,29.3,0.0
101,2022,347,1548,13.11,368.8,29.33,0.0
101,2022,347,1549,13.1,365.2,29.25,0.0
101,2022,347,1550,13.11,360.9,29.26,0.0
101,2022,347,1551,13.1,357.3,29.33,0.0
101,2022,347,1552,13.11,353.9,29.33,0.0
101,2022,347,1553,13.11,349.3,29.29,0.0
101,2022,347,1554,13.11,345.9,29.22,0.0
101,2022,347,1555,13.11,342.1,29.13,0.0
101,2022,347,1556,13.11,337.0,29.08,0.0
101,2022,347,1557,13.11,333.5,29.08,0.0
101,2022,347,1558,13.11,329.1,29.14,0.0
101,2022,347,1559,13.11,325.2,29.2,0.0
101,2022,347,1600,13.11,321.2,29.14,0.0
101,2022,347,1601,13.11,317.2,29.12,0.0
101,2022,347,1602,13.11,312.7,29.13,0.0
101,2022,347,1603,13.11,308.4,29.15,0.0
101,2022,347,1604,13.11,303.9,29.0,0.0
101,2022,347,1605,13.11,300.4,28.85,0.0
101,2022,347,1606,13.11,296.7,28.82,0.0
101,2022,347,1607,13.11,292.4,28.77,0.0
101,2022,347,1608,13.11,289.2,28.78,0.0
101,2022,347,1609,13.11,286.2,28.79,0.0
101,2022,347,1610,13.11,282.6,28.79,0.0
101,2022,347,1611,13.11,278.9,28.81,0.0
101,2022,347,1612,13.11,274.7,28.8,0.0
101,2022,347,1613,13.11,271.2,28.76,0.0
101,2022,347,1614,13.11,267.8,28.77,0.0
101,2022,347,1615,13.11,264.6,28.77,0.0
101,2022,347,1616,13.11,260.5,28.8,0.0
101,2022,347,1617,13.11,256.0,28.75,0.0
101,2022,347,1618,13.11,251.6,28.73,0.0
101,2022,347,1619,13.11,247.6,28.78,0.0
101,2022,347,1620,13.11,244.0,28.73,0.0
101,2022,347,1621,13.11,239.6,28.56,0.0
101,2022,347,1622,13.11,235.0,28.47,0.0
101,2022,347,1623,13.11,231.5,28.48,0.0
101,2022,347,1624,13.11,227.9,28.45,0.0
101,2022,347,1625,13.11,224.1,28.42,0.0
101,2022,347,1626,13.11,220.1,28.42,0.0
101,2022,347,1627,13.11,216.2,28.44,0.0
101,2022,347,1628,13.11,212.0,28.44,0.0
101,2022,347,1629,13.11,207.7,28.36,0.0
101,2022,347,1630,13.11,204.2,28.32,0.0
101,2022,347,1631,13.11,200.9,28.3,0.0
101,2022,347,1632,13.12,197.1,28.28,0.0
101,2022,347,1633,13.11,193.0,28.28,0.0
101,2022,347,1634,13.12,189.0,28.26,0.0
101,2022,347,1635,13.12,185.2,28.28,0.0
101,2022,347,1636,13.12,181.8,28.35,0.0
101,2022,347,1637,13.12,178.1,28.34,0.0
101,2022,347,1638,13.12,174.5,28.35,0.0
101,2022,347,1639,13.12,170.1,28.32,0.0
101,2022,347,1640,13.12,166.0,28.23,0.0
101,2022,347,1641,13.12,162.5,28.13,0.0
101,2022,347,1642,13.12,158.4,28.06,0.0
101,2022,347,1643,13.12,153.8,28.04,0.0
101,2022,347,1644,13.12,149.3,28.01,0.0
101,2022,347,1645,13.12,145.1,27.93,0.0
101,2022,347,1646,13.12,141.4,27.9,0.0
101,2022,347,1647,13.12,139.1,27.89,0.0
101,2022,347,1648,13.12,135.0,27.88,0.0
101,2022,347,1649,13.12,130.2,27.91,0.0
101,2022,347,1650,13.12,125.8,27.86,0.0
101,2022,347,1651,13.12,121.7,27.84,0.0
101,2022,347,1652,13.12,116.9,27.83,0.0
101,2022,347,1653,13.12,114.5,27.79,0.0
101,2022,347,1654,13.12,111.1,27.76,0.0
101,2022,347,1655,13.12,108.4,27.72,0.0
101,2022,347,1656,13.12,104.9,27.61,0.0
101,2022,347,1657,13.12,101.4,27.55,0.0
101,2022,347,1658,13.13,97.7,27.52,0.0
101,2022,347,1659,13.12,94.3,27.5,0.0
101,2022,347,1700,13.13,90.8,27.47,0.0
101,2022,347,1701,13.12,87.6,27.42,0.0
101,2022,347,1702,13.12,84.6,27.41,0.0
101,2022,347,1703,13.13,81.2,27.39,0.0
101,2022,347,1704,13.13,78.1,27.39,0.0
101,2022,347,1705,13.13,74.8,27.39,0.0
101,2022,347,1706,13.13,71.5,27.38,0.0
101,2022,347,1707,13.12,68.45,27.36,0.0
101,2022,347,1708,13.12,65.63,27.34,0.0
101,2022,347,1709,13.12,62.9,27.31,0.0
101,2022,347,1710,13.12,59.66,27.28,0.0
101,2022,347,1711,13.11,56.59,27.26,0.0
101,2022,347,1712,13.1,53.52,27.23,0.0
101,2022,347,1713,13.1,50.62,27.23,0.0
101,2022,347,1714,13.09,47.89,27.21,0.0
101,2022,347,1715,13.09,45.07,27.21,0.0
101,2022,347,1716,13.08,42.2,27.18,0.0
101,2022,347,1717,13.07,39.41,27.18,0.0
101,2022,347,1718,13.06,36.25,27.18,0.0
101,2022,347,1719,13.05,33.38,27.17,0.0
101,2022,347,1720,13.05,31.04,27.15,0.0
101,2022,347,1721,13.04,29.02,27.12,0.0
101,2022,347,1722,13.03,27.1,27.1,0.0
101,2022,347,1723,13.02,25.21,27.08,0.0
101,2022,347,1724,13.02,23.35,27.03,0.0
101,2022,347,1725,13.01,21.47,26.97,0.0
101,2022,347,1726,13.01,19.52,26.96,0.0
101,2022,347,1727,13.0,17.61,26.93,0.0
101,2022,347,1728,12.99,15.89,26.89,0.0
101,2022,347,1729,12.99,14.31,26.86,0.0
101,2022,347,1730,12.99,12.9,26.84,0.0
101,2022,347,1731,12.98,11.63,26.82,0.0
101,2022,347,1732,12.97,10.4,26.8,0.0
101,2022,347,1733,12.97,9.27,26.77,0.0
101,2022,347,1734,12.96,8.45,26.75,0.0
101,2022,347,1735,12.96,7.58,26.73,0.0
101,2022,347,1736,12.96,6.789,26.71,0.0
101,2022,347,1737,12.95,6.029,26.68,0.0
101,2022,347,1738,12.95,5.381,26.67,0.0
101,2022,347,1739,12.94,4.817,26.66,0.0
101,2022,347,1740,12.94,4.254,26.62,0.0
101,2022,347,1741,12.93,4.0,26.6,0.0
101,2022,347,1742,12.93,3.69,26.58,0.0
101,2022,347,1743,12.93,3.24,26.55,0.0
101,2022,347,1744,12.93,2.986,26.52,0.0
101,2022,347,1745,12.92,2.507,26.49,0.0
101,2022,347,1746,12.92,2.338,26.45,0.0
101,2022,347,1747,12.91,1.972,26.42,0.0
101,2022,347,1748,12.91,1.69,26.41,0.0
101,2022,347,1749,12.91,1.493,26.39,0.0
101,2022,347,1750,12.91,1.155,26.38,0.0
101,2022,347,1751,12.91,1.014,26.36,0.0
101,2022,347,1752,12.9,0.0,26.33,0.0
101,2022,347,1753,12.9,0.0,26.3,0.0
101,2022,347,1754,12.9,0.0,26.27,0.0
101,2022,347,1755,12.89,0.0,26.24,0.0
101,2022,347,1756,12.89,0.0,26.22,0.0
101,2022,347,1757,12.89,0.0,26.18,0.0
101,2022,347,1758,12.89,0.0,26.15,0.0
101,2022,347,1759,12.89,0.0,26.14,0.0
101,2022,347,1800,12.88,0.0,26.11,0.0
